ZONE T="boundary0"
-4 -0.34137 
-4 -0.299542 
-4 -0.209229 
-4 0.405392 
-4 0.239502 
-4 0.673423 
-4 0.836712 
-4 -0.082991 
-4 0.57597 
-4 -0.00652983 
-4 0.478517 
-4 1 
-4 -0.160744 
-4 -0.40327 
-4 -0.465169 
-4 -0.257713 
-4 -0.121868 
-4 -0.647186 
-4 -0.556178 
-4 0.0699314 
-4 0.332266 
-4 0.270423 
-4 -1 
-4 -0.823593 
-4 0.139256 
-4 0.208581 
-4 0.173919 
-4 -0.320456 
-4 0.755067 
-4 -0.0447604 
-4 0.918356 
-4 -0.43422 
-4 -0.233471 
-4 -0.102429 
-4 -0.601682 
-4 0.0317008 
-4 0.301345 
-4 0.368829 
-4 0.527244 
-4 0.624697 
-4 -0.735389 
-4 -0.911796 
-4 -0.278627 
-4 -0.37232 
-4 -0.184986 
-4 -0.141306 
-4 0.19125 
-4 0.104594 
-4 -0.510674 
-4 0.441955 
-4 0.254963 
-4 0.224042 
-4 0.156587 
ZONE T="boundary1"
-3.02791 1 
-2.67339 1 
0.854276 1 
2.37632 1 
0.74461 1 
-0.0939793 1 
1.07263 1 
0.634944 1 
-0.670529 1 
-0.58115 1 
-1.07307 1 
-3.20518 1 
-3.69122 1 
3.75 1 
3.875 1 
-3.84561 1 
-4 1 
3.47748 1 
2.80228 1 
-3.38244 1 
-3.53683 1 
1.29788 1 
1.18526 1 
2.55446 1 
-2.44484 1 
-1.81141 1 
-2.21629 1 
2.19818 1 
-0.33915 1 
-0.276019 1 
-0.49177 1 
0.53594 1 
0.436936 1 
0.348303 1 
0.25967 1 
0.145703 1 
-0.153433 1 
-0.212887 1 
0.0299282 1 
0.0878155 1 
-0.0320255 1 
0.202686 1 
-0.41546 1 
-0.788558 1 
-0.847572 1 
-0.989831 1 
-1.17184 1 
-1.27061 1 
-0.906586 1 
3.26379 1 
0.963455 1 
-1.47556 1 
-1.37308 1 
-1.64348 1 
2.02738 1 
3.0501 1 
1.41737 1 
4 1 
1.61678 1 
1.85658 1 
1.69672 1 
1.53685 1 
-2.85065 1 
0.799443 1 
-0.625839 1 
-3.11655 1 
3.8125 1 
-3.9228 1 
3.61374 1 
-3.45963 1 
1.24157 1 
-2.55912 1 
-2.01385 1 
2.28725 1 
-0.307584 1 
-0.53646 1 
0.392619 1 
0.486438 1 
-0.18316 1 
0.116759 1 
0.0588719 1 
-0.0630024 1 
0.174195 1 
-0.244453 1 
0.585442 1 
0.231178 1 
0.303986 1 
-0.818065 1 
-0.729543 1 
-0.453615 1 
-1.03145 1 
-1.22123 1 
-0.948208 1 
3.37063 1 
1.01804 1 
0.908866 1 
1.12895 1 
-1.12246 1 
-1.42432 1 
-1.55952 1 
2.11278 1 
3.15694 1 
1.35763 1 
-3.76841 1 
-3.29381 1 
-3.61402 1 
-2.33057 1 
3.9375 1 
1.94198 1 
1.77665 1 
2.46539 1 
-1.72745 1 
-0.00104864 1 
-0.377305 1 
-0.123706 1 
-0.877079 1 
-1.32185 1 
0.689777 1 
2.92619 1 
1.47711 1 
1.65675 1 
1.57682 1 
2.67837 1 
ZONE T="boundary2"
4 -0.143804 
4 0.224443 
4 -0.0854818 
4 0.018545 
4 0.263893 
4 0.303342 
4 0.475103 
4 0.433739 
4 0.606327 
4 0.12289 
4 -0.427252 
4 -0.597785 
4 0.540715 
4 -0.693198 
4 0.868776 
4 -0.846599 
4 0.392374 
4 -0.172964 
4 -0.277128 
4 -0.202125 
4 -0.314629 
4 -0.502373 
4 -0.352131 
4 -1 
4 1 
4 0.737551 
4 -0.239627 
4 -0.0334684 
4 0.283618 
4 0.454421 
4 0.0707173 
4 0.573521 
4 0.347858 
4 0.244168 
4 0.173666 
4 0.413056 
4 -0.295879 
4 -0.464812 
4 -0.389691 
4 -0.550079 
4 -0.645492 
4 -0.769898 
4 -0.923299 
4 0.934388 
4 0.803164 
4 -0.258377 
4 -0.33338 
4 -0.220876 
4 -0.114643 
4 -0.158384 
4 -0.187545 
4 0.507909 
4 0.671939 
ZONE T="boundary3"
-2.11469 -1 
-1.94085 -1 
-0.23131 -1 
-0.169985 -1 
-0.377171 -1 
-0.875851 -1 
-0.967974 -1 
0.493649 -1 
-0.481017 -1 
3.08669 -1 
3.65515 -1 
-3.74204 -1 
-3.01358 -1 
-2.66304 -1 
-0.730357 -1 
1.55805 -1 
1.74827 -1 
-1.78211 -1 
2.86308 -1 
0.0190045 -1 
-0.0448281 -1 
0.104413 -1 
-0.108661 -1 
0.254046 -1 
0.652951 -1 
0.746982 -1 
0.314812 -1 
0.375579 -1 
0.179229 -1 
0.5733 -1 
-0.584863 -1 
0.841013 -1 
3.82757 -1 
3.48272 -1 
-1.0601 -1 
-4 -1 
-3.48408 -1 
4 -1 
1.07116 -1 
-1.28802 -1 
-1.21204 -1 
-1.13607 -1 
-1.49368 -1 
-1.62337 -1 
-1.36399 -1 
3.3103 -1 
1.3609 -1 
1.29518 -1 
1.14583 -1 
2.17875 -1 
2.419 -1 
1.9385 -1 
-2.28853 -1 
-2.47578 -1 
2.64104 -1 
1.42661 -1 
-3.24883 -1 
0.996486 -1 
0.918749 -1 
-2.02777 -1 
-0.200648 -1 
-0.304241 -1 
-0.921913 -1 
-0.429094 -1 
-2.83831 -1 
1.65316 -1 
-1.86148 -1 
-0.0129118 -1 
0.0617086 -1 
-0.0767444 -1 
-0.139323 -1 
0.699966 -1 
0.434614 -1 
0.345195 -1 
0.284429 -1 
0.216637 -1 
0.613125 -1 
-0.65761 -1 
-0.53294 -1 
0.533474 -1 
0.793998 -1 
-1.01404 -1 
-3.87102 -1 
-3.61306 -1 
3.74136 -1 
3.91379 -1 
-1.25003 -1 
-1.42883 -1 
3.39651 -1 
3.56894 -1 
1.32804 -1 
-1.09808 -1 
-1.326 -1 
1.22051 -1 
2.29888 -1 
2.05863 -1 
1.84339 -1 
3.1985 -1 
2.97489 -1 
-1.70274 -1 
-2.20161 -1 
-2.56941 -1 
2.75206 -1 
1.39376 -1 
-3.36645 -1 
2.53002 -1 
-2.38216 -1 
0.141821 -1 
0.957617 -1 
1.1085 -1 
1.03382 -1 
0.879881 -1 
-0.803104 -1 
-1.55852 -1 
-1.17406 -1 
-3.1312 -1 
1.49233 -1 
ZONE T="boundary4"
0.114485 0.365304 
0.143964 0.356932 
0.174761 0.348849 
-0.630074 0.0508527 
-0.12867 0.44778 
-0.154167 0.454544 
-0.630559 0.0757837 
-0.628043 0.0262537 
-0.179703 0.460175 
-0.0773934 0.431519 
-0.0513296 0.422348 
-0.103005 0.440013 
-0.473542 0.397109 
-0.452134 0.412409 
0.645822 0.0616932 
0.651393 0.0346659 
-0.493906 0.380188 
-0.513115 0.361774 
-0.333098 0.461788 
-0.307762 0.465935 
-0.628284 0.11372 
-0.626713 0.126388 
-0.629452 0.100996 
-0.548369 0.320084 
-0.565586 0.294659 
-0.612632 0.190007 
-0.61791 0.171076 
-0.590631 0.248003 
-0.580892 0.267884 
-0.606416 0.208968 
-0.598949 0.228704 
-0.0252275 0.412873 
-0.622321 0.151863 
-0.429743 0.426012 
-0.406535 0.437799 
0.612464 0.137862 
-0.382602 0.447718 
0.596415 0.160567 
0.587328 0.171658 
0.654257 -0.020532 
-0.282229 0.468195 
0.654545 -0.00663128 
-0.358079 0.45572 
0.637458 0.0880003 
0.626368 0.113347 
-0.205286 0.464502 
-0.230925 0.46737 
-0.256592 0.468642 
0.0017244 0.40303 
0.510015 0.238641 
0.53476 0.221024 
-0.531434 0.341573 
0.396656 0.292804 
0.567542 0.192699 
0.484366 0.25429 
0.456224 0.268873 
0.0850083 0.374344 
0.301431 0.319283 
0.333542 0.311363 
0.237365 0.333955 
0.269144 0.326749 
0.654177 0.00716191 
0.619706 0.125825 
0.556891 0.202654 
0.0287494 0.39332 
0.0568233 0.383595 
0.577763 0.182296 
0.36526 0.302673 
0.205485 0.341343 
0.426764 0.281719 
0.129208 0.36104 
0.159349 0.352815 
-0.141391 0.451286 
-0.630513 0.0633154 
-0.629251 0.0385385 
-0.166908 0.457508 
-0.0643477 0.42698 
-0.0901798 0.435838 
-0.462978 0.404957 
0.648959 0.0482519 
-0.50367 0.371151 
-0.320471 0.4641 
-0.627549 0.120061 
-0.628919 0.107363 
-0.557217 0.307538 
-0.615378 0.180573 
-0.585889 0.258008 
-0.609629 0.199523 
-0.602794 0.218879 
-0.038272 0.41763 
-0.594899 0.238402 
-0.418251 0.432129 
-0.441066 0.419422 
-0.573491 0.281419 
-0.394664 0.44299 
0.591936 0.166166 
-0.624718 0.139162 
-0.295019 0.467297 
0.654482 -0.0135833 
-0.345648 0.458993 
0.632243 0.100818 
-0.21809 0.466126 
-0.192471 0.462509 
0.604712 0.149408 
-0.0117529 0.407945 
-0.483875 0.388833 
0.522545 0.230061 
-0.269418 0.46864 
-0.243753 0.468213 
-0.522449 0.351835 
-0.370419 0.451957 
0.497322 0.24669 
0.470419 0.261828 
0.0997288 0.369745 
0.317507 0.315403 
0.253257 0.330349 
-0.620228 0.161496 
0.653131 0.020949 
0.654444 0.000267588 
0.616161 0.13189 
0.545996 0.21205 
-0.540084 0.330976 
0.623118 0.11963 
-0.115813 0.443996 
0.042772 0.388406 
0.0709003 0.378904 
0.0152287 0.398145 
0.572708 0.187554 
0.349434 0.307143 
0.381009 0.297908 
0.190116 0.345038 
0.285297 0.323053 
0.411781 0.287462 
0.221423 0.337613 
0.641986 0.0749567 
0.582605 0.177031 
0.562268 0.197731 
0.441593 0.27553 
-0.630206 0.0884004 
ZONE T="boundary5"
0.586064 -0.23895 
0.59882 -0.211981 
-0.21413 -0.423011 
-0.241356 -0.411832 
-0.561431 -0.15568 
-0.57432 -0.134433 
-0.605425 -0.0681204 
-0.585979 -0.112742 
-0.624517 0.00203594 
-0.628043 0.0262537 
-0.498343 -0.2366 
-0.619543 -0.0217765 
-0.369918 -0.343863 
-0.186566 -0.433355 
-0.268434 -0.399709 
-0.321215 -0.37291 
-0.295107 -0.386719 
-0.047321 -0.47195 
-0.103399 -0.459043 
-0.15902 -0.442759 
-0.131196 -0.451348 
-0.0753786 -0.465925 
-0.532046 -0.196981 
-0.515694 -0.217005 
-0.445156 -0.288038 
-0.480031 -0.255714 
-0.547318 -0.176536 
-0.613167 -0.0451593 
-0.39249 -0.328713 
-0.429201 -0.301264 
-0.41107 -0.315297 
-0.460666 -0.274285 
0.610713 -0.184985 
-0.596357 -0.0906348 
0.501859 -0.359303 
0.521861 -0.338021 
0.651801 -0.04825 
0.654257 -0.020532 
0.123862 -0.489889 
0.0950008 -0.489199 
0.0377036 -0.484959 
0.0663183 -0.487543 
0.00924464 -0.481485 
-0.0190902 -0.477144 
0.296873 -0.470235 
0.210634 -0.485592 
0.239506 -0.481815 
0.152722 -0.489559 
0.181724 -0.488147 
0.32518 -0.462248 
0.268264 -0.47673 
0.352897 -0.452737 
0.380176 -0.441526 
0.621834 -0.157672 
0.432351 -0.413887 
0.45688 -0.397406 
0.480113 -0.379182 
0.647046 -0.0758244 
0.62936 -0.137403 
0.540378 -0.315077 
0.54899 -0.303103 
0.557179 -0.290808 
0.57231 -0.265386 
0.636201 -0.116901 
0.64026 -0.103249 
-0.346838 -0.358202 
0.406723 -0.428588 
0.592542 -0.225513 
-0.227786 -0.417526 
-0.568011 -0.145138 
-0.622211 -0.00990728 
-0.580294 -0.123665 
-0.200387 -0.428287 
-0.254943 -0.405878 
-0.308219 -0.379925 
-0.14514 -0.447156 
-0.172828 -0.438159 
-0.523973 -0.207078 
-0.489283 -0.24625 
-0.5545 -0.166193 
-0.539797 -0.186845 
-0.381272 -0.336391 
-0.437232 -0.294716 
-0.420195 -0.308358 
-0.401834 -0.32208 
-0.47045 -0.265106 
-0.0894144 -0.462586 
-0.0613721 -0.46904 
-0.626467 0.0141185 
-0.601051 -0.0794416 
0.51206 -0.348852 
0.604854 -0.198521 
0.653331 -0.0344174 
0.109429 -0.489668 
0.0520008 -0.486365 
0.0234607 -0.483332 
0.225091 -0.48386 
0.167231 -0.488992 
-0.0332251 -0.474652 
0.444764 -0.405868 
-0.591321 -0.10176 
0.339107 -0.457691 
0.491173 -0.36945 
0.531334 -0.326724 
0.544738 -0.30913 
0.564949 -0.278221 
0.579345 -0.252251 
0.553139 -0.296992 
0.616382 -0.171372 
0.625673 -0.147565 
0.632875 -0.127183 
0.638279 -0.110089 
-0.507114 -0.226887 
0.649691 -0.0620825 
-0.452969 -0.281228 
-0.358439 -0.351131 
0.138294 -0.489854 
0.64388 -0.0895923 
0.28261 -0.473661 
0.31108 -0.466432 
-0.00493908 -0.479422 
-0.117326 -0.455297 
0.196193 -0.487016 
0.366623 -0.447341 
0.253915 -0.479439 
0.419664 -0.421459 
0.0806529 -0.488489 
-0.609464 -0.0566957 
-0.61653 -0.0335147 
-0.334091 -0.36567 
0.393556 -0.435274 
0.468666 -0.388511 
-0.281824 -0.393324 
