ZONE T="boundary0"
-4 -0.59941 
-4 0.299513 
-4 0.233784 
-4 0.454215 
-4 0.384415 
-4 0.524014 
-4 0.616492 
-4 -0.115916 
-4 0.708969 
-4 0.854485 
-4 1 
-4 -0.857524 
-4 0.179628 
-4 0.125473 
-4 0.0320367 
-4 -0.0419397 
-4 -0.199239 
-4 -0.227014 
-4 -0.260534 
-4 -0.422433 
-4 -0.294054 
-4 -0.327575 
-4 -0.715048 
-4 -0.483771 
-4 -1 
-4 -0.361095 
-4 -0.171465 
-4 0.266648 
-4 0.419315 
-4 0.341964 
-4 0.781727 
-4 0.152551 
-4 0.489115 
-4 0.0787547 
-4 -0.0789279 
-4 0.662731 
-4 0.570253 
-4 -0.213127 
-4 -0.00495152 
-4 -0.310815 
-4 -0.657229 
-4 -0.928762 
-4 -0.786286 
-4 0.927242 
-4 -0.453102 
-4 -0.391764 
-4 -0.143691 
-4 -0.277294 
-4 -0.243774 
-4 -0.344335 
-4 -0.185352 
-4 0.206706 
-4 -0.54159 
ZONE T="boundary1"
-3.77558 1 
3.75589 1 
3.51178 1 
2.67944 1 
2.90426 1 
0.121334 1 
0.181243 1 
0.642363 1 
0.757986 1 
0.700174 1 
1.18919 1 
1.29079 1 
-0.34471 1 
1.39239 1 
1.52126 1 
0.850776 1 
-3.55116 1 
-3.3035 1 
-0.821834 1 
2.44977 1 
3.12908 1 
-1.28835 1 
4 1 
-1.56789 1 
1.82883 1 
1.65012 1 
-1.1714 1 
-4 1 
2.22865 1 
2.00753 1 
-2.29513 1 
-2.70559 1 
-2.07637 1 
0.560139 1 
0.943567 1 
0.24368 1 
0.306116 1 
0.0614256 1 
-0.130009 1 
0.370541 1 
0.434966 1 
0.497552 1 
-0.463691 1 
-0.582671 1 
-0.00538068 1 
-0.0721869 1 
-0.702252 1 
-0.187831 1 
-0.266271 1 
-0.938145 1 
1.00018 1 
-1.05446 1 
-1.37984 1 
-1.47132 1 
1.05679 1 
-1.66446 1 
-1.8576 1 
-3.05584 1 
3.63384 1 
2.79185 1 
0.151289 1 
0.72908 1 
1.23999 1 
1.45682 1 
0.804381 1 
-3.42733 1 
3.32043 1 
3.87795 1 
1.73948 1 
-3.88779 1 
2.33921 1 
1.91818 1 
-2.50036 1 
-2.18575 1 
3.01667 1 
0.671269 1 
0.212461 1 
0.274898 1 
0.0913799 1 
0.338329 1 
0.402753 1 
0.528846 1 
0.466259 1 
-0.523181 1 
-0.0387838 1 
0.0280225 1 
0.601251 1 
-0.305491 1 
-0.762043 1 
-0.879989 1 
0.971874 1 
-0.642461 1 
-0.4042 1 
-0.227051 1 
-0.9963 1 
-1.22988 1 
-3.66337 1 
-1.42558 1 
-1.11293 1 
1.58569 1 
1.12299 1 
1.34159 1 
-1.61618 1 
-1.96698 1 
-2.88072 1 
2.11809 1 
-1.76103 1 
-3.17967 1 
2.56461 1 
-0.101098 1 
1.02849 1 
0.897172 1 
-0.15892 1 
-1.3341 1 
-1.51961 1 
ZONE T="boundary2"
4 -0.296191 
4 -0.361332 
4 -0.242326 
4 -0.469957 
4 -0.578583 
4 0.314323 
4 -0.124609 
4 -0.0711958 
4 0.0805141 
4 0.00465917 
4 -0.789292 
4 0.372479 
4 1 
4 -1 
4 -0.178023 
4 0.430635 
4 0.523646 
4 0.616658 
4 0.143708 
4 0.206901 
4 0.260612 
4 0.808329 
4 -0.328761 
4 -0.269258 
4 -0.52427 
4 -0.0979025 
4 0.0425866 
4 -0.683937 
4 -0.415645 
4 -0.0332683 
4 -0.151316 
4 0.401557 
4 0.477141 
4 0.343401 
4 0.570152 
4 0.233756 
4 0.112111 
4 0.175304 
4 -0.894646 
4 0.712493 
4 -0.210174 
4 0.287468 
4 0.904164 
ZONE T="boundary3"
-3.57109 -1 
-1.38833 -1 
-1.31478 -1 
-1.93131 -1 
-1.46188 -1 
0.0680122 -1 
0.191339 -1 
-0.413268 -1 
-2.21627 -1 
-2.07463 -1 
0.129675 -1 
-0.474915 -1 
0.565372 -1 
0.455296 -1 
0.695556 -1 
0.82574 -1 
1.32336 -1 
1.72445 -1 
2.1839 -1 
2.52728 -1 
3.33886 -1 
3.55924 -1 
2.34735 -1 
-3.78555 -1 
-2.3579 -1 
-3.24609 -1 
-3.09486 -1 
3.77962 -1 
4 -1 
3.11848 -1 
-0.308643 -1 
-0.179712 -1 
0.00637286 -1 
-0.0552665 -1 
-0.639518 -1 
-0.35162 -1 
-0.557217 -1 
0.268279 -1 
0.34522 -1 
-0.715127 -1 
-0.90357 -1 
-0.847153 -1 
-0.117489 -1 
-0.265666 -1 
-0.9696 -1 
-1.03563 -1 
-0.790737 -1 
1.07941 -1 
1.20139 -1 
0.952575 -1 
1.51413 -1 
1.41875 -1 
1.61929 -1 
1.87245 -1 
2.02046 -1 
-3.40859 -1 
-1.16769 -1 
-1.62493 -1 
-4 -1 
-2.94363 -1 
-1.78799 -1 
-2.64118 -1 
2.91284 -1 
2.7072 -1 
-1.10166 -1 
-1.35156 -1 
-2.14545 -1 
0.510334 -1 
0.760648 -1 
3.44905 -1 
-3.17048 -1 
3.88981 -1 
3.22867 -1 
-0.0244468 -1 
0.0371925 -1 
-0.382444 -1 
-0.516066 -1 
-0.444091 -1 
-0.598367 -1 
0.160507 -1 
0.229809 -1 
0.0988438 -1 
0.30675 -1 
-0.677323 -1 
-0.875362 -1 
-0.148601 -1 
-1.00261 -1 
-0.818945 -1 
-0.936585 -1 
0.400258 -1 
0.630464 -1 
3.66943 -1 
1.26237 -1 
0.889158 -1 
1.46644 -1 
1.1404 -1 
1.67187 -1 
1.56671 -1 
1.79845 -1 
1.94646 -1 
1.01599 -1 
-1.24124 -1 
-1.5434 -1 
-3.89277 -1 
-3.67832 -1 
-3.01925 -1 
-1.70646 -1 
-2.79241 -1 
-3.32734 -1 
3.01566 -1 
-2.49954 -1 
-2.28709 -1 
2.81002 -1 
2.26563 -1 
-2.00297 -1 
2.61724 -1 
2.43731 -1 
-3.48984 -1 
-1.85965 -1 
-0.0863779 -1 
-0.287155 -1 
-0.752932 -1 
-0.330132 -1 
-0.222689 -1 
-1.06864 -1 
1.37105 -1 
-1.4251 -1 
2.10218 -1 
-1.13468 -1 
ZONE T="boundary4"
0.602463 0.424748 
0.592611 0.43793 
0.582776 0.449458 
0.57228 0.460375 
0.561368 0.470513 
-0.252153 0.44186 
-0.233273 0.452582 
0.631644 0.206143 
0.636722 0.232718 
0.639795 0.333164 
0.636458 0.349593 
-0.599013 -0.0359003 
0.487789 0.518469 
-0.148296 0.493438 
-0.559875 0.0994685 
-0.549584 0.122283 
-0.538393 0.144675 
-0.528478 0.162893 
-0.510235 0.193414 
-0.452841 0.273125 
-0.472328 0.248344 
-0.491742 0.221393 
0.64192 0.31643 
-0.432227 0.296983 
-0.413334 0.317021 
-0.393666 0.33631 
-0.375831 0.3526 
-0.357474 0.368308 
-0.339443 0.38279 
-0.320983 0.39673 
-0.303854 0.408923 
-0.286403 0.420662 
-0.269412 0.431471 
0.382892 0.553315 
0.403656 0.548474 
0.341357 0.560673 
-0.214112 0.462814 
-0.193049 0.473349 
-0.124605 0.5029 
-0.0988489 0.512333 
-0.0728134 0.52101 
0.58459 -0.0060061 
0.571878 -0.0443364 
0.61946 0.396105 
0.578637 -0.0252101 
0.36195 0.557388 
0.465472 0.528351 
0.642685 0.283667 
0.594504 0.0317992 
0.424382 0.542756 
0.625032 0.174594 
0.618282 0.142918 
0.611394 0.410883 
0.445031 0.536072 
0.530233 0.494369 
0.147796 0.5646 
0.220991 0.568145 
0.260136 0.567684 
-0.0161902 0.537108 
0.320664 0.563315 
0.290449 0.566087 
0.549944 0.48004 
0.626423 0.380696 
0.632001 0.365383 
0.641526 0.266887 
0.642835 0.300111 
-0.59168 0.00210767 
-0.171696 0.483309 
-0.581657 0.0397335 
-0.570728 0.0722084 
0.509624 0.507061 
-0.0446297 0.529482 
0.0145822 0.544362 
0.0789337 0.55635 
0.0455777 0.550662 
0.112466 0.560953 
0.610583 0.106127 
0.602868 0.0691995 
0.183235 0.567006 
0.59765 0.431423 
0.587781 0.443768 
0.566893 0.465519 
0.577608 0.454993 
-0.242748 0.447283 
0.634271 0.219416 
0.63828 0.34141 
-0.544097 0.133534 
-0.554845 0.110928 
-0.519545 0.178266 
-0.462722 0.260843 
0.64101 0.324817 
-0.533506 0.153822 
-0.442674 0.285175 
-0.403593 0.32676 
-0.42288 0.307096 
-0.384815 0.344528 
-0.348513 0.375616 
-0.366716 0.360527 
-0.312459 0.402883 
-0.277941 0.426119 
0.393298 0.550994 
-0.260815 0.436718 
-0.203617 0.468154 
-0.136484 0.498252 
-0.111762 0.507712 
-0.0858628 0.516766 
-0.295167 0.41485 
0.351667 0.559113 
-0.223725 0.457759 
0.476707 0.523581 
0.581699 -0.0156343 
0.57536 -0.034809 
0.41405 0.545724 
0.621651 0.158761 
0.455301 0.53234 
0.434745 0.539533 
0.240567 0.568131 
0.331021 0.562072 
0.37244 0.555444 
0.2753 0.567027 
0.555718 0.475351 
0.629353 0.373091 
0.639455 0.24976 
0.615564 0.403569 
0.623088 0.388467 
0.642224 0.27527 
0.642889 0.291888 
0.634376 0.357529 
0.642515 0.308279 
0.607051 0.417895 
0.628377 0.190363 
-0.59568 -0.0168331 
-0.160032 0.488457 
-0.586994 0.0210066 
-0.565469 0.085905 
0.498804 0.512951 
-0.182406 0.478401 
-0.330265 0.389828 
-0.0587539 0.525353 
-0.0304384 0.533401 
-0.576433 0.0560517 
-0.000832534 0.540855 
0.0622325 0.553642 
0.0300556 0.547631 
0.130115 0.562929 
0.614413 0.12453 
0.606749 0.0876608 
-0.482169 0.234966 
0.0956811 0.558788 
0.598799 0.0504754 
0.202108 0.567763 
0.540233 0.487402 
0.520045 0.500903 
0.305571 0.564854 
-0.501134 0.2075 
0.165505 0.56596 
0.589781 0.0128362 
ZONE T="boundary5"
0.555196 -0.0824573 
0.56409 -0.0635084 
-0.463747 -0.502395 
-0.583977 -0.280439 
-0.436439 -0.526145 
-0.450424 -0.514806 
-0.406058 -0.545233 
-0.177533 -0.354621 
-0.556853 -0.358256 
-0.564938 -0.338385 
-0.543307 -0.387645 
-0.284906 -0.551075 
-0.588811 -0.261388 
-0.596216 -0.225274 
-0.599226 -0.206628 
-0.522664 -0.425496 
-0.273421 -0.544896 
-0.533334 -0.406836 
-0.511828 -0.442729 
-0.476544 -0.488902 
-0.341691 -0.562617 
-0.357591 -0.561161 
-0.325978 -0.562168 
-0.230465 -0.502514 
-0.224367 -0.492505 
-0.390192 -0.552359 
-0.244855 -0.521156 
-0.214059 -0.471461 
-0.218996 -0.482288 
-0.297497 -0.556159 
-0.311447 -0.559987 
-0.253394 -0.529766 
0.183757 -0.243787 
0.156396 -0.238847 
-0.262761 -0.53762 
-0.237246 -0.512049 
-0.12323 -0.267443 
-0.20961 -0.46029 
-0.205349 -0.44814 
-0.189739 -0.393708 
-0.194725 -0.411933 
-0.184368 -0.375208 
0.0324812 -0.218524 
0.0100388 -0.217875 
-0.148744 -0.297308 
-0.136741 -0.281688 
-0.199879 -0.430389 
-0.604876 -0.150009 
-0.605535 -0.13103 
-0.421759 -0.536287 
-0.605552 -0.112021 
-0.601652 -0.0549149 
-0.599013 -0.0359003 
-0.603588 -0.168978 
-0.572053 -0.318978 
-0.601692 -0.187875 
-0.604917 -0.0930005 
0.0798028 -0.224176 
0.104556 -0.228613 
-0.603623 -0.0739982 
0.53347 -0.119487 
0.0543744 -0.22054 
-0.578512 -0.299273 
0.129451 -0.23352 
-0.167424 -0.330062 
0.293174 -0.25125 
0.270464 -0.251854 
0.213503 -0.24812 
0.339604 -0.245574 
0.316245 -0.249217 
0.363611 -0.240019 
-0.0362329 -0.222579 
-0.0950993 -0.245736 
-0.0663997 -0.231452 
0.571878 -0.0443364 
0.410514 -0.223167 
0.38741 -0.232529 
-0.50037 -0.459288 
0.520268 -0.137488 
0.505605 -0.15465 
0.489678 -0.170636 
0.453265 -0.199419 
0.472413 -0.185461 
0.544988 -0.101229 
-0.48875 -0.474498 
-0.373695 -0.557786 
0.248049 -0.251214 
0.433014 -0.211814 
-0.0128715 -0.219051 
0.559776 -0.0730446 
-0.443529 -0.520607 
-0.457182 -0.508713 
-0.560983 -0.348359 
-0.597787 -0.215961 
-0.279084 -0.54814 
-0.528093 -0.416224 
-0.538412 -0.397292 
-0.517335 -0.434173 
-0.470241 -0.495746 
-0.349654 -0.562123 
-0.333821 -0.562632 
-0.227335 -0.497567 
-0.398205 -0.548996 
-0.216459 -0.476913 
-0.304415 -0.558281 
0.170055 -0.241401 
-0.257989 -0.533807 
-0.268 -0.541398 
-0.233771 -0.50735 
-0.211774 -0.465906 
-0.221609 -0.487442 
-0.318678 -0.561293 
-0.192246 -0.402825 
0.0212645 -0.217999 
-0.142929 -0.289334 
-0.181083 -0.364875 
-0.207424 -0.454242 
-0.202535 -0.439301 
-0.605285 -0.140521 
-0.429195 -0.531369 
-0.605625 -0.121528 
-0.600416 -0.0453979 
-0.60431 -0.159501 
0.0921896 -0.226314 
-0.602721 -0.0644468 
-0.602715 -0.178434 
0.0671058 -0.222214 
-0.604352 -0.0834956 
-0.600529 -0.197262 
-0.581324 -0.28988 
0.117003 -0.231038 
-0.568578 -0.328714 
-0.130182 -0.274393 
-0.187114 -0.384446 
0.0434399 -0.219382 
0.28182 -0.251717 
0.198599 -0.246113 
0.304724 -0.250419 
0.35166 -0.243024 
-0.197268 -0.42118 
-0.109708 -0.255863 
-0.0810686 -0.237927 
0.399057 -0.228082 
-0.506192 -0.451078 
0.497796 -0.162795 
0.462982 -0.192633 
0.5131 -0.146207 
-0.550281 -0.37305 
0.527033 -0.128607 
0.550239 -0.0919219 
0.539383 -0.110453 
0.568103 -0.0539705 
-0.605316 -0.102507 
-0.414004 -0.540945 
-0.575368 -0.309155 
-0.494649 -0.466967 
-0.482739 -0.481785 
-0.586474 -0.270935 
-0.365683 -0.559702 
-0.592771 -0.243387 
0.443265 -0.205819 
-0.172757 -0.342232 
-0.0014269 -0.218207 
-0.0245981 -0.220499 
0.421884 -0.217725 
0.481191 -0.178216 
-0.0514968 -0.22639 
0.142912 -0.236209 
-0.240962 -0.516687 
-0.249033 -0.525561 
-0.291131 -0.553794 
-0.382009 -0.5553 
0.259249 -0.25168 
0.230741 -0.249958 
0.327955 -0.247599 
-0.158771 -0.313289 
0.375585 -0.236509 
