ZONE T="boundary0"
-4 -0.319811 
-4 -0.394806 
-4 -0.469801 
-4 0.860998 
-4 0.721995 
-4 -0.190337 
-4 0.380367 
-4 -0.619792 
-4 -0.809896 
-4 0.513492 
-4 0.617744 
-4 -0.278255 
-4 -0.544797 
-4 -1 
-4 0.187553 
-4 0.129985 
-4 -0.0512473 
-4 0.312744 
-4 0.278932 
-4 0.216337 
-4 0.24512 
-4 0.44693 
-4 -0.143974 
-4 1 
-4 0.039369 
-4 -0.2367 
-4 -0.0976104 
-4 -0.432304 
-4 0.791497 
-4 -0.714844 
-4 0.565618 
-4 -0.299033 
-4 -0.357308 
-4 -0.582294 
-4 -0.507299 
-4 0.158769 
-4 0.295838 
-4 0.201945 
-4 0.413648 
-4 0.669869 
-4 -0.904948 
-4 0.346556 
-4 0.930499 
-4 -0.257478 
-4 -0.213518 
-4 -0.167155 
-4 0.0846771 
-4 0.262026 
-4 0.480211 
-4 0.230729 
-4 -0.0744289 
-4 -0.120792 
-4 -0.00593915 
ZONE T="boundary1"
-2.6746 1 
-2.90057 1 
-3.31787 1 
1.88322 1 
3.51124 1 
3.32115 1 
1.13532 1 
1.06722 1 
-0.0114749 1 
0.0551297 1 
0.709557 1 
0.640796 1 
-0.145986 1 
-0.675666 1 
-0.731221 1 
0.439128 1 
-1.35015 1 
-1.27901 1 
1.23074 1 
-1.87667 1 
-1.73258 1 
1.4877 1 
1.32616 1 
4 1 
3.75562 1 
2.80976 1 
2.48846 1 
-2.05723 1 
2.25807 1 
2.02768 1 
3.13106 1 
-3.10922 1 
0.572034 1 
0.11911 1 
0.505581 1 
-0.0780795 1 
0.374484 1 
0.309841 1 
-0.508998 1 
0.780717 1 
0.183091 1 
-0.431848 1 
-0.213892 1 
-0.62011 1 
0.246466 1 
-0.284295 1 
-0.354698 1 
0.851877 1 
0.925497 1 
0.999117 1 
-0.801039 1 
-0.870857 1 
-1.01049 1 
-1.20787 1 
1.61323 1 
-3.82947 1 
-4 1 
-3.65894 1 
-0.940674 1 
-2.23779 1 
-2.44863 1 
1.73877 1 
-1.46933 1 
-1.5885 1 
-2.78759 1 
1.10127 1 
0.0218274 1 
0.675176 1 
-0.703444 1 
-1.31458 1 
-1.80462 1 
1.27845 1 
3.87781 1 
2.64911 1 
2.14287 1 
-3.21355 1 
0.0871201 1 
-0.0447772 1 
0.342163 1 
0.472354 1 
0.745137 1 
0.406806 1 
0.151101 1 
-0.470423 1 
-0.179939 1 
-0.564554 1 
-0.112033 1 
-0.249093 1 
0.278154 1 
0.214779 1 
-0.319497 1 
-0.393273 1 
0.538807 1 
0.888687 1 
0.816297 1 
1.03317 1 
-0.647888 1 
-0.835948 1 
1.18303 1 
1.40693 1 
-1.10918 1 
1.55047 1 
-3.91473 1 
-1.24344 1 
3.63343 1 
3.4162 1 
-3.48841 1 
-0.905766 1 
2.97041 1 
-1.96695 1 
-2.14751 1 
-2.34321 1 
2.37327 1 
1.811 1 
1.95545 1 
-3.7442 1 
3.22611 1 
-3.0049 1 
-2.56162 1 
0.606415 1 
0.962307 1 
-0.76613 1 
-0.975583 1 
1.676 1 
-1.40974 1 
-1.52891 1 
-1.66054 1 
ZONE T="boundary2"
4 -0.286634 
4 -0.346716 
4 -0.239926 
4 -0.134236 
4 -0.187081 
4 -0.00353833 
4 -0.068887 
4 0.123112 
4 -0.611065 
4 -0.805533 
4 1 
4 -0.508932 
4 -0.406798 
4 0.510634 
4 0.583421 
4 0.335524 
4 0.386685 
4 0.0597868 
4 0.176499 
4 0.256296 
4 0.687566 
4 0.791711 
4 -1 
4 0.282705 
4 0.229887 
4 0.437847 
4 -0.316675 
4 -0.26328 
4 -0.160658 
4 -0.213503 
4 -0.0362127 
4 -0.101561 
4 -0.559998 
4 -0.708299 
4 0.547027 
4 0.361105 
4 0.0281242 
4 0.0914494 
4 0.149806 
4 -0.457865 
4 0.635493 
4 0.895855 
4 -0.902766 
4 0.269501 
4 0.243091 
4 0.309115 
4 0.203193 
4 0.412266 
4 0.47424 
4 -0.376757 
4 0.739638 
ZONE T="boundary3"
-0.954747 -1 
0.0300382 -1 
-0.827507 -1 
-0.700268 -1 
0.156516 -1 
1.63766 -1 
-1.54162 -1 
-1.65255 -1 
-1.43069 -1 
2.01993 -1 
-2.088 -1 
-2.34838 -1 
3.56572 -1 
2.36153 -1 
2.55028 -1 
2.84086 -1 
2.69557 -1 
3.13144 -1 
2.98615 -1 
-2.84872 -1 
-0.580649 -1 
-0.235622 -1 
-0.189052 -1 
-0.0493414 -1 
-3.68901 -1 
-4 -1 
3.78286 -1 
-0.404679 -1 
0.291287 -1 
0.426057 -1 
-0.142482 -1 
-0.291974 -1 
-0.461031 -1 
4 -1 
0.561963 -1 
0.697869 -1 
0.823196 -1 
-1.22261 -1 
-1.08868 -1 
0.948523 -1 
1.18328 -1 
1.0659 -1 
1.29845 -1 
-1.87028 -1 
1.41363 -1 
1.86708 -1 
2.17278 -1 
-2.21819 -1 
3.34858 -1 
-3.37801 -1 
-3.11337 -1 
-2.59855 -1 
-1.76142 -1 
-0.348326 -1 
-0.763887 -1 
-1.59709 -1 
2.4559 -1 
2.76821 -1 
3.05879 -1 
2.62292 -1 
-0.212337 -1 
-0.00965162 -1 
-3.8445 -1 
-0.640458 -1 
0.358672 -1 
-0.263798 -1 
0.0932772 -1 
0.223901 -1 
-0.52084 -1 
3.67429 -1 
3.89143 -1 
0.760532 -1 
-1.48615 -1 
-1.32665 -1 
-1.15565 -1 
0.88586 -1 
1.12459 -1 
1.24087 -1 
-1.97914 -1 
0.629916 -1 
1.35604 -1 
1.52564 -1 
1.75237 -1 
2.09635 -1 
-2.15309 -1 
-2.28328 -1 
1.94351 -1 
3.24001 -1 
2.9135 -1 
-1.02171 -1 
-3.24569 -1 
-2.98104 -1 
-3.53351 -1 
2.26715 -1 
-2.47346 -1 
-0.891127 -1 
-0.165767 -1 
-0.0959116 -1 
0.49401 -1 
-2.72363 -1 
1.00721 -1 
-1.81585 -1 
-1.70699 -1 
-0.432855 -1 
-0.32015 -1 
-0.376503 -1 
3.45715 -1 
ZONE T="boundary4"
0.696016 0.524894 
0.679092 0.538945 
0.789963 0.333843 
0.595996 0.0735869 
0.57974 0.0644113 
0.789678 0.350057 
-0.664451 0.220624 
-0.659846 0.239753 
-0.673774 0.066093 
-0.65022 0.272272 
-0.627861 0.327683 
-0.640364 0.299119 
-0.576293 0.413776 
-0.558576 0.436559 
-0.612221 0.357976 
-0.539562 0.458488 
-0.595278 0.386204 
-0.501116 0.496573 
-0.520549 0.478257 
-0.480781 0.513979 
-0.439877 0.544404 
-0.46067 0.529642 
-0.418842 0.558013 
0.781855 0.395695 
0.777257 0.409967 
-0.353029 0.593348 
-0.301239 0.614828 
-0.27266 0.624725 
-0.328188 0.604263 
-0.243745 0.633504 
0.0680752 0.0380298 
0.106679 0.0290332 
0.173386 0.0139942 
0.366113 0.000242423 
0.331862 -0.00168426 
0.298139 -0.00157908 
0.39777 0.00391947 
0.430247 0.00965437 
0.647316 0.56144 
0.661709 0.551801 
0.788114 0.366057 
0.505293 0.030956 
0.467712 0.0188388 
0.712599 0.509285 
0.767247 0.245441 
0.775153 0.262983 
0.660305 0.118016 
0.781447 0.280829 
0.139738 0.021291 
0.542818 0.0461553 
0.62764 0.0936857 
0.642963 0.1046 
0.676954 0.1321 
0.693029 0.147 
0.722345 0.178386 
0.708305 0.162576 
0.735493 0.194833 
0.747253 0.211309 
0.757989 0.228375 
-0.144882 0.655744 
-0.109747 0.661252 
0.788791 0.31642 
0.371569 0.656252 
0.401118 0.651068 
-0.0717228 0.66605 
0.632572 0.570507 
0.602632 0.586792 
0.785492 0.38107 
0.458285 0.638613 
0.485845 0.631275 
0.00723756 0.672692 
0.0481079 0.67459 
0.0913935 0.675568 
0.134618 0.675532 
0.262496 0.66948 
0.302835 0.665565 
0.337267 0.661347 
0.222042 0.672392 
0.771776 0.423822 
0.728407 0.492194 
0.786046 0.299 
0.0297374 0.045891 
-0.676094 0.100592 
-0.675813 0.136292 
-0.66929 0.196024 
-0.67325 0.168315 
0.744443 0.471795 
-0.377401 0.581425 
0.430517 0.645094 
-0.211931 0.64188 
0.513574 0.622859 
0.540971 0.613381 
0.571813 0.601098 
-0.179877 0.649102 
0.25957 0.000848366 
-0.0336481 0.669774 
0.216598 0.00620825 
0.238034 0.00320575 
0.178377 0.674481 
0.758987 0.449239 
0.687657 0.532044 
0.587908 0.0689298 
0.789985 0.341954 
-0.662236 0.23021 
-0.655309 0.256093 
-0.634335 0.313498 
-0.567587 0.425285 
-0.645491 0.285768 
-0.620291 0.342958 
-0.549216 0.44765 
-0.586001 0.400137 
-0.510943 0.487532 
-0.491053 0.505397 
-0.450355 0.537137 
-0.429432 0.551319 
0.779675 0.40287 
-0.286998 0.619919 
-0.314767 0.609683 
-0.258243 0.629249 
0.087381 0.0335946 
0.349001 -0.00098184 
0.314997 -0.00187433 
0.414052 0.00654169 
0.65456 0.556693 
0.789053 0.358074 
0.486614 0.0245589 
0.704435 0.517226 
0.771375 0.254134 
0.778498 0.271837 
0.156532 0.017544 
0.561454 0.0549384 
0.685079 0.139457 
0.651707 0.111216 
0.635351 0.0990745 
0.715425 0.170394 
0.72903 0.186522 
0.752752 0.219761 
-0.127334 0.658632 
0.38636 0.653755 
0.78957 0.32512 
-0.090751 0.663791 
0.617739 0.578903 
0.7838 0.388415 
0.472095 0.635056 
0.0276687 0.673763 
0.113008 0.675675 
0.320064 0.663561 
0.639987 0.566043 
0.774627 0.416939 
0.787613 0.307681 
0.783959 0.289863 
0.786939 0.373588 
0.670486 0.54549 
-0.675251 0.0833185 
-0.676294 0.118443 
-0.667018 0.208352 
0.668709 0.124966 
0.720658 0.500884 
0.123191 0.025128 
0.700763 0.154696 
-0.470813 0.521923 
-0.671466 0.182196 
-0.398348 0.570119 
0.415838 0.648185 
0.444425 0.641956 
-0.674802 0.152323 
-0.53018 0.468491 
-0.227876 0.637841 
0.499748 0.627193 
0.52732 0.618258 
0.556471 0.607439 
0.587329 0.594175 
0.381968 0.00185207 
-0.195934 0.645629 
0.27883 -0.000661422 
-0.0132129 0.671366 
0.194933 0.00984777 
0.282679 0.667653 
0.227305 0.00463021 
0.0697496 0.675208 
0.0489379 0.042161 
-0.0526963 0.668039 
0.242278 0.671057 
0.156502 0.675135 
0.200217 0.673568 
0.741488 0.20299 
0.762763 0.23683 
0.736649 0.482172 
0.765744 0.436716 
0.751993 0.460699 
0.611996 0.0833613 
-0.60397 0.372221 
-0.162406 0.652571 
0.354435 0.658915 
0.449063 0.0139155 
-0.340665 0.598929 
-0.365275 0.587515 
0.248789 0.00194272 
0.524198 0.038211 
ZONE T="boundary5"
-0.510602 -0.270517 
-0.412787 -0.338536 
-0.285577 -0.31759 
-0.42458 -0.333798 
-0.43692 -0.327824 
-0.354243 -0.347435 
-0.363782 -0.347735 
-0.402818 -0.341795 
-0.624197 -0.10478 
-0.632516 -0.0866497 
-0.449131 -0.320894 
-0.666189 0.0176238 
-0.669245 0.0335776 
-0.55246 -0.221241 
-0.563044 -0.206968 
-0.573463 -0.192159 
-0.310075 -0.335173 
-0.462035 -0.312472 
-0.52137 -0.258973 
-0.253692 -0.26346 
-0.251219 -0.254037 
-0.291347 -0.322735 
-0.297141 -0.32721 
-0.54159 -0.235146 
-0.531609 -0.247248 
-0.38322 -0.346167 
-0.373688 -0.347291 
-0.303359 -0.331357 
-0.32556 -0.341761 
-0.392951 -0.344337 
-0.344548 -0.346357 
-0.334724 -0.344414 
-0.317507 -0.338691 
-0.249052 -0.24319 
-0.274748 -0.305549 
-0.269643 -0.298408 
-0.264593 -0.290003 
-0.280306 -0.312174 
-0.25643 -0.271812 
-0.261916 -0.284818 
-0.267031 -0.294257 
-0.259408 -0.279346 
-0.248079 -0.236915 
-0.245581 -0.208989 
-0.24508 -0.194971 
-0.24648 -0.22259 
-0.24473 -0.1741 
-0.662741 0.00232391 
-0.499516 -0.281544 
-0.658823 -0.0128316 
-0.654632 -0.027243 
-0.673774 0.066093 
-0.671769 0.0496535 
-0.487262 -0.292725 
-0.583558 -0.177005 
-0.593447 -0.161279 
-0.650037 -0.0414992 
-0.640234 -0.0681744 
-0.645304 -0.0549157 
-0.214625 -0.0313938 
-0.123312 0.0413907 
-0.244315 -0.15264 
-0.613912 -0.125239 
-0.22236 -0.0456155 
-0.200998 -0.0120828 
-0.184718 0.0051553 
-0.228786 -0.0604849 
-0.145329 0.032137 
-0.16587 0.0200966 
-0.0556462 0.0533648 
-0.0780904 0.0516591 
-0.474694 -0.303109 
-0.100854 0.0477703 
-0.0335064 0.0532959 
-0.23626 -0.0845249 
0.0091134 0.0492594 
-0.0119183 0.0518157 
-0.24099 -0.109351 
0.0297374 0.045891 
-0.602945 -0.145211 
-0.243269 -0.131245 
-0.430796 -0.330918 
-0.359006 -0.347676 
-0.628432 -0.0957513 
-0.667784 0.0255872 
-0.557795 -0.214139 
-0.516035 -0.264796 
-0.252387 -0.258774 
-0.294206 -0.325023 
-0.547068 -0.228232 
-0.526532 -0.253152 
-0.378461 -0.346812 
-0.306682 -0.333326 
-0.397902 -0.343147 
-0.339612 -0.345492 
-0.250058 -0.248637 
-0.321501 -0.340305 
-0.330111 -0.343185 
-0.272129 -0.30203 
-0.277465 -0.308918 
-0.300214 -0.329339 
-0.282896 -0.314929 
-0.255 -0.267662 
-0.288416 -0.320215 
-0.268316 -0.296348 
-0.263225 -0.287428 
-0.260631 -0.282099 
-0.265791 -0.292144 
-0.248543 -0.240059 
-0.245289 -0.201991 
-0.245969 -0.215802 
-0.257864 -0.275605 
-0.388097 -0.345335 
-0.505111 -0.276088 
-0.656779 -0.0200533 
-0.672843 0.0578639 
-0.588554 -0.169177 
-0.636456 -0.0774475 
-0.642811 -0.0615622 
-0.41872 -0.336272 
-0.652385 -0.0343882 
-0.407825 -0.340245 
-0.244567 -0.163379 
-0.66084 -0.00526977 
-0.313757 -0.337003 
-0.218657 -0.0384142 
-0.20815 -0.0214966 
-0.193165 -0.00316969 
-0.647715 -0.0482238 
-0.225736 -0.0529792 
-0.155801 0.0264691 
-0.455643 -0.316785 
-0.134467 0.0371166 
-0.0668865 0.0527529 
-0.244875 -0.18455 
-0.112172 0.0449019 
-0.443075 -0.324457 
-0.232893 -0.0723898 
-0.664525 0.00995951 
-0.568299 -0.199598 
-0.578558 -0.184617 
-0.48104 -0.298001 
-0.468425 -0.307882 
-0.00138973 0.0506599 
-0.349381 -0.346995 
-0.238943 -0.09688 
0.0194377 0.0476674 
-0.598251 -0.15328 
-0.536637 -0.241232 
-0.670575 0.0416042 
-0.493451 -0.28721 
-0.242314 -0.120283 
-0.608515 -0.135277 
-0.243905 -0.141943 
-0.0227027 0.0527143 
-0.0445765 0.05353 
-0.619148 -0.11506 
-0.17556 0.012966 
-0.0895201 0.050002 
-0.368736 -0.347607 
-0.247184 -0.229774 
