ZONE T="boundary0"
-4 -1 
-4 0.494541 
-4 0.252649 
-4 0.38065 
-4 0.437595 
-4 0.300203 
-4 0.153703 
-4 -0.127468 
-4 0.676157 
-4 -0.809424 
-4 0.340426 
-4 0.102311 
-4 0.0328918 
-4 0.585349 
-4 -0.0365274 
-4 -0.0819976 
-4 -0.198313 
-4 -0.618849 
-4 -0.502938 
-4 1 
-4 0.838078 
-4 0.205094 
-4 -0.269158 
-4 -0.328093 
-4 -0.387028 
-4 0.409122 
-4 0.128007 
-4 0.0676014 
-4 0.539945 
-4 -0.104733 
-4 -0.0592625 
-4 -0.16289 
-4 -0.560894 
-4 0.919039 
-4 0.757118 
-4 0.630753 
-4 -0.904712 
-4 -0.714137 
-4 0.276426 
-4 0.320315 
-4 0.360538 
-4 0.228872 
-4 0.179399 
-4 0.466068 
-4 -0.233735 
-4 -0.298625 
-4 -0.35756 
-4 -0.444983 
-4 -0.00181777 
ZONE T="boundary1"
-2.66656 1 
-2.45989 1 
1.29927 1 
4 1 
3.78018 1 
-0.986451 1 
0.461088 1 
0.157194 1 
0.0698837 1 
-1.38872 1 
-0.714599 1 
0.000545961 1 
-0.0687918 1 
-0.320285 1 
-0.821384 1 
-1.18447 1 
0.352796 1 
0.674141 1 
0.75114 1 
3.01334 1 
3.15009 1 
-2.26647 1 
-2.07304 1 
1.19356 1 
0.82814 1 
1.93097 1 
3.56036 1 
2.5898 1 
3.28685 1 
2.80157 1 
1.71047 1 
-2.87323 1 
-0.179034 1 
0.244504 1 
0.29865 1 
0.567615 1 
-0.123913 1 
-0.393304 1 
-0.466322 1 
-0.766362 1 
-0.564579 1 
-0.876407 1 
-1.08546 1 
0.620878 1 
-0.662837 1 
1.08785 1 
0.982138 1 
-4 1 
-3.82749 1 
-3.65499 1 
-3.30997 1 
-3.48248 1 
1.40499 1 
1.48136 1 
-1.2866 1 
-1.56667 1 
-1.4777 1 
-1.74462 1 
2.15148 1 
2.37064 1 
1.55773 1 
-3.0916 1 
-0.24966 1 
0.905139 1 
-2.56323 1 
3.89009 1 
-0.0341229 1 
0.712641 1 
3.08172 1 
-2.16975 1 
0.0352149 1 
0.113539 1 
0.325723 1 
0.271577 1 
0.406942 1 
0.514351 1 
0.200849 1 
-0.0963523 1 
-0.429813 1 
-0.74048 1 
-0.515451 1 
-0.848895 1 
-0.793873 1 
-0.931429 1 
-1.03596 1 
-1.13496 1 
0.594246 1 
-0.613708 1 
0.78964 1 
1.1407 1 
-3.39622 1 
1.35213 1 
-3.56873 1 
-1.33766 1 
-1.23553 1 
-1.52219 1 
-3.74124 1 
3.4236 1 
2.90745 1 
3.21847 1 
-1.65565 1 
-1.90883 1 
2.04123 1 
1.82072 1 
-3.91375 1 
2.48022 1 
2.26106 1 
-2.76989 1 
1.44317 1 
1.6341 1 
-2.98241 1 
3.67027 1 
-0.214347 1 
-0.284972 1 
-0.151473 1 
1.03499 1 
0.647509 1 
-0.688718 1 
0.866639 1 
0.943638 1 
-0.356794 1 
-3.20079 1 
1.24641 1 
-1.43321 1 
1.51954 1 
-2.36318 1 
2.69568 1 
ZONE T="boundary2"
4 -1 
4 -0.487222 
4 -0.244193 
4 0.235365 
4 0.200334 
4 1 
4 0.777276 
4 -0.845987 
4 -0.691974 
4 -0.589598 
4 0.554551 
4 -0.047051 
4 -0.162675 
4 -0.203434 
4 -0.288244 
4 0.024094 
4 -0.332296 
4 0.095239 
4 -0.409759 
4 0.165302 
4 0.422814 
4 0.378901 
4 0.466726 
4 0.665913 
4 0.307133 
4 0.271249 
4 0.21785 
4 0.888638 
4 -0.76898 
4 -0.53841 
4 -0.104863 
4 -0.183054 
4 -0.223813 
4 -0.266219 
4 -0.0114785 
4 0.0596665 
4 -0.448491 
4 -0.640786 
4 -0.922993 
4 0.130271 
4 0.400858 
4 -0.31027 
4 0.182818 
4 0.343017 
4 0.44477 
4 0.510639 
4 0.610232 
4 0.721594 
4 0.253307 
4 0.289191 
4 -0.371028 
ZONE T="boundary3"
-4 -1 
-3.59469 -1 
3.79252 -1 
4 -1 
2.7815 -1 
-0.00530769 -1 
0.463979 -1 
3.37755 -1 
-0.597863 -1 
-0.496356 -1 
1.25378 -1 
0.547497 -1 
0.651111 -1 
-0.648616 -1 
3.17007 -1 
2.40863 -1 
1.84447 -1 
2.05945 -1 
-3.18938 -1 
-3.39204 -1 
-1.59709 -1 
-1.73702 -1 
-1.87695 -1 
2.59506 -1 
-2.98906 -1 
-2.78874 -1 
-2.53751 -1 
-0.266559 -1 
-0.0656794 -1 
0.11749 -1 
0.0560914 -1 
-0.196305 -1 
-0.126051 -1 
0.246923 -1 
0.182207 -1 
0.313692 -1 
0.380462 -1 
-0.903893 -1 
0.834529 -1 
0.914332 -1 
0.754725 -1 
-1.01553 -1 
-0.381458 -1 
-0.801631 -1 
-1.2376 -1 
-1.12716 -1 
-0.699369 -1 
1.0239 -1 
1.13346 -1 
1.3741 -1 
1.5018 -1 
1.6295 -1 
-1.34803 -1 
2.97578 -1 
-1.47256 -1 
3.58504 -1 
-2.28628 -1 
-2.08161 -1 
2.23404 -1 
-3.79735 -1 
3.89626 -1 
-0.547109 -1 
0.599304 -1 
-0.623239 -1 
1.95196 -1 
-3.29071 -1 
-1.66705 -1 
-2.8889 -1 
-1.80698 -1 
0.0867909 -1 
-0.0354936 -1 
0.214565 -1 
-0.0958653 -1 
-0.161178 -1 
0.347077 -1 
0.505738 -1 
-0.231432 -1 
0.87443 -1 
0.702918 -1 
-0.959711 -1 
-0.438907 -1 
-0.852762 -1 
-1.18238 -1 
0.280308 -1 
-0.324008 -1 
0.794627 -1 
-0.7505 -1 
1.07868 -1 
1.56565 -1 
1.19362 -1 
1.73699 -1 
-3.49336 -1 
1.31394 -1 
2.68828 -1 
2.87864 -1 
3.07293 -1 
-1.41029 -1 
3.48129 -1 
-2.41189 -1 
2.50184 -1 
3.27381 -1 
-2.18394 -1 
-1.97928 -1 
2.14674 -1 
2.32133 -1 
0.422221 -1 
0.0253918 -1 
0.149849 -1 
-1.07135 -1 
0.969114 -1 
-1.53482 -1 
-1.29281 -1 
1.43795 -1 
3.68878 -1 
-0.673992 -1 
-3.08922 -1 
-2.66312 -1 
ZONE T="boundary4"
0.461792 0.317419 
0.380164 0.351147 
-0.173078 0.379026 
-0.147791 0.378438 
0.481338 0.306015 
-0.638289 0.0769303 
-0.413957 0.362089 
0.633706 0.100396 
-0.541376 0.29084 
-0.510874 0.316062 
-0.526513 0.304028 
-0.593738 0.223767 
-0.376956 0.370765 
-0.314648 0.378372 
-0.292841 0.379519 
0.423233 0.335781 
0.441724 0.327594 
-0.395587 0.366861 
-0.6373 0.0105383 
-0.556241 0.275572 
-0.632309 0.121145 
-0.635988 0.0991268 
-0.121259 0.377906 
0.539759 0.26007 
-0.612906 0.185016 
-0.620748 0.164242 
-0.627223 0.142917 
-0.603912 0.204788 
0.550491 0.249046 
-0.582373 0.241993 
-0.569894 0.259272 
0.637202 0.0835358 
0.639621 0.0663913 
0.61393 0.156234 
0.608072 0.168049 
-0.495375 0.326417 
-0.479333 0.335722 
-0.463639 0.34361 
0.528637 0.270516 
0.517344 0.280204 
-0.447554 0.350592 
-0.430908 0.356772 
0.62346 0.133695 
0.629077 0.117267 
0.560754 0.237557 
-0.638894 0.0325585 
-0.222515 0.38005 
-0.198433 0.379608 
-0.26975 0.38013 
-0.246626 0.380266 
-0.336359 0.37654 
-0.0948063 0.377528 
-0.0106003 0.377608 
0.0181694 0.378019 
-0.639242 0.0547155 
0.638201 -0.0022985 
0.640187 0.0148802 
0.402828 0.343657 
0.303709 0.368547 
0.357283 0.357525 
0.330853 0.36359 
0.505632 0.289382 
0.0476891 0.378538 
0.0771435 0.379055 
0.106458 0.379451 
-0.356768 0.374063 
0.192805 0.378669 
0.22075 0.377358 
0.276236 0.372421 
0.164275 0.379383 
0.601772 0.179578 
0.641096 0.0320038 
0.640913 0.0492663 
0.570671 0.225495 
0.586994 0.203224 
0.248701 0.375305 
-0.067091 0.377337 
-0.0394538 0.377365 
0.13576 0.379602 
-0.160434 0.378727 
-0.518798 0.31018 
-0.303749 0.379023 
0.432528 0.331799 
-0.404802 0.364589 
-0.634322 0.110166 
-0.134524 0.378156 
-0.617 0.174695 
-0.624161 0.153633 
-0.598979 0.21436 
0.545186 0.254617 
-0.576284 0.250741 
-0.588206 0.232974 
-0.608571 0.194976 
0.638551 0.0749828 
0.611061 0.162171 
-0.503208 0.321364 
-0.471543 0.339778 
0.523045 0.275423 
-0.439273 0.353792 
0.534257 0.265356 
0.618922 0.14506 
0.626392 0.125523 
-0.422466 0.359536 
-0.63825 0.0215379 
-0.210473 0.37985 
-0.258188 0.380248 
-0.325512 0.37755 
-0.108031 0.377695 
-0.185754 0.379324 
0.00378576 0.377797 
-0.637309 0.0880468 
0.471652 0.311865 
-0.548953 0.283346 
-0.638931 0.0658307 
0.639325 0.00627541 
-0.487428 0.331194 
-0.639228 0.0436351 
0.391542 0.347542 
-0.281297 0.379893 
0.317307 0.366214 
0.368759 0.354466 
0.511539 0.284858 
0.413079 0.339844 
0.0624161 0.378804 
0.0918001 0.379275 
-0.366881 0.372524 
0.344103 0.360713 
0.178541 0.379097 
0.45183 0.322649 
-0.386295 0.368919 
0.604978 0.173844 
0.641144 0.0406362 
-0.455645 0.347211 
0.640405 0.0578388 
0.631524 0.108867 
0.565774 0.231576 
0.555683 0.243355 
0.640776 0.0234346 
-0.629942 0.132073 
-0.23457 0.380195 
0.49366 0.297954 
0.0329297 0.378272 
0.20678 0.378098 
0.234732 0.376433 
-0.0532713 0.377324 
0.150017 0.379546 
-0.0250258 0.377462 
0.28999 0.370615 
-0.0809466 0.377405 
0.262479 0.373978 
0.121108 0.379566 
0.635588 0.0919932 
-0.563218 0.267548 
-0.534061 0.297564 
-0.346576 0.375399 
0.579031 0.214505 
0.594611 0.191543 
ZONE T="boundary5"
-0.565485 -0.191652 
-0.554809 -0.208364 
-0.292864 -0.43623 
-0.27004 -0.447115 
-0.62557 -0.0541946 
-0.630586 -0.0328706 
-0.634512 -0.0112871 
0.635186 -0.019352 
0.606849 -0.10253 
0.597927 -0.121164 
-0.604362 -0.116543 
-0.612425 -0.0960294 
-0.619496 -0.0752757 
-0.576006 -0.17392 
0.626294 -0.0530266 
-0.463094 -0.318347 
0.521105 -0.261538 
-0.222284 -0.467047 
-0.246328 -0.457475 
-0.430874 -0.346908 
-0.413603 -0.360753 
-0.357427 -0.400016 
-0.376872 -0.387338 
-0.0668484 -0.508932 
0.575913 -0.162934 
0.56304 -0.186208 
-0.120612 -0.498125 
-0.197496 -0.475984 
-0.17243 -0.484104 
-0.146633 -0.491539 
-0.0938134 -0.503977 
-0.519675 -0.256748 
-0.506534 -0.272669 
-0.54363 -0.224748 
-0.531891 -0.240925 
-0.478232 -0.303495 
-0.395887 -0.374032 
-0.58588 -0.155829 
-0.447224 -0.332894 
0.588489 -0.139576 
-0.6373 0.0105383 
0.631203 -0.0362387 
0.492168 -0.308397 
-0.492839 -0.288131 
0.620562 -0.0696125 
0.0175943 -0.518484 
0.0463817 -0.519652 
0.0755629 -0.519711 
-0.595342 -0.136785 
-0.0390568 -0.513072 
-0.0111592 -0.516247 
0.195756 -0.506678 
0.165538 -0.512151 
0.10559 -0.518537 
0.135452 -0.51606 
0.317343 -0.465268 
0.287069 -0.478978 
0.22598 -0.499503 
0.256551 -0.490321 
0.422658 -0.391648 
0.402949 -0.409275 
0.441522 -0.372599 
0.459428 -0.352258 
0.507179 -0.285045 
0.476433 -0.330633 
0.375487 -0.430513 
0.638201 -0.0022985 
-0.315308 -0.424592 
-0.336574 -0.412652 
0.548765 -0.211902 
0.534506 -0.237675 
0.346819 -0.449189 
-0.560212 -0.20005 
-0.281497 -0.441767 
-0.628212 -0.0435637 
-0.63269 -0.0221038 
0.602461 -0.111882 
-0.60851 -0.106332 
-0.622661 -0.0647718 
-0.234345 -0.46236 
-0.422295 -0.353901 
-0.367201 -0.393756 
0.569494 -0.174579 
-0.209927 -0.471618 
-0.159562 -0.487928 
-0.513173 -0.264765 
-0.537819 -0.232879 
-0.549279 -0.216597 
-0.470727 -0.310986 
-0.404798 -0.367464 
-0.45522 -0.325687 
-0.439106 -0.339968 
-0.636053 -0.000392596 
0.628855 -0.0446638 
-0.525844 -0.248884 
-0.485603 -0.295877 
-0.570822 -0.182831 
0.593261 -0.130396 
0.0319831 -0.519203 
-0.590707 -0.146354 
-0.05297 -0.511121 
-0.0251214 -0.514781 
0.180683 -0.50961 
0.120535 -0.517466 
0.30233 -0.472396 
0.0905832 -0.519284 
0.241336 -0.495147 
-0.616083 -0.0856937 
0.271905 -0.484904 
0.412938 -0.400613 
0.45062 -0.362558 
0.432232 -0.382266 
0.499794 -0.296799 
0.514232 -0.273345 
0.468075 -0.34156 
0.389433 -0.420175 
0.582251 -0.151281 
0.614014 -0.0861985 
0.636818 -0.0108474 
0.63331 -0.0278227 
-0.499754 -0.28046 
-0.581027 -0.164919 
-0.599963 -0.126713 
0.623523 -0.0613523 
-0.258227 -0.452394 
-0.304135 -0.430505 
-0.347054 -0.406421 
-0.386434 -0.380763 
0.555899 -0.199051 
0.527848 -0.24963 
-0.32599 -0.41871 
-0.0803512 -0.506566 
-0.107237 -0.501162 
0.0609727 -0.519826 
0.210919 -0.503302 
-0.184996 -0.480146 
-0.133649 -0.494938 
0.00320792 -0.517497 
0.150519 -0.514286 
0.361338 -0.440138 
0.484432 -0.319609 
0.541636 -0.224787 
0.332233 -0.45751 
