ZONE T="boundary0"
-4 -1 
-4 -0.676154 
-4 -0.342392 
-4 -0.26725 
-4 -0.215449 
-4 -0.398845 
-4 -0.304821 
-4 0.161651 
-4 0.0831817 
-4 0.39581 
-4 0.00471219 
-4 -0.163648 
-4 -0.455299 
-4 -0.079468 
-4 -0.565726 
-4 0.221741 
-4 0.28183 
-4 0.546858 
-4 0.33882 
-4 0.697905 
-4 0.471334 
-4 1 
-4 0.875 
-4 -0.838077 
-4 -0.241349 
-4 -0.370619 
-4 -0.323606 
-4 0.122416 
-4 -0.427072 
-4 -0.286035 
-4 -0.121558 
-4 -0.62094 
-4 0.0439469 
-4 0.191696 
-4 0.251786 
-4 0.367315 
-4 0.622381 
-4 -0.0373779 
-4 0.9375 
-4 -0.189549 
-4 0.310325 
-4 0.509096 
-4 0.433572 
-4 0.786453 
-4 -0.510513 
ZONE T="boundary1"
-3.13975 1 
4 1 
3.68567 1 
2.55878 1 
2.39956 1 
-0.189455 1 
-1.41405 1 
-0.52243 1 
-0.283004 1 
-0.374761 1 
0.836888 1 
0.722342 1 
-0.448596 1 
-1.093 1 
-0.870201 1 
-0.737163 1 
0.244658 1 
0.196308 1 
-3.50902 1 
0.474577 1 
1.06268 1 
0.949783 1 
0.607797 1 
1.54244 1 
1.41502 1 
-2.33976 1 
3.15562 1 
2.74933 1 
0.541187 1 
0.341358 1 
0.407968 1 
-0.0941157 1 
0.0166131 1 
0.147958 1 
0.0822857 1 
0.293008 1 
-0.629796 1 
-1.00324 1 
1.17514 1 
-1.18276 1 
-1.2984 1 
-1.51549 1 
-1.61692 1 
1.2876 1 
-1.88883 1 
-1.75288 1 
1.73731 1 
-2.03914 1 
-2.18945 1 
1.93218 1 
2.08626 1 
-3.6714 1 
-3.8357 1 
-4 1 
-2.49007 1 
-2.93286 1 
-3.34665 1 
3.37134 1 
3.52851 1 
2.93989 1 
2.24035 1 
1.63987 1 
3.84284 1 
2.47917 1 
-0.236229 1 
0.779615 1 
-0.485513 1 
-0.803682 1 
0.220483 1 
1.00623 1 
0.665069 1 
0.893335 1 
1.47873 1 
2.65405 1 
0.574492 1 
0.374663 1 
-0.141785 1 
-0.0387513 1 
0.507882 1 
-0.328882 1 
0.115122 1 
0.268833 1 
0.172133 1 
0.441273 1 
-0.683479 1 
-0.576113 1 
-0.93672 1 
1.11891 1 
-1.13788 1 
-1.04812 1 
-1.24058 1 
-1.56621 1 
-1.35623 1 
1.23137 1 
-1.82085 1 
-2.11429 1 
1.83474 1 
2.00922 1 
-3.75355 1 
-3.91785 1 
-2.71146 1 
-3.0363 1 
-3.2432 1 
3.44992 1 
-3.42783 1 
-3.59021 1 
3.26348 1 
3.04775 1 
-2.26461 1 
-2.41492 1 
2.31995 1 
3.60709 1 
-1.96398 1 
2.84461 1 
0.0494494 1 
0.317183 1 
-0.411678 1 
-1.46477 1 
1.35131 1 
2.1633 1 
1.68859 1 
1.59116 1 
-1.6849 1 
ZONE T="boundary2"
4 -0.592154 
4 -0.796077 
4 -1 
4 -0.456205 
4 0.125851 
4 0.0486478 
4 0.172045 
4 0.30037 
4 0.259304 
4 1 
4 -0.158112 
4 -0.180392 
4 0.405023 
4 0.599034 
4 0.352696 
4 0.502029 
4 0.218239 
4 -0.0285552 
4 -0.0933337 
4 -0.202671 
4 -0.300807 
4 -0.22495 
4 -0.247229 
4 -0.354385 
4 0.799517 
4 -0.405295 
4 -0.898038 
4 0.0872492 
4 0.279837 
4 -0.169252 
4 -0.524179 
4 0.378859 
4 0.550531 
4 0.453526 
4 0.238772 
4 0.195142 
4 0.0100463 
4 -0.0609444 
4 -0.21381 
4 -0.327596 
4 -0.694115 
4 0.899759 
4 0.699276 
4 0.326533 
4 0.148948 
4 -0.23609 
4 -0.125723 
4 -0.191531 
4 -0.274018 
4 -0.37984 
4 -0.43075 
ZONE T="boundary3"
-4 -1 
-1.66872 -1 
-1.4841 -1 
-1.33899 -1 
-2.44227 -1 
4 -1 
-1.41154 -1 
-2.03221 -1 
-0.310622 -1 
-0.434765 -1 
-0.203181 -1 
-0.138213 -1 
1.01252 -1 
0.904153 -1 
-0.645485 -1 
-0.540125 -1 
1.23152 -1 
-3.18872 -1 
-3.56577 -1 
-2.23724 -1 
1.94384 -1 
1.76709 -1 
3.73227 -1 
3.02422 -1 
3.46454 -1 
2.12058 -1 
2.53929 -1 
-2.81493 -1 
0.323331 -1 
0.0543133 -1 
-0.00946573 -1 
0.118701 -1 
-0.0732445 -1 
0.183088 -1 
-0.256902 -1 
0.25321 -1 
0.491387 -1 
0.643585 -1 
0.795783 -1 
0.719684 -1 
-1.21237 -1 
-1.08575 -1 
-0.977132 -1 
-0.868517 -1 
-0.757001 -1 
1.12202 -1 
1.62149 -1 
2.78175 -1 
-2.6286 -1 
-3.00183 -1 
1.3537 -1 
0.407359 -1 
1.47588 -1 
-1.57641 -1 
-1.37526 -1 
-1.85047 -1 
-0.170697 -1 
0.958338 -1 
-0.592805 -1 
-3.37725 -1 
-2.13473 -1 
1.85546 -1 
-3.78289 -1 
3.86614 -1 
3.24438 -1 
2.32993 -1 
0.0224238 -1 
0.0865069 -1 
-0.0413551 -1 
0.150894 -1 
-0.105729 -1 
-0.372694 -1 
-0.487445 -1 
-0.230042 -1 
0.218149 -1 
0.28827 -1 
0.567486 -1 
0.757734 -1 
-1.44782 -1 
0.849968 -1 
-1.14906 -1 
-1.27568 -1 
3.59841 -1 
-0.922825 -1 
1.17677 -1 
1.69429 -1 
2.03221 -1 
2.66052 -1 
2.90299 -1 
-2.72177 -1 
-2.53543 -1 
-2.90838 -1 
-0.283762 -1 
0.365345 -1 
0.449373 -1 
-1.03144 -1 
-0.701243 -1 
0.681635 -1 
1.41479 -1 
1.54868 -1 
1.06727 -1 
1.29261 -1 
-0.812759 -1 
-2.33975 -1 
-3.09528 -1 
ZONE T="boundary4"
-0.0909919 0.41157 
-0.116111 0.405452 
-0.613812 0.0703382 
-0.620013 0.048613 
-0.497891 0.236187 
-0.515447 0.220449 
-0.629344 -0.0178271 
0.608037 0.203808 
0.618587 0.178911 
0.323227 0.427634 
0.596296 0.227862 
0.426599 0.391804 
-0.39249 0.306159 
-0.627755 0.00443373 
-0.606063 0.0916553 
0.644086 0.0608114 
-0.586074 0.132631 
-0.596789 0.112474 
-0.560924 0.170336 
0.627382 0.154319 
0.632021 0.138918 
-0.531595 0.204469 
-0.573995 0.152059 
0.297491 0.432999 
0.349514 0.420855 
-0.480424 0.250442 
-0.257511 0.363038 
-0.234787 0.370796 
0.556157 0.290447 
0.565944 0.277555 
0.636012 0.123277 
-0.462472 0.26381 
-0.444566 0.275985 
-0.42708 0.286899 
-0.409239 0.29718 
0.523527 0.325887 
-0.320243 0.339316 
-0.339814 0.331073 
-0.300542 0.347174 
-0.27908 0.355292 
-0.211961 0.378205 
-0.188426 0.385464 
-0.164788 0.39238 
-0.140503 0.3991 
-0.375527 0.314682 
-0.0657491 0.417269 
-0.039692 0.42266 
0.0693013 0.439208 
0.0409312 0.4359 
-0.35775 0.32308 
0.447864 0.380799 
0.643015 0.029857 
0.641137 0.0145372 
0.639241 0.107657 
0.574167 0.265664 
0.581909 0.253455 
0.510521 0.33756 
0.468592 0.368485 
0.376485 0.41238 
0.403153 0.402287 
0.534911 0.314637 
0.54576 0.302865 
0.482991 0.358867 
0.496954 0.348583 
0.0978059 0.441755 
0.127265 0.44352 
0.156822 0.444346 
0.186162 0.444167 
0.215522 0.442919 
0.270912 0.437343 
0.243256 0.440682 
0.641676 0.0920854 
0.643991 0.0452241 
0.643311 0.0763768 
-0.624656 0.026605 
-0.0134996 0.427551 
0.013645 0.432032 
-0.546724 0.18784 
-0.103565 0.408562 
-0.617104 0.0595291 
-0.506764 0.228424 
0.613483 0.191433 
-0.591606 0.122644 
0.62978 0.146642 
-0.523622 0.212561 
-0.580197 0.142445 
0.310388 0.43046 
0.336411 0.424406 
-0.489237 0.243413 
-0.246163 0.366962 
0.561128 0.284059 
-0.453581 0.269991 
-0.418202 0.292114 
0.623168 0.16668 
-0.400895 0.301728 
-0.330048 0.335244 
-0.310409 0.34329 
-0.268311 0.359209 
-0.289828 0.351281 
-0.200207 0.381878 
-0.152659 0.395785 
-0.384034 0.310474 
-0.0527348 0.420026 
0.0551033 0.437646 
-0.12832 0.402323 
-0.223387 0.374543 
-0.078384 0.414474 
-0.17662 0.388965 
-0.366662 0.318933 
-0.348802 0.327123 
0.43731 0.386453 
0.642189 0.0221819 
0.578096 0.259597 
0.458321 0.374798 
0.363057 0.416803 
-0.435872 0.281523 
0.414951 0.397214 
0.540405 0.308815 
0.490033 0.353807 
0.517097 0.331804 
0.529285 0.320328 
0.112527 0.442751 
0.142038 0.444055 
0.200846 0.443682 
0.284224 0.435312 
0.229399 0.441934 
-0.471521 0.257226 
0.634104 0.131119 
0.640556 0.0998857 
0.64415 0.0530159 
0.551033 0.296718 
0.643805 0.0685984 
0.642598 0.0842411 
-0.628735 -0.0066845 
0.475846 0.363757 
0.637719 0.115485 
0.643614 0.0375323 
0.503804 0.343154 
-0.626395 0.0155447 
-0.567602 0.161299 
-0.0266097 0.425171 
0.0835427 0.440581 
0.2571 0.439155 
0.389894 0.407532 
0.0272749 0.434046 
0.171491 0.444385 
5.85379e-05 0.429866 
-0.610126 0.081064 
-0.601609 0.102145 
0.570117 0.271652 
0.589313 0.240777 
-0.622526 0.0376482 
-0.553954 0.179192 
-0.539273 0.196257 
0.602324 0.215912 
ZONE T="boundary5"
-0.609688 -0.150016 
-0.616216 -0.128293 
-0.515444 -0.317976 
-0.563993 -0.249213 
-0.553341 -0.266472 
0.638369 -0.000571877 
-0.601952 -0.171584 
-0.629464 -0.0400949 
-0.628164 -0.0623104 
-0.629344 -0.0178271 
-0.625493 -0.0844287 
-0.583913 -0.21246 
-0.573993 -0.231577 
-0.395195 -0.426028 
-0.225442 -0.50475 
-0.277946 -0.487164 
-0.303529 -0.476566 
-0.251935 -0.496554 
-0.198647 -0.51169 
-0.327992 -0.465094 
-0.061879 -0.526926 
-0.0894778 -0.526547 
-0.17158 -0.517362 
-0.116925 -0.524812 
-0.144357 -0.521737 
-0.621492 -0.106452 
-0.529595 -0.300258 
-0.484442 -0.352131 
-0.500543 -0.335107 
0.5818 -0.117167 
-0.541811 -0.283598 
-0.373842 -0.439736 
-0.351923 -0.452518 
-0.467638 -0.368481 
-0.593063 -0.192964 
-0.414382 -0.412558 
0.630203 -0.0300554 
0.611656 -0.0721555 
0.396435 -0.294336 
0.377429 -0.31174 
-0.00684636 -0.523482 
-0.0344033 -0.525919 
0.0477442 -0.514225 
0.0204315 -0.519613 
0.101173 -0.499013 
0.074598 -0.507378 
0.229246 -0.434064 
0.153581 -0.477563 
0.127426 -0.489117 
0.204327 -0.450074 
0.179115 -0.464585 
0.415382 -0.276928 
0.254057 -0.416516 
0.278713 -0.397597 
0.352718 -0.334172 
0.327781 -0.356372 
0.434656 -0.259217 
0.527059 -0.175624 
0.509759 -0.191544 
0.453918 -0.241627 
0.473076 -0.224361 
-0.433015 -0.398332 
-0.450623 -0.383747 
0.641137 0.0145372 
0.54757 -0.155668 
0.567105 -0.134783 
0.595406 -0.0986532 
0.603861 -0.0856241 
0.618629 -0.0584642 
0.492194 -0.2073 
0.624849 -0.0443631 
0.634725 -0.0154244 
0.303463 -0.377311 
-0.613098 -0.139199 
-0.55875 -0.257893 
-0.629585 -0.028961 
-0.605958 -0.16085 
-0.626996 -0.0733904 
-0.290798 -0.482014 
-0.0756792 -0.526909 
-0.185145 -0.514685 
-0.130658 -0.52344 
-0.619007 -0.11741 
-0.522614 -0.309192 
-0.492581 -0.343703 
-0.569073 -0.24044 
-0.535786 -0.291988 
-0.547663 -0.275092 
-0.362951 -0.446244 
-0.340029 -0.458942 
-0.476124 -0.360393 
-0.588589 -0.20276 
-0.404855 -0.419388 
-0.508082 -0.326618 
-0.384592 -0.432997 
0.38694 -0.303041 
-0.0206089 -0.524881 
0.0341233 -0.517106 
0.0879401 -0.503381 
0.140578 -0.483523 
0.166429 -0.471246 
0.216874 -0.442219 
0.365095 -0.322974 
0.340287 -0.345312 
0.266466 -0.40717 
0.42502 -0.268066 
0.405914 -0.285631 
0.518447 -0.183622 
0.463487 -0.232973 
-0.44189 -0.391127 
-0.459206 -0.376199 
0.557483 -0.145363 
0.588756 -0.108023 
0.607847 -0.0789422 
0.599713 -0.0921923 
0.574576 -0.126081 
0.615236 -0.0653586 
0.482634 -0.215823 
0.621839 -0.0514592 
0.632571 -0.0227746 
0.627629 -0.0372493 
0.639865 0.00696072 
0.500994 -0.199436 
-0.579046 -0.222066 
-0.597636 -0.182328 
-0.623653 -0.09547 
0.636657 -0.00802659 
-0.423769 -0.405538 
0.444281 -0.250404 
-0.212083 -0.508377 
-0.238735 -0.500807 
-0.0481339 -0.526597 
0.114364 -0.494248 
0.241739 -0.425424 
-0.315825 -0.470969 
0.53741 -0.165744 
-0.157992 -0.519711 
-0.264994 -0.49201 
-0.10321 -0.525847 
0.00681775 -0.521729 
0.0612157 -0.510986 
0.191806 -0.457492 
0.291157 -0.387544 
0.315674 -0.366903 
-0.628989 -0.0512137 
