ZONE T="boundary0"
-4 -0.335347 
-4 -0.304128 
-4 -0.272908 
-4 -0.230843 
-4 0.130216 
-4 0.226617 
-4 0.0143781 
-4 0.659427 
-4 0.829714 
-4 -0.0419638 
-4 -0.78804 
-4 -1 
-4 1 
-4 -0.377024 
-4 -0.418701 
-4 -0.143542 
-4 -0.188778 
-4 -0.576081 
-4 -0.497391 
-4 -0.0983056 
-4 0.331445 
-4 0.436273 
-4 0.279031 
-4 0.54785 
-4 0.492062 
-4 0.383859 
-4 -0.68206 
-4 -0.251876 
-4 0.178416 
-4 0.74457 
-4 -0.89402 
-4 0.914857 
-4 -0.397862 
-4 -0.16616 
-4 -0.536736 
-4 -0.0701347 
-4 0.0722971 
-4 0.603639 
-4 -0.319737 
-4 -0.20981 
-4 -0.288518 
-4 -0.120924 
-4 -0.0137928 
-4 -0.458046 
-4 -0.356186 
-4 0.357652 
-4 0.519956 
-4 0.464168 
-4 -0.73505 
-4 -0.629071 
-4 0.305238 
-4 0.410066 
-4 0.252824 
ZONE T="boundary1"
0.919653 1 
1.31279 1 
1.54378 1 
3.71325 1 
-0.35654 1 
-0.282316 1 
-0.226074 1 
-0.107894 1 
-0.169833 1 
-1.28684 1 
-3.22581 1 
-2.72577 1 
-1.93021 1 
-2.10341 1 
-4 1 
-3.76197 1 
2.65225 1 
-2.55909 1 
-0.430765 1 
-0.0459562 1 
0.0225159 1 
0.090988 1 
0.159297 1 
0.303458 1 
0.683701 1 
0.569221 1 
0.474265 1 
0.379308 1 
-0.52787 1 
-0.624976 1 
0.227607 1 
-0.786203 1 
-1.06489 1 
-0.952416 1 
0.798181 1 
-1.17586 1 
-1.37928 1 
-1.47172 1 
1.04113 1 
4 1 
3.42651 1 
3.1678 1 
2.9091 1 
-1.75701 1 
-1.61436 1 
1.17696 1 
1.78547 1 
1.66462 1 
-3.37488 1 
-3.52394 1 
2.2671 1 
2.13879 1 
2.39541 1 
1.96213 1 
-2.89245 1 
-0.839946 1 
-0.732461 1 
3.85663 1 
1.42828 1 
-0.319428 1 
-0.138864 1 
-2.01681 1 
-3.88099 1 
-2.33125 1 
-0.254195 1 
-0.393652 1 
0.125143 1 
0.426786 1 
0.521743 1 
-0.479317 1 
-0.576423 1 
-1.00865 1 
0.626461 1 
0.740941 1 
-1.23135 1 
-1.4255 1 
-1.12037 1 
0.858917 1 
0.98039 1 
3.56988 1 
3.03845 1 
-1.68569 1 
3.29715 1 
1.72504 1 
-3.64296 1 
1.10904 1 
1.6042 1 
-3.44941 1 
2.20294 1 
-2.64243 1 
-3.30034 1 
2.52383 1 
2.33125 1 
2.05046 1 
1.8738 1 
-1.54304 1 
2.78067 1 
-2.80911 1 
-0.0769253 1 
-0.197953 1 
-0.0117201 1 
0.056752 1 
0.193452 1 
0.341383 1 
-0.896181 1 
-0.678718 1 
-0.813074 1 
-0.759332 1 
3.92831 1 
0.265532 1 
3.78494 1 
-1.84361 1 
-1.33306 1 
1.24487 1 
-3.05913 1 
ZONE T="boundary2"
4 -0.37831 
4 -0.306284 
4 -0.450335 
4 -0.238041 
4 -0.00145868 
4 0.624039 
4 -0.549528 
4 -0.64872 
4 -1 
4 -0.169797 
4 -0.0764118 
4 -0.123104 
4 0.0734945 
4 0.135603 
4 -0.82436 
4 0.426182 
4 0.498078 
4 0.197711 
4 0.75 
4 0.354286 
4 0.875 
4 1 
4 0.166657 
4 0.236855 
4 0.275998 
4 0.315142 
4 -0.342297 
4 -0.599124 
4 -0.272162 
4 -0.203919 
4 -0.414323 
4 -0.0997581 
4 -0.499932 
4 -0.146451 
4 -0.0389352 
4 0.104549 
4 -0.73654 
4 0.0360179 
4 -0.91218 
4 0.46213 
4 0.68702 
4 0.561059 
4 0.9375 
4 0.182184 
4 0.15113 
4 0.217283 
4 0.256427 
4 0.334714 
4 0.390234 
4 0.29557 
4 0.8125 
ZONE T="boundary3"
-0.214108 -1 
-1.26447 -1 
-1.15654 -1 
-1.68364 -1 
-0.70298 -1 
-0.811389 -1 
0.994688 -1 
0.106438 -1 
0.170422 -1 
0.328785 -1 
0.435021 -1 
-0.151684 -1 
-0.358085 -1 
-1.03817 -1 
-4 -1 
-3.34142 -1 
-3.18285 -1 
1.27791 -1 
3.22117 -1 
-2.54894 -1 
-2.94953 -1 
-3.5 -1 
1.79057 -1 
4 -1 
3.6968 -1 
2.87789 -1 
-2.08145 -1 
-1.88255 -1 
1.40153 -1 
1.50752 -1 
2.16649 -1 
2.36536 -1 
2.5362 -1 
-2.3152 -1 
-1.45022 -1 
-1.52803 -1 
0.249603 -1 
0.537042 -1 
0.639063 -1 
0.042453 -1 
-0.0234032 -1 
-0.0892594 -1 
0.789149 -1 
-0.547598 -1 
-0.452842 -1 
0.839177 -1 
0.689092 -1 
1.1543 -1 
1.61351 -1 
3.3936 -1 
1.96763 -1 
-1.37241 -1 
-0.919798 -1 
-1.60583 -1 
3.04873 -1 
-3.75 -1 
2.70705 -1 
0.73912 -1 
-1.2105 -1 
-0.757184 -1 
0.13843 -1 
0.381903 -1 
-0.182896 -1 
-3.26213 -1 
-2.74923 -1 
3.8484 -1 
-1.982 -1 
1.45453 -1 
2.26593 -1 
-2.19832 -1 
-1.48912 -1 
0.588053 -1 
0.0095249 -1 
0.289194 -1 
0.0744452 -1 
-0.120471 -1 
-0.0563313 -1 
0.486032 -1 
-0.286097 -1 
-0.50022 -1 
0.916933 -1 
1.07449 -1 
1.33972 -1 
-0.405463 -1 
-0.625289 -1 
1.56052 -1 
1.21611 -1 
1.8791 -1 
-1.31844 -1 
-1.09735 -1 
-0.978982 -1 
-1.56693 -1 
-0.865593 -1 
2.96331 -1 
-3.625 -1 
1.70204 -1 
-1.78309 -1 
2.79247 -1 
3.30739 -1 
3.13495 -1 
-3.06619 -1 
-3.875 -1 
-1.41131 -1 
2.45078 -1 
-2.43207 -1 
-3.42071 -1 
0.210013 -1 
0.714106 -1 
0.814163 -1 
0.664078 -1 
0.764135 -1 
2.06706 -1 
-1.64474 -1 
3.5452 -1 
2.62162 -1 
ZONE T="boundary4"
0.576451 0.127083 
-0.575701 0.241825 
-0.608807 0.0299805 
-0.61106 0.0883902 
-0.609813 0.10819 
-0.607567 0.127984 
-0.610542 0.049234 
-0.611299 0.0687296 
-0.306561 0.507196 
-0.285484 0.514679 
-0.595165 0.186471 
-0.589377 0.205279 
0.504283 0.186483 
0.484149 0.198411 
-0.582843 0.223806 
-0.567882 0.259539 
-0.511562 0.351726 
-0.490922 0.376725 
-0.550609 0.293094 
-0.559579 0.276495 
-0.531358 0.324262 
-0.541274 0.308865 
-0.471387 0.397682 
-0.434977 0.43113 
-0.452857 0.415533 
-0.600168 0.167316 
-0.399278 0.458131 
-0.381664 0.469643 
-0.416412 0.445817 
0.427899 0.226887 
-0.345606 0.489888 
-0.326257 0.499039 
-0.363839 0.480188 
-0.264153 0.520975 
-0.218573 0.530237 
-0.194414 0.532858 
0.463602 0.209444 
-0.0949753 0.526675 
-0.0700819 0.520667 
-0.12038 0.530915 
-0.145211 0.533268 
-0.170322 0.53389 
-0.0453565 0.512825 
0.638825 0.0032424 
0.64229 -0.0187265 
0.54355 0.15842 
0.319972 0.277904 
0.343387 0.266279 
0.190888 0.357963 
0.167273 0.375936 
0.366786 0.255145 
-0.604336 0.147741 
0.44582 0.218334 
0.397464 0.24096 
0.291558 0.292933 
0.00328201 0.491766 
-0.0209318 0.503195 
0.073367 0.4485 
0.0966532 0.431311 
0.214936 0.340601 
0.0503317 0.464281 
0.143421 0.394683 
0.119765 0.413402 
0.238977 0.324383 
0.560518 0.143441 
0.626438 0.0460783 
0.633532 0.0249751 
0.617472 0.0666263 
-0.241427 0.526301 
0.0268816 0.478828 
0.6055 0.0883491 
0.644038 -0.0410988 
0.524301 0.173131 
0.263362 0.309139 
0.591764 0.10849 
-0.610561 0.0982988 
-0.608813 0.118102 
-0.611045 0.0589779 
-0.29607 0.51108 
0.494283 0.192569 
-0.579356 0.23285 
-0.586201 0.214576 
-0.592369 0.195906 
-0.501439 0.364392 
-0.52169 0.338164 
-0.536387 0.316611 
-0.563815 0.268059 
-0.462234 0.406727 
-0.4813 0.387343 
-0.597773 0.176922 
-0.390534 0.463987 
-0.335985 0.494582 
-0.372809 0.475017 
-0.425781 0.438588 
-0.274859 0.517974 
-0.206513 0.531743 
0.473922 0.204023 
-0.082482 0.523892 
-0.316457 0.503241 
-0.132777 0.532308 
-0.0576594 0.516964 
-0.182376 0.533572 
-0.571878 0.250721 
-0.546016 0.301025 
-0.354776 0.485143 
-0.609797 0.039597 
-0.107643 0.529024 
0.640778 -0.00770576 
-0.444008 0.42344 
-0.407911 0.452069 
-0.555177 0.28484 
0.331658 0.27203 
0.179036 0.366886 
0.355074 0.260669 
-0.606072 0.137883 
0.454734 0.213939 
0.412699 0.233953 
0.436875 0.222643 
0.305719 0.285298 
-0.0330745 0.508219 
0.0850645 0.44 
0.202855 0.349189 
0.131597 0.404056 
0.155323 0.385281 
0.226899 0.332384 
0.552164 0.151087 
0.630212 0.0356053 
0.622179 0.0564533 
-0.230027 0.528441 
0.0151615 0.485473 
-0.252826 0.523806 
0.38212 0.24802 
0.514386 0.179959 
-0.157761 0.533797 
0.0386862 0.471709 
0.0619179 0.456515 
-0.00874511 0.497678 
0.251112 0.316647 
0.108238 0.422413 
0.277398 0.300893 
-0.602367 0.157554 
0.636408 0.0141664 
0.611746 0.0776362 
0.584308 0.117959 
-0.611304 0.0785623 
0.568642 0.135422 
0.534048 0.165946 
0.643377 -0.0298947 
0.598862 0.0985831 
ZONE T="boundary5"
-0.53796 -0.153447 
-0.547105 -0.13964 
-0.412857 -0.285726 
0.540243 -0.346101 
-0.586548 -0.061379 
-0.5796 -0.0785758 
-0.572121 -0.0949289 
0.400598 -0.444079 
0.431152 -0.429989 
0.630801 -0.153895 
-0.189211 -0.412463 
-0.210022 -0.40384 
-0.0997239 -0.443853 
-0.28635 -0.367479 
-0.267932 -0.376978 
-0.303886 -0.357963 
-0.0756957 -0.450774 
-0.0500419 -0.457476 
-0.123552 -0.436369 
-0.145977 -0.428754 
-0.168208 -0.420646 
-0.439224 -0.263548 
-0.486837 -0.216871 
-0.508482 -0.192255 
-0.518663 -0.179668 
0.582694 -0.284686 
-0.598039 -0.0258984 
-0.24932 -0.386092 
-0.35393 -0.327952 
-0.321218 -0.348074 
-0.337683 -0.338197 
-0.384468 -0.307169 
-0.398795 -0.296632 
-0.369319 -0.317745 
-0.606124 0.0110195 
-0.608807 0.0299805 
-0.463791 -0.240592 
0.489199 -0.393701 
-0.592696 -0.0438462 
0.339585 -0.464698 
0.369503 -0.455705 
0.515766 -0.371361 
0.50276 -0.38286 
0.203285 -0.484778 
0.0898542 -0.481563 
0.0604466 -0.478269 
0.175914 -0.485459 
0.00340784 -0.469175 
0.14855 -0.485184 
0.255717 -0.48059 
0.229536 -0.483175 
0.282034 -0.476923 
-0.0241904 -0.463516 
0.446171 -0.42193 
0.460834 -0.413235 
-0.229767 -0.395169 
0.475238 -0.4038 
0.0311923 -0.474046 
0.52834 -0.359046 
0.639924 -0.108754 
0.635913 -0.131271 
0.644139 -0.0636175 
0.571318 -0.304232 
0.556508 -0.325907 
0.612161 -0.216001 
0.618772 -0.196213 
0.603035 -0.240535 
0.607722 -0.228316 
0.624821 -0.176237 
-0.602524 -0.00760993 
-0.563991 -0.11086 
0.642722 -0.0861558 
0.592949 -0.264145 
0.644038 -0.0410988 
0.309559 -0.471843 
0.119158 -0.483874 
-0.542592 -0.146583 
-0.583174 -0.0700173 
-0.57595 -0.0867931 
0.416012 -0.437332 
-0.19964 -0.408207 
-0.277166 -0.372277 
-0.295143 -0.362767 
-0.0628916 -0.454207 
-0.157116 -0.424762 
-0.513617 -0.185999 
-0.528519 -0.166712 
-0.329477 -0.343181 
-0.345836 -0.333121 
-0.391664 -0.301945 
-0.376926 -0.312503 
-0.607586 0.0204838 
-0.361654 -0.322893 
-0.45165 -0.252225 
-0.178732 -0.41661 
-0.25865 -0.381583 
0.354613 -0.46043 
0.509335 -0.377192 
0.0751359 -0.480035 
0.162231 -0.485438 
0.189602 -0.485241 
0.242639 -0.482009 
0.216418 -0.484096 
-0.0371372 -0.460581 
0.438704 -0.426039 
-0.219917 -0.399555 
0.496045 -0.388363 
0.46809 -0.4086 
0.385154 -0.450167 
0.522133 -0.365285 
0.638058 -0.120037 
-0.111661 -0.440182 
0.534377 -0.352652 
-0.312578 -0.353066 
0.577166 -0.294554 
-0.589726 -0.0526486 
0.564126 -0.315217 
-0.239568 -0.390681 
0.615536 -0.206131 
0.605411 -0.234438 
0.482278 -0.398833 
0.627912 -0.165093 
0.633478 -0.14261 
-0.595476 -0.0349042 
-0.604441 0.00168293 
-0.555816 -0.125408 
-0.56814 -0.102937 
-0.405862 -0.291225 
0.45355 -0.417663 
-0.0877316 -0.447385 
-0.600394 -0.0167813 
-0.426187 -0.274814 
-0.134787 -0.432624 
0.268895 -0.478893 
0.598155 -0.252411 
0.548573 -0.336164 
0.644287 -0.0523564 
0.0458017 -0.476272 
0.0172811 -0.471711 
-0.475453 -0.22887 
0.295826 -0.474544 
0.104496 -0.482841 
-0.0104127 -0.466443 
0.133848 -0.484657 
0.324622 -0.468479 
0.587979 -0.274495 
0.64361 -0.0748975 
0.621869 -0.186247 
0.60997 -0.222171 
0.641484 -0.0974748 
-0.49782 -0.204706 
