ZONE T="boundary0"
-4 -0.332661 
-4 -0.404695 
-4 -0.25312 
-4 -0.0327021 
-4 -0.131994 
-4 -0.836737 
-4 -1 
-4 -0.292891 
-4 -0.47673 
-4 -0.192557 
-4 0.0169439 
-4 0.203417 
-4 0.235633 
-4 0.135003 
-4 0.06659 
-4 0.416955 
-4 0.374618 
-4 0.50163 
-4 0.332281 
-4 0.626222 
-4 0.750815 
-4 1 
-4 0.267849 
-4 0.300065 
-4 -0.673475 
-4 -0.575102 
-4 -0.368678 
-4 -0.0823482 
-4 -0.918369 
-4 -0.312776 
-4 -0.440713 
-4 -0.273005 
-4 -0.222839 
-4 0.219525 
-4 0.100797 
-4 0.395787 
-4 0.459293 
-4 0.35345 
-4 0.688519 
-4 0.563926 
-4 0.875407 
-4 -0.162276 
-4 0.16921 
-4 0.283957 
-4 -0.00787909 
-4 0.041767 
-4 -0.624289 
-4 -0.525916 
-4 -0.755106 
-4 0.251741 
-4 0.316173 
ZONE T="boundary1"
-3.48084 1 
1.54353 1 
1.85707 1 
3.797 1 
4 1 
-0.0448135 1 
0.2583 1 
0.325047 1 
0.147403 1 
3.594 1 
-2.0848 1 
-2.42204 1 
0.571907 1 
0.644731 1 
-3.65977 1 
-3.30191 1 
1.39167 1 
1.4676 1 
3.46351 1 
-1.17385 1 
-1.28631 1 
2.80688 1 
1.31573 1 
-0.954458 1 
-2.78464 1 
2.29333 1 
-1.51953 1 
0.48185 1 
0.391793 1 
0.436821 1 
-0.180999 1 
-0.250498 1 
-0.366067 1 
0.202852 1 
0.717555 1 
-0.111499 1 
-0.725359 1 
0.0218724 1 
0.0846375 1 
0.790379 1 
0.959633 1 
0.863204 1 
-0.611847 1 
-0.498336 1 
1.2398 1 
1.14793 1 
1.05606 1 
-0.839908 1 
-1.06415 1 
-1.39877 1 
-1.86254 1 
-1.64029 1 
3.20148 1 
1.7003 1 
-4 1 
-3.82988 1 
-3.08176 1 
2.0752 1 
2.5501 1 
3.33302 1 
3.06995 1 
-2.9332 1 
-2.60334 1 
3.8985 1 
0.291673 1 
-2.25342 1 
0.608319 1 
1.42963 1 
-1.23008 1 
0.414307 1 
-0.215749 1 
0.175127 1 
0.35842 1 
0.0532549 1 
0.526879 1 
-0.308282 1 
-0.0114706 1 
0.753967 1 
0.11602 1 
0.911418 1 
-0.555092 1 
-0.432201 1 
-0.668603 1 
1.19386 1 
1.102 1 
-0.897183 1 
-1.34254 1 
-1.75141 1 
-1.57991 1 
-1.45915 1 
1.27777 1 
-1.119 1 
1.62192 1 
-3.91494 1 
3.6955 1 
1.77868 1 
-3.19183 1 
-3.5703 1 
-3.39137 1 
1.96613 1 
-3.74483 1 
2.18426 1 
2.42172 1 
-1.97367 1 
3.39827 1 
3.52875 1 
3.13572 1 
3.26725 1 
2.93841 1 
-3.00748 1 
2.67849 1 
-2.51269 1 
0.230576 1 
-0.0781564 1 
0.681143 1 
0.459336 1 
1.00785 1 
-0.146249 1 
0.826792 1 
1.50556 1 
-0.782634 1 
1.3537 1 
-2.85892 1 
-2.69399 1 
-1.00931 1 
ZONE T="boundary2"
4 -0.348863 
4 -0.295086 
4 -0.40264 
4 -0.224742 
4 0.354676 
4 1 
4 0.774976 
4 0.662464 
4 -0.0209207 
4 -0.582727 
4 -0.172153 
4 -0.119564 
4 -0.492684 
4 0.402803 
4 0.476377 
4 0.0777227 
4 0.25558 
4 0.230095 
4 0.141167 
4 0.204611 
4 0.549952 
4 -0.791364 
4 -1 
4 0.281064 
4 0.306549 
4 -0.321974 
4 -0.259914 
4 0.71872 
4 -0.145859 
4 -0.447662 
4 0.43959 
4 0.028401 
4 -0.0702424 
4 -0.375751 
4 0.242837 
4 0.172889 
4 0.109445 
4 0.606208 
4 0.887488 
4 -0.537705 
4 -0.687045 
4 -0.895682 
4 0.217353 
4 0.293806 
4 0.268322 
4 -0.198448 
4 0.513165 
4 0.330612 
4 0.378739 
ZONE T="boundary3"
0.0546443 -1 
-0.282949 -1 
-0.223194 -1 
0.719247 -1 
0.829805 -1 
-0.891268 -1 
1.48607 -1 
3.83041 -1 
2.224 -1 
2.3925 -1 
2.561 -1 
-3.23986 -1 
-3.35509 -1 
-3.73516 -1 
3.32163 -1 
3.10302 -1 
-4 -1 
-2.72138 -1 
-2.57738 -1 
-2.03031 -1 
-2.23184 -1 
-1.66163 -1 
-0.342704 -1 
0.502241 -1 
0.60869 -1 
-0.761763 -1 
-0.512576 -1 
-0.42764 -1 
-0.0945005 -1 
-0.637169 -1 
-0.574872 -1 
-0.0199281 -1 
-0.956021 -1 
0.943271 -1 
0.300815 -1 
0.395792 -1 
-1.02077 -1 
-1.12898 -1 
4 -1 
3.66081 -1 
1.05674 -1 
1.16182 -1 
1.26691 -1 
1.37649 -1 
1.61888 -1 
1.75168 -1 
1.98784 -1 
-1.54389 -1 
-1.42615 -1 
-1.84597 -1 
-1.23719 -1 
-3.47033 -1 
2.88442 -1 
-3.00939 -1 
2.72271 -1 
-2.43337 -1 
1.86976 -1 
-0.158847 -1 
0.253326 -1 
0.130241 -1 
0.205838 -1 
-0.826515 -1 
3.49122 -1 
-0.253071 -1 
0.774526 -1 
2.47675 -1 
-3.29748 -1 
3.21233 -1 
-3.86758 -1 
-2.64938 -1 
-2.13108 -1 
0.555466 -1 
-0.470108 -1 
-0.385172 -1 
-0.606021 -1 
-0.0572143 -1 
-0.312826 -1 
0.348304 -1 
0.449017 -1 
-1.07488 -1 
-0.699466 -1 
3.74561 -1 
3.9152 -1 
1.21437 -1 
1.43128 -1 
1.68528 -1 
-1.48502 -1 
-1.7538 -1 
-1.33167 -1 
-3.41271 -1 
-3.60275 -1 
2.99372 -1 
-3.12463 -1 
-2.86539 -1 
2.64185 -1 
-2.33261 -1 
-1.18309 -1 
-1.93814 -1 
2.80356 -1 
1.9288 -1 
1.81072 -1 
2.10592 -1 
2.30825 -1 
-0.126674 -1 
0.277071 -1 
0.0173581 -1 
0.168039 -1 
0.229582 -1 
0.0924427 -1 
-0.19102 -1 
-0.543724 -1 
-0.858892 -1 
-0.794139 -1 
-0.923644 -1 
-0.988397 -1 
0.886538 -1 
0.663969 -1 
1 -1 
1.3217 -1 
1.10928 -1 
1.55247 -1 
-2.50537 -1 
-1.60276 -1 
3.40643 -1 
3.57602 -1 
ZONE T="boundary4"
-0.277416 0.357243 
-0.499216 0.215957 
-0.51256 0.202565 
0.564095 0.295236 
0.640619 0.0953687 
0.642239 0.0751786 
-0.332442 0.331429 
-0.313643 0.340673 
-0.525398 0.188681 
-0.537895 0.174006 
0.62744 0.159622 
-0.617379 -0.00468168 
-0.614172 0.0149763 
-0.609798 0.0344658 
-0.560907 0.142922 
-0.549741 0.158774 
0.603881 0.224042 
-0.604259 0.0537289 
0.542457 0.322265 
0.530667 0.334845 
0.553567 0.309112 
0.59544 0.242265 
0.581584 0.268251 
-0.589828 0.0911174 
-0.597594 0.0726241 
-0.486129 0.228237 
-0.581038 0.109089 
-0.295598 0.349118 
-0.571303 0.12647 
-0.472678 0.240108 
-0.446582 0.261218 
-0.372416 0.31 
-0.39343 0.297564 
-0.420562 0.280003 
-0.218275 0.381318 
-0.197658 0.388942 
-0.35105 0.32178 
-0.258153 0.365462 
-0.238761 0.373361 
-0.175845 0.396601 
-0.107203 0.41803 
-0.0823849 0.424778 
-0.031126 0.436982 
-0.00468425 0.442338 
-0.153898 0.403892 
0.642509 0.0549865 
-0.619428 -0.0244297 
0.611626 0.205507 
0.638782 0.0154021 
0.641373 0.0351213 
-0.0574101 0.43102 
0.413514 0.41428 
0.436419 0.403333 
0.365076 0.432535 
0.389434 0.424115 
0.520873 0.344381 
0.463521 0.388031 
0.476699 0.379515 
0.500266 0.362193 
0.107032 0.457378 
0.13592 0.459115 
0.0786474 0.454774 
0.19432 0.459622 
0.223753 0.458227 
0.0227745 0.447197 
0.311626 0.446431 
0.338402 0.440198 
0.282503 0.451719 
0.573951 0.280721 
0.0503803 0.451336 
0.6333 0.137309 
0.637699 0.115746 
0.620502 0.181502 
-0.130623 0.411173 
0.25339 0.455598 
0.164876 0.459888 
-0.505948 0.20932 
0.641592 0.0852867 
-0.323066 0.336099 
-0.531725 0.18141 
-0.61592 0.00517088 
-0.612129 0.0247534 
-0.555421 0.150916 
-0.607171 0.0441384 
0.536643 0.328631 
0.548097 0.315761 
0.588753 0.255386 
-0.593845 0.081927 
-0.601065 0.0632255 
-0.543905 0.166458 
-0.58556 0.100166 
-0.286524 0.353219 
-0.519047 0.195685 
-0.492721 0.222149 
-0.459778 0.250846 
-0.382973 0.303866 
-0.407103 0.288947 
-0.207982 0.385172 
-0.479448 0.234223 
-0.361775 0.315967 
-0.433697 0.270783 
-0.341773 0.326657 
-0.304639 0.344936 
-0.267802 0.361393 
-0.228534 0.377382 
-0.186767 0.392818 
-0.0948109 0.421467 
-0.017921 0.439739 
-0.164887 0.400293 
0.642548 0.0650849 
-0.618547 -0.0145408 
0.558923 0.302243 
-0.0699138 0.427964 
-0.044285 0.434076 
0.425048 0.408976 
0.37731 0.428486 
0.642119 0.0450437 
0.525818 0.339662 
0.450118 0.395944 
0.488656 0.371089 
0.510743 0.353487 
0.121469 0.458364 
0.209044 0.45907 
-0.248473 0.369451 
0.325052 0.443479 
0.35179 0.436544 
-0.576289 0.117846 
0.569118 0.288043 
0.0365634 0.449359 
0.630519 0.148505 
0.577833 0.274526 
0.607838 0.214811 
0.639312 0.105579 
0.635655 0.126559 
0.616206 0.193557 
0.470154 0.383841 
0.401544 0.419369 
-0.118929 0.414656 
0.6241 0.170603 
-0.142277 0.407586 
0.0645015 0.453157 
0.09283 0.456183 
0.238586 0.457071 
0.267968 0.453824 
0.00902953 0.444855 
0.179599 0.459892 
0.297097 0.449254 
0.150395 0.459626 
0.599752 0.233197 
-0.566211 0.134763 
0.640262 0.0252374 
ZONE T="boundary5"
-0.613176 -0.122646 
-0.49548 -0.352219 
-0.541383 -0.292759 
-0.530981 -0.307859 
-0.597766 -0.179081 
-0.618852 -0.08361 
-0.616518 -0.10321 
-0.620135 -0.0639337 
-0.584412 -0.213229 
-0.576929 -0.229684 
-0.551229 -0.27729 
-0.59141 -0.196284 
-0.620338 -0.0442007 
-0.560345 -0.26174 
-0.519783 -0.322926 
-0.508057 -0.337585 
-0.261937 -0.508294 
-0.284396 -0.499952 
-0.139415 -0.53497 
-0.23847 -0.51583 
-0.30651 -0.490616 
-0.327572 -0.480639 
-0.113623 -0.53665 
-0.0869712 -0.53693 
-0.214742 -0.522259 
-0.190039 -0.527709 
-0.608845 -0.141986 
-0.165188 -0.531927 
-0.0604933 -0.535708 
-0.482396 -0.366399 
-0.453774 -0.394275 
-0.468334 -0.380595 
0.622295 -0.0412641 
0.613984 -0.0590819 
-0.36773 -0.458466 
-0.386783 -0.446374 
-0.438116 -0.407952 
-0.421967 -0.421038 
-0.404616 -0.434046 
0.582432 -0.107362 
0.593334 -0.0929719 
0.604252 -0.0764302 
-0.5689 -0.245874 
-0.603724 -0.160645 
0.172466 -0.449497 
0.151721 -0.46344 
-0.0332073 -0.532833 
-0.00633595 -0.528332 
0.0212375 -0.521905 
0.0481941 -0.513755 
0.467077 -0.208411 
0.440223 -0.228051 
0.127132 -0.478279 
0.101485 -0.491798 
0.0752244 -0.503623 
0.192831 -0.434592 
0.211411 -0.420027 
0.229686 -0.404927 
0.249538 -0.387847 
0.269187 -0.370485 
-0.619428 -0.0244297 
0.337533 -0.310074 
0.313285 -0.331194 
0.291229 -0.350794 
0.361985 -0.28942 
0.387628 -0.26851 
0.634729 -0.00395455 
0.486748 -0.194014 
0.522397 -0.166505 
0.506184 -0.179366 
0.413501 -0.248194 
0.538199 -0.153094 
0.554919 -0.13756 
0.57078 -0.121032 
0.629235 -0.0228381 
0.638782 0.0154021 
-0.348219 -0.469777 
-0.53625 -0.300356 
-0.617814 -0.0934252 
-0.619627 -0.0737806 
-0.58074 -0.221488 
-0.594672 -0.187714 
-0.620374 -0.0540686 
-0.587988 -0.204788 
-0.513985 -0.330307 
-0.273213 -0.504247 
-0.250247 -0.512197 
-0.317094 -0.485738 
-0.100299 -0.536976 
-0.202424 -0.525134 
-0.611129 -0.132343 
-0.0737235 -0.536508 
-0.461115 -0.3875 
-0.52545 -0.315442 
-0.501834 -0.344958 
0.618308 -0.0502515 
-0.377317 -0.452516 
-0.446008 -0.401186 
-0.430101 -0.414569 
-0.395759 -0.440295 
-0.555858 -0.269556 
-0.546378 -0.28507 
0.598938 -0.0847968 
0.162168 -0.45658 
-0.0197368 -0.530789 
0.609278 -0.0678461 
0.0347815 -0.518048 
0.453631 -0.218205 
0.114411 -0.485232 
0.0617922 -0.50891 
0.182718 -0.442139 
0.202174 -0.427376 
0.259382 -0.379188 
0.325374 -0.320594 
0.280212 -0.360643 
0.239649 -0.39643 
0.374759 -0.278908 
0.476927 -0.20123 
-0.475429 -0.37356 
0.514335 -0.172993 
0.426813 -0.238058 
0.496503 -0.18674 
0.530361 -0.159874 
-0.572982 -0.237812 
0.562978 -0.12942 
-0.564692 -0.253844 
0.587991 -0.100248 
0.625942 -0.0321178 
0.636941 0.00568503 
-0.600846 -0.169896 
-0.606392 -0.151345 
-0.620024 -0.0343087 
-0.413354 -0.427625 
-0.489 -0.359366 
-0.12653 -0.535981 
-0.152321 -0.533616 
-0.295504 -0.495404 
0.54666 -0.145436 
0.139529 -0.471029 
-0.358032 -0.46422 
-0.226643 -0.519182 
-0.177639 -0.529971 
-0.337953 -0.475316 
0.220591 -0.412528 
0.00750281 -0.525341 
0.302242 -0.340976 
-0.0468285 -0.534477 
0.0884488 -0.497918 
0.349717 -0.299696 
0.400516 -0.25829 
0.5767 -0.114277 
-0.61497 -0.112949 
0.632164 -0.0134492 
