ZONE T="boundary0"
-4 -1 
-4 0.494541 
-4 0.252649 
-4 0.38065 
-4 0.437595 
-4 0.300203 
-4 0.153703 
-4 -0.127468 
-4 0.676157 
-4 -0.809424 
-4 0.340426 
-4 0.102311 
-4 0.0328918 
-4 0.585349 
-4 -0.0365274 
-4 -0.0819976 
-4 -0.198313 
-4 -0.618849 
-4 -0.502938 
-4 1 
-4 0.838078 
-4 0.205094 
-4 -0.269158 
-4 -0.328093 
-4 -0.387028 
-4 0.409122 
-4 0.128007 
-4 0.0676014 
-4 0.539945 
-4 -0.104733 
-4 -0.0592625 
-4 -0.16289 
-4 -0.560894 
-4 0.919039 
-4 0.757118 
-4 0.630753 
-4 -0.904712 
-4 -0.714137 
-4 0.276426 
-4 0.320315 
-4 0.360538 
-4 0.228872 
-4 0.179399 
-4 0.466068 
-4 -0.233735 
-4 -0.298625 
-4 -0.35756 
-4 -0.444983 
-4 -0.00181777 
ZONE T="boundary1"
-2.66656 1 
-2.45989 1 
1.29927 1 
4 1 
3.78018 1 
-0.986451 1 
0.461088 1 
0.157194 1 
0.0698837 1 
-1.38872 1 
-0.714599 1 
0.000545961 1 
-0.0687918 1 
-0.320285 1 
-0.821384 1 
-1.18447 1 
0.352796 1 
0.674141 1 
0.75114 1 
3.01334 1 
3.15009 1 
-2.26647 1 
-2.07304 1 
1.19356 1 
0.82814 1 
1.93097 1 
3.56036 1 
2.5898 1 
3.28685 1 
2.80157 1 
1.71047 1 
-2.87323 1 
-0.179034 1 
0.244504 1 
0.29865 1 
0.567615 1 
-0.123913 1 
-0.393304 1 
-0.466322 1 
-0.766362 1 
-0.564579 1 
-0.876407 1 
-1.08546 1 
0.620878 1 
-0.662837 1 
1.08785 1 
0.982138 1 
-4 1 
-3.82749 1 
-3.65499 1 
-3.30997 1 
-3.48248 1 
1.40499 1 
1.48136 1 
-1.2866 1 
-1.56667 1 
-1.4777 1 
-1.74462 1 
2.15148 1 
2.37064 1 
1.55773 1 
-3.0916 1 
-0.24966 1 
0.905139 1 
-2.56323 1 
3.89009 1 
-0.0341229 1 
0.712641 1 
3.08172 1 
-2.16975 1 
0.0352149 1 
0.113539 1 
0.325723 1 
0.271577 1 
0.406942 1 
0.514351 1 
0.200849 1 
-0.0963523 1 
-0.429813 1 
-0.74048 1 
-0.515451 1 
-0.848895 1 
-0.793873 1 
-0.931429 1 
-1.03596 1 
-1.13496 1 
0.594246 1 
-0.613708 1 
0.78964 1 
1.1407 1 
-3.39622 1 
1.35213 1 
-3.56873 1 
-1.33766 1 
-1.23553 1 
-1.52219 1 
-3.74124 1 
3.4236 1 
2.90745 1 
3.21847 1 
-1.65565 1 
-1.90883 1 
2.04123 1 
1.82072 1 
-3.91375 1 
2.48022 1 
2.26106 1 
-2.76989 1 
1.44317 1 
1.6341 1 
-2.98241 1 
3.67027 1 
-0.214347 1 
-0.284972 1 
-0.151473 1 
1.03499 1 
0.647509 1 
-0.688718 1 
0.866639 1 
0.943638 1 
-0.356794 1 
-3.20079 1 
1.24641 1 
-1.43321 1 
1.51954 1 
-2.36318 1 
2.69568 1 
ZONE T="boundary2"
4 -1 
4 -0.487222 
4 -0.244193 
4 0.235365 
4 0.200334 
4 1 
4 0.777276 
4 -0.845987 
4 -0.691974 
4 -0.589598 
4 0.554551 
4 -0.047051 
4 -0.162675 
4 -0.203434 
4 -0.288244 
4 0.024094 
4 -0.332296 
4 0.095239 
4 -0.409759 
4 0.165302 
4 0.422814 
4 0.378901 
4 0.466726 
4 0.665913 
4 0.307133 
4 0.271249 
4 0.21785 
4 0.888638 
4 -0.76898 
4 -0.53841 
4 -0.104863 
4 -0.183054 
4 -0.223813 
4 -0.266219 
4 -0.0114785 
4 0.0596665 
4 -0.448491 
4 -0.640786 
4 -0.922993 
4 0.130271 
4 0.400858 
4 -0.31027 
4 0.182818 
4 0.343017 
4 0.44477 
4 0.510639 
4 0.610232 
4 0.721594 
4 0.253307 
4 0.289191 
4 -0.371028 
ZONE T="boundary3"
-4 -1 
-3.59469 -1 
3.79252 -1 
4 -1 
2.7815 -1 
-0.00530769 -1 
0.463979 -1 
3.37755 -1 
-0.597863 -1 
-0.496356 -1 
1.25378 -1 
0.547497 -1 
0.651111 -1 
-0.648616 -1 
3.17007 -1 
2.40863 -1 
1.84447 -1 
2.05945 -1 
-3.18938 -1 
-3.39204 -1 
-1.59709 -1 
-1.73702 -1 
-1.87695 -1 
2.59506 -1 
-2.98906 -1 
-2.78874 -1 
-2.53751 -1 
-0.266559 -1 
-0.0656794 -1 
0.11749 -1 
0.0560914 -1 
-0.196305 -1 
-0.126051 -1 
0.246923 -1 
0.182207 -1 
0.313692 -1 
0.380462 -1 
-0.903893 -1 
0.834529 -1 
0.914332 -1 
0.754725 -1 
-1.01553 -1 
-0.381458 -1 
-0.801631 -1 
-1.2376 -1 
-1.12716 -1 
-0.699369 -1 
1.0239 -1 
1.13346 -1 
1.3741 -1 
1.5018 -1 
1.6295 -1 
-1.34803 -1 
2.97578 -1 
-1.47256 -1 
3.58504 -1 
-2.28628 -1 
-2.08161 -1 
2.23404 -1 
-3.79735 -1 
3.89626 -1 
-0.547109 -1 
0.599304 -1 
-0.623239 -1 
1.95196 -1 
-3.29071 -1 
-1.66705 -1 
-2.8889 -1 
-1.80698 -1 
0.0867909 -1 
-0.0354936 -1 
0.214565 -1 
-0.0958653 -1 
-0.161178 -1 
0.347077 -1 
0.505738 -1 
-0.231432 -1 
0.87443 -1 
0.702918 -1 
-0.959711 -1 
-0.438907 -1 
-0.852762 -1 
-1.18238 -1 
0.280308 -1 
-0.324008 -1 
0.794627 -1 
-0.7505 -1 
1.07868 -1 
1.56565 -1 
1.19362 -1 
1.73699 -1 
-3.49336 -1 
1.31394 -1 
2.68828 -1 
2.87864 -1 
3.07293 -1 
-1.41029 -1 
3.48129 -1 
-2.41189 -1 
2.50184 -1 
3.27381 -1 
-2.18394 -1 
-1.97928 -1 
2.14674 -1 
2.32133 -1 
0.422221 -1 
0.0253918 -1 
0.149849 -1 
-1.07135 -1 
0.969114 -1 
-1.53482 -1 
-1.29281 -1 
1.43795 -1 
3.68878 -1 
-0.673992 -1 
-3.08922 -1 
-2.66312 -1 
ZONE T="boundary4"
0.463194 0.321559 
0.381702 0.355968 
-0.169797 0.375747 
-0.144512 0.37603 
0.482678 0.309957 
-0.638596 0.074451 
-0.410964 0.354493 
0.633317 0.102368 
-0.539035 0.285353 
-0.508226 0.309846 
-0.524006 0.298173 
-0.59238 0.21975 
-0.373941 0.363126 
-0.31158 0.371314 
-0.289744 0.372849 
0.424718 0.340275 
0.443174 0.331925 
-0.392581 0.359207 
-0.638077 0.00831916 
-0.554106 0.270474 
-0.632221 0.118381 
-0.636106 0.0965188 
-0.118007 0.376421 
0.540758 0.263344 
-0.612094 0.181596 
-0.620193 0.161075 
-0.62691 0.139966 
-0.602832 0.201087 
0.551384 0.252178 
-0.580735 0.237631 
-0.567993 0.254549 
0.636717 0.0854711 
0.63904 0.0683027 
0.613909 0.158445 
0.608145 0.170339 
-0.492619 0.319874 
-0.476493 0.328877 
-0.460738 0.336512 
0.529727 0.273927 
0.518511 0.283749 
-0.44461 0.34328 
-0.427934 0.349291 
0.623278 0.135785 
0.628789 0.119291 
0.561525 0.240545 
-0.639529 0.0302717 
-0.219288 0.37517 
-0.195173 0.375483 
-0.26661 0.373964 
-0.243443 0.374691 
-0.333316 0.369188 
-0.091612 0.37695 
-0.00775739 0.379614 
0.0208534 0.38075 
-0.63972 0.0523429 
0.637206 -0.000357943 
0.639306 0.0167949 
0.404342 0.348314 
0.30532 0.373743 
0.358842 0.362487 
0.332436 0.368686 
0.506866 0.293061 
0.0502087 0.381916 
0.0794971 0.382975 
0.108656 0.383811 
-0.353741 0.366523 
0.194643 0.383796 
0.222509 0.382586 
0.277883 0.377676 
0.166215 0.384337 
0.601944 0.181955 
0.64032 0.0339051 
0.640236 0.0511665 
0.571309 0.228336 
0.587393 0.205818 
0.250396 0.380574 
-0.0639888 0.377672 
-0.036466 0.378554 
0.137817 0.384306 
-0.157151 0.375881 
-0.516217 0.304144 
-0.300667 0.372148 
0.433996 0.336212 
-0.401802 0.356955 
-0.634339 0.107483 
-0.131255 0.37621 
-0.616318 0.171405 
-0.623729 0.150578 
-0.597761 0.210506 
0.546133 0.257821 
-0.574512 0.2462 
-0.586708 0.228788 
-0.607626 0.191419 
0.638017 0.0769046 
0.611087 0.16442 
-0.500504 0.314982 
-0.46867 0.332802 
0.524175 0.278901 
-0.436312 0.346389 
0.535303 0.268699 
0.618818 0.147206 
0.626156 0.127578 
-0.419482 0.35199 
-0.638957 0.0192869 
-0.207228 0.37534 
-0.255027 0.374368 
-0.322458 0.370333 
-0.104805 0.376666 
-0.182481 0.375617 
0.0065505 0.380177 
-0.637523 0.0855059 
0.473024 0.315907 
-0.546711 0.278055 
-0.639325 0.0634074 
0.638388 0.00820155 
-0.484626 0.324497 
-0.639785 0.0413076 
0.393068 0.352283 
-0.27818 0.373464 
0.318903 0.371365 
0.370308 0.35936 
0.51274 0.288469 
0.414578 0.344421 
0.0648517 0.382465 
0.0940746 0.383428 
-0.363861 0.364924 
0.345674 0.365746 
0.180427 0.384146 
0.453258 0.326886 
-0.383284 0.361263 
0.6051 0.176176 
0.640418 0.0425355 
-0.452721 0.340001 
0.639776 0.0597431 
0.631185 0.110864 
0.566479 0.234491 
0.556516 0.246416 
0.639948 0.0253411 
-0.629744 0.129219 
-0.231364 0.374958 
0.49495 0.301764 
0.0355316 0.381339 
0.208577 0.383283 
0.236457 0.381688 
-0.0502238 0.378094 
0.152014 0.384385 
-0.0221083 0.37907 
0.291618 0.375846 
-0.0777946 0.377289 
0.264149 0.379246 
0.123234 0.384109 
0.63515 0.0939454 
-0.561196 0.262639 
-0.531634 0.291894 
-0.343542 0.367943 
0.579549 0.21722 
0.594894 0.194024 
ZONE T="boundary5"
-0.567301 -0.193872 
-0.556706 -0.210628 
-0.295207 -0.439329 
-0.272347 -0.450231 
-0.626715 -0.0563002 
-0.631617 -0.0350007 
-0.635421 -0.0134545 
0.634067 -0.0173724 
0.604877 -0.100139 
0.595689 -0.118629 
-0.60582 -0.118643 
-0.613783 -0.0981207 
-0.62075 -0.0773685 
-0.577737 -0.176098 
0.624887 -0.0509272 
-0.465404 -0.320985 
0.516493 -0.25809 
-0.224497 -0.470156 
-0.248591 -0.460594 
-0.433243 -0.349668 
-0.415992 -0.363576 
-0.359832 -0.403005 
-0.379279 -0.390276 
-0.0687314 -0.511633 
0.572979 -0.160035 
0.559674 -0.183107 
-0.122598 -0.501035 
-0.199655 -0.479068 
-0.174533 -0.487147 
-0.148676 -0.494524 
-0.0957455 -0.506792 
-0.521798 -0.259166 
-0.508714 -0.275138 
-0.545607 -0.227062 
-0.533945 -0.243293 
-0.480504 -0.306073 
-0.398289 -0.376913 
-0.587526 -0.157974 
-0.449566 -0.335593 
0.585961 -0.136885 
-0.638077 0.00831916 
0.629947 -0.0342065 
0.487279 -0.305055 
-0.495067 -0.290652 
0.618986 -0.0674311 
0.0158013 -0.520708 
0.0445889 -0.521669 
0.0737509 -0.521493 
-0.596897 -0.138903 
-0.0408982 -0.515638 
-0.0129696 -0.518656 
0.193583 -0.507225 
0.163504 -0.51305 
0.103733 -0.520052 
0.133522 -0.517282 
0.314196 -0.464163 
0.284228 -0.478313 
0.223627 -0.499672 
0.253976 -0.490083 
0.418232 -0.389029 
0.398764 -0.406922 
0.436888 -0.369743 
0.454638 -0.3492 
0.502378 -0.281622 
0.471552 -0.327412 
0.37165 -0.428551 
0.637206 -0.000357943 
-0.317681 -0.427664 
-0.338967 -0.415687 
0.544916 -0.208614 
0.530211 -0.234264 
0.343335 -0.44765 
-0.562069 -0.202291 
-0.283823 -0.444876 
-0.629301 -0.0456802 
-0.63366 -0.024251 
0.60036 -0.109421 
-0.609918 -0.108426 
-0.623862 -0.0668696 
-0.236584 -0.465475 
-0.424675 -0.356693 
-0.369608 -0.39672 
0.566347 -0.171577 
-0.212113 -0.474716 
-0.161635 -0.490944 
-0.515326 -0.267208 
-0.539836 -0.23522 
-0.551217 -0.218886 
-0.473018 -0.313593 
-0.407195 -0.370316 
-0.457547 -0.328356 
-0.441462 -0.342698 
-0.636897 -0.00258415 
0.627525 -0.0425998 
-0.527934 -0.251277 
-0.487854 -0.298426 
-0.572596 -0.185029 
0.590881 -0.127784 
0.0301925 -0.521327 
-0.592307 -0.148485 
-0.054831 -0.513758 
-0.0269458 -0.517271 
0.178584 -0.510337 
0.118646 -0.518838 
0.299339 -0.47151 
0.0887519 -0.520936 
0.238877 -0.495114 
-0.617389 -0.0877844 
0.269201 -0.484454 
0.408628 -0.398123 
0.445901 -0.359596 
0.427697 -0.379523 
0.494936 -0.293411 
0.509511 -0.269903 
0.46323 -0.338415 
0.385419 -0.418013 
0.579525 -0.148486 
0.612249 -0.0839194 
0.635762 -0.00888888 
0.632124 -0.0258185 
-0.501959 -0.282954 
-0.582715 -0.16708 
-0.60147 -0.128821 
0.622033 -0.0592137 
-0.260513 -0.455513 
-0.306494 -0.433592 
-0.349453 -0.409434 
-0.38884 -0.383674 
0.552289 -0.195851 
0.52338 -0.246191 
-0.328374 -0.421764 
-0.082258 -0.509327 
-0.109195 -0.504027 
0.0591729 -0.521729 
0.20866 -0.503663 
-0.187127 -0.483211 
-0.135664 -0.497888 
0.00140813 -0.519816 
0.148541 -0.51535 
0.357678 -0.438384 
0.479536 -0.316322 
0.537555 -0.221427 
0.32892 -0.456185 
