ZONE T="boundary0"
-4 -1 
-4 -0.36258 
-4 -0.293168 
-4 0.318552 
-4 1 
-4 0.804741 
-4 -0.627467 
-4 0.609483 
-4 0.197473 
-4 0.227743 
-4 -0.431992 
-4 -0.529729 
-4 -0.234791 
-4 -0.176414 
-4 0.120732 
-4 0.0439913 
-4 -0.0662113 
-4 0.385367 
-4 0.288282 
-4 0.258012 
-4 0.452183 
-4 0.159103 
-4 -0.121313 
-4 0.902371 
-4 -0.813733 
-4 0.212608 
-4 -0.397286 
-4 -0.480861 
-4 -0.327874 
-4 -0.578598 
-4 -0.205602 
-4 0.0823617 
-4 -0.01111 
-4 0.351959 
-4 0.273147 
-4 0.530833 
-4 0.707112 
-4 0.178288 
-4 0.418775 
-4 0.242877 
-4 0.303417 
-4 -0.26398 
-4 -0.0937619 
-4 -0.148863 
-4 0.139917 
ZONE T="boundary1"
-4 1 
2.32888 1 
1.98486 1 
0.586239 1 
1.17678 1 
2.55217 1 
0.645809 1 
0.433096 1 
0.512571 1 
0.359704 1 
-0.0466973 1 
0.705379 1 
-1.0621 1 
-0.427959 1 
0.967095 1 
0.813598 1 
-0.954595 1 
2.77546 1 
-1.37664 1 
2.91159 1 
-2.23371 1 
-2.44525 1 
-2.65678 1 
1.65751 1 
3.04772 1 
1.37225 1 
3.52386 1 
3.76193 1 
1.82118 1 
3.28579 1 
-3.58244 1 
-3.32595 1 
0.153953 1 
0.220133 1 
0.0881784 1 
0.286312 1 
-0.115798 1 
-0.186981 1 
-0.258163 1 
-0.343061 1 
0.0224032 1 
-0.631397 1 
-0.529678 1 
0.759488 1 
-0.739246 1 
-0.847095 1 
-1.16523 1 
-1.26836 1 
-1.48493 1 
1.07194 1 
1.27452 1 
-1.9482 1 
-3.79122 1 
1.51488 1 
-2.86312 1 
-1.60074 1 
-1.71656 1 
-1.83238 1 
-3.06945 1 
4 1 
2.15687 1 
2.44052 1 
0.616024 1 
0.472833 1 
0.890346 1 
-2.55101 1 
3.6429 1 
1.90302 1 
0.187043 1 
0.121066 1 
0.323008 1 
-0.0812476 1 
-0.151389 1 
-0.300612 1 
0.549405 1 
0.0552908 1 
-0.38551 1 
-0.222572 1 
0.3964 1 
-0.580537 1 
-0.012147 1 
-0.478818 1 
0.675594 1 
-0.79317 1 
-1.00835 1 
-0.685321 1 
-0.900845 1 
-1.21679 1 
-1.43078 1 
-1.3225 1 
1.12436 1 
1.22565 1 
1.01952 1 
-3.68683 1 
1.58619 1 
1.73935 1 
3.40483 1 
-2.75995 1 
-3.89561 1 
-2.33948 1 
-1.77447 1 
-1.89029 1 
2.66382 1 
2.97966 1 
2.84353 1 
3.16676 1 
-2.09095 1 
-3.45419 1 
0.732434 1 
0.786543 1 
0.253222 1 
-1.11366 1 
-3.1977 1 
-2.96629 1 
1.44357 1 
1.32339 1 
-1.65865 1 
-1.54283 1 
3.88097 1 
ZONE T="boundary2"
4 -0.51972 
4 -0.434479 
4 -0.349237 
4 -0.269455 
4 -0.625998 
4 -0.732275 
4 0.554684 
4 0.239557 
4 -1 
4 0.679373 
4 -0.0950787 
4 -0.217376 
4 -0.191892 
4 -0.24286 
4 -0.296049 
4 -0.0492337 
4 0.429996 
4 0.367436 
4 0.839686 
4 0.304877 
4 0.108346 
4 0.174237 
4 -0.140924 
4 0.0424562 
4 1 
4 -0.391858 
4 -0.866138 
4 -0.204634 
4 -0.322643 
4 -0.477099 
4 -0.679137 
4 -0.572859 
4 -0.0721562 
4 0.398716 
4 0.759529 
4 0.336156 
4 0.141292 
4 0.617028 
4 0.206897 
4 0.49234 
4 -0.256157 
4 -0.282752 
4 -0.166408 
4 -0.230118 
4 0.272217 
4 0.0754013 
4 -0.00338875 
4 -0.118001 
4 0.919843 
ZONE T="boundary3"
-3.70859 -1 
-4 -1 
-1.65829 -1 
-2.44302 -1 
-2.29331 -1 
-2.09712 -1 
-1.17249 -1 
-1.06901 -1 
3.35681 -1 
3.52377 -1 
0.115209 -1 
-0.698054 -1 
-0.965536 -1 
-0.355675 -1 
-0.25956 -1 
-0.203165 -1 
-0.146769 -1 
0.345231 -1 
-0.477993 -1 
1.56784 -1 
-0.588024 -1 
3.76188 -1 
4 -1 
-2.97405 -1 
-1.54519 -1 
1.72982 -1 
-2.7834 -1 
-2.59274 -1 
-3.41717 -1 
-3.19561 -1 
2.98429 -1 
2.76731 -1 
0.431741 -1 
0.533338 -1 
0.186965 -1 
0.258721 -1 
-0.0190367 -1 
0.0480861 -1 
-0.082903 -1 
-0.831795 -1 
0.634935 -1 
0.74466 -1 
0.854386 -1 
1.33278 -1 
1.25969 -1 
0.983946 -1 
1.11351 -1 
-1.3023 -1 
2.11271 -1 
2.33152 -1 
1.92126 -1 
2.55032 -1 
1.40587 -1 
1.48685 -1 
3.18985 -1 
-1.90094 -1 
-1.4321 -1 
1.1866 -1 
-3.85429 -1 
-2.36816 -1 
-2.19521 -1 
-1.12075 -1 
3.44029 -1 
-0.307617 -1 
-0.174967 -1 
-0.416834 -1 
-0.533008 -1 
3.64283 -1 
3.88094 -1 
-2.68807 -1 
-3.30639 -1 
2.8758 -1 
-2.51788 -1 
0.482539 -1 
0.222843 -1 
0.388486 -1 
0.301976 -1 
0.0145247 -1 
0.0816474 -1 
0.151087 -1 
-0.114836 -1 
-0.643039 -1 
-0.764925 -1 
0.584136 -1 
0.689798 -1 
1.29623 -1 
1.04873 -1 
-0.898666 -1 
-1.01728 -1 
-1.23739 -1 
0.919166 -1 
2.01699 -1 
2.44092 -1 
2.22211 -1 
1.36932 -1 
1.64883 -1 
1.44636 -1 
2.65881 -1 
1.82554 -1 
3.27333 -1 
-1.99903 -1 
-2.87872 -1 
3.08707 -1 
-1.77961 -1 
-1.48865 -1 
-3.56288 -1 
0.799523 -1 
-0.231362 -1 
-0.0509698 -1 
-3.08483 -1 
1.52735 -1 
-1.3672 -1 
1.22314 -1 
-1.60174 -1 
1.15005 -1 
ZONE T="boundary4"
-0.32682 0.4653 
0.455657 0.412956 
0.447184 0.433271 
-0.402723 0.410863 
-0.383755 0.425902 
-0.249123 0.507696 
-0.226699 0.517899 
0.470028 0.350055 
0.471398 0.33555 
0.562901 -0.052708 
0.544003 0.00520713 
0.472702 0.304187 
0.407051 0.492082 
0.418633 0.478769 
-0.289946 0.486876 
-0.627317 0.0149615 
0.468069 0.364358 
-0.620659 0.0671898 
-0.612214 0.10216 
-0.623719 0.0496335 
-0.606896 0.119527 
-0.594442 0.153414 
-0.580049 0.185798 
0.363375 0.529005 
0.350205 0.537338 
0.387514 0.510709 
0.375714 0.5202 
-0.563996 0.216965 
-0.547028 0.246243 
-0.465895 0.35204 
-0.451235 0.367056 
-0.512733 0.296726 
-0.529378 0.273552 
-0.481798 0.334628 
-0.436103 0.381629 
0.472467 0.246057 
0.472664 0.275268 
-0.419655 0.396504 
-0.345745 0.453084 
-0.308545 0.476344 
-0.364264 0.440305 
-0.203958 0.527426 
-0.179271 0.536887 
-0.154286 0.545583 
-0.269697 0.497581 
-0.100171 0.561596 
-0.0711474 0.568692 
-0.041906 0.574836 
-0.0110455 0.580252 
0.0199684 0.584595 
-0.62593 0.0323366 
-0.497047 0.316682 
0.517595 0.0640687 
0.438751 0.449384 
0.42918 0.464596 
0.462399 0.391357 
0.397542 0.501664 
0.465543 0.378044 
0.117278 0.590774 
0.150242 0.590044 
0.183138 0.587654 
0.215956 0.58339 
0.0522218 0.587928 
0.473199 0.219927 
0.4756 0.193739 
0.531193 0.0347026 
0.554658 -0.0235882 
0.559101 -0.0380614 
0.481472 0.161367 
0.490454 0.129861 
-0.127361 0.554017 
0.0845381 0.590014 
0.293533 0.563804 
0.503202 0.0963447 
0.247686 0.57719 
0.308368 0.558107 
0.336601 0.544956 
0.278456 0.568861 
0.263155 0.573315 
0.451657 0.423218 
-0.393304 0.418463 
-0.237951 0.512883 
0.470784 0.342812 
0.472291 0.319892 
0.412966 0.485536 
-0.6168 0.0847594 
-0.622287 0.058428 
-0.600969 0.136577 
-0.587497 0.169714 
0.356845 0.533264 
-0.609639 0.110869 
0.381684 0.515541 
-0.555686 0.231702 
-0.458624 0.359605 
-0.521191 0.285234 
-0.473924 0.343404 
-0.443726 0.3744 
0.47251 0.260671 
-0.427939 0.389132 
-0.299283 0.481675 
-0.317722 0.470887 
-0.336329 0.459264 
-0.374071 0.433185 
-0.572231 0.201486 
-0.215365 0.522747 
-0.191653 0.532253 
-0.166813 0.54133 
-0.279862 0.492303 
-0.0856885 0.565263 
-0.0264986 0.577677 
0.0044432 0.582559 
-0.504991 0.306782 
0.459272 0.40224 
0.472771 0.289737 
0.424042 0.471785 
0.402363 0.49694 
0.369606 0.524689 
0.392589 0.506255 
-0.624925 0.0409955 
0.466887 0.371219 
0.443126 0.441414 
0.464055 0.384723 
0.434115 0.457087 
0.166709 0.589068 
0.0360806 0.586413 
0.469128 0.357221 
0.47416 0.206811 
0.537753 0.0200152 
0.549577 -0.00910426 
0.472665 0.23299 
0.524419 0.0493893 
0.561085 -0.0453611 
-0.489505 0.325723 
-0.355055 0.446765 
-0.411247 0.40375 
-0.259447 0.502713 
0.478127 0.177476 
0.485597 0.145505 
-0.0565517 0.571883 
-0.113796 0.557913 
0.0683712 0.589131 
-0.140858 0.549907 
0.133767 0.590605 
0.496514 0.112974 
0.510259 0.0801347 
0.100906 0.59057 
0.231877 0.580556 
0.199583 0.58577 
0.300982 0.561038 
-0.538378 0.260007 
-0.626729 0.0236589 
0.556956 -0.0308037 
0.322645 0.551867 
0.286024 0.56641 
0.270827 0.571163 
0.25544 0.575323 
0.343456 0.541234 
ZONE T="boundary5"
-0.336003 -0.296703 
-0.588955 -0.147609 
-0.581636 -0.158736 
-0.595651 -0.136121 
-0.612832 -0.0971707 
-0.617348 -0.0826884 
0.447889 -0.350353 
0.435501 -0.358066 
-0.561496 -0.183981 
-0.548177 -0.197616 
0.514381 -0.289133 
-0.518921 -0.221922 
-0.573927 -0.169201 
-0.508478 -0.229188 
0.565858 -0.169868 
-0.529036 -0.214245 
-0.181758 -0.335222 
-0.161178 -0.340757 
-0.138952 -0.346827 
-0.202398 -0.329778 
-0.0475833 -0.371701 
-0.0243252 -0.377682 
-0.0937565 -0.359268 
-0.116755 -0.352939 
-0.070736 -0.365536 
-0.624141 -0.0515328 
-0.425141 -0.270458 
0.549849 -0.225486 
-0.491917 -0.239531 
-0.478162 -0.247174 
0.562901 -0.052708 
-0.240508 -0.320049 
-0.221411 -0.324871 
-0.258278 -0.315649 
-0.27612 -0.311297 
-0.292709 -0.307285 
-0.43811 -0.265521 
-0.309352 -0.303259 
-0.627317 0.0149615 
-0.62783 -0.00201771 
-0.62118 -0.067282 
-0.607521 -0.111252 
0.459869 -0.342063 
0.471716 -0.332935 
0.0454726 -0.393662 
0.0693923 -0.398236 
0.523519 -0.27634 
0.534526 -0.258218 
0.207121 -0.411882 
0.189101 -0.411534 
-0.62625 -0.0353099 
-0.627474 -0.0188693 
-0.00136493 -0.383309 
0.171136 -0.410712 
0.147413 -0.40894 
0.0964943 -0.402734 
0.123836 -0.406454 
0.0217412 -0.388627 
0.228113 -0.41165 
0.272565 -0.408689 
0.249128 -0.410688 
0.409822 -0.371704 
0.383077 -0.383111 
0.313693 -0.402573 
0.483043 -0.323195 
0.494109 -0.312533 
0.504491 -0.301275 
0.54417 -0.238927 
0.570545 -0.126139 
-0.387471 -0.282815 
-0.362687 -0.289797 
-0.412052 -0.275051 
0.56277 -0.184429 
0.558962 -0.198815 
0.554711 -0.212259 
0.565959 -0.0673215 
0.568167 -0.155427 
0.569735 -0.140881 
0.568273 -0.082014 
0.299861 -0.405026 
0.327446 -0.399706 
-0.46423 -0.254159 
0.356089 -0.392238 
0.570569 -0.111371 
0.569808 -0.0966645 
-0.592381 -0.141909 
-0.615195 -0.0899616 
0.441741 -0.354283 
-0.554962 -0.190917 
-0.567854 -0.176707 
-0.513737 -0.225607 
-0.585371 -0.153221 
-0.538798 -0.206144 
-0.577851 -0.164018 
-0.52402 -0.218136 
-0.171465 -0.337979 
-0.150063 -0.343783 
-0.0359639 -0.37472 
-0.105257 -0.356107 
-0.0822513 -0.362414 
-0.485082 -0.243427 
-0.230955 -0.322448 
-0.267195 -0.313468 
-0.284412 -0.30929 
-0.2119 -0.327312 
-0.62768 0.00647477 
-0.192073 -0.332486 
-0.610281 -0.10425 
-0.622774 -0.0594283 
0.465853 -0.337577 
0.0574174 -0.396013 
0.198109 -0.411769 
-0.626972 -0.0270978 
0.180115 -0.411181 
0.159265 -0.40992 
-0.32268 -0.300007 
0.110147 -0.4047 
0.0335924 -0.391199 
0.217616 -0.411854 
0.260856 -0.409814 
0.422814 -0.36517 
-0.601932 -0.123848 
0.45393 -0.346282 
0.477447 -0.328142 
0.488655 -0.317944 
-0.619377 -0.0750129 
0.499385 -0.306981 
0.519052 -0.282809 
0.509531 -0.295281 
0.539539 -0.248668 
-0.375097 -0.286387 
-0.399794 -0.279047 
0.547093 -0.232242 
0.560954 -0.191643 
0.564519 -0.0599968 
0.552356 -0.218901 
0.567104 -0.162663 
0.569045 -0.148165 
0.56721 -0.0746536 
0.570238 -0.133516 
-0.0128561 -0.380531 
0.529214 -0.267394 
-0.625309 -0.0434358 
-0.301029 -0.305275 
-0.500275 -0.234479 
0.135613 -0.407783 
0.0101753 -0.386012 
-0.249389 -0.317841 
-0.127853 -0.34988 
-0.0591667 -0.368638 
0.0829241 -0.400578 
0.306787 -0.40385 
-0.627762 -0.010446 
-0.349356 -0.293307 
0.238623 -0.411263 
-0.431642 -0.268035 
-0.451264 -0.260058 
-0.41861 -0.272795 
0.556913 -0.205562 
0.564405 -0.177171 
-0.471233 -0.250737 
0.369667 -0.38792 
0.396566 -0.377679 
0.341832 -0.39622 
0.32058 -0.401193 
0.286236 -0.407042 
0.570286 -0.104011 
0.570656 -0.118756 
0.569136 -0.0893322 
