ZONE T="boundary0"
-4 -0.471084 
-4 -0.68206 
-4 -0.84103 
-4 -0.411764 
-4 0.309041 
-4 0.339738 
-4 0.115074 
-4 0.0441262 
-4 -0.192816 
-4 0.370436 
-4 -0.139973 
-4 0.809523 
-4 1 
-4 -0.576572 
-4 -0.299052 
-4 -0.352443 
-4 -0.24566 
-4 -0.0939479 
-4 -0.0479232 
-4 0.278286 
-4 0.247531 
-4 0.619046 
-4 0.525438 
-4 0.431831 
-4 -1 
-4 0.186022 
-4 0.216776 
-4 -0.761545 
-4 0.324389 
-4 0.0796001 
-4 0.904762 
-4 -0.629316 
-4 -0.325748 
-4 -0.219238 
-4 -0.11696 
-4 -0.272356 
-4 -0.441424 
-4 -0.382104 
-4 -0.00189849 
-4 0.262909 
-4 0.572242 
-4 0.478634 
-4 0.714285 
-4 -0.920515 
-4 -0.166394 
-4 -0.0709355 
-4 0.355087 
-4 0.401133 
-4 0.201399 
-4 0.150548 
-4 -0.523828 
-4 0.293663 
-4 0.232154 
ZONE T="boundary1"
1.66462 1 
1.30528 1 
1.37867 1 
-0.040364 1 
-0.104837 1 
0.161142 1 
-0.895994 1 
-1.00809 1 
0.924699 1 
0.807661 1 
-3.76197 1 
-4 1 
-1.77229 1 
-2.09461 1 
-2.259 1 
-2.97579 1 
-3.22581 1 
3.56988 1 
3.1678 1 
-3.52394 1 
3.78494 1 
-2.49239 1 
-2.72577 1 
1.96213 1 
2.17877 1 
2.97424 1 
2.78067 1 
2.58804 1 
2.39541 1 
-0.498461 1 
0.0926254 1 
0.0241087 1 
0.310119 1 
0.448623 1 
-0.166991 1 
-0.229146 1 
0.697393 1 
-0.630165 1 
-0.735056 1 
-0.297951 1 
0.235631 1 
-0.366756 1 
-0.815525 1 
-1.17086 1 
1.04174 1 
1.17351 1 
0.587126 1 
1.55835 1 
-1.44597 1 
-1.30841 1 
-1.08947 1 
1.45207 1 
-1.61436 1 
-1.53017 1 
4 1 
-1.93021 1 
1.34198 1 
-0.0726004 1 
-0.952043 1 
0.86618 1 
-3.88099 1 
-2.1768 1 
-3.1008 1 
3.36884 1 
-2.60908 1 
2.07045 1 
2.87746 1 
2.49172 1 
0.0583671 1 
0.379371 1 
0.126884 1 
-0.198069 1 
0.752527 1 
-0.68261 1 
0.198386 1 
-0.00812765 1 
-0.855759 1 
-0.77529 1 
-0.564313 1 
-0.432608 1 
1.10762 1 
0.983218 1 
0.64226 1 
-1.37719 1 
1.41537 1 
-3.64296 1 
0.517874 1 
-3.37488 1 
-1.57227 1 
3.89247 1 
3.67741 1 
1.81337 1 
1.61148 1 
-1.85125 1 
-1.69333 1 
-1.48807 1 
2.28709 1 
3.07102 1 
-2.37569 1 
-2.01241 1 
-2.85078 1 
2.68436 1 
-0.135914 1 
-0.332354 1 
0.272875 1 
-0.263548 1 
-1.23963 1 
-1.04878 1 
1.23939 1 
1.50521 1 
-1.13016 1 
ZONE T="boundary2"
4 -0.64872 
4 -0.549528 
4 -0.306284 
4 -0.450335 
4 -0.163512 
4 -0.22951 
4 0.233161 
4 0.194168 
4 -0.0824851 
4 0.155175 
4 -1 
4 0.821916 
4 0.116016 
4 -0.37831 
4 -0.82436 
4 0.285185 
4 0.33721 
4 0.54586 
4 0.643833 
4 0.447886 
4 -0.00145868 
4 1 
4 0.076858 
4 0.392548 
4 -0.599124 
4 -0.196511 
4 -0.499932 
4 0.213664 
4 0.135595 
4 -0.267897 
4 -0.342297 
4 -0.414323 
4 -0.73654 
4 0.311198 
4 0.174671 
4 -0.91218 
4 0.594846 
4 0.496873 
4 0.910958 
4 0.732875 
4 -0.122998 
4 0.0376996 
4 -0.0419719 
4 0.364879 
4 0.0964371 
4 0.259173 
4 0.420217 
ZONE T="boundary3"
-2.86589 -1 
3.46536 -1 
-0.227229 -1 
-0.385698 -1 
-0.318554 -1 
-0.0230131 -1 
0.295431 -1 
0.364172 -1 
-0.157386 -1 
-0.452842 -1 
0.978707 -1 
1.06549 -1 
0.891919 -1 
-0.546644 -1 
0.236726 -1 
0.17802 -1 
0.52299 -1 
1.165 -1 
-1.26447 -1 
-1.15132 -1 
3.64357 -1 
4 -1 
1.4855 -1 
1.63804 -1 
-1.3768 -1 
1.97853 -1 
1.79057 -1 
-0.811389 -1 
2.87829 -1 
-3.5 -1 
-3.75 -1 
-3.34142 -1 
-1.56262 -1 
-1.48912 -1 
-1.63611 -1 
-1.78309 -1 
-2.43207 -1 
-2.08145 -1 
3.28715 -1 
-2.70742 -1 
0.613067 -1 
-0.640445 -1 
0.432914 -1 
0.109769 -1 
0.789149 -1 
-0.0875434 -1 
0.0415172 -1 
-0.272892 -1 
-0.725917 -1 
-0.924778 -1 
1.26451 -1 
1.375 -1 
-1.03817 -1 
2.16649 -1 
-4 -1 
-3.18285 -1 
2.65753 -1 
-2.54894 -1 
-2.3152 -1 
-1.93227 -1 
2.43677 -1 
-0.352126 -1 
0.329802 -1 
1.0221 -1 
-0.499743 -1 
0.207373 -1 
-1.2079 -1 
3.82179 -1 
1.56177 -1 
1.88455 -1 
-3.625 -1 
-1.52587 -1 
-1.7096 -1 
3.08272 -1 
-0.41927 -1 
-0.593544 -1 
0.477952 -1 
0.568029 -1 
0.266078 -1 
0.143895 -1 
0.701108 -1 
0.398543 -1 
0.840534 -1 
0.00925202 -1 
-0.25006 -1 
-0.683181 -1 
-0.868083 -1 
-0.768653 -1 
1.21476 -1 
0.935313 -1 
1.11525 -1 
1.31976 -1 
1.43025 -1 
1.7143 -1 
-0.981472 -1 
-1.09474 -1 
-1.32063 -1 
2.07251 -1 
-3.875 -1 
3.37625 -1 
-3.02437 -1 
3.55447 -1 
2.76791 -1 
-2.62818 -1 
-2.19832 -1 
-2.00686 -1 
-1.85768 -1 
-3.26213 -1 
-3.42071 -1 
2.30163 -1 
-0.0552782 -1 
-0.122465 -1 
-0.192308 -1 
0.075643 -1 
-0.295723 -1 
2.54715 -1 
-1.43296 -1 
-1.59936 -1 
-2.49051 -1 
-2.37363 -1 
-2.78666 -1 
ZONE T="boundary4"
-0.598817 0.223325 
-0.619803 0.0468629 
-0.621087 0.0666854 
-0.61763 0.0272541 
-0.620889 0.106734 
-0.619385 0.126788 
-0.312362 0.467506 
-0.332097 0.465992 
-0.271942 0.466399 
-0.292655 0.467653 
-0.60448 0.204851 
-0.621455 0.0866507 
-0.613602 0.166573 
-0.616946 0.146785 
-0.609434 0.185905 
-0.592424 0.241503 
-0.421814 0.439906 
-0.58536 0.259189 
-0.57776 0.276028 
-0.569447 0.292416 
0.101724 0.339201 
-0.474842 0.40668 
-0.457143 0.419529 
-0.560705 0.307868 
-0.438758 0.430953 
0.417894 0.279851 
0.432959 0.274252 
-0.532347 0.349119 
-0.551317 0.322843 
-0.140095 0.430211 
0.482271 0.250848 
0.50189 0.238933 
-0.404474 0.447627 
-0.387047 0.454016 
-0.208319 0.454301 
0.623555 0.0909616 
0.618924 0.103033 
0.630422 0.0685835 
-0.369361 0.459178 
-0.350782 0.463242 
0.635294 0.0458191 
-0.185939 0.447446 
-0.251339 0.463789 
-0.116664 0.420246 
0.447821 0.268074 
-0.014639 0.376016 
-0.163617 0.439517 
-0.493144 0.391247 
-0.5123 0.372397 
0.336523 0.301301 
0.3636 0.295519 
0.387438 0.289409 
0.573645 0.176616 
0.521005 0.225596 
0.465197 0.25993 
-0.229759 0.459679 
-0.0674884 0.39842 
0.280276 0.310598 
0.251406 0.314571 
0.308436 0.306301 
0.163467 0.327065 
0.132584 0.332609 
0.193003 0.322508 
0.222489 0.318418 
0.613709 0.114862 
0.601849 0.137251 
0.638252 0.0225917 
0.588184 0.158114 
0.557925 0.193657 
-0.0921139 0.409391 
0.0421197 0.355595 
0.071516 0.346867 
0.0136224 0.365282 
-0.0411583 0.386959 
0.639343 -0.000690786 
0.638701 -0.0242264 
0.539896 0.210433 
-0.620559 0.0567668 
-0.618828 0.0370461 
-0.620254 0.11677 
-0.322243 0.466923 
-0.282288 0.467202 
-0.601743 0.214117 
-0.621289 0.0966955 
-0.615387 0.156698 
-0.607058 0.195404 
-0.611625 0.176262 
-0.595714 0.232446 
-0.581654 0.267651 
-0.588988 0.250384 
-0.573697 0.284269 
-0.466106 0.413261 
-0.565163 0.300191 
-0.448055 0.425409 
0.425452 0.277121 
-0.542114 0.336185 
0.492173 0.245043 
-0.395814 0.450968 
-0.556096 0.315409 
-0.413209 0.443913 
0.621314 0.0970257 
0.627235 0.0798481 
-0.360107 0.461372 
-0.378247 0.456746 
-0.341463 0.464777 
0.633102 0.0572534 
-0.197087 0.45101 
-0.128354 0.425286 
0.440421 0.271236 
-0.15182 0.434955 
-0.430361 0.435571 
-0.502909 0.382012 
-0.174739 0.443592 
-0.618282 0.1368 
0.350089 0.298541 
0.375551 0.29259 
0.402744 0.284878 
-0.484136 0.399133 
0.511555 0.232419 
-0.219003 0.457135 
0.456559 0.264109 
0.265846 0.31262 
0.294367 0.308518 
0.148005 0.329724 
0.178224 0.324713 
0.20774 0.320424 
0.322498 0.303906 
-0.621387 0.0766659 
0.608044 0.126197 
0.473792 0.255499 
0.616389 0.108979 
-0.522573 0.360973 
0.637012 0.034236 
0.581104 0.167514 
-0.0798057 0.403897 
-0.104377 0.414846 
0.0567741 0.351083 
0.0865818 0.342884 
0.117124 0.335766 
-0.0543439 0.392643 
-0.0279313 0.381409 
0.236948 0.316493 
-0.000551546 0.370533 
0.0278259 0.360305 
-0.30251 0.467746 
-0.26162 0.465257 
-0.240518 0.461898 
0.639021 0.0109609 
0.639231 -0.0124643 
0.595253 0.147837 
0.530583 0.21818 
0.54907 0.202216 
0.565948 0.185286 
ZONE T="boundary5"
0.557892 -0.302374 
0.567944 -0.281042 
-0.113564 -0.477499 
-0.138092 -0.469773 
-0.547478 -0.162712 
-0.556242 -0.148105 
-0.0888229 -0.484536 
0.632842 -0.0712553 
-0.580417 -0.101187 
-0.587702 -0.0842332 
-0.59455 -0.0664267 
-0.417202 -0.314981 
-0.434051 -0.299944 
-0.61763 0.0272541 
-0.572509 -0.117863 
-0.284651 -0.406256 
-0.303056 -0.395863 
-0.614599 0.00791045 
-0.610744 -0.0111408 
0.615662 -0.141756 
-0.337683 -0.374545 
-0.22632 -0.43537 
-0.246278 -0.426028 
-0.600682 -0.04834 
-0.606098 -0.0298853 
-0.265986 -0.416181 
-0.205178 -0.444609 
-0.320505 -0.385421 
-0.183798 -0.453295 
-0.161058 -0.46184 
-0.498771 -0.230709 
-0.453273 -0.281444 
-0.529047 -0.19064 
-0.514257 -0.210958 
-0.369936 -0.352366 
-0.35395 -0.36366 
-0.385047 -0.341101 
-0.399864 -0.329452 
0.469958 -0.414092 
0.530152 -0.348647 
0.544745 -0.326221 
0.456254 -0.425027 
0.519352 -0.363141 
0.442187 -0.435177 
0.111283 -0.515163 
0.0814415 -0.513541 
0.0514285 -0.51085 
0.0215172 -0.507134 
-0.0356293 -0.49719 
-0.00713408 -0.502616 
-0.0623213 -0.491257 
0.252278 -0.507088 
0.169619 -0.515155 
0.14115 -0.515701 
0.225511 -0.510835 
0.198028 -0.513522 
0.279074 -0.502121 
0.586391 -0.233115 
0.59514 -0.207212 
0.306963 -0.495522 
0.397816 -0.461402 
0.427665 -0.444652 
0.608605 -0.165196 
0.483124 -0.402468 
0.50783 -0.377026 
0.495795 -0.390077 
0.367067 -0.475449 
0.628 -0.0948173 
0.577062 -0.258788 
0.601968 -0.186237 
0.622227 -0.118191 
0.337189 -0.48652 
0.636468 -0.0477829 
-0.47684 -0.256466 
0.638701 -0.0242264 
0.563066 -0.291777 
-0.125855 -0.473722 
-0.551915 -0.155441 
-0.101218 -0.481104 
-0.584139 -0.0927441 
-0.591215 -0.0753641 
-0.42569 -0.307534 
-0.293887 -0.401118 
-0.612776 -0.0016363 
-0.236329 -0.430762 
-0.603487 -0.0391411 
-0.256164 -0.421168 
-0.311813 -0.390697 
-0.172457 -0.457644 
-0.21578 -0.440059 
-0.521747 -0.200868 
-0.616223 0.0175654 
-0.361979 -0.358064 
-0.506599 -0.2209 
-0.377527 -0.346781 
-0.392494 -0.335325 
-0.608521 -0.020538 
0.537658 -0.33757 
0.463174 -0.419644 
-0.576538 -0.109561 
-0.564619 -0.133115 
0.0963552 -0.514485 
0.0364572 -0.509119 
0.00717353 -0.504989 
-0.0489972 -0.494322 
0.155387 -0.51556 
0.183831 -0.514478 
0.590814 -0.22018 
0.293062 -0.499003 
-0.0755968 -0.487994 
0.412922 -0.45335 
0.449281 -0.430185 
0.434981 -0.439998 
0.476614 -0.408363 
0.501897 -0.383629 
0.382581 -0.468729 
0.513682 -0.370159 
-0.149602 -0.465883 
0.524847 -0.355964 
0.551531 -0.314414 
0.572633 -0.269968 
-0.345851 -0.369153 
0.598576 -0.196732 
0.605313 -0.175725 
0.612182 -0.15349 
0.619018 -0.129994 
-0.194517 -0.449021 
-0.275349 -0.411277 
-0.329129 -0.380038 
0.48954 -0.396354 
0.58183 -0.245989 
-0.408591 -0.322286 
0.634814 -0.0595436 
0.630552 -0.0830633 
-0.597709 -0.0574146 
-0.443758 -0.290794 
0.625214 -0.106529 
-0.465225 -0.269114 
-0.487959 -0.243718 
0.126214 -0.515571 
0.265705 -0.504759 
0.238915 -0.509104 
-0.0214031 -0.500016 
0.322146 -0.491256 
0.211783 -0.512318 
0.0664233 -0.512325 
0.352223 -0.48124 
0.63777 -0.0360223 
-0.538454 -0.176803 
