ZONE T="boundary0"
-4 -0.618849 
-4 -0.809424 
-4 -0.44409 
-4 -0.387028 
-4 0.150209 
-4 -0.127468 
-4 0.20984 
-4 0.25998 
-4 0.433402 
-4 0.371761 
-4 0.310119 
-4 0.0544131 
-4 0.102311 
-4 -0.0540796 
-4 -0.200856 
-4 0.568209 
-4 0.000166769 
-4 0.784104 
-4 -0.299562 
-4 -0.531469 
-4 -0.235007 
-4 -0.269158 
-4 -1 
-4 1 
-4 -0.329966 
-4 -0.714137 
-4 -0.415559 
-4 0.23491 
-4 0.34094 
-4 0.28505 
-4 0.180025 
-4 0.0783621 
-4 0.402581 
-4 -0.575159 
-4 -0.28436 
-4 -0.217931 
-4 -0.252082 
-4 -0.164162 
-4 -0.0907737 
-4 -0.0269564 
-4 0.12626 
-4 0.02729 
-4 0.500806 
-4 -0.904712 
-4 0.676157 
-4 0.892052 
-4 -0.314764 
-4 -0.358497 
-4 -0.487779 
ZONE T="boundary1"
1.79177 1 
1.62917 1 
-1.38872 1 
0.675352 1 
-0.31134 1 
3.4042 1 
0.217353 1 
-1.50477 1 
3.56036 1 
-2.07304 1 
-2.25754 1 
2.831 1 
-2.87323 1 
-3.08422 1 
-2.66224 1 
-2.45989 1 
-3.30997 1 
-3.53572 1 
2.5898 1 
2.3486 1 
2.15148 1 
-0.986451 1 
-1.09626 1 
-0.462545 1 
-0.197075 1 
0.142419 1 
0.0674853 1 
0.346588 1 
-0.00265172 1 
-0.0727888 1 
-0.134932 1 
4 1 
-3.76786 1 
0.575588 1 
0.475824 1 
3.78018 1 
0.97748 1 
0.870037 1 
0.772694 1 
1.08492 1 
1.2009 1 
-0.559312 1 
-4 1 
1.31687 1 
1.47302 1 
-1.60071 1 
-1.69665 1 
-1.27268 1 
-1.88854 1 
1.39495 1 
3.24805 1 
3.03952 1 
1.95437 1 
-0.656078 1 
-0.766362 1 
-0.876646 1 
-1.18447 1 
1.71047 1 
-2.16529 1 
-2.97872 1 
-2.56107 1 
-3.42285 1 
2.4692 1 
-1.04135 1 
-0.386942 1 
0.104952 1 
0.179886 1 
0.0324168 1 
-0.166003 1 
-0.10386 1 
-3.65179 1 
0.525706 1 
3.89009 1 
0.281971 1 
0.411206 1 
0.923758 1 
0.724023 1 
1.14291 1 
1.0312 1 
0.62547 1 
3.67027 1 
1.25889 1 
1.55109 1 
-1.44674 1 
-1.64868 1 
-1.3307 1 
1.35591 1 
3.32613 1 
3.48228 1 
-1.7926 1 
-2.35872 1 
3.14379 1 
1.87307 1 
2.05292 1 
2.25004 1 
2.7104 1 
2.93526 1 
-2.76773 1 
-3.19709 1 
-3.88393 1 
-1.98079 1 
-0.0377202 1 
-0.510928 1 
-0.607695 1 
-0.71122 1 
-0.931549 1 
-1.14036 1 
-0.254207 1 
-0.821504 1 
0.821366 1 
-1.22858 1 
-1.55274 1 
1.43398 1 
ZONE T="boundary2"
4 -0.317894 
4 -0.385146 
4 -0.589298 
4 -0.17688 
4 -0.208939 
4 -0.452398 
4 0.235365 
4 -0.0559398 
4 0.100555 
4 0.16817 
4 0.455242 
4 0.53848 
4 0.76924 
4 -0.794649 
4 -1 
4 -0.11641 
4 0.0223077 
4 -0.279446 
4 -0.240999 
4 0.30256 
4 0.372005 
4 0.65386 
4 1 
4 -0.35152 
4 -0.192909 
4 0.496861 
4 -0.691974 
4 -0.0861748 
4 -0.224969 
4 -0.260223 
4 -0.29867 
4 -0.418772 
4 0.201768 
4 0.268963 
4 0.134363 
4 0.337283 
4 0.413624 
4 0.0614315 
4 0.59617 
4 -0.0168161 
4 -0.520848 
4 0.71155 
4 0.88462 
4 -0.897325 
4 -0.146645 
ZONE T="boundary3"
-1.54733 -1 
3.52571 -1 
-0.189343 -1 
-0.00530769 -1 
0.0521441 -1 
-0.343775 -1 
-0.266559 -1 
-2.10998 -1 
-1.93368 -1 
0.311009 -1 
4 -1 
-0.899063 -1 
-0.795858 -1 
-0.513106 -1 
0.914332 -1 
1.00486 -1 
-3.56169 -1 
-3.78084 -1 
-0.692654 -1 
2.05945 -1 
2.23404 -1 
2.40863 -1 
2.59506 -1 
-3.37554 -1 
-2.98906 -1 
-2.28628 -1 
-2.78874 -1 
-2.53751 -1 
2.7815 -1 
2.97578 -1 
0.246923 -1 
0.182837 -1 
-0.0627595 -1 
-0.126051 -1 
0.547497 -1 
0.645079 -1 
0.449915 -1 
-0.60288 -1 
-4 -1 
0.11749 -1 
-1.36 -1 
0.823801 -1 
-3.18938 -1 
1.26206 -1 
1.13346 -1 
-1.01193 -1 
1.48614 -1 
1.3741 -1 
1.77286 -1 
1.6295 -1 
-1.45367 -1 
-1.12479 -1 
-1.2424 -1 
-1.74051 -1 
1.91615 -1 
3.17007 -1 
0.380462 -1 
3.34789 -1 
0.0234182 -1 
-0.305167 -1 
-2.02183 -1 
3.76286 -1 
-0.847461 -1 
0.959597 -1 
-3.67127 -1 
-0.744256 -1 
2.14674 -1 
2.50184 -1 
-3.46861 -1 
-2.66312 -1 
2.87864 -1 
0.278966 -1 
-0.157697 -1 
-0.428441 -1 
0.596288 -1 
-0.557993 -1 
-0.0340336 -1 
0.150164 -1 
0.73444 -1 
-0.647767 -1 
0.869067 -1 
-3.89042 -1 
-3.28246 -1 
1.43012 -1 
1.31808 -1 
1.70118 -1 
1.55782 -1 
-1.1836 -1 
-1.3012 -1 
-1.5005 -1 
-1.40683 -1 
1.9878 -1 
2.32133 -1 
-2.41189 -1 
-3.08922 -1 
-2.8889 -1 
-2.19813 -1 
-1.83709 -1 
-1.64392 -1 
1.84451 -1 
3.07293 -1 
0.0848173 -1 
0.21488 -1 
0.345735 -1 
0.415189 -1 
0.498706 -1 
-0.0944053 -1 
-0.227951 -1 
1.19776 -1 
3.25898 -1 
3.4368 -1 
-0.955496 -1 
-1.06836 -1 
1.06916 -1 
2.68828 -1 
ZONE T="boundary4"
0.471344 0.277935 
-0.209833 0.431528 
-0.185681 0.427547 
-0.629097 0.111377 
-0.63087 0.088683 
0.49648 0.262931 
0.520609 0.245873 
-0.160961 0.422723 
-0.136206 0.41732 
-0.530702 0.333779 
-0.34514 0.432854 
-0.323513 0.43564 
-0.628575 0.0214389 
-0.630574 0.0436486 
-0.233206 0.434531 
-0.471079 0.384352 
-0.501452 0.361663 
-0.385727 0.423757 
-0.365554 0.428944 
0.149089 0.357753 
-0.110352 0.411264 
-0.626017 0.134022 
-0.615937 0.178857 
-0.621619 0.156577 
-0.570598 0.281698 
0.64047 0.0699185 
-0.592013 0.24243 
-0.581864 0.262434 
-0.609008 0.200781 
0.636162 0.0864308 
-0.558147 0.300232 
-0.631352 0.066087 
-0.279166 0.437431 
-0.256512 0.436545 
-0.544474 0.318019 
-0.516071 0.348575 
-0.455476 0.393989 
0.565925 0.20506 
0.532443 0.236426 
-0.439197 0.402773 
0.583819 0.184573 
-0.486166 0.37378 
0.624285 0.118752 
0.630716 0.102857 
-0.422497 0.410551 
-0.404285 0.41773 
0.613579 0.140369 
0.600094 0.16249 
0.555107 0.216044 
-0.301733 0.437141 
0.646971 0.00183033 
0.646948 0.0189323 
-0.0844603 0.404974 
0.645973 -0.0154042 
0.430776 0.29735 
0.45128 0.288196 
0.643723 0.0530383 
0.411944 0.304737 
0.344968 0.324877 
0.370238 0.318242 
0.391203 0.311898 
-0.000258044 0.38496 
0.0290131 0.378673 
0.0895705 0.367211 
0.11939 0.362289 
0.319515 0.330637 
0.262657 0.341076 
0.177594 0.353623 
0.205966 0.349587 
0.059323 0.372674 
0.291148 0.336189 
0.64587 0.0360939 
0.607067 0.1516 
-0.601041 0.221894 
-0.0570066 0.39826 
-0.0295307 0.391674 
0.23437 0.345458 
-0.197746 0.429637 
-0.630145 0.100045 
0.508707 0.254639 
0.484052 0.270673 
-0.148574 0.42008 
-0.334352 0.434412 
-0.629726 0.0325315 
-0.221511 0.433143 
-0.375684 0.42651 
-0.123272 0.41433 
-0.627719 0.122724 
-0.618936 0.16776 
-0.623979 0.145333 
-0.587082 0.252507 
-0.612625 0.18987 
-0.564518 0.291065 
-0.631119 0.054864 
-0.267839 0.437128 
-0.63127 0.0773901 
-0.576378 0.272155 
-0.508858 0.355229 
0.526571 0.241208 
-0.447401 0.398501 
-0.493899 0.367838 
0.627627 0.110856 
-0.413448 0.414282 
-0.395053 0.420884 
0.619166 0.129676 
0.543973 0.226461 
-0.312638 0.436546 
-0.290458 0.43744 
-0.35538 0.431055 
0.647088 0.0103815 
-0.17331 0.425216 
-0.0974027 0.408134 
-0.537707 0.326006 
-0.478698 0.379175 
-0.551453 0.309238 
-0.244855 0.435669 
0.441084 0.292904 
0.421397 0.301142 
0.357631 0.321679 
0.380748 0.315166 
0.401608 0.308424 
0.560572 0.210609 
0.461381 0.283204 
0.014372 0.38176 
0.10448 0.364697 
0.191782 0.351605 
0.332262 0.327856 
0.575073 0.194994 
0.646543 0.0275214 
0.63845 0.0782092 
0.633573 0.0946882 
0.603639 0.157083 
0.610386 0.146021 
0.646597 -0.00679413 
0.642234 0.0615045 
-0.596664 0.232224 
0.592196 0.173709 
-0.605165 0.211393 
-0.0707332 0.401611 
0.0441621 0.375608 
0.074443 0.36988 
0.305349 0.33351 
0.134237 0.359983 
0.163344 0.355669 
0.276914 0.338703 
-0.043271 0.394941 
0.248521 0.343311 
-0.0148989 0.388271 
0.220173 0.347544 
0.644931 0.0445829 
-0.463347 0.389284 
-0.5235 0.341292 
-0.430905 0.406784 
ZONE T="boundary5"
0.559729 -0.257311 
0.5475 -0.279843 
-0.563326 -0.162168 
-0.552551 -0.17918 
-0.277679 -0.415134 
-0.625399 -0.000493737 
-0.615692 -0.0433947 
-0.601759 -0.0849514 
-0.609228 -0.0643699 
-0.573468 -0.144769 
-0.58384 -0.125177 
-0.621091 -0.0221099 
-0.628575 0.0214389 
-0.415265 -0.328939 
-0.231641 -0.436048 
-0.255044 -0.425832 
-0.299979 -0.403762 
-0.530085 -0.211007 
-0.342012 -0.37986 
-0.321178 -0.392129 
-0.361392 -0.367639 
-0.108116 -0.477327 
-0.133645 -0.470421 
-0.0553386 -0.489104 
-0.158954 -0.462769 
-0.207938 -0.445568 
-0.183576 -0.454527 
0.573292 -0.22991 
0.586257 -0.202216 
-0.505555 -0.241707 
-0.492008 -0.257214 
-0.431663 -0.315531 
-0.541568 -0.195272 
-0.518036 -0.226534 
-0.398027 -0.342155 
-0.380394 -0.354835 
-0.477962 -0.272272 
-0.463046 -0.287197 
0.597759 -0.176697 
0.632896 -0.0836774 
-0.593283 -0.105232 
0.0858337 -0.504517 
0.0563595 -0.503248 
-0.0279991 -0.493912 
0.0278772 -0.50103 
-0.000527524 -0.497866 
0.206728 -0.497867 
-0.447622 -0.301599 
0.237593 -0.492706 
0.14575 -0.503731 
0.115313 -0.50471 
0.17608 -0.501494 
0.394139 -0.435946 
0.269051 -0.485734 
0.332424 -0.465561 
0.363578 -0.452045 
0.423633 -0.417209 
0.534468 -0.301344 
0.444882 -0.401366 
0.484478 -0.365152 
0.465231 -0.38398 
0.519101 -0.323754 
0.502599 -0.344863 
0.644003 -0.0325888 
0.641125 -0.0496827 
0.645973 -0.0154042 
0.608778 -0.151011 
0.615524 -0.134295 
0.621878 -0.117445 
0.63739 -0.0667469 
-0.0818166 -0.483611 
0.300723 -0.476764 
0.553735 -0.268645 
-0.558015 -0.170722 
-0.605618 -0.0747053 
-0.578761 -0.135029 
-0.623387 -0.0113289 
-0.618528 -0.0327859 
-0.243381 -0.431027 
-0.288873 -0.409533 
-0.310622 -0.398025 
-0.351748 -0.373822 
-0.120906 -0.473968 
-0.171295 -0.458738 
-0.19579 -0.450137 
-0.146328 -0.466689 
0.579829 -0.216087 
-0.498842 -0.249514 
-0.547125 -0.187271 
-0.524116 -0.218814 
-0.389258 -0.348561 
-0.370942 -0.36131 
-0.47057 -0.279799 
-0.423517 -0.3223 
-0.485049 -0.264802 
0.592056 -0.189476 
-0.597641 -0.0951413 
0.071092 -0.504014 
0.0421099 -0.502258 
-0.0142784 -0.495997 
0.222195 -0.495478 
-0.588675 -0.115258 
0.130538 -0.504374 
-0.511849 -0.234165 
0.348124 -0.459085 
0.409081 -0.426887 
0.434386 -0.409462 
-0.612591 -0.0539218 
0.475011 -0.37473 
0.511016 -0.334442 
-0.535886 -0.203184 
0.4552 -0.392845 
0.379016 -0.444296 
0.541121 -0.290679 
0.642672 -0.0411538 
0.612194 -0.142669 
0.618755 -0.12589 
0.639357 -0.0582361 
-0.219825 -0.440895 
-0.56848 -0.153516 
0.526953 -0.312669 
-0.406697 -0.335614 
-0.627134 0.0104527 
-0.455395 -0.294464 
-0.439699 -0.308631 
0.635231 -0.0752349 
0.627673 -0.100652 
0.603341 -0.163882 
-0.331642 -0.386074 
-0.266402 -0.420567 
0.100574 -0.504751 
-0.0416872 -0.491614 
-0.068598 -0.486457 
0.566615 -0.243663 
0.0136626 -0.499564 
0.160929 -0.502774 
-0.0949899 -0.480567 
0.493706 -0.355162 
0.284957 -0.481489 
0.253372 -0.489437 
0.316668 -0.471427 
0.645106 -0.0240099 
0.191427 -0.499856 
