ZONE T="boundary0"
-4 -1 
-4 -0.144965 
-4 -0.210443 
-4 -0.410169 
-4 -0.475872 
-4 -0.0794863 
-4 0.324765 
-4 0.632559 
-4 -0.274615 
-4 0.0393577 
-4 -0.0200643 
-4 -0.568206 
-4 -0.344466 
-4 0.255152 
-4 0.289959 
-4 0.176047 
-4 -0.660539 
-4 0.149679 
-4 0.379795 
-4 0.434825 
-4 0.533692 
-4 0.81628 
-4 0.228784 
-4 0.202416 
-4 0.0945183 
-4 1 
-4 -0.177704 
-4 -0.44302 
-4 -0.112225 
-4 -0.242529 
-4 0.00964673 
-4 -0.0497753 
-4 -0.30954 
-4 0.272555 
-4 -0.614372 
-4 -0.522039 
-4 -0.83027 
-4 0.484259 
-4 0.40731 
-4 0.724419 
-4 0.2156 
-4 0.307362 
-4 0.35228 
-4 0.162863 
-4 0.241968 
-4 0.122099 
-4 0.189231 
-4 0.066938 
-4 -0.377317 
-4 0.583126 
-4 0.90814 
ZONE T="boundary1"
4 1 
3.78303 1 
0.290835 1 
0.951111 1 
1.06268 1 
-0.459146 1 
-1.30181 1 
-0.557927 1 
-0.656708 1 
1.68393 1 
1.47651 1 
-3.56186 1 
0.0176911 1 
1.89135 1 
1.32538 1 
2.48896 1 
2.707 1 
-2.75611 1 
-2.92999 1 
3.18705 1 
2.94703 1 
2.27091 1 
2.08113 1 
-2.04405 1 
-2.31314 1 
-0.110583 1 
-0.173854 1 
-0.237125 1 
-0.338267 1 
-0.287696 1 
0.492929 1 
0.391882 1 
0.216244 1 
0.141653 1 
0.0796722 1 
-0.046446 1 
-0.946237 1 
-0.884669 1 
-1.00497 1 
-0.823101 1 
0.607797 1 
0.722664 1 
-1.0637 1 
-1.18117 1 
0.836888 1 
-1.42245 1 
-1.52629 1 
-3.78093 1 
1.17425 1 
-3.27776 1 
1.40094 1 
-1.63013 1 
-1.83709 1 
-1.73361 1 
3.37655 1 
3.56605 1 
-2.58223 1 
-3.10387 1 
-2.44768 1 
-4 1 
1.00689 1 
-0.607318 1 
1.58022 1 
1.78764 1 
2.59798 1 
-2.84305 1 
2.82701 1 
-2.17859 1 
-0.142218 1 
-0.205489 1 
-0.312982 1 
-0.398706 1 
0.442405 1 
0.178949 1 
0.0486817 1 
-0.0785145 1 
-0.915453 1 
-0.975603 1 
-0.508536 1 
-0.739905 1 
0.66523 1 
0.341358 1 
-0.853885 1 
-1.12243 1 
0.893999 1 
-1.36213 1 
-1.24149 1 
-3.41981 1 
1.36316 1 
1.24981 1 
0.779776 1 
-1.57821 1 
-1.47437 1 
-1.78535 1 
-1.94057 1 
3.06704 1 
3.89151 1 
3.67454 1 
3.4713 1 
2.17602 1 
2.37993 1 
1.98624 1 
3.2818 1 
-2.66917 1 
-3.19081 1 
-3.01693 1 
-0.26241 1 
0.110663 1 
-0.0143774 1 
0.25354 1 
0.550363 1 
1.43873 1 
-1.68187 1 
1.11846 1 
-2.38041 1 
-2.51496 1 
-1.03433 1 
-3.6714 1 
-3.89047 1 
ZONE T="boundary2"
4 -0.319599 
4 -0.284881 
4 -0.250163 
4 -0.371744 
4 -0.0878208 
4 -0.17128 
4 0.331424 
4 0.391233 
4 0.814004 
4 1 
4 0.298099 
4 0.451042 
4 -0.00436163 
4 -0.558024 
4 -0.423889 
4 -0.692159 
4 0.628009 
4 0.539526 
4 -1 
4 -0.84608 
4 0.079479 
4 0.264775 
4 0.16332 
4 0.214047 
4 -0.30224 
4 -0.345672 
4 -0.12955 
4 0.361328 
4 0.907002 
4 0.314761 
4 0.421137 
4 -0.210722 
4 -0.0460912 
4 -0.397817 
4 -0.625092 
4 0.583767 
4 -0.490957 
4 -0.92304 
4 -0.769119 
4 0.721007 
4 0.281437 
4 -0.267522 
4 0.239411 
4 0.495284 
4 0.188683 
4 0.0375587 
4 0.121399 
ZONE T="boundary3"
-3.73511 -1 
-4 -1 
3.59232 -1 
3.18465 -1 
0.386584 -1 
0.908766 -1 
1.45588 -1 
-0.759413 -1 
-0.648538 -1 
0.244163 -1 
-1.19387 -1 
-1.08495 -1 
-0.414574 -1 
-1.30279 -1 
-3.47022 -1 
-3.19738 -1 
-2.04128 -1 
-1.84794 -1 
-1.48286 -1 
-2.52717 -1 
2.31619 -1 
-3.00856 -1 
-2.81973 -1 
1.92497 -1 
2.08741 -1 
2.54497 -1 
-2.38089 -1 
-2.23461 -1 
0.182294 -1 
0.306031 -1 
0.467137 -1 
0.117818 -1 
0.686049 -1 
-0.00782138 -1 
0.0533411 -1 
-0.139645 -1 
-0.0689839 -1 
-0.210307 -1 
-0.531556 -1 
-0.261373 -1 
-0.31244 -1 
4 -1 
3.79616 -1 
0.797407 -1 
0.576593 -1 
-0.977621 -1 
-0.870288 -1 
1.11469 -1 
1.01173 -1 
1.56797 -1 
1.76254 -1 
1.22923 -1 
1.34378 -1 
-1.6654 -1 
2.77494 -1 
2.97979 -1 
-2.67345 -1 
-3.86756 -1 
3.38848 -1 
-0.703976 -1 
-1.13941 -1 
-1.94461 -1 
-2.91414 -1 
2.00619 -1 
2.43058 -1 
0.275097 -1 
0.42686 -1 
0.150056 -1 
0.213228 -1 
0.346307 -1 
0.0227599 -1 
-0.104315 -1 
-0.174976 -1 
-0.590047 -1 
-0.23584 -1 
-0.473065 -1 
0.0855794 -1 
-0.363507 -1 
3.89808 -1 
0.853087 -1 
0.521865 -1 
-0.923954 -1 
1.06321 -1 
0.960246 -1 
3.69424 -1 
-1.03129 -1 
-1.24833 -1 
-1.39282 -1 
-3.60267 -1 
1.66526 -1 
1.39983 -1 
1.51193 -1 
-2.13795 -1 
-1.75667 -1 
-2.45403 -1 
2.87737 -1 
1.84376 -1 
3.08222 -1 
-2.74659 -1 
-3.10297 -1 
2.2018 -1 
2.65996 -1 
-3.3338 -1 
-0.0384027 -1 
0.631321 -1 
0.741728 -1 
-0.286907 -1 
1.17196 -1 
-2.30775 -1 
-0.81485 -1 
1.28651 -1 
-1.57413 -1 
-2.60031 -1 
ZONE T="boundary4"
0.571841 0.227864 
-0.640267 0.0318728 
0.308079 0.372897 
0.466829 0.318976 
-0.63879 0.00872675 
0.481098 0.31045 
-0.617595 0.169908 
-0.433626 0.348863 
-0.415717 0.354725 
-0.379 0.363916 
-0.266985 0.376107 
-0.242649 0.376899 
-0.524034 0.299328 
-0.487773 0.324002 
-0.469722 0.333647 
-0.314386 0.373112 
-0.291302 0.374861 
-0.640333 0.0551449 
0.633359 0.107175 
-0.635982 0.101762 
-0.631461 0.124854 
-0.638924 0.0784816 
0.63685 0.0920653 
0.6412 0.0615138 
-0.625328 0.147638 
-0.597683 0.211988 
-0.585676 0.231602 
0.642039 0.0461818 
0.628996 0.12219 
-0.572401 0.250153 
-0.608286 0.191537 
-0.557699 0.267729 
-0.541105 0.284592 
0.613984 0.15999 
-0.506043 0.312557 
-0.451117 0.342106 
0.532086 0.271473 
0.520565 0.281664 
-0.397524 0.359715 
0.543269 0.260621 
0.553958 0.249264 
0.601933 0.183026 
0.588383 0.204909 
0.410113 0.345588 
-0.217549 0.377391 
-0.337343 0.370671 
-0.140629 0.378132 
-0.113836 0.378443 
-0.0871489 0.378877 
-0.166524 0.377907 
-0.192493 0.377687 
-0.0320278 0.380215 
-0.00359357 0.381098 
-0.358291 0.367695 
0.333922 0.367917 
0.0247408 0.382039 
0.257391 0.379714 
0.230355 0.382006 
0.639269 0.000105224 
0.641064 0.0154451 
0.38683 0.353796 
0.360481 0.361548 
0.431358 0.336825 
0.508605 0.291308 
0.495077 0.301206 
0.452221 0.326863 
0.11325 0.384457 
0.143389 0.384708 
0.0539461 0.382993 
0.0831225 0.383831 
0.173345 0.384445 
0.282762 0.37675 
0.20333 0.383524 
0.623864 0.136854 
0.64199 0.0307455 
0.639458 0.0769027 
-0.0595305 0.379475 
-0.639701 0.0202906 
-0.424711 0.351906 
-0.254818 0.376551 
-0.478829 0.328971 
-0.302851 0.374065 
-0.63392 0.113348 
-0.637647 0.0901477 
0.635211 0.099644 
-0.621661 0.158844 
-0.628595 0.136302 
-0.591854 0.221901 
0.641731 0.053853 
-0.579208 0.240998 
-0.613136 0.180808 
-0.565222 0.259084 
-0.549578 0.276333 
-0.497013 0.318442 
-0.460488 0.338021 
0.526384 0.276635 
-0.406653 0.357326 
0.53774 0.266111 
0.631281 0.114712 
-0.442419 0.345601 
0.563094 0.238728 
-0.388287 0.361914 
0.595347 0.194084 
-0.230097 0.377178 
-0.325877 0.371987 
-0.127229 0.378274 
-0.100488 0.378642 
-0.179506 0.377802 
-0.0178077 0.380645 
-0.347833 0.369279 
0.321024 0.370543 
0.0105751 0.381565 
-0.515168 0.306114 
-0.64048 0.0435102 
-0.368668 0.365914 
0.243879 0.380964 
0.640273 0.00776212 
-0.279147 0.37555 
-0.639816 0.0668266 
0.398523 0.349845 
0.347237 0.364893 
0.420792 0.341346 
0.51464 0.286554 
0.488141 0.30591 
0.474011 0.314793 
0.501901 0.296339 
0.459567 0.322998 
0.128317 0.384638 
0.0685342 0.383433 
0.158365 0.384649 
0.270086 0.378336 
0.216845 0.382854 
-0.153574 0.378014 
0.295436 0.374941 
-0.532716 0.292128 
0.626527 0.129555 
0.642126 0.0384625 
0.548676 0.255002 
0.640441 0.0692201 
0.638262 0.0845018 
0.641635 0.0230882 
-0.603166 0.201857 
-0.205018 0.377556 
0.0981846 0.384182 
-0.0457749 0.379829 
0.373705 0.357848 
-0.0733368 0.379157 
0.188337 0.384076 
0.0393441 0.382523 
0.441859 0.331991 
0.580316 0.216534 
0.608178 0.171622 
0.619157 0.14852 
ZONE T="boundary5"
-0.427258 -0.353472 
-0.444914 -0.338698 
0.598479 -0.118295 
-0.62 -0.0815878 
-0.56018 -0.20545 
-0.571819 -0.186728 
-0.495359 -0.289747 
-0.510563 -0.272514 
-0.635969 -0.0142218 
-0.63879 0.00872675 
-0.626528 -0.059385 
-0.631863 -0.0369353 
0.476699 -0.320719 
-0.58275 -0.167597 
-0.409097 -0.36763 
-0.174209 -0.484973 
-0.200844 -0.476473 
-0.326842 -0.420923 
-0.278464 -0.445494 
-0.302879 -0.433646 
-0.348904 -0.408175 
-0.036444 -0.513552 
-0.0923912 -0.504947 
-0.14722 -0.492562 
-0.119995 -0.49921 
-0.0646242 -0.50972 
-0.523877 -0.256234 
0.587299 -0.139222 
-0.536623 -0.23952 
-0.548663 -0.222664 
-0.390028 -0.381471 
-0.370496 -0.39466 
-0.479483 -0.306386 
-0.462506 -0.322865 
0.534123 -0.2308 
-0.593674 -0.146506 
0.575604 -0.159933 
0.522198 -0.251083 
0.509262 -0.272447 
0.629027 -0.0451907 
0.633217 -0.0302029 
0.63664 -0.0151227 
0.466638 -0.333926 
0.0492295 -0.5189 
0.0205235 -0.518181 
-0.00817411 -0.516374 
0.0783486 -0.518482 
0.107359 -0.516864 
0.252319 -0.487671 
0.223688 -0.496639 
0.136433 -0.51397 
0.16552 -0.509713 
0.194822 -0.503933 
0.280593 -0.47692 
0.308538 -0.464208 
-0.603552 -0.125123 
0.387524 -0.414184 
0.362129 -0.432888 
0.434649 -0.371018 
0.456257 -0.346753 
0.495805 -0.293427 
-0.61234 -0.103475 
0.411661 -0.393594 
0.639269 0.000105224 
0.560878 -0.185203 
0.624137 -0.0600018 
0.612397 -0.0893409 
0.545997 -0.210521 
-0.227166 -0.46704 
-0.25301 -0.456729 
0.33581 -0.449521 
-0.436151 -0.346163 
-0.566083 -0.19614 
-0.503046 -0.281205 
-0.637545 -0.00276628 
-0.623408 -0.0705273 
-0.634074 -0.0256055 
-0.187563 -0.48084 
-0.290725 -0.43968 
-0.337929 -0.414646 
-0.133635 -0.496004 
-0.160747 -0.488885 
-0.517292 -0.264432 
-0.554489 -0.214102 
-0.530318 -0.247928 
-0.399622 -0.374632 
-0.35976 -0.401514 
-0.471074 -0.314706 
-0.588329 -0.157111 
-0.418238 -0.360628 
-0.487502 -0.298142 
-0.314919 -0.427394 
0.581499 -0.149601 
-0.453783 -0.330863 
0.592966 -0.128797 
0.515783 -0.261799 
0.631212 -0.0377221 
-0.542707 -0.231137 
-0.380318 -0.388148 
0.00616794 -0.517411 
0.0637933 -0.518838 
-0.0223202 -0.51509 
-0.629346 -0.0481943 
0.238069 -0.492362 
0.18021 -0.50701 
0.121914 -0.515579 
0.294669 -0.470793 
-0.598737 -0.135871 
0.374992 -0.423766 
0.445646 -0.359064 
0.461495 -0.34038 
0.486422 -0.307198 
0.502613 -0.28299 
-0.616307 -0.0925778 
0.471715 -0.327359 
-0.608076 -0.114351 
0.528176 -0.240949 
0.626664 -0.0526235 
0.638056 -0.0075267 
-0.577376 -0.177214 
0.568272 -0.17258 
0.540057 -0.220657 
0.605649 -0.103916 
0.635024 -0.0226849 
0.618549 -0.0747832 
0.553438 -0.197856 
-0.214046 -0.471873 
-0.265788 -0.451227 
-0.0505498 -0.511761 
-0.0785273 -0.507454 
0.0928642 -0.517826 
-0.106217 -0.502199 
0.034875 -0.518678 
0.151004 -0.512014 
0.209305 -0.500482 
0.322298 -0.457099 
-0.240134 -0.462 
0.399772 -0.404107 
0.266538 -0.482513 
0.349114 -0.441438 
0.423346 -0.382509 
