ZONE T="boundary0"
-4 -1 
-4 -0.428234 
-4 -0.363304 
-4 0.317381 
-4 0.413435 
-4 1 
-4 0.486755 
-4 0.670057 
-4 0.560076 
-4 0.0504913 
-4 -0.0173232 
-4 -0.0833947 
-4 -0.31649 
-4 0.217578 
-4 0.267479 
-4 0.167942 
-4 0.118306 
-4 0.242529 
-4 -0.149466 
-4 -0.209571 
-4 -0.269676 
-4 -0.493165 
-4 -0.605217 
-4 -0.71727 
-4 0.780038 
-4 -0.395769 
-4 0.365408 
-4 0.450095 
-4 0.615066 
-4 0.0165841 
-4 -0.339897 
-4 0.29243 
-4 0.523416 
-4 0.143124 
-4 0.230053 
-4 -0.11643 
-4 -0.0503589 
-4 -0.239623 
-4 -0.179519 
-4 -0.661244 
-4 0.725047 
-4 -0.858635 
-4 0.890019 
-4 0.19276 
-4 0.255004 
-4 0.0843986 
-4 -0.293083 
-4 -0.4607 
-4 -0.549191 
ZONE T="boundary1"
-3.79808 1 
-4 1 
-0.84551 1 
-0.944425 1 
0.696443 1 
-0.0379375 1 
-0.111895 1 
0.154263 1 
0.0754345 1 
0.0187485 1 
-1.18868 1 
-0.50136 1 
0.21965 1 
0.285037 1 
0.589921 1 
1.31163 1 
-1.28662 1 
-1.41187 1 
1.21259 1 
4 1 
3.64437 1 
3.46655 1 
1.65014 1 
1.48906 1 
-3.18037 1 
1.81123 1 
2.02481 1 
2.23838 1 
2.89103 1 
2.56471 1 
3.08988 1 
-2.3148 1 
-0.239044 1 
-0.352049 1 
-0.770295 1 
0.4834 1 
0.384219 1 
-1.01758 1 
-1.09074 1 
-0.175469 1 
-0.295546 1 
-3.59521 1 
-0.59822 1 
0.801082 1 
1.00963 1 
0.905721 1 
-1.53711 1 
1.11354 1 
-1.89344 1 
-1.71527 1 
-2.10412 1 
-2.96839 1 
-2.64159 1 
-2.4782 1 
-3.39235 1 
3.28873 1 
-2.80499 1 
-0.69508 1 
3.82218 1 
-3.89904 1 
-0.894968 1 
-0.0749164 1 
0.252343 1 
0.643182 1 
-1.34924 1 
1.5696 1 
1.91802 1 
2.72787 1 
2.99046 1 
-0.00959448 1 
0.114849 1 
0.186956 1 
-0.807903 1 
0.433809 1 
-1.05416 1 
-0.426705 1 
-0.267295 1 
-0.54979 1 
0.334628 1 
0.748762 1 
-3.69665 1 
-1.23765 1 
0.957676 1 
0.853401 1 
-1.47449 1 
-1.13971 1 
1.06159 1 
1.26211 1 
1.40034 1 
1.16306 1 
-1.80436 1 
-1.99878 1 
-3.07438 1 
-2.20946 1 
-2.5599 1 
-3.28636 1 
-3.49378 1 
3.18931 1 
1.73069 1 
-1.62619 1 
-2.72329 1 
2.13159 1 
2.40155 1 
-0.143682 1 
0.0470915 1 
-0.207256 1 
-0.323798 1 
0.536661 1 
-0.732687 1 
-0.64665 1 
3.91109 1 
3.55546 1 
3.37764 1 
-0.981004 1 
3.73328 1 
-2.88669 1 
-2.3965 1 
ZONE T="boundary2"
4 -0.364359 
4 -0.31956 
4 -0.0231227 
4 -0.272791 
4 0.291448 
4 0.321023 
4 -0.203425 
4 1 
4 0.76737 
4 -0.475805 
4 -0.542453 
4 -0.150836 
4 -0.0982461 
4 -0.675748 
4 -0.409157 
4 0.0520008 
4 0.127361 
4 0.534741 
4 0.374453 
4 0.651055 
4 0.261872 
4 0.232296 
4 0.427882 
4 0.202721 
4 -1 
4 -0.837874 
4 -0.341959 
4 0.306236 
4 -0.238108 
4 0.883685 
4 -0.509129 
4 -0.177131 
4 -0.124541 
4 -0.609101 
4 0.014439 
4 -0.0606844 
4 0.0896808 
4 0.247084 
4 0.401167 
4 0.347738 
4 0.27666 
4 0.165041 
4 0.217509 
4 -0.386758 
4 -0.296175 
4 -0.442481 
4 0.481311 
4 0.592898 
4 0.709213 
4 -0.918937 
4 -0.756811 
ZONE T="boundary3"
-3.75 -1 
-4 -1 
0.200942 -1 
0.0509758 -1 
-0.612527 -1 
-0.701596 -1 
0.252527 -1 
0.317177 -1 
-0.0712262 -1 
-0.0101252 -1 
0.725109 -1 
3.51515 -1 
1.37615 -1 
1.05389 -1 
1.2972 -1 
-0.982731 -1 
-0.399767 -1 
1.75392 -1 
-3.14326 -1 
-2.96116 -1 
3.14502 -1 
2.93553 -1 
-1.38125 -1 
-3.32536 -1 
-3.53768 -1 
-2.74121 -1 
-2.52127 -1 
-2.06107 -1 
-1.85867 -1 
0.381826 -1 
0.552375 -1 
0.883035 -1 
0.149358 -1 
-0.220175 -1 
-0.1457 -1 
-0.265073 -1 
-0.309971 -1 
-0.790665 -1 
-0.506147 -1 
1.13608 -1 
1.21826 -1 
0.968463 -1 
0.804072 -1 
1.48488 -1 
1.59362 -1 
-1.11081 -1 
-1.52362 -1 
-1.23888 -1 
1.91422 -1 
-1.69114 -1 
2.72605 -1 
3.75758 -1 
-2.26347 -1 
2.11009 -1 
2.516 -1 
4 -1 
2.30595 -1 
2.62103 -1 
-3.875 -1 
-0.657062 -1 
0.284852 -1 
-0.0406757 -1 
-3.05221 -1 
-3.43152 -1 
-2.63124 -1 
-1.95987 -1 
0.4671 -1 
0.638742 -1 
0.100167 -1 
0.226735 -1 
0.0204253 -1 
-0.108463 -1 
0.17515 -1 
-0.242624 -1 
0.349501 -1 
-0.354869 -1 
-0.886698 -1 
-0.452957 -1 
1.17717 -1 
0.925749 -1 
0.76459 -1 
-0.559337 -1 
1.09499 -1 
1.25773 -1 
1.33668 -1 
1.53925 -1 
1.43051 -1 
1.83407 -1 
1.67377 -1 
-1.17484 -1 
-2.85119 -1 
-1.7749 -1 
2.83079 -1 
-3.64384 -1 
3.63637 -1 
3.33008 -1 
-2.39237 -1 
2.01215 -1 
-3.23431 -1 
3.04028 -1 
-2.16227 -1 
-0.182937 -1 
-0.287522 -1 
0.843553 -1 
1.01118 -1 
3.87879 -1 
2.20802 -1 
2.41098 -1 
2.67354 -1 
2.56852 -1 
-1.04677 -1 
-0.746131 -1 
-1.31007 -1 
-1.60738 -1 
-1.45244 -1 
ZONE T="boundary4"
0.646601 -0.017274 
-0.618949 0.0885823 
-0.405443 0.44089 
-0.618169 0.0259435 
-0.619606 0.0465972 
-0.616827 0.109797 
0.640479 0.0197419 
-0.527761 0.324456 
0.647738 -0.0361101 
0.635462 0.0377791 
-0.370126 0.462428 
-0.388554 0.451708 
-0.351268 0.472298 
-0.330996 0.481738 
-0.613518 0.131 
-0.609043 0.152149 
-0.464832 0.39414 
-0.451322 0.406102 
-0.596814 0.193827 
-0.603453 0.173119 
-0.581039 0.233517 
-0.571913 0.252807 
-0.619873 0.067499 
-0.561938 0.271708 
-0.589359 0.213834 
-0.243157 0.509898 
-0.219782 0.514137 
-0.266371 0.504371 
-0.539807 0.307547 
-0.551112 0.290135 
-0.515782 0.339888 
-0.503214 0.35483 
-0.477912 0.38169 
-0.490805 0.368497 
-0.421888 0.429376 
-0.436819 0.418022 
-0.288499 0.497849 
-0.310353 0.490168 
-0.145421 0.518975 
-0.17086 0.518789 
0.644203 0.00128359 
-0.12012 0.517647 
-0.0939347 0.514675 
-0.0680556 0.510127 
-0.195337 0.51717 
0.620911 0.0738503 
0.610916 0.0921979 
0.330855 0.298416 
0.307758 0.311562 
0.284701 0.325096 
0.260018 0.340096 
0.352965 0.286123 
0.375025 0.274024 
0.402145 0.259181 
0.429028 0.244291 
0.502561 0.200141 
-0.0154819 0.495913 
0.010571 0.486395 
0.086476 0.449816 
0.111052 0.435526 
0.135362 0.420528 
0.159972 0.404737 
0.184493 0.388689 
0.570131 0.144987 
0.0363567 0.475393 
0.550395 0.163756 
0.529383 0.180985 
0.629086 0.0555534 
0.599606 0.109582 
0.585514 0.12791 
0.560447 0.15457 
0.209914 0.372027 
0.235444 0.355541 
0.0617137 0.463107 
-0.0415457 0.503796 
0.452042 0.231225 
0.474757 0.217805 
0.516124 0.190781 
-0.619034 0.0362608 
0.638134 0.0288071 
-0.379399 0.457171 
-0.341187 0.47714 
-0.397053 0.446387 
-0.611421 0.141605 
-0.45813 0.400182 
-0.600258 0.183514 
-0.576578 0.243211 
-0.619888 0.0570469 
-0.567031 0.262314 
-0.593198 0.203872 
-0.231498 0.512177 
-0.2548 0.507292 
-0.545554 0.298903 
-0.509571 0.347421 
-0.521847 0.332232 
-0.484419 0.375153 
-0.471428 0.387974 
-0.497072 0.36172 
-0.360752 0.467469 
-0.429407 0.42377 
-0.277476 0.501253 
-0.533874 0.316066 
-0.320724 0.486079 
-0.158142 0.519072 
-0.107007 0.516362 
-0.0809641 0.512596 
-0.615317 0.120422 
-0.207581 0.515828 
-0.132762 0.5185 
0.647327 -0.0266818 
0.616095 0.0831252 
-0.585302 0.22372 
-0.618035 0.099205 
-0.299474 0.494148 
0.642506 0.010547 
-0.619559 0.0780479 
0.296208 0.318285 
0.272336 0.332543 
0.341902 0.292245 
0.363993 0.280062 
0.415604 0.251761 
-0.413723 0.435218 
-0.00239608 0.491336 
0.098813 0.442767 
0.123245 0.428096 
0.172241 0.396728 
0.540031 0.172551 
0.632437 0.0467262 
-0.444126 0.412131 
0.625175 0.0647827 
0.645562 -0.00797362 
0.57798 0.136594 
0.565337 0.149829 
0.388593 0.266607 
-0.18311 0.518155 
0.319291 0.304951 
0.197198 0.380346 
0.222662 0.363749 
0.023528 0.48106 
0.0490983 0.469396 
-0.0284616 0.500045 
0.440557 0.237795 
0.463436 0.224578 
0.522795 0.185941 
0.147692 0.412675 
0.247706 0.347774 
-0.0547572 0.507164 
0.0741522 0.456581 
0.488754 0.209128 
-0.606381 0.162671 
-0.55663 0.280984 
0.555465 0.159211 
0.592744 0.118891 
0.509377 0.195512 
0.605426 0.101 
ZONE T="boundary5"
0.62036 -0.182493 
-0.55929 -0.140788 
-0.549084 -0.156062 
-0.1933 -0.406559 
-0.215467 -0.398011 
-0.618169 0.0259435 
-0.568884 -0.125011 
-0.577936 -0.108491 
0.59434 -0.244658 
-0.594496 -0.0720656 
-0.607128 -0.0340181 
-0.60131 -0.0532648 
-0.503989 -0.211537 
-0.615588 0.00559789 
-0.47843 -0.237453 
-0.491529 -0.224544 
-0.611898 -0.0143935 
-0.336821 -0.340571 
-0.124388 -0.429796 
-0.147758 -0.422468 
-0.278404 -0.370653 
-0.258035 -0.380032 
-0.298568 -0.360831 
-0.317807 -0.350923 
-0.354798 -0.33022 
-0.372526 -0.319418 
-0.10009 -0.436824 
-0.170949 -0.41464 
-0.236849 -0.389245 
0.647738 -0.0361101 
-0.516053 -0.198153 
-0.53857 -0.170512 
-0.527551 -0.18453 
0.636367 -0.130576 
-0.421281 -0.28601 
-0.405738 -0.297327 
-0.389277 -0.308604 
-0.464979 -0.249977 
-0.450914 -0.262322 
-0.436489 -0.274225 
-0.586691 -0.0904852 
0.506699 -0.361939 
0.647643 -0.055016 
0.237144 -0.469659 
0.029508 -0.464195 
0.00246911 -0.459902 
0.0578729 -0.467872 
-0.0244178 -0.454885 
0.116343 -0.472693 
0.146398 -0.473655 
0.176822 -0.473517 
0.207233 -0.472194 
0.288485 -0.462158 
0.646384 -0.0739121 
0.262882 -0.466423 
-0.0756183 -0.443298 
0.311866 -0.457275 
-0.0501014 -0.449404 
0.335037 -0.451421 
0.359532 -0.444025 
0.383794 -0.43534 
0.409373 -0.424526 
0.459685 -0.397218 
0.483787 -0.380566 
0.434464 -0.412019 
0.587624 -0.258016 
0.640674 -0.111665 
0.644028 -0.0928425 
0.547359 -0.319616 
0.527798 -0.341738 
0.565049 -0.29584 
0.576816 -0.277376 
0.613242 -0.201332 
0.604184 -0.223175 
0.631276 -0.14923 
0.0863624 -0.470695 
-0.554266 -0.148478 
-0.204406 -0.402344 
-0.573506 -0.116804 
-0.604351 -0.0436809 
-0.564173 -0.132952 
-0.485025 -0.231045 
-0.613883 -0.00442313 
-0.136094 -0.426195 
-0.268245 -0.375397 
-0.327344 -0.345803 
-0.308215 -0.355931 
-0.363696 -0.324876 
-0.159375 -0.418617 
-0.112259 -0.433379 
-0.226181 -0.393684 
-0.510074 -0.204893 
-0.34584 -0.33545 
-0.543896 -0.163338 
-0.521859 -0.19139 
-0.413551 -0.291725 
-0.397547 -0.303024 
-0.443747 -0.268329 
-0.457993 -0.256203 
-0.471749 -0.243763 
-0.582429 -0.0995439 
-0.42893 -0.280176 
0.647841 -0.0455632 
-0.590714 -0.0813264 
-0.380937 -0.314066 
0.0159731 -0.462141 
0.131366 -0.473307 
0.192034 -0.473008 
0.647154 -0.0644729 
0.275706 -0.464422 
-0.0878734 -0.440131 
0.3002 -0.459834 
-0.0372774 -0.452225 
0.34733 -0.447872 
-0.609649 -0.0242384 
0.396665 -0.430126 
0.495429 -0.371482 
0.471894 -0.389121 
0.42202 -0.418476 
-0.0109919 -0.457483 
0.638627 -0.121145 
0.537811 -0.330884 
0.556454 -0.307915 
0.582354 -0.267772 
0.571071 -0.286697 
0.616872 -0.191939 
0.608807 -0.212292 
0.633914 -0.139928 
0.626069 -0.165943 
-0.288514 -0.365797 
0.250029 -0.468166 
-0.598029 -0.0627106 
0.642469 -0.102274 
0.645336 -0.083393 
-0.497806 -0.218086 
-0.533124 -0.177571 
0.37172 -0.439841 
0.222202 -0.471084 
-0.0628793 -0.446428 
0.323483 -0.454472 
-0.247467 -0.384695 
-0.182146 -0.410658 
0.101344 -0.47182 
0.0721061 -0.469393 
0.517454 -0.352055 
0.0436761 -0.466139 
0.447207 -0.404845 
0.599369 -0.233965 
-0.617023 0.015753 
0.591035 -0.251364 
0.16161 -0.47373 
