ZONE T="boundary0"
-4 -0.377024 
-4 0.829714 
-4 0.659427 
-4 -0.304128 
-4 -0.0419638 
-4 0.0441262 
-4 0.492062 
-4 0.383859 
-4 0.331445 
-4 0.575745 
-4 -0.230843 
-4 -0.187192 
-4 -0.143542 
-4 1 
-4 -0.497391 
-4 -0.0927528 
-4 -0.68206 
-4 -0.589726 
-4 -0.84103 
-4 -1 
-4 0.279031 
-4 0.204624 
-4 0.130216 
-4 0.241827 
-4 0.0871712 
-4 0.74457 
-4 -0.340576 
-4 0.00108122 
-4 0.437961 
-4 0.533903 
-4 -0.209018 
-4 -0.165367 
-4 -0.267485 
-4 -0.437207 
-4 -0.118147 
-4 -0.0673583 
-4 -0.635893 
-4 0.357652 
-4 -0.543558 
-4 -0.761545 
-4 0.617586 
-4 0.914857 
-4 -0.920515 
-4 0.305238 
-4 0.16742 
-4 0.0656487 
-4 0.108694 
-4 0.223225 
-4 0.260429 
ZONE T="boundary1"
1.96213 1 
1.78547 1 
1.26866 1 
1.17696 1 
1.04831 1 
0.919653 1 
0.801677 1 
0.159297 1 
-1.17586 1 
0.474265 1 
-2.72577 1 
-0.166984 1 
4 1 
3.85663 1 
0.578983 1 
0.683701 1 
-1.75701 1 
-1.93021 1 
-3.76197 1 
-4 1 
-3.37488 1 
3.56988 1 
3.42651 1 
2.65225 1 
2.9091 1 
1.36037 1 
-2.259 1 
-2.41459 1 
-2.97579 1 
-3.22581 1 
3.1678 1 
-0.107894 1 
-0.0426892 1 
-0.52787 1 
-0.442205 1 
0.0909067 1 
0.0225159 1 
-0.839946 1 
-0.291307 1 
-0.226074 1 
-0.35654 1 
0.388861 1 
0.303458 1 
-1.06489 1 
-0.630165 1 
-0.732461 1 
-0.681313 1 
-0.786203 1 
-1.28684 1 
0.231378 1 
-0.952416 1 
-0.896181 1 
-1.47172 1 
-1.37928 1 
3.71325 1 
-3.52394 1 
-1.61436 1 
-2.10341 1 
2.39541 1 
2.13879 1 
1.54378 1 
1.66462 1 
1.45207 1 
1.8738 1 
1.22281 1 
0.983979 1 
3.92831 1 
0.631342 1 
0.742689 1 
-1.84361 1 
-3.88099 1 
3.49819 1 
2.78067 1 
-2.3368 1 
-3.1008 1 
3.03845 1 
-0.0752918 1 
-0.485038 1 
0.0567113 1 
-0.258691 1 
0.125102 1 
-0.323924 1 
-0.137439 1 
0.346159 1 
-0.579018 1 
-0.706887 1 
-0.759332 1 
-1.23135 1 
0.526624 1 
0.860665 1 
-0.0100867 1 
0.195338 1 
-1.12037 1 
-1.00865 1 
-0.924298 1 
-1.4255 1 
1.11263 1 
-1.33306 1 
-1.68569 1 
-1.54304 1 
3.29715 1 
-2.01681 1 
2.2671 1 
1.6042 1 
3.78494 1 
2.05046 1 
1.40622 1 
1.72504 1 
-2.18121 1 
-2.57018 1 
-3.44941 1 
-2.85078 1 
-3.30034 1 
3.64157 1 
2.52383 1 
-0.196529 1 
-0.813074 1 
-0.399373 1 
0.267418 1 
0.431563 1 
-0.655739 1 
-0.868063 1 
-3.64296 1 
1.31451 1 
1.49792 1 
ZONE T="boundary2"
4 -0.82436 
4 -0.64872 
4 -0.238041 
4 -0.169797 
4 0.0734945 
4 -0.0764118 
4 -0.123104 
4 0.166657 
4 0.315142 
4 0.236855 
4 0.370662 
4 0.426182 
4 0.525111 
4 1 
4 -0.549528 
4 -0.450335 
4 -1 
4 -0.00145868 
4 0.624039 
4 0.81202 
4 -0.306284 
4 -0.37831 
4 -0.73654 
4 -0.203919 
4 -0.0997581 
4 0.120076 
4 0.201756 
4 0.398422 
4 -0.499932 
4 -0.91218 
4 0.275998 
4 0.342902 
4 0.0360179 
4 0.574575 
4 0.475646 
4 0.718029 
4 -0.0389352 
4 0.90601 
4 -0.146451 
4 -0.272162 
4 -0.342297 
4 -0.414323 
4 -0.599124 
ZONE T="boundary3"
-3.18285 -1 
-0.0892594 -1 
-0.151684 -1 
1.97853 -1 
2.16649 -1 
0.106438 -1 
0.170422 -1 
0.689092 -1 
1.27791 -1 
1.1363 -1 
0.789149 -1 
0.994688 -1 
0.943303 -1 
-1.52803 -1 
-1.37241 -1 
-0.919798 -1 
-0.811389 -1 
1.64905 -1 
1.79057 -1 
3.22117 -1 
3.04953 -1 
-1.88255 -1 
-1.68364 -1 
4 -1 
3.5 -1 
-2.54894 -1 
-2.08145 -1 
-2.3152 -1 
-2.86589 -1 
0.042453 -1 
-0.0234032 -1 
0.249603 -1 
0.328785 -1 
-0.333475 -1 
-0.273791 -1 
0.613067 -1 
0.537042 -1 
0.840534 -1 
0.891919 -1 
0.432914 -1 
-0.452842 -1 
-3.75 -1 
-4 -1 
-0.577911 -1 
1.39272 -1 
1.50752 -1 
-0.70298 -1 
-1.03817 -1 
-1.26447 -1 
-1.15654 -1 
1.57828 -1 
-3.34142 -1 
-3.5 -1 
3.75 -1 
2.5362 -1 
2.35135 -1 
2.87789 -1 
2.70705 -1 
-0.214108 -1 
1.06549 -1 
-0.120471 -1 
2.07251 -1 
0.13843 -1 
1.20711 -1 
0.968996 -1 
-1.45022 -1 
-0.865593 -1 
1.71981 -1 
3.13535 -1 
-1.78309 -1 
-2.19832 -1 
0.73912 -1 
0.0095249 -1 
-0.303633 -1 
0.575055 -1 
0.0744452 -1 
0.289194 -1 
0.651079 -1 
0.866226 -1 
0.484978 -1 
0.380849 -1 
-3.875 -1 
-0.393158 -1 
-0.515376 -1 
1.45012 -1 
-0.757184 -1 
-0.978982 -1 
-1.60583 -1 
-1.2105 -1 
-1.31844 -1 
-1.09735 -1 
1.61367 -1 
-3.26213 -1 
-3.625 -1 
1.88455 -1 
1.5429 -1 
-2.43207 -1 
-3.02437 -1 
-2.70742 -1 
3.625 -1 
3.875 -1 
2.44377 -1 
-3.42071 -1 
2.25892 -1 
2.79247 -1 
2.96371 -1 
3.36058 -1 
-1.982 -1 
-0.0563313 -1 
-0.182896 -1 
0.210013 -1 
-0.243949 -1 
1.1009 -1 
1.03009 -1 
0.917611 -1 
-0.640445 -1 
1.33532 -1 
0.814841 -1 
2.62162 -1 
ZONE T="boundary4"
-0.0851313 0.497704 
-0.204357 0.520526 
-0.181078 0.519492 
-0.037959 0.476656 
-0.0144225 0.463793 
-0.227811 0.519909 
-0.611179 0.0496285 
0.636072 0.0305065 
0.640747 0.00828133 
-0.592323 0.206555 
-0.609257 0.0302639 
-0.42306 0.446432 
-0.133165 0.512162 
-0.108893 0.505749 
-0.352811 0.487922 
0.629569 0.0521381 
-0.441458 0.432171 
-0.459152 0.416892 
-0.612162 0.0890001 
-0.611186 0.108908 
-0.586117 0.225189 
-0.579296 0.243303 
-0.496703 0.378485 
-0.516976 0.353559 
-0.314154 0.503139 
-0.29336 0.509299 
-0.60631 0.14868 
-0.602462 0.168369 
-0.612155 0.069232 
-0.370894 0.479038 
-0.597784 0.187635 
0.510621 0.19634 
0.490661 0.208213 
-0.563773 0.278149 
-0.571785 0.261113 
-0.555082 0.294816 
-0.546009 0.310639 
-0.333636 0.496096 
-0.477456 0.399281 
-0.536342 0.326078 
0.530413 0.182839 
0.549392 0.167808 
0.434636 0.235183 
0.452543 0.227351 
-0.406063 0.458264 
-0.388584 0.469188 
-0.272372 0.514135 
-0.250104 0.517777 
-0.156945 0.516679 
-0.0614705 0.487973 
0.566059 0.152413 
0.58164 0.135553 
-0.609232 0.128811 
0.470247 0.218947 
0.324633 0.276058 
0.348876 0.26746 
0.372941 0.2589 
0.211385 0.322442 
0.294619 0.287015 
0.0560623 0.41845 
0.0324967 0.434424 
0.158092 0.351217 
0.184551 0.336255 
0.0806525 0.401502 
0.105504 0.384574 
0.131546 0.36752 
0.237881 0.310075 
0.621165 0.0732462 
0.609761 0.095608 
0.64359 -0.0141368 
0.644722 -0.036922 
0.403981 0.247442 
0.00885328 0.449752 
0.26448 0.298768 
0.596523 0.116374 
-0.192711 0.520214 
-0.0261276 0.470372 
0.638641 0.0194437 
-0.120982 0.509171 
0.633052 0.0413934 
-0.096957 0.501926 
-0.450402 0.42465 
-0.611796 0.098961 
-0.582792 0.23428 
-0.507047 0.366197 
-0.303801 0.506379 
-0.604499 0.158548 
-0.61228 0.0791169 
-0.595152 0.197125 
-0.600228 0.178029 
0.500721 0.202421 
-0.567865 0.269673 
-0.589311 0.215904 
-0.550622 0.302773 
-0.343277 0.492143 
-0.487234 0.389031 
-0.526898 0.339993 
-0.468423 0.408216 
-0.432352 0.439427 
0.540039 0.175506 
0.443614 0.23133 
-0.39739 0.463837 
-0.414632 0.452453 
-0.611788 0.0594251 
-0.282902 0.511881 
-0.323942 0.499757 
-0.379799 0.474226 
-0.559512 0.286528 
-0.238975 0.51903 
-0.145022 0.514632 
-0.0732385 0.493025 
-0.541249 0.318406 
0.574019 0.144145 
-0.575629 0.252247 
-0.261267 0.516141 
0.461427 0.223226 
-0.61033 0.118872 
-0.168991 0.518306 
0.520625 0.189758 
-0.607889 0.138764 
0.336755 0.271747 
0.360916 0.263195 
0.309617 0.281472 
0.480514 0.213705 
-0.0496493 0.482483 
0.0443008 0.426484 
0.171261 0.343604 
-0.361907 0.483599 
0.19791 0.32921 
0.0930526 0.393001 
0.144758 0.359253 
0.224589 0.31613 
0.644367 -0.0255182 
0.64239 -0.00289907 
-0.21609 0.520425 
0.388491 0.253246 
0.0207148 0.442175 
0.0683566 0.409982 
-0.00273088 0.45689 
0.251144 0.304311 
0.11848 0.375964 
0.279524 0.292782 
-0.610337 0.0399352 
0.625598 0.0627861 
0.589295 0.126135 
0.603385 0.10615 
0.557869 0.160272 
0.615734 0.0845686 
0.419355 0.241446 
ZONE T="boundary5"
-0.564109 -0.111832 
-0.572173 -0.0956917 
-0.519383 -0.181871 
-0.509368 -0.19475 
0.64227 -0.0827105 
-0.586553 -0.0617736 
-0.579614 -0.0791485 
-0.606417 0.0111874 
-0.602695 -0.00756583 
-0.609257 0.0302639 
-0.598121 -0.0259865 
0.489783 -0.397664 
-0.0781691 -0.461076 
-0.192918 -0.421879 
-0.213307 -0.413223 
-0.233486 -0.404112 
-0.252632 -0.394945 
-0.289566 -0.375724 
-0.307347 -0.365693 
-0.271565 -0.385354 
-0.324241 -0.355652 
-0.103083 -0.453878 
-0.126429 -0.446488 
-0.149567 -0.438532 
-0.0530524 -0.467625 
-0.171347 -0.430456 
-0.488092 -0.219998 
-0.547412 -0.141057 
-0.53839 -0.155112 
-0.356698 -0.334819 
-0.372246 -0.324038 
-0.340904 -0.345224 
-0.401394 -0.30219 
-0.386954 -0.313298 
-0.465452 -0.244395 
0.622978 -0.174207 
0.629163 -0.151454 
0.503203 -0.386387 
0.310016 -0.479732 
0.340235 -0.472122 
-0.421677 -0.285518 
-0.441282 -0.26804 
0.401476 -0.450351 
0.370297 -0.462602 
0.46162 -0.418033 
0.447016 -0.427122 
0.540107 -0.348281 
0.146456 -0.494709 
0.117792 -0.493605 
0.0880737 -0.491437 
0.000860442 -0.479319 
0.0584621 -0.488273 
0.0295801 -0.484242 
-0.0261914 -0.473852 
0.202256 -0.493923 
0.28228 -0.485188 
0.175149 -0.494806 
0.229311 -0.492041 
0.255736 -0.489174 
0.581517 -0.285011 
0.432032 -0.43556 
0.475937 -0.408187 
0.51604 -0.374447 
0.52842 -0.361678 
0.638988 -0.105651 
0.57046 -0.305098 
0.556023 -0.327426 
0.610264 -0.214722 
0.616855 -0.194545 
0.601293 -0.23978 
0.605886 -0.227291 
0.634574 -0.128512 
-0.592722 -0.0440805 
0.644232 -0.0598208 
0.644722 -0.036922 
0.591474 -0.263944 
-0.568222 -0.103802 
-0.514419 -0.188345 
-0.575979 -0.0874586 
-0.604668 0.00178911 
-0.607953 0.0207091 
-0.600517 -0.0168026 
-0.203137 -0.417608 
-0.243085 -0.399581 
-0.298485 -0.370759 
-0.280592 -0.380589 
-0.315822 -0.36072 
-0.138023 -0.442581 
-0.0656331 -0.464433 
-0.182158 -0.42623 
-0.556019 -0.126593 
-0.529088 -0.168635 
-0.542959 -0.148122 
-0.364505 -0.329476 
-0.348831 -0.340068 
-0.394209 -0.307791 
-0.476913 -0.232329 
0.32518 -0.476143 
-0.431568 -0.27688 
0.385998 -0.456759 
0.454369 -0.422659 
-0.379633 -0.318713 
0.132119 -0.49428 
0.102923 -0.492648 
0.0440045 -0.486371 
-0.0126859 -0.476682 
0.188706 -0.494486 
0.215793 -0.49311 
-0.332602 -0.350487 
-0.0396449 -0.470833 
0.43957 -0.431422 
0.496563 -0.39211 
0.468836 -0.413194 
0.522313 -0.368144 
-0.0906504 -0.457558 
0.64078 -0.0942024 
-0.160481 -0.434558 
0.534351 -0.355057 
0.576148 -0.295144 
0.563457 -0.316404 
0.613617 -0.204653 
0.619977 -0.184395 
0.603618 -0.233547 
0.626158 -0.162855 
-0.223423 -0.408725 
0.631975 -0.140008 
0.482923 -0.403009 
-0.595526 -0.0350644 
0.509697 -0.380499 
-0.262126 -0.390203 
-0.453517 -0.256372 
-0.583179 -0.0704989 
-0.589737 -0.0529615 
-0.411616 -0.293953 
0.643424 -0.0712799 
0.416902 -0.443261 
-0.114779 -0.450254 
0.596536 -0.251926 
0.636908 -0.117106 
0.160802 -0.494887 
0.296181 -0.482626 
0.26903 -0.487321 
0.0152005 -0.48189 
0.548267 -0.33801 
0.0732543 -0.489977 
0.355341 -0.467598 
0.242538 -0.490738 
0.586649 -0.274552 
0.644671 -0.0483748 
0.6081 -0.221016 
-0.498887 -0.207508 
