ZONE T="boundary0"
-4 -0.518216 
-4 -0.439423 
-4 -0.299001 
-4 -0.36063 
-4 -0.165772 
-4 -0.237372 
-4 -0.0863388 
-4 0.139178 
-4 0.168587 
-4 0.846889 
-4 0.693777 
-4 0.283712 
-4 0.066136 
-4 -0.00690582 
-4 0.587171 
-4 0.480566 
-4 1 
-4 -0.759108 
-4 0.197996 
-4 0.240854 
-4 0.382139 
-4 0.332926 
-4 -1 
-4 -0.478819 
-4 -0.329815 
-4 -0.201572 
-4 -0.268187 
-4 -0.126055 
-4 0.153882 
-4 0.770333 
-4 0.0296151 
-4 0.640474 
-4 0.533868 
-4 -0.400026 
-4 0.102657 
-4 -0.638662 
-4 -0.0466223 
-4 0.219425 
-4 0.308319 
-4 -0.879554 
-4 0.923444 
-4 0.357532 
-4 0.183292 
-4 0.262283 
-4 0.431352 
ZONE T="boundary1"
1.05548 1 
2.96 1 
2.68826 1 
0.176794 1 
0.0666024 1 
-3.48462 1 
0.0115067 1 
-0.841563 1 
-0.0435887 1 
-0.956067 1 
-1.17764 1 
-4 1 
-3.74231 1 
-2.67322 1 
-2.85893 1 
2.3028 1 
2.49553 1 
-2.0464 1 
-2.24875 1 
-1.75089 1 
3.61587 1 
3.80793 1 
-1.65775 1 
-1.5646 1 
1.78309 1 
1.91964 1 
-0.173229 1 
-0.108409 1 
-0.278252 1 
-0.22574 1 
-0.455751 1 
-0.367001 1 
0.218323 1 
0.714263 1 
-0.638325 1 
-0.547038 1 
-0.739944 1 
0.620644 1 
3.23173 1 
3.4238 1 
-1.07057 1 
-1.28472 1 
-1.37808 1 
-1.47145 1 
4 1 
0.527025 1 
0.949691 1 
-3.26463 1 
-3.04464 1 
1.2346 1 
1.55055 1 
-1.84404 1 
1.30791 1 
1.16128 1 
2.11122 1 
-2.46099 1 
0.831977 1 
0.301382 1 
0.259853 1 
0.573835 1 
0.434969 1 
0.342912 1 
1.45455 1 
1.64654 1 
2.82413 1 
0.121698 1 
-3.87116 1 
-2.76608 1 
2.39917 1 
-2.14758 1 
3.7119 1 
-1.61117 1 
1.85137 1 
-0.016041 1 
-0.140819 1 
0.0390546 1 
-0.251996 1 
-0.411376 1 
-0.199485 1 
-0.592681 1 
-0.689134 1 
0.667454 1 
3.32777 1 
-0.501394 1 
-0.790754 1 
-0.898815 1 
-1.01332 1 
-1.23118 1 
-1.42477 1 
-1.12411 1 
3.51983 1 
3.90397 1 
1.00259 1 
3.09586 1 
-3.15463 1 
-3.37463 1 
-1.51803 1 
-1.94522 1 
1.19794 1 
2.5919 1 
2.01543 1 
2.20701 1 
-3.61347 1 
-2.95178 1 
-2.35487 1 
-2.56711 1 
-0.0759988 1 
0.77312 1 
0.280617 1 
0.197558 1 
-0.322627 1 
0.55043 1 
0.480997 1 
0.322147 1 
0.38894 1 
0.239088 1 
0.59724 1 
1.10838 1 
1.27126 1 
-1.3314 1 
0.890834 1 
1.38123 1 
1.50255 1 
1.59854 1 
1.71482 1 
-1.70432 1 
-1.79747 1 
ZONE T="boundary2"
4 -0.46003 
4 -0.409752 
4 -0.510307 
4 -0.86051 
4 -0.721021 
4 -0.334337 
4 0.199412 
4 -0.275513 
4 -0.208143 
4 -0.112287 
4 0.818447 
4 0.321428 
4 0.263083 
4 -0.160215 
4 0.0229019 
4 -1 
4 0.130417 
4 0.377329 
4 0.433231 
4 0.636895 
4 0.0766593 
4 1 
4 0.535063 
4 -0.434891 
4 -0.790766 
4 -0.372045 
4 -0.241828 
4 -0.0446923 
4 -0.615664 
4 0.164914 
4 -0.304925 
4 0.292255 
4 0.40528 
4 0.231247 
4 -0.136251 
4 -0.184179 
4 0.103538 
4 0.0497806 
4 -0.485168 
4 0.909224 
4 0.727671 
4 -0.930255 
4 0.349379 
4 0.484147 
4 0.585979 
ZONE T="boundary3"
-1.52272 -1 
-0.945775 -1 
-0.0683798 -1 
4 -1 
3.6538 -1 
-0.400599 -1 
-0.326438 -1 
-0.49468 -1 
1.1196 -1 
3.48071 -1 
2.53383 -1 
3.16682 -1 
2.74444 -1 
2.10035 -1 
-1.73024 -1 
-2.0172 -1 
-2.16068 -1 
-0.191256 -1 
-0.130237 -1 
-0.00652284 -1 
0.123739 -1 
0.0586082 -1 
-0.252276 -1 
0.168131 -1 
0.212522 -1 
0.301305 -1 
-0.588761 -1 
-0.721778 -1 
0.400574 -1 
0.499844 -1 
0.691852 -1 
-0.788287 -1 
0.79765 -1 
0.903449 -1 
-3.76582 -1 
-4 -1 
-1.03676 -1 
-1.16243 -1 
-1.28811 -1 
-0.854795 -1 
0.595848 -1 
-1.40542 -1 
1.42424 -1 
1.50458 -1 
3.30761 -1 
1.01152 -1 
1.3439 -1 
1.23175 -1 
-3.53165 -1 
1.87749 -1 
-3.28074 -1 
-2.69138 -1 
-3.02983 -1 
1.59781 -1 
1.69103 -1 
-2.8606 -1 
-1.62648 -1 
2.32322 -1 
-2.49777 -1 
3.02603 -1 
-2.30416 -1 
3.8269 -1 
-0.363518 -1 
3.56726 -1 
-1.87372 -1 
-2.08894 -1 
-0.160747 -1 
0.0911737 -1 
-0.289357 -1 
0.190326 -1 
0.0260427 -1 
-0.0993083 -1 
-0.221766 -1 
0.256913 -1 
-0.44764 -1 
-0.541721 -1 
-0.65527 -1 
0.35094 -1 
0.450209 -1 
0.85055 -1 
-3.88291 -1 
-1.09959 -1 
-1.22527 -1 
-0.991265 -1 
-0.900285 -1 
0.547846 -1 
-1.46407 -1 
-1.34676 -1 
0.64385 -1 
1.46441 -1 
3.23721 -1 
1.06556 -1 
1.28783 -1 
1.38407 -1 
-3.64874 -1 
-3.15528 -1 
1.64442 -1 
-1.5746 -1 
1.98892 -1 
2.21178 -1 
1.78426 -1 
2.42852 -1 
-2.59458 -1 
2.88523 -1 
3.39416 -1 
-3.40619 -1 
-0.0374513 -1 
-0.755033 -1 
0.145935 -1 
-0.821541 -1 
-2.40096 -1 
-2.23242 -1 
1.17568 -1 
0.957486 -1 
1.5512 -1 
-1.67836 -1 
0.744751 -1 
-2.77599 -1 
-2.94521 -1 
3.09642 -1 
2.63914 -1 
ZONE T="boundary4"
-0.606227 0.0981531 
-0.614904 0.0758085 
-0.632049 -0.016751 
0.514035 0.332431 
0.501508 0.343026 
0.54703 0.298959 
0.557038 0.286745 
0.590204 0.236039 
0.597348 0.222586 
-0.239495 0.368566 
-0.263676 0.360196 
0.432278 0.387508 
0.475212 0.362404 
0.461528 0.37119 
-0.626961 0.0299133 
-0.621815 0.0530236 
-0.595815 0.119934 
-0.562908 0.170862 
-0.570125 0.161246 
-0.583751 0.140993 
0.634116 0.12622 
0.637232 0.11222 
-0.555365 0.180254 
-0.523015 0.214884 
-0.539512 0.198215 
-0.422837 0.289395 
-0.484073 0.24842 
-0.46426 0.263043 
0.215298 0.442291 
-0.503953 0.23218 
0.641573 0.0841406 
-0.443851 0.276669 
-0.401261 0.301313 
0.642051 0.0282758 
-0.379313 0.31245 
-0.362508 0.320413 
-0.345565 0.328018 
-0.310925 0.34245 
0.488519 0.353042 
-0.328295 0.335385 
-0.287366 0.351547 
-0.190489 0.384251 
-0.165667 0.391579 
-0.140446 0.398609 
-0.115111 0.40524 
-0.215209 0.376545 
-0.0372603 0.422768 
0.0431222 0.435825 
0.0708079 0.438987 
-0.0893858 0.411521 
0.574596 0.262133 
0.640381 0.0145009 
0.536449 0.310713 
0.630401 0.140198 
0.642994 0.0420837 
0.63973 0.0981676 
0.402114 0.40137 
0.370883 0.41308 
0.447069 0.379647 
0.525489 0.32182 
0.0986169 0.44141 
0.127222 0.44307 
0.0160659 0.432051 
0.155915 0.443834 
0.185598 0.443614 
0.33935 0.42258 
0.566045 0.274682 
0.626145 0.154055 
0.582626 0.249251 
0.642747 0.0700623 
-0.0635361 0.417354 
-0.630357 0.00663116 
-0.0108511 0.427661 
0.245554 0.439719 
0.2767 0.435667 
0.307878 0.430038 
0.610247 0.195436 
0.60404 0.209014 
0.616044 0.18168 
-0.610778 0.0870614 
0.507832 0.3378 
0.552105 0.29291 
0.593828 0.229341 
-0.251602 0.364431 
-0.618576 0.06448 
-0.566556 0.166084 
0.635748 0.119236 
-0.559174 0.175588 
-0.577117 0.151239 
-0.531376 0.20666 
-0.474253 0.255851 
-0.494115 0.240426 
-0.370931 0.316478 
-0.354054 0.324257 
0.481916 0.357795 
-0.319623 0.338953 
-0.275539 0.355924 
-0.178092 0.387962 
-0.127792 0.401975 
-0.202863 0.380444 
0.0569526 0.437495 
-0.102263 0.408435 
-0.227367 0.372602 
-0.299166 0.347056 
0.641307 0.0213762 
0.541808 0.304898 
-0.153071 0.395143 
0.632328 0.133227 
0.642612 0.0351727 
0.640733 0.0911641 
0.3866 0.407496 
0.495069 0.348107 
0.439713 0.383651 
0.417326 0.394721 
0.531032 0.316329 
0.519821 0.32719 
0.112911 0.442348 
0.170755 0.443857 
0.200452 0.443096 
0.355191 0.418078 
0.561607 0.280763 
0.638559 0.105207 
0.628337 0.147146 
0.468416 0.366868 
-0.336945 0.33174 
0.642245 0.0771078 
0.454342 0.375493 
0.578674 0.255731 
0.570387 0.268453 
-0.0764754 0.414495 
-0.5136 0.22366 
-0.0240702 0.425282 
0.00259331 0.429931 
0.0295808 0.434019 
0.141564 0.443568 
-0.0504129 0.420124 
0.0847021 0.440294 
0.230438 0.441165 
0.26115 0.437876 
0.292324 0.433053 
0.323666 0.426533 
-0.601226 0.10914 
-0.624605 0.0415153 
0.586472 0.242678 
-0.628873 0.018302 
0.607194 0.202247 
-0.589976 0.130573 
-0.43341 0.283144 
-0.412103 0.295456 
-0.390331 0.306972 
0.600744 0.215825 
0.643225 0.0560723 
-0.631412 -0.00504587 
-0.454133 0.269974 
-0.547574 0.189353 
0.613198 0.188581 
0.621326 0.167951 
ZONE T="boundary5"
-0.387351 -0.427987 
-0.503759 -0.329843 
-0.445241 -0.385662 
-0.426657 -0.400437 
-0.632049 -0.016751 
-0.632087 -0.0401413 
-0.557077 -0.260566 
-0.545342 -0.278008 
-0.627427 -0.0867266 
-0.622833 -0.109858 
0.637992 0.000892358 
-0.600565 -0.178327 
-0.616802 -0.132819 
-0.609364 -0.155651 
-0.484733 -0.349767 
-0.0608167 -0.524325 
-0.175109 -0.513276 
-0.203883 -0.506911 
-0.146479 -0.518169 
-0.260856 -0.489863 
-0.288878 -0.479193 
-0.0892595 -0.523695 
-0.117752 -0.52165 
-0.00464959 -0.521323 
-0.532613 -0.295335 
-0.032641 -0.523537 
0.0773772 -0.506093 
-0.519168 -0.312145 
-0.366679 -0.440693 
-0.316581 -0.467051 
-0.343655 -0.453549 
-0.407492 -0.414459 
-0.5681 -0.24268 
-0.579735 -0.221979 
-0.464376 -0.369098 
0.634899 -0.0125083 
0.602153 -0.0884285 
0.413132 -0.284809 
0.525404 -0.179387 
0.504608 -0.199065 
0.050372 -0.512611 
0.0230242 -0.517684 
0.103896 -0.49816 
0.155638 -0.478003 
0.129979 -0.488798 
0.205351 -0.452361 
0.180721 -0.465863 
0.229488 -0.43758 
-0.590466 -0.200815 
0.276482 -0.404469 
0.253243 -0.421541 
-0.630528 -0.0634815 
0.299684 -0.386166 
0.345281 -0.347193 
0.322443 -0.367144 
0.561923 -0.141749 
0.545625 -0.15926 
0.367801 -0.326881 
0.390568 -0.305901 
0.577346 -0.123505 
0.590379 -0.106217 
0.626621 -0.0387259 
0.640381 0.0145009 
0.631097 -0.0257428 
0.615649 -0.0640659 
0.481722 -0.220313 
0.435982 -0.263253 
-0.232386 -0.499137 
0.458722 -0.241789 
-0.436023 -0.393143 
-0.632271 -0.0284469 
-0.551299 -0.269347 
-0.625309 -0.0983283 
-0.619988 -0.121384 
-0.613245 -0.144288 
-0.189533 -0.510269 
-0.160822 -0.515896 
-0.274931 -0.4847 
-0.0750404 -0.524187 
-0.103516 -0.522847 
-0.0186306 -0.52261 
-0.511558 -0.321076 
-0.525976 -0.303808 
-0.539068 -0.286738 
-0.330201 -0.460468 
-0.417144 -0.407544 
-0.39749 -0.421325 
-0.377079 -0.434444 
-0.574026 -0.232391 
-0.355237 -0.447246 
-0.454898 -0.377484 
-0.474673 -0.359557 
0.515051 -0.189267 
0.00921075 -0.519684 
0.0639168 -0.509534 
0.142877 -0.483573 
0.116997 -0.493656 
0.193115 -0.459267 
0.217501 -0.445113 
-0.585217 -0.211456 
0.264938 -0.413115 
0.241445 -0.42969 
-0.629165 -0.0751298 
0.333908 -0.357223 
0.553865 -0.15059 
0.379211 -0.316413 
0.356575 -0.337073 
0.401868 -0.295368 
0.569755 -0.132731 
-0.631503 -0.0518252 
-0.595656 -0.189634 
-0.605117 -0.167048 
0.596408 -0.0974196 
0.628943 -0.0322645 
0.636534 -0.00582962 
0.633085 -0.0191517 
0.639277 0.00767971 
0.621452 -0.051538 
-0.494368 -0.339922 
-0.562675 -0.251676 
0.535601 -0.169408 
0.583986 -0.114956 
0.493177 -0.20969 
0.42457 -0.274035 
-0.21818 -0.503197 
-0.246676 -0.494675 
-0.046723 -0.524109 
0.0906874 -0.502306 
0.470211 -0.231026 
-0.302803 -0.473294 
-0.132135 -0.520085 
0.0367304 -0.515329 
0.168253 -0.472098 
0.288152 -0.395411 
0.311121 -0.376728 
0.609185 -0.0764087 
0.44735 -0.252507 
