ZONE T="boundary0"
-4 -1 
-4 -0.811513 
-4 -0.348233 
-4 -0.2949 
-4 -0.321566 
-4 -0.121729 
-4 -0.163219 
-4 0.145089 
-4 0.215341 
-4 0.355384 
-4 0.285593 
-4 0.69069 
-4 0.845345 
-4 0.413435 
-4 1 
-4 -0.402583 
-4 -0.456932 
-4 -0.249804 
-4 0.0735318 
-4 0.00197469 
-4 -0.204709 
-4 -0.623026 
-4 -0.539979 
-4 0.471485 
-4 0.581088 
-4 -0.905757 
-4 -0.3349 
-4 -0.142474 
-4 0.180215 
-4 0.320489 
-4 0.768018 
-4 0.384409 
-4 -0.429757 
-4 0.0377533 
-4 0.250467 
-4 -0.059877 
-4 -0.581503 
-4 -0.375408 
-4 0.44246 
-4 0.526287 
-4 0.922673 
-4 -0.272352 
-4 -0.227256 
-4 -0.183964 
-4 -0.308233 
-4 0.10931 
-4 -0.498455 
-4 0.635889 
-4 -0.71727 
ZONE T="boundary1"
3.83876 1 
3.67752 1 
0.184638 1 
-0.786627 1 
1.34583 1 
0.0158229 1 
0.516671 1 
2.86935 1 
2.59866 1 
3.35503 1 
-1.48346 1 
-1.37715 1 
0.908572 1 
0.604101 1 
-0.885793 1 
-1.02552 1 
3.51627 1 
-1.8848 1 
-1.73728 1 
2.39182 1 
2.18498 1 
-3.3772 1 
1.99714 1 
1.8093 1 
-3.57548 1 
-4 1 
-2.09767 1 
-2.31054 1 
-2.68815 1 
-3.17891 1 
-2.93353 1 
0.28569 1 
0.134112 1 
0.0835867 1 
0.40118 1 
-0.114282 1 
-0.176623 1 
-0.051941 1 
0.691532 1 
0.800052 1 
-0.587253 1 
-0.68746 1 
-0.312423 1 
-0.244523 1 
-0.399734 1 
-1.09539 1 
-1.16525 1 
4 1 
1.41808 1 
-0.487045 1 
1.00572 1 
-1.58977 1 
-1.2712 1 
1.22435 1 
1.10287 1 
1.49032 1 
1.64981 1 
3.11219 1 
2.99077 1 
1.57007 1 
3.75814 1 
2.73401 1 
-1.4303 1 
3.43565 1 
-1.81104 1 
2.49524 1 
2.09106 1 
1.90322 1 
-3.78774 1 
-2.2041 1 
-2.49934 1 
-2.81084 1 
0.10885 1 
0.343435 1 
0.560386 1 
0.458926 1 
-0.145452 1 
-0.0831114 1 
-0.0180591 1 
0.745792 1 
0.647816 1 
-0.637357 1 
-0.278473 1 
-0.83621 1 
-0.955658 1 
-0.737044 1 
-1.13032 1 
3.91938 1 
1.38196 1 
-0.443389 1 
0.957146 1 
-0.537149 1 
-1.53661 1 
-1.21823 1 
1.16361 1 
1.28509 1 
1.4542 1 
1.72956 1 
-3.47634 1 
3.23361 1 
-3.05622 1 
2.93006 1 
3.05148 1 
-1.99123 1 
3.5969 1 
0.0497048 1 
0.235164 1 
0.159375 1 
-0.210573 1 
-0.356079 1 
-3.27806 1 
-1.06046 1 
-1.32417 1 
0.854312 1 
1.53019 1 
1.60994 1 
1.05429 1 
-1.66353 1 
2.2884 1 
ZONE T="boundary2"
4 -0.240854 
4 -0.269828 
4 0.236503 
4 0.184106 
4 0.0429691 
4 0.131709 
4 0.396058 
4 0.287691 
4 0.338879 
4 -1 
4 -0.102468 
4 -0.0457713 
4 -0.20001 
4 -0.383076 
4 -0.298803 
4 -0.567664 
4 -0.47537 
4 0.589928 
4 0.453237 
4 0.521582 
4 0.726618 
4 0.863309 
4 1 
4 -0.783832 
4 -0.159166 
4 -0.675748 
4 -0.255341 
4 0.210305 
4 0.0873393 
4 0.313285 
4 -0.0741198 
4 -0.220432 
4 -0.340939 
4 -0.521517 
4 0.157908 
4 0.424647 
4 0.262097 
4 0.555755 
4 0.367468 
4 0.48741 
4 -0.00140109 
4 0.658273 
4 0.794964 
4 0.931655 
4 -0.891916 
4 -0.284316 
4 -0.429223 
4 -0.179588 
4 -0.130817 
4 -0.621706 
4 -0.72979 
ZONE T="boundary3"
-4 -1 
-1.85824 -1 
3.12922 -1 
3.31157 -1 
-0.931871 -1 
-0.812318 -1 
-0.545591 -1 
-0.0674811 -1 
-0.133549 -1 
0.650555 -1 
0.560301 -1 
-1.5852 -1 
-3.13805 -1 
-3.50746 -1 
-0.692765 -1 
1.14558 -1 
1.25057 -1 
1.55299 -1 
-1.139 -1 
-1.03543 -1 
-1.25498 -1 
4 -1 
3.65578 -1 
2.2992 -1 
-2.91253 -1 
-2.22228 -1 
2.94687 -1 
2.74683 -1 
-0.271329 -1 
-0.202439 -1 
0.470048 -1 
-0.398417 -1 
-0.334873 -1 
0.839292 -1 
-0.00141261 -1 
0.136638 -1 
0.0676125 -1 
0.215845 -1 
0.38255 -1 
-1.37096 -1 
-1.47808 -1 
0.939944 -1 
1.0406 -1 
0.744924 -1 
1.44235 -1 
1.66363 -1 
-3.75373 -1 
1.85763 -1 
2.05162 -1 
-2.04026 -1 
-2.45465 -1 
-2.68701 -1 
2.54678 -1 
0.295052 -1 
3.22039 -1 
-0.872094 -1 
0.605428 -1 
-3.32275 -1 
1.19808 -1 
-1.08721 -1 
3.82789 -1 
3.48367 -1 
2.84685 -1 
-0.167994 -1 
-0.472004 -1 
-0.366645 -1 
-0.752541 -1 
-0.0344468 -1 
-0.100515 -1 
0.102125 -1 
-0.236884 -1 
-0.983652 -1 
0.176241 -1 
-0.619178 -1 
-1.31297 -1 
-1.42452 -1 
0.99027 -1 
0.889618 -1 
1.09309 -1 
1.34646 -1 
1.60831 -1 
1.76063 -1 
1.49767 -1 
1.95462 -1 
-3.63059 -1 
-3.87686 -1 
-1.72172 -1 
-1.94925 -1 
-1.53164 -1 
-2.57083 -1 
2.64681 -1 
2.42299 -1 
-2.79977 -1 
3.03804 -1 
-3.02529 -1 
-1.19699 -1 
-2.33846 -1 
-2.13127 -1 
0.426299 -1 
0.515174 -1 
0.0331 -1 
-0.303101 -1 
0.255449 -1 
0.338801 -1 
0.792108 -1 
0.697739 -1 
2.17541 -1 
ZONE T="boundary4"
-0.291567 0.44153 
-0.225783 0.470358 
-0.202791 0.478781 
-0.526348 0.252378 
-0.539524 0.234581 
-0.45741 0.328027 
-0.471484 0.314557 
0.524684 0.24449 
0.623903 0.0491023 
0.617528 0.0671128 
-0.443737 0.340357 
-0.485123 0.300659 
0.507048 0.275558 
0.488894 0.305012 
-0.631252 0.0337669 
-0.626343 0.0551419 
-0.620315 0.0764655 
-0.637652 -0.00895001 
-0.635027 0.0123791 
-0.585998 0.159363 
-0.595988 0.139143 
-0.400375 0.375262 
-0.552101 0.216392 
-0.575401 0.178786 
-0.564072 0.197808 
-0.512557 0.269714 
-0.499116 0.285421 
-0.415206 0.363981 
-0.429717 0.3523 
-0.367731 0.397987 
-0.349702 0.409415 
-0.384217 0.386855 
-0.311615 0.431219 
-0.331337 0.420307 
-0.248501 0.461223 
-0.178516 0.486817 
-0.154001 0.494075 
-0.61322 0.0976061 
-0.605086 0.118536 
0.393607 0.415025 
0.373364 0.430974 
0.274651 0.485516 
0.247169 0.49547 
0.352419 0.445498 
0.327629 0.460429 
0.479487 0.319087 
0.411384 0.399251 
0.427141 0.383701 
0.443889 0.365353 
0.459885 0.34587 
-0.270188 0.451709 
-0.0747481 0.511972 
0.101574 0.522396 
0.0712739 0.523588 
0.0411211 0.523492 
0.0109488 0.522169 
0.161226 0.515959 
0.219028 0.503829 
0.190399 0.510628 
-0.0181552 0.519763 
0.555089 0.189936 
0.609758 0.0860798 
0.591021 0.124944 
0.580316 0.144929 
0.601178 0.104737 
0.638392 -0.0234457 
0.636515 -0.00519364 
0.629216 0.0311078 
0.633457 0.0129208 
0.567792 0.167432 
0.539845 0.217123 
-0.128182 0.500822 
-0.102169 0.506717 
-0.0471851 0.516279 
0.301559 0.473831 
0.131688 0.519856 
-0.21432 0.474658 
-0.53301 0.243534 
-0.4645 0.321346 
0.620829 0.0581477 
0.498135 0.290391 
-0.628932 0.0444839 
-0.62346 0.0658394 
-0.5911 0.149305 
-0.545885 0.225537 
-0.580794 0.169126 
-0.569824 0.188348 
-0.505906 0.277626 
-0.519532 0.261108 
-0.450618 0.334241 
-0.478359 0.307662 
-0.63648 0.0017303 
-0.407829 0.369672 
-0.422502 0.358191 
-0.358759 0.403768 
-0.392337 0.381116 
-0.436769 0.346377 
-0.30163 0.43645 
-0.321518 0.425839 
-0.237178 0.46588 
-0.340559 0.414928 
-0.190686 0.482896 
-0.166287 0.490543 
-0.616894 0.0870768 
-0.633277 0.0230958 
-0.600651 0.128888 
-0.376013 0.392479 
-0.609274 0.108117 
0.383605 0.423157 
0.260985 0.4907 
0.362999 0.438396 
0.484237 0.312082 
0.419358 0.391577 
-0.492186 0.2931 
0.452009 0.355716 
0.469883 0.332629 
-0.259381 0.456549 
0.0864329 0.523158 
0.0260305 0.522981 
0.233159 0.499851 
0.204761 0.507421 
0.613754 0.0766407 
0.585721 0.134962 
0.59618 0.114879 
0.637604 -0.0143034 
0.631473 0.0220466 
0.635129 0.00388844 
0.626684 0.040142 
0.605557 0.0954481 
0.561445 0.178682 
0.402603 0.407264 
0.547449 0.203512 
-0.141119 0.497554 
-0.115199 0.503876 
0.340148 0.453174 
0.435636 0.374643 
-0.280918 0.446703 
0.574088 0.156195 
-0.0609839 0.514245 
-0.558165 0.20715 
0.288198 0.479889 
-0.0326846 0.518154 
-0.0036126 0.521102 
0.116648 0.521299 
0.146483 0.518085 
0.532261 0.2308 
-0.08848 0.509462 
0.314704 0.467348 
0.175849 0.513479 
0.515962 0.26008 
0.0561994 0.523696 
ZONE T="boundary5"
-0.6015 -0.204772 
-0.583063 -0.235524 
-0.572627 -0.249967 
0.606918 -0.170859 
-0.628882 -0.133031 
-0.53613 -0.289209 
-0.549151 -0.276887 
-0.638554 -0.0720587 
-0.63942 -0.0512082 
-0.639118 -0.0301628 
-0.592683 -0.22046 
-0.60966 -0.188089 
-0.636512 -0.0926898 
0.633648 -0.0954262 
0.629447 -0.113059 
-0.633295 -0.113 
-0.522013 -0.30092 
-0.31715 -0.37039 
0.636648 -0.077695 
-0.339175 -0.368272 
-0.402185 -0.357225 
-0.381722 -0.361772 
-0.271243 -0.372887 
-0.29423 -0.371909 
-0.173959 -0.374035 
-0.19871 -0.373941 
0.616795 -0.149595 
-0.507257 -0.311621 
-0.561438 -0.263651 
-0.440318 -0.345601 
-0.421432 -0.35192 
-0.122567 -0.374419 
-0.148226 -0.374172 
-0.491534 -0.321548 
-0.475281 -0.330432 
-0.458017 -0.338538 
-0.637652 -0.00895001 
-0.223511 -0.373789 
-0.360981 -0.365387 
0.410378 -0.345318 
0.385781 -0.353901 
-0.24737 -0.373482 
0.360941 -0.361099 
0.224825 -0.381157 
0.193008 -0.382422 
0.246986 -0.37966 
-0.616901 -0.170806 
-0.0958649 -0.374843 
0.161247 -0.382816 
0.0425287 -0.379641 
0.0140512 -0.37844 
-0.041828 -0.376287 
-0.0692847 -0.375457 
-0.0144962 -0.377281 
-0.623268 -0.152708 
0.131071 -0.382553 
0.100924 -0.381827 
0.0717425 -0.38082 
0.269149 -0.37758 
0.313995 -0.371289 
0.291596 -0.374806 
0.435407 -0.334867 
0.505437 -0.293413 
0.559782 -0.241613 
0.337531 -0.366694 
0.526544 -0.276007 
0.546235 -0.25681 
0.63904 -0.0416442 
0.638457 -0.0597164 
0.57263 -0.225478 
0.624162 -0.130258 
0.594521 -0.193145 
0.58079 -0.214236 
0.638392 -0.0234457 
0.483257 -0.308888 
0.459705 -0.322782 
0.471609 -0.316054 
-0.577951 -0.242821 
-0.54274 -0.283153 
-0.639134 -0.0616411 
-0.639414 -0.040685 
-0.637682 -0.0823905 
-0.605701 -0.19649 
0.631692 -0.104276 
-0.631239 -0.12305 
-0.328173 -0.36942 
-0.391985 -0.359623 
-0.186331 -0.373989 
-0.529169 -0.29518 
-0.597202 -0.212678 
-0.58798 -0.22806 
-0.555402 -0.270368 
-0.567137 -0.256894 
-0.430923 -0.348892 
-0.135393 -0.374278 
-0.483478 -0.326114 
-0.449221 -0.342196 
-0.499476 -0.316709 
-0.638528 -0.0195482 
-0.211108 -0.373879 
-0.350095 -0.366935 
-0.466713 -0.334615 
0.398138 -0.349783 
-0.235439 -0.373663 
0.373405 -0.35766 
0.208917 -0.38191 
0.235908 -0.380477 
-0.613406 -0.179501 
-0.109212 -0.374608 
0.177125 -0.382716 
0.0282917 -0.379041 
-0.0555524 -0.375849 
-0.0281583 -0.376766 
0.146156 -0.382752 
0.0863309 -0.381352 
0.302808 -0.373144 
0.258072 -0.378697 
0.422974 -0.340292 
-0.626226 -0.142914 
-0.635053 -0.10287 
0.325784 -0.36911 
0.536589 -0.266612 
0.638902 -0.0506843 
0.553117 -0.249309 
0.566314 -0.233632 
0.61205 -0.160316 
0.600922 -0.182114 
0.57676 -0.219893 
0.620645 -0.139989 
0.62694 -0.121699 
0.635296 -0.0865846 
0.637705 -0.0687199 
-0.620217 -0.161805 
-0.305696 -0.371226 
0.638869 -0.0325385 
-0.161088 -0.374093 
-0.282739 -0.372457 
0.280381 -0.376281 
-0.259307 -0.373229 
0.349265 -0.364025 
0.0571354 -0.380244 
-0.0825691 -0.375126 
-0.000221827 -0.377849 
0.115995 -0.382239 
-0.514722 -0.306388 
-0.411846 -0.354696 
-0.371374 -0.363691 
0.587831 -0.203805 
0.494498 -0.301367 
0.516171 -0.284927 
0.465687 -0.319472 
0.477466 -0.312526 
0.447659 -0.329033 
