ZONE T="boundary0"
-4 -1 
-4 -0.356287 
-4 -0.276963 
-4 -0.241689 
-4 -0.316625 
-4 0.321528 
-4 0.257802 
-4 0.195973 
-4 -0.135867 
-4 -0.206415 
-4 -0.575102 
-4 -0.47673 
-4 -0.673475 
-4 0.736603 
-4 0.643221 
-4 0.0644597 
-4 0.385254 
-4 -0.0357036 
-4 -0.416508 
-4 0.130216 
-4 0.467546 
-4 0.549839 
-4 0.868301 
-4 1 
-4 -0.259326 
-4 0.289665 
-4 -0.171141 
-4 -0.836737 
-4 0.689912 
-4 0.226888 
-4 -0.386398 
-4 -0.296794 
-4 -0.336456 
-4 -0.446619 
-4 -0.0857852 
-4 -0.624289 
-4 -0.525916 
-4 0.0143781 
-4 0.59653 
-4 0.802452 
-4 0.934151 
-4 -0.224052 
-4 0.163094 
-4 0.353391 
-4 0.4264 
-4 0.508693 
-4 0.097338 
ZONE T="boundary1"
-0.836697 1 
-1.40259 1 
-1.18051 1 
1.05501 1 
1.15817 1 
3.58246 1 
0.747177 1 
0.799553 1 
3.79123 1 
4 1 
1.26133 1 
-3.69541 1 
-2.04153 1 
-1.84224 1 
1.55037 1 
-3.36525 1 
-3.0351 1 
2.95864 1 
2.75235 1 
2.5517 1 
2.35105 1 
-2.3107 1 
-2.80748 1 
1.92652 1 
2.13879 1 
-0.0464971 1 
0.0218372 1 
-0.323493 1 
-0.413835 1 
-0.504177 1 
-0.722603 1 
-0.61339 1 
0.0901715 1 
0.165153 1 
0.534031 1 
0.425637 1 
0.286509 1 
0.240134 1 
0.332885 1 
-0.950792 1 
0.851929 1 
-1.06565 1 
-1.29155 1 
1.40585 1 
-3.8477 1 
-4 1 
3.16492 1 
3.37369 1 
-1.64295 1 
1.73845 1 
-2.57987 1 
-0.112995 1 
-0.179492 1 
-0.251493 1 
0.642425 1 
1.10659 1 
0.773365 1 
3.89562 1 
1.20975 1 
-1.94188 1 
-3.20018 1 
2.85549 1 
2.45138 1 
-2.17611 1 
2.03266 1 
-0.0123299 1 
-0.368664 1 
-0.667997 1 
-0.459006 1 
0.479834 1 
0.263322 1 
0.0560044 1 
0.379261 1 
-0.893745 1 
0.953472 1 
-0.558783 1 
-0.77965 1 
-1.12308 1 
-1.34707 1 
-1.00822 1 
-1.23603 1 
1.33359 1 
-3.77156 1 
-3.92385 1 
3.26931 1 
-1.52277 1 
-1.74259 1 
1.47811 1 
1.64441 1 
1.83249 1 
3.68685 1 
2.65203 1 
2.24492 1 
3.47808 1 
-2.44528 1 
-2.92129 1 
-2.69368 1 
-3.53033 1 
-0.146243 1 
-0.0797458 1 
-0.287493 1 
-0.215492 1 
0.127662 1 
0.309697 1 
0.202643 1 
0.588228 1 
0.694801 1 
0.825741 1 
3.06178 1 
ZONE T="boundary2"
4 -0.628989 
4 -0.183226 
4 -0.243525 
4 -0.00891158 
4 0.0738195 
4 0.156414 
4 0.323171 
4 0.492474 
4 0.569421 
4 -0.434264 
4 -0.531627 
4 0.78471 
4 -1 
4 -0.814495 
4 1 
4 0.115117 
4 0.239008 
4 0.197711 
4 0.369349 
4 0.415527 
4 -0.0916426 
4 -0.303823 
4 -0.369044 
4 -0.213376 
4 0.0324539 
4 -0.482946 
4 0.677066 
4 -0.907247 
4 0.135765 
4 0.21836 
4 0.177062 
4 0.281089 
4 0.34626 
4 0.392438 
4 0.530947 
4 0.454 
4 -0.0502771 
4 -0.137435 
4 -0.273674 
4 -0.401654 
4 -0.336434 
4 -0.721742 
4 0.0944681 
4 -0.580308 
4 0.892355 
ZONE T="boundary3"
-3.68351 -1 
-4 -1 
-1.37422 -1 
-1.26867 -1 
0.18178 -1 
0.038345 -1 
0.100131 -1 
-0.433912 -1 
-0.358085 -1 
-0.0234415 -1 
4 -1 
-3.16238 -1 
-3.42294 -1 
1.35926 -1 
1.45039 -1 
1.54417 -1 
0.832847 -1 
0.940884 -1 
1.8255 -1 
2.18315 -1 
-1.0444 -1 
3.38349 -1 
3.67614 -1 
-2.72313 -1 
-2.48966 -1 
2.84788 -1 
3.09084 -1 
-1.72063 -1 
-1.58197 -1 
-2.94275 -1 
-1.8593 -1 
-2.05775 -1 
2.39403 -1 
-0.282259 -1 
-0.549295 -1 
-0.0886579 -1 
-0.218067 -1 
-0.153874 -1 
0.492145 -1 
0.377787 -1 
0.61845 -1 
0.725648 -1 
-0.664678 -1 
-0.925704 -1 
-0.795191 -1 
-1.16311 -1 
0.263428 -1 
-1.4781 -1 
1.26812 -1 
1.15852 -1 
3.83807 -1 
1.04892 -1 
-2.2562 -1 
1.63794 -1 
2.60491 -1 
0.555297 -1 
-3.84175 -1 
-1.32145 -1 
0.0692382 -1 
-0.395998 -1 
-3.29266 -1 
1.40482 -1 
0.886866 -1 
2.00432 -1 
3.52982 -1 
-2.60639 -1 
2.96936 -1 
-1.6513 -1 
-2.83294 -1 
-1.95852 -1 
-0.491603 -1 
0.00745173 -1 
-0.0560497 -1 
-0.18597 -1 
0.434966 -1 
-0.860447 -1 
-0.985054 -1 
-1.21589 -1 
0.140956 -1 
0.222604 -1 
-3.55322 -1 
-0.606987 -1 
-0.729935 -1 
-1.42616 -1 
-1.10376 -1 
1.21332 -1 
-1.53003 -1 
3.75711 -1 
3.91904 -1 
-1.78997 -1 
0.994903 -1 
3.23717 -1 
-2.15697 -1 
-2.37293 -1 
1.31369 -1 
1.49728 -1 
1.59106 -1 
1.73172 -1 
-3.05256 -1 
2.28859 -1 
2.49947 -1 
2.72639 -1 
-0.121266 -1 
-0.250163 -1 
-0.320172 -1 
0.320607 -1 
0.523721 -1 
0.779247 -1 
0.672049 -1 
0.586874 -1 
1.10372 -1 
ZONE T="boundary4"
-0.48981 0.321448 
-0.466491 0.345457 
0.624298 -0.0167324 
0.424022 0.339715 
0.406168 0.365247 
-0.635336 0.00560363 
-0.367388 0.424934 
-0.617533 0.104136 
-0.611036 0.123659 
-0.631293 0.0449081 
-0.633844 0.0251889 
-0.627707 0.0646775 
-0.623102 0.0844655 
-0.603691 0.142905 
-0.595646 0.161644 
-0.58694 0.179953 
-0.577575 0.197953 
-0.55739 0.232534 
-0.567751 0.215395 
-0.524464 0.280212 
-0.535709 0.265002 
-0.512719 0.295058 
-0.424608 0.382911 
-0.444837 0.365635 
-0.405336 0.398118 
-0.385508 0.412616 
-0.348877 0.436672 
-0.330259 0.447673 
-0.249089 0.487354 
-0.226996 0.496076 
-0.203347 0.504521 
-0.311304 0.458098 
-0.179433 0.512166 
-0.546802 0.248931 
0.502322 0.210035 
0.516158 0.188785 
0.627435 -0.0377235 
0.489711 0.230434 
0.477475 0.251152 
-0.270888 0.477921 
0.61307 0.0245962 
-0.291253 0.468326 
0.338538 0.439585 
0.35775 0.421737 
0.375565 0.403006 
0.295942 0.471858 
0.318531 0.455887 
0.467594 0.268231 
0.396217 0.378345 
0.457686 0.285288 
0.0135164 0.543502 
0.0431368 0.54355 
-0.0157841 0.54216 
0.13263 0.534872 
-0.0733205 0.535937 
0.246219 0.499527 
0.272507 0.486063 
0.219122 0.511036 
0.161886 0.528751 
0.605115 0.0448541 
0.595679 0.0649487 
0.543843 0.148323 
0.530328 0.167894 
0.570872 0.108005 
0.583775 0.0868352 
0.557233 0.128754 
0.619516 0.0039696 
-0.153887 0.519374 
-0.128119 0.525677 
-0.100803 0.53132 
-0.0445952 0.539629 
0.190753 0.520843 
0.0731321 0.542187 
0.102825 0.539344 
0.441222 0.312789 
-0.478312 0.333609 
0.415246 0.35259 
-0.614393 0.113933 
-0.632696 0.0350648 
-0.629623 0.0548149 
-0.63472 0.0154061 
-0.625524 0.074599 
-0.599761 0.152314 
-0.591378 0.170839 
-0.582335 0.188993 
-0.572732 0.206712 
-0.620432 0.0943328 
-0.530149 0.272653 
-0.501458 0.30842 
-0.434811 0.374376 
-0.518652 0.287683 
-0.395488 0.405457 
-0.415042 0.390603 
-0.376498 0.418847 
-0.33961 0.442244 
-0.358179 0.430876 
-0.215207 0.500398 
-0.320822 0.452958 
-0.54132 0.257011 
-0.191422 0.508444 
0.509182 0.199368 
0.483553 0.240767 
-0.260027 0.482726 
-0.301319 0.463291 
0.366795 0.412506 
0.307376 0.464074 
-0.552157 0.240772 
0.328666 0.447901 
0.472529 0.259688 
0.401241 0.371834 
0.462652 0.276767 
0.0283274 0.543694 
0.259485 0.493037 
-0.562635 0.224003 
0.147304 0.532028 
0.600551 0.0549735 
0.537081 0.158104 
0.577434 0.0974872 
0.550565 0.138556 
-0.607465 0.13332 
0.626076 -0.027196 
0.616484 0.0143433 
0.609266 0.0347933 
0.523207 0.178313 
0.622107 -0.00633466 
-0.238078 0.491804 
0.348286 0.430816 
0.589882 0.0759761 
-0.281108 0.473203 
-0.166692 0.515882 
-0.141031 0.522639 
0.495959 0.220196 
0.564121 0.118424 
-0.114487 0.528625 
-0.0589755 0.537926 
-0.0302018 0.541042 
-0.00114009 0.542989 
0.176383 0.525025 
0.205021 0.516179 
0.284347 0.479166 
0.386093 0.39085 
-0.0870828 0.533757 
0.0879978 0.540957 
0.117759 0.537315 
0.232771 0.505519 
0.0581438 0.543051 
-0.455781 0.355671 
0.432741 0.326332 
0.44953 0.299083 
ZONE T="boundary5"
-0.326494 -0.332999 
-0.555468 -0.219048 
-0.54429 -0.230317 
-0.345594 -0.32845 
-0.626704 -0.088488 
-0.621755 -0.106257 
-0.635336 0.00560363 
-0.630575 -0.0703503 
-0.633382 -0.0517957 
-0.601883 -0.154256 
-0.60914 -0.139395 
-0.465177 -0.286163 
-0.479948 -0.278186 
-0.59383 -0.168582 
0.464937 -0.346271 
-0.565954 -0.207341 
-0.575866 -0.195039 
-0.615928 -0.123093 
-0.306392 -0.337448 
-0.635109 -0.0329328 
-0.221951 -0.354009 
-0.24408 -0.349866 
-0.265167 -0.345825 
-0.286267 -0.341638 
-0.364613 -0.323523 
-0.079414 -0.37998 
-0.153532 -0.366573 
-0.176674 -0.362341 
-0.635759 -0.0137915 
-0.199864 -0.358088 
-0.104931 -0.375409 
-0.493888 -0.269792 
-0.532626 -0.240956 
-0.520248 -0.251169 
-0.585199 -0.182082 
-0.507445 -0.260703 
0.408339 -0.374053 
0.379141 -0.384488 
-0.382643 -0.318395 
-0.400524 -0.312776 
-0.434048 -0.300423 
-0.417399 -0.30689 
-0.450072 -0.293473 
0.437052 -0.361365 
0.491603 -0.328665 
0.504463 -0.318812 
0.605186 -0.18038 
0.626759 -0.100765 
0.623313 -0.12152 
0.627435 -0.0377235 
0.168906 -0.410342 
0.141565 -0.409201 
0.114327 -0.407333 
0.612007 -0.162416 
0.618333 -0.142211 
0.0563766 -0.401299 
0.0281119 -0.39752 
0.0852915 -0.404629 
-6.36505e-05 -0.393329 
0.193429 -0.410674 
0.293297 -0.40389 
0.267482 -0.407047 
0.217998 -0.410287 
0.242746 -0.409101 
-0.0270008 -0.389005 
-0.0538843 -0.384455 
0.321494 -0.399137 
0.451149 -0.354112 
0.478471 -0.337771 
0.628638 -0.0797944 
0.628876 -0.0587837 
-0.129219 -0.371006 
0.534014 -0.291797 
0.550089 -0.27374 
0.56279 -0.25721 
0.597509 -0.197789 
0.586594 -0.219231 
0.34968 -0.392871 
0.574606 -0.239633 
0.516812 -0.308346 
-0.54995 -0.224753 
-0.336053 -0.330767 
-0.624367 -0.0974107 
-0.632117 -0.0610939 
-0.60562 -0.146878 
-0.472608 -0.28226 
-0.59796 -0.161477 
-0.570992 -0.201255 
-0.560787 -0.213262 
-0.61897 -0.114719 
-0.628777 -0.0794485 
-0.233016 -0.351947 
-0.296335 -0.33957 
-0.165103 -0.364458 
-0.635569 -0.0233668 
-0.188269 -0.360217 
-0.486968 -0.274072 
-0.526501 -0.246139 
-0.538524 -0.235708 
-0.589609 -0.175392 
-0.513906 -0.256015 
0.39383 -0.379524 
-0.391605 -0.315652 
-0.580621 -0.188624 
-0.425754 -0.303733 
-0.457664 -0.289899 
-0.500723 -0.265332 
0.422817 -0.367984 
0.498093 -0.323816 
-0.612659 -0.131296 
-0.27572 -0.343753 
-0.373644 -0.321016 
-0.355116 -0.326039 
0.625227 -0.111174 
0.15523 -0.409868 
0.127939 -0.408352 
0.615334 -0.152364 
0.0422357 -0.399467 
0.0708244 -0.403036 
0.0140164 -0.395471 
0.280405 -0.405601 
0.205714 -0.410574 
-0.31645 -0.33526 
0.230377 -0.409798 
-0.635681 -0.00409118 
-0.0135382 -0.3912 
-0.0666517 -0.382232 
0.307424 -0.401688 
-0.0404475 -0.386754 
0.444138 -0.357811 
0.471752 -0.342097 
0.48509 -0.333294 
0.458085 -0.350265 
0.628964 -0.0692908 
-0.117076 -0.373212 
0.542229 -0.282925 
-0.254625 -0.34786 
0.592214 -0.208593 
0.608719 -0.171444 
0.6279 -0.0902971 
-0.634382 -0.0423767 
0.364476 -0.388911 
0.628367 -0.0482384 
-0.0921742 -0.377704 
0.181165 -0.410594 
-0.210908 -0.356053 
0.580755 -0.229523 
0.255122 -0.408187 
-0.141376 -0.368791 
0.0998001 -0.406066 
0.335629 -0.396195 
-0.442096 -0.297029 
-0.408986 -0.309902 
0.556576 -0.265579 
0.621004 -0.131909 
0.601457 -0.189133 
0.568832 -0.248511 
0.52557 -0.300235 
0.510703 -0.313656 
