ZONE T="boundary0"
-4 -0.501369 
-4 -0.0819168 
-4 -0.332613 
-4 0.796296 
-4 0.592591 
-4 0.486929 
-4 0.381266 
-4 -0.280026 
-4 -0.443284 
-4 -0.599722 
-4 -0.698076 
-4 -0.385199 
-4 -0.14272 
-4 -0.211373 
-4 0.319724 
-4 0.258181 
-4 0.205433 
-4 -0.0211136 
-4 -0.849038 
-4 -1 
-4 1 
-4 0.152686 
-4 0.065786 
-4 0.694443 
-4 0.434097 
-4 -0.306319 
-4 -0.648899 
-4 -0.358906 
-4 -0.177047 
-4 -0.472327 
-4 -0.414242 
-4 0.350495 
-4 0.231807 
-4 0.53976 
-4 -0.924519 
-4 -0.773557 
-4 0.898148 
-4 -0.2457 
-4 -0.0515152 
-4 -0.112318 
-4 0.17906 
-4 0.288953 
-4 0.109236 
-4 0.0223362 
-4 -0.550546 
ZONE T="boundary1"
3.83144 1 
4 1 
0.281407 1 
0.237193 1 
0.872275 1 
0.816947 1 
0.927603 1 
-0.266907 1 
-0.154516 1 
-3.83588 1 
0.192978 1 
-0.899332 1 
-0.999481 1 
-1.11167 1 
3.32578 1 
3.49433 1 
1.31627 1 
1.43114 1 
-1.34034 1 
-1.8108 1 
1.0138 1 
2.81255 1 
-2.57406 1 
-2.76337 1 
-3.08621 1 
-3.24763 1 
-3.5404 1 
-3.67175 1 
1.911 1 
1.54601 1 
1.7285 1 
2.43139 1 
-1.95104 1 
-0.387712 1 
-0.32731 1 
-0.0897482 1 
-0.0249808 1 
0.0397844 1 
0.443345 1 
-0.609495 1 
-0.498604 1 
0.533091 1 
-0.799183 1 
0.362376 1 
0.10455 1 
0.719892 1 
0.622836 1 
1.09999 1 
1.20813 1 
-1.22385 1 
-1.45684 1 
-1.56369 1 
-1.67055 1 
-2.1679 1 
3.66289 1 
2.62197 1 
3.19747 1 
3.06917 1 
-2.38476 1 
-3.40905 1 
2.17119 1 
-4 1 
3.91572 1 
0.2593 1 
0.844611 1 
-0.210711 1 
0.215086 1 
-0.949406 1 
-1.05557 1 
3.41006 1 
1.3737 1 
0.970699 1 
-2.66871 1 
-3.60608 1 
-0.357511 1 
-0.0573645 1 
-0.122132 1 
0.00740183 1 
-0.554049 1 
-0.297108 1 
-0.443158 1 
-0.704339 1 
0.321892 1 
0.148764 1 
0.671364 1 
0.899939 1 
1.15406 1 
-1.16776 1 
0.577963 1 
0.402861 1 
-1.61712 1 
-1.2821 1 
-1.88092 1 
-1.74067 1 
1.63725 1 
-2.05947 1 
3.57861 1 
2.71726 1 
3.13332 1 
-2.27633 1 
-2.92479 1 
-2.47941 1 
3.74717 1 
-3.47473 1 
-3.32834 1 
2.30129 1 
2.52668 1 
-3.91794 1 
-3.75381 1 
1.81975 1 
2.04109 1 
3.26162 1 
2.94086 1 
-3.16692 1 
0.072167 1 
0.488218 1 
0.768419 1 
-0.849257 1 
-1.39859 1 
1.2622 1 
1.48857 1 
-1.51027 1 
1.05689 1 
ZONE T="boundary2"
4 -0.328469 
4 -0.292916 
4 -0.221794 
4 -0.71784 
4 1 
4 0.20582 
4 0.135906 
4 -0.435129 
4 -0.505807 
4 -0.154798 
4 -0.0878029 
4 0.0950584 
4 0.0542104 
4 0.275733 
4 0.40694 
4 0.341336 
4 -0.0167963 
4 0.579857 
4 0.493398 
4 0.789928 
4 -1 
4 -0.576485 
4 -0.257355 
4 -0.364022 
4 -0.310692 
4 0.170863 
4 -0.470468 
4 -0.121301 
4 0.0746344 
4 0.115482 
4 0.240776 
4 0.374138 
4 0.684892 
4 -0.85892 
4 0.894964 
4 -0.647162 
4 -0.275135 
4 -0.399576 
4 -0.346246 
4 -0.188296 
4 0.450169 
4 0.536627 
4 -0.0522996 
4 0.308535 
4 -0.541146 
4 0.018707 
4 -0.239574 
ZONE T="boundary3"
-3.69389 -1 
-1.72791 -1 
-2.06936 -1 
3.71357 -1 
-1.20626 -1 
-1.41747 -1 
0.584194 -1 
-0.383319 -1 
-0.425415 -1 
-0.0724061 -1 
-0.551703 -1 
-1.89863 -1 
2.00309 -1 
-3.11903 -1 
-2.92741 -1 
-2.46207 -1 
-3.31065 -1 
3.42713 -1 
2.17075 -1 
2.37658 -1 
2.80365 -1 
3.22601 -1 
-2.69474 -1 
-0.774749 -1 
-0.467511 -1 
-0.268637 -1 
-0.325978 -1 
-0.204243 -1 
-0.139849 -1 
0.0559253 -1 
0.116814 -1 
-0.663226 -1 
0.183549 -1 
0.483974 -1 
0.317019 -1 
0.914225 -1 
1.26791 -1 
1.14849 -1 
1.02907 -1 
0.799377 -1 
0.691785 -1 
1.52114 -1 
1.39452 -1 
3.02488 -1 
-3.84694 -1 
-4 -1 
-1.09957 -1 
-0.992876 -1 
-1.31186 -1 
-0.883812 -1 
-1.57269 -1 
1.83543 -1 
1.67829 -1 
-2.26572 -1 
2.58241 -1 
4 -1 
-0.00496337 -1 
0.250284 -1 
0.383754 -1 
1.59971 -1 
-0.404367 -1 
-1.984 -1 
-3.02322 -1 
-3.50227 -1 
2.27367 -1 
-2.81108 -1 
-2.57841 -1 
-0.509607 -1 
-0.297308 -1 
-0.446463 -1 
-0.354649 -1 
-0.172046 -1 
0.0863697 -1 
-0.106127 -1 
-0.718987 -1 
0.150182 -1 
0.534084 -1 
-0.607464 -1 
1.2082 -1 
0.97165 -1 
0.745581 -1 
1.45783 -1 
1.08878 -1 
3.32657 -1 
3.12545 -1 
-3.77042 -1 
-3.92347 -1 
-1.04622 -1 
-1.25906 -1 
-0.938344 -1 
-1.36466 -1 
-1.49508 -1 
3.57035 -1 
-1.6503 -1 
-1.81327 -1 
1.75686 -1 
-2.3639 -1 
-2.16754 -1 
2.69303 -1 
2.47949 -1 
3.85678 -1 
-3.21484 -1 
2.91426 -1 
1.91926 -1 
2.08692 -1 
-0.0386847 -1 
-0.23644 -1 
0.216916 -1 
0.350386 -1 
0.283651 -1 
0.433864 -1 
-0.829281 -1 
0.63799 -1 
0.025481 -1 
0.856801 -1 
1.33121 -1 
1.639 -1 
1.56043 -1 
-1.15291 -1 
ZONE T="boundary4"
-0.633574 0.0152332 
-0.629297 0.0389123 
-0.636439 -0.00838558 
-0.287258 0.443315 
-0.534507 0.24152 
-0.518391 0.262615 
0.625123 0.051972 
-0.483902 0.302069 
0.629588 0.0374913 
0.633325 0.0230273 
-0.623612 0.062625 
-0.616549 0.0862629 
0.439027 0.366285 
0.414655 0.391299 
-0.598396 0.133067 
-0.608128 0.109773 
-0.589539 0.15183 
-0.579953 0.170248 
-0.570632 0.186711 
-0.547983 0.222425 
-0.200808 0.478741 
-0.175477 0.486903 
-0.306448 0.433692 
-0.447966 0.336734 
-0.429489 0.35258 
-0.412719 0.365978 
-0.465823 0.320205 
-0.378866 0.390524 
-0.361867 0.401719 
-0.395526 0.378838 
-0.343771 0.412888 
-0.56079 0.202878 
-0.325347 0.423517 
-0.223931 0.470451 
-0.0410244 0.515449 
-0.0125672 0.518457 
-0.267154 0.452671 
-0.246782 0.461435 
-0.501352 0.282998 
0.461571 0.339589 
0.401664 0.403191 
0.374726 0.425072 
0.346221 0.444684 
0.516717 0.257575 
0.531745 0.231765 
0.482209 0.311761 
0.501218 0.283056 
-0.123215 0.500867 
0.0452324 0.521307 
0.0744848 0.521028 
0.0159447 0.520416 
0.134475 0.516563 
0.164944 0.512115 
0.225545 0.498261 
0.256096 0.488381 
0.286551 0.476275 
0.561426 0.180784 
0.546577 0.206196 
0.636337 0.00846714 
0.620038 0.0662529 
0.593704 0.123571 
0.60802 0.0947464 
0.640049 -0.0206413 
0.638576 -0.00604184 
-0.149894 0.494211 
-0.0963399 0.506607 
-0.0687468 0.511513 
0.195009 0.506128 
0.577906 0.152285 
0.104582 0.519467 
0.316677 0.461761 
-0.631605 0.0271013 
-0.526561 0.252151 
0.627437 0.0447569 
-0.63518 0.00344249 
-0.626621 0.0508063 
-0.620242 0.0744902 
0.427067 0.379025 
-0.60341 0.121481 
-0.584834 0.161084 
-0.57536 0.178517 
-0.594061 0.142492 
-0.541327 0.23203 
-0.188177 0.482929 
-0.438802 0.344743 
-0.421158 0.359347 
-0.474958 0.311231 
-0.370407 0.396183 
-0.296888 0.438573 
-0.352861 0.407371 
-0.404174 0.372476 
-0.565773 0.194832 
-0.315935 0.428674 
-0.0268074 0.517082 
-0.257 0.457127 
-0.456975 0.328555 
-0.235392 0.466034 
-0.334598 0.41827 
-0.509988 0.272902 
-0.612494 0.0980719 
-0.492732 0.292628 
0.631543 0.0302817 
0.450519 0.353135 
0.360664 0.435165 
0.524261 0.244684 
-0.554473 0.212707 
0.472089 0.325831 
0.509058 0.270372 
0.408216 0.39731 
-0.212402 0.474687 
0.0598628 0.521316 
0.14974 0.51453 
0.240899 0.493561 
-0.27724 0.448067 
0.554001 0.193481 
-0.387239 0.384742 
0.634922 0.0157663 
0.622654 0.0591384 
0.637551 0.00122754 
0.63941 -0.0133309 
-0.162716 0.490664 
-0.136582 0.497653 
-0.109801 0.503852 
-0.0549012 0.513602 
0.539152 0.21897 
0.00168188 0.519569 
0.0305867 0.521005 
0.180019 0.509321 
0.210336 0.502416 
0.569712 0.166551 
0.119548 0.518187 
-0.0825632 0.50918 
0.585921 0.137984 
0.0895451 0.520412 
0.601054 0.109249 
0.301745 0.469294 
0.331611 0.45351 
0.271426 0.482588 
0.614281 0.080604 
0.388406 0.414403 
0.491882 0.297526 
ZONE T="boundary5"
-0.636439 -0.00838558 
-0.530785 -0.292298 
-0.636467 -0.078267 
-0.637894 -0.0551838 
-0.637881 -0.031869 
0.511913 -0.288075 
-0.567553 -0.253576 
-0.556098 -0.267237 
0.638046 -0.0783766 
0.635595 -0.0926025 
-0.615979 -0.167624 
-0.597913 -0.20723 
0.544876 -0.258155 
0.534376 -0.268573 
-0.578002 -0.23952 
-0.279834 -0.376766 
-0.306792 -0.374938 
0.632409 -0.106605 
-0.331975 -0.372387 
-0.356794 -0.368865 
-0.376395 -0.36523 
-0.395733 -0.360781 
-0.252587 -0.3779 
-0.14251 -0.379154 
-0.543923 -0.280073 
-0.225256 -0.378534 
-0.170236 -0.37902 
-0.197733 -0.378856 
-0.11487 -0.379349 
0.499987 -0.297115 
-0.504764 -0.312532 
-0.516989 -0.303615 
-0.492079 -0.320821 
-0.0869439 -0.379668 
0.55507 -0.247129 
-0.475951 -0.33012 
0.623865 -0.134148 
0.615586 -0.154476 
-0.415953 -0.355076 
-0.587724 -0.224803 
-0.629223 -0.12365 
-0.623364 -0.145838 
0.475262 -0.313488 
-0.607067 -0.188901 
-0.633581 -0.101121 
-0.435786 -0.348281 
-0.456187 -0.339866 
-0.0310892 -0.38075 
-0.0591533 -0.380133 
-0.00315053 -0.381482 
0.223592 -0.382114 
0.0813893 -0.383794 
0.109652 -0.384311 
0.166447 -0.384318 
0.138028 -0.384526 
0.449318 -0.327823 
0.195002 -0.383559 
0.25231 -0.379835 
0.281014 -0.376582 
0.309703 -0.372197 
0.366698 -0.359405 
0.394836 -0.350661 
0.523427 -0.278517 
0.422555 -0.340129 
0.63972 -0.0641013 
0.64062 -0.0496709 
0.564817 -0.235672 
0.605844 -0.174329 
0.594958 -0.193321 
0.628474 -0.120516 
0.580494 -0.215138 
0.64073 -0.0351984 
0.640049 -0.0206413 
0.0531024 -0.383083 
0.0250118 -0.382286 
0.338273 -0.36653 
-0.638067 -0.0435286 
-0.561929 -0.260493 
0.636916 -0.085505 
0.539683 -0.263421 
-0.293323 -0.375953 
0.634094 -0.0996238 
-0.319398 -0.373776 
-0.344409 -0.370761 
-0.386093 -0.363114 
-0.266214 -0.377408 
-0.55011 -0.273748 
-0.238921 -0.378268 
-0.18398 -0.378949 
0.505999 -0.292661 
-0.510935 -0.308152 
-0.498475 -0.316756 
-0.572877 -0.246622 
-0.523976 -0.298063 
-0.100901 -0.379491 
0.619908 -0.144385 
-0.537451 -0.286288 
-0.405885 -0.358061 
-0.484088 -0.325591 
-0.592955 -0.216095 
-0.626481 -0.134796 
-0.619859 -0.156797 
-0.611709 -0.178342 
-0.635209 -0.0897196 
-0.446059 -0.344237 
-0.0451163 -0.380425 
-0.0171163 -0.381104 
-0.637362 -0.0667391 
0.0955192 -0.384083 
0.152235 -0.384482 
-0.466157 -0.335161 
0.266672 -0.378339 
0.295377 -0.374539 
0.380828 -0.355241 
0.462427 -0.320906 
0.487793 -0.305558 
0.517723 -0.283361 
0.528957 -0.273606 
0.436043 -0.334213 
-0.366616 -0.367146 
0.640268 -0.0568913 
0.550031 -0.252696 
0.560001 -0.24145 
0.600547 -0.183909 
0.626254 -0.12736 
0.63898 -0.0712494 
0.630531 -0.113585 
0.587912 -0.204354 
-0.425922 -0.351819 
-0.602633 -0.198138 
0.640488 -0.0279145 
-0.637337 -0.0201189 
0.640774 -0.0424346 
-0.631588 -0.112424 
-0.128685 -0.37924 
-0.156368 -0.379085 
0.0672462 -0.383456 
0.0390593 -0.382691 
0.237956 -0.381087 
0.209298 -0.38293 
0.352529 -0.363155 
-0.073042 -0.379882 
-0.211492 -0.378724 
0.123838 -0.384463 
0.324017 -0.369532 
0.180723 -0.384016 
0.0109336 -0.38188 
0.408778 -0.345621 
-0.582964 -0.232227 
0.572823 -0.225536 
0.610882 -0.164484 
