ZONE T="boundary0"
-4 -0.484006 
-4 -0.370833 
-4 0.619281 
-4 0.26011 
-4 0.312937 
-4 0.0989083 
-4 0.149426 
-4 0.199944 
-4 -0.604695 
-4 -0.862692 
-4 0.873094 
-4 0.746187 
-4 0.429069 
-4 0.365763 
-4 0.0376031 
-4 -0.0237021 
-4 -0.0953782 
-4 -0.277868 
-4 -0.250165 
-4 -0.167054 
-4 -0.725384 
-4 -1 
-4 0.492375 
-4 1 
-4 0.555828 
-4 -0.222461 
-4 -0.324351 
-4 0.286523 
-4 0.124167 
-4 0.809641 
-4 0.230027 
-4 0.397416 
-4 0.174685 
-4 -0.0595401 
-4 -0.42742 
-4 -0.131216 
-4 -0.665039 
-4 -0.54435 
-4 -0.931346 
-4 -0.794038 
-4 0.460722 
-4 0.936547 
-4 0.524101 
-4 0.682734 
-4 -0.264016 
-4 -0.236313 
-4 -0.301109 
-4 -0.347592 
-4 -0.194758 
-4 0.0069505 
-4 0.0682557 
-4 0.33935 
-4 0.587554 
ZONE T="boundary1"
-3.2985 1 
-3.49894 1 
1.70343 1 
1.55551 1 
2.29607 1 
2.10427 1 
4 1 
3.58465 1 
0.740591 1 
0.686604 1 
0.358628 1 
-0.866388 1 
-0.650584 1 
-0.758486 1 
0.294658 1 
0.422599 1 
0.23771 1 
0.180762 1 
1.19849 1 
0.99864 1 
0.902552 1 
-0.977455 1 
-1.08852 1 
-1.29324 1 
1.09473 1 
3.41923 1 
-1.81447 1 
-1.97571 1 
-2.63356 1 
-3.09806 1 
1.42888 1 
0.491591 1 
0.0544 1 
0.117581 1 
-0.14398 1 
-0.212369 1 
0.623594 1 
0.560584 1 
0.794578 1 
-0.0755916 1 
-0.0105958 1 
-0.334249 1 
-0.456129 1 
-0.553356 1 
-1.19088 1 
-1.53768 1 
-3.87474 1 
-1.41546 1 
1.30225 1 
-3.62421 1 
-4 1 
-3.74947 1 
1.90385 1 
-2.13695 1 
-2.38525 1 
-2.86581 1 
-1.67607 1 
3.25381 1 
3.06263 1 
2.67965 1 
2.87144 1 
2.48786 1 
0.848565 1 
-0.273309 1 
-3.39872 1 
2.20017 1 
3.79233 1 
-0.704535 1 
0.326643 1 
0.209236 1 
0.713598 1 
0.950596 1 
-0.812437 1 
1.62947 1 
1.14661 1 
-1.89509 1 
1.4922 1 
0.457095 1 
0.0859905 1 
-0.178175 1 
0.655099 1 
0.767585 1 
-0.109786 1 
0.526088 1 
-1.03299 1 
0.390614 1 
-0.921922 1 
0.0219021 1 
-0.395189 1 
-0.504743 1 
-0.60197 1 
-1.1397 1 
-1.24206 1 
1.25037 1 
1.36557 1 
-3.93737 1 
-3.8121 1 
2.00406 1 
1.80364 1 
-2.2611 1 
-2.74969 1 
-2.98194 1 
-1.74527 1 
-1.60688 1 
-3.19828 1 
3.33652 1 
3.50194 1 
3.15822 1 
2.77555 1 
2.58375 1 
0.266184 1 
0.875558 1 
-0.0430937 1 
0.149172 1 
0.592089 1 
0.821572 1 
-0.303779 1 
-0.242839 1 
-1.35435 1 
1.04668 1 
-2.50941 1 
-2.05633 1 
-1.47657 1 
2.96704 1 
-3.68684 1 
-3.56157 1 
2.39196 1 
ZONE T="boundary2"
4 -1 
4 -0.177308 
4 -0.0660604 
4 -0.476794 
4 0.288831 
4 0.261984 
4 1 
4 -0.277029 
4 -0.835177 
4 -0.670354 
4 0.715906 
4 -0.131452 
4 -0.223164 
4 -0.330895 
4 -0.403845 
4 -0.573574 
4 -0.000668378 
4 0.0448594 
4 0.181443 
4 0.20829 
4 0.573859 
4 0.324576 
4 0.235137 
4 0.360322 
4 0.135915 
4 0.431812 
4 0.0903872 
4 0.275407 
4 -0.752765 
4 0.857953 
4 -0.15438 
4 -0.200236 
4 -0.303962 
4 -0.250097 
4 -0.440319 
4 -0.36737 
4 -0.621964 
4 -0.525184 
4 -0.0333644 
4 -0.0987564 
4 0.194866 
4 -0.917588 
4 0.644883 
4 0.221713 
4 0.342449 
4 0.306704 
4 0.24856 
4 0.158679 
4 0.396067 
4 0.502836 
4 0.0220955 
4 0.113151 
4 0.0676233 
ZONE T="boundary3"
-3.79098 -1 
-3.58196 -1 
-1.79231 -1 
-1.65073 -1 
-1.53762 -1 
3.75912 -1 
4 -1 
-1.08608 -1 
-1.19827 -1 
-0.60484 -1 
-0.258469 -1 
0.910541 -1 
1.31554 -1 
1.23989 -1 
-1.4245 -1 
1.92758 -1 
2.10333 -1 
-3.34033 -1 
-3.09871 -1 
-2.78032 -1 
-2.5981 -1 
2.52717 -1 
-2.93951 -1 
3.51823 -1 
3.19319 -1 
2.86018 -1 
-0.310852 -1 
-0.363235 -1 
0.422323 -1 
-0.0362877 -1 
0.0327219 -1 
0.529517 -1 
0.652563 -1 
-0.181883 -1 
-0.105297 -1 
0.0978648 -1 
0.163008 -1 
1.03739 -1 
0.31513 -1 
0.239069 -1 
-4 -1 
1.16424 -1 
-0.695778 -1 
0.775609 -1 
-0.88031 -1 
-0.973903 -1 
-0.786716 -1 
1.46685 -1 
-1.31138 -1 
1.60934 -1 
1.75184 -1 
-1.93389 -1 
-2.17489 -1 
-2.41589 -1 
3.02669 -1 
2.31525 -1 
-0.423636 -1 
-0.484038 -1 
-0.544439 -1 
-3.68647 -1 
-1.72152 -1 
3.87956 -1 
-1.14218 -1 
1.27772 -1 
-1.48106 -1 
2.01546 -1 
-3.21952 -1 
-2.68921 -1 
-3.01911 -1 
3.35571 -1 
2.69368 -1 
-0.337044 -1 
-0.00178291 -1 
-0.284661 -1 
0.59104 -1 
-0.14359 -1 
-0.0707925 -1 
0.130436 -1 
0.277099 -1 
0.47592 -1 
0.368727 -1 
-3.89549 -1 
-3.46114 -1 
-0.650309 -1 
0.714086 -1 
3.63867 -1 
-1.02999 -1 
-0.833513 -1 
0.973966 -1 
-0.927107 -1 
-1.25482 -1 
1.68059 -1 
1.39119 -1 
-2.85991 -1 
-1.8631 -1 
-1.36794 -1 
-1.59418 -1 
1.20206 -1 
-2.507 -1 
-2.05439 -1 
-2.29539 -1 
2.94344 -1 
3.10994 -1 
1.83971 -1 
2.20929 -1 
2.42121 -1 
-0.220176 -1 
0.201038 -1 
-0.453837 -1 
-0.574639 -1 
-0.514238 -1 
-0.741247 -1 
0.0652933 -1 
-0.393436 -1 
0.843075 -1 
1.53809 -1 
1.10081 -1 
ZONE T="boundary4"
-0.295918 0.479231 
-0.27642 0.48996 
0.393447 0.54116 
-0.234046 0.510916 
-0.255397 0.500744 
0.461552 0.485699 
0.472 0.47251 
0.450311 0.497918 
-0.63236 0.0100199 
-0.630111 0.028125 
0.500557 0.418883 
0.495014 0.432747 
-0.627 0.0463878 
0.505141 0.404548 
-0.612886 0.101149 
-0.606686 0.119312 
0.511504 0.30254 
0.50819 0.277932 
0.513106 0.357408 
-0.499259 0.30808 
0.508832 0.38936 
-0.532365 0.263231 
-0.51429 0.288727 
-0.595379 0.148042 
-0.483437 0.326942 
-0.439534 0.372846 
-0.457895 0.354672 
-0.385659 0.419299 
-0.403312 0.405093 
-0.368688 0.432127 
-0.333385 0.456469 
-0.315081 0.467958 
-0.351333 0.44447 
-0.420487 0.390356 
0.513678 0.340685 
0.513144 0.321799 
-0.21065 0.521218 
-0.160907 0.540429 
-0.186932 0.530816 
-0.134575 0.549237 
-0.0456116 0.572803 
0.359737 0.557875 
0.341776 0.564984 
0.409003 0.531602 
0.511481 0.373725 
-0.623088 0.0645968 
0.438197 0.509355 
0.424039 0.52095 
0.3772 0.549826 
0.48864 0.44592 
0.501266 0.107595 
0.49681 0.139759 
0.481409 0.458554 
0.0528238 0.588809 
0.122749 0.593929 
0.158175 0.59439 
0.193795 0.593236 
0.30477 0.576534 
0.323337 0.571215 
0.230183 0.590173 
0.266904 0.584845 
0.516785 0.0451324 
0.525873 0.0145381 
0.5041 0.253232 
-0.618352 0.0829464 
0.499653 0.225338 
-0.566711 0.206768 
0.534178 -0.0150968 
-0.582048 0.177227 
0.496493 0.196935 
0.495433 0.168408 
0.540988 -0.0444579 
-0.105857 0.557853 
-0.0768647 0.565558 
0.508218 0.0761132 
-0.0141318 0.579029 
0.019267 0.584493 
0.087753 0.592036 
-0.549157 0.237023 
-0.286208 0.484664 
-0.244759 0.505907 
0.466901 0.479203 
-0.63134 0.019084 
0.497908 0.425866 
0.502975 0.411758 
0.509986 0.290225 
-0.609869 0.110257 
-0.523485 0.276087 
-0.491436 0.317583 
-0.47086 0.340981 
-0.506867 0.298474 
-0.394542 0.412265 
-0.377221 0.425774 
-0.324275 0.462278 
-0.342403 0.450534 
-0.360056 0.438361 
0.513557 0.331242 
-0.222388 0.516156 
-0.173958 0.535725 
-0.198828 0.526105 
-0.305541 0.473663 
-0.147776 0.544934 
0.350804 0.561548 
0.401301 0.536503 
0.51243 0.365583 
0.444353 0.503741 
0.513523 0.349055 
0.431223 0.515279 
0.385388 0.545613 
0.416613 0.526403 
0.491941 0.43939 
0.498675 0.123624 
0.456041 0.49191 
0.485132 0.4523 
0.47684 0.465624 
0.140461 0.59435 
0.314085 0.573978 
0.510292 0.381568 
-0.628657 0.037272 
0.212014 0.591957 
0.332596 0.568212 
0.248591 0.587807 
0.368527 0.553975 
0.521326 0.0298264 
0.512448 0.312164 
0.507122 0.396989 
-0.625139 0.0555111 
-0.615706 0.0920723 
-0.620812 0.0737938 
0.530144 -0.000254429 
0.506191 0.265581 
-0.601231 0.133751 
-0.588905 0.162718 
-0.411959 0.397792 
0.50178 0.239308 
0.497847 0.211166 
-0.57456 0.192088 
-0.448799 0.363843 
-0.26595 0.495429 
0.495672 0.182688 
-0.430092 0.381687 
0.537799 -0.0297345 
-0.120252 0.55366 
-0.0913917 0.561819 
-0.0612683 0.569308 
-0.0298972 0.576043 
0.036027 0.586796 
0.070274 0.590585 
0.105243 0.593155 
-0.558108 0.221994 
0.504476 0.0917906 
0.512363 0.0605759 
0.00254418 0.581903 
0.175994 0.594026 
0.285924 0.581064 
0.49581 0.154066 
-0.540906 0.250217 
ZONE T="boundary5"
-0.0405325 -0.356268 
-0.0611614 -0.350804 
-0.0198131 -0.361638 
0.00112792 -0.366877 
-0.613362 -0.134527 
-0.618438 -0.121587 
-0.633766 -0.0427615 
-0.634199 -0.0253439 
-0.623135 -0.107135 
-0.592674 -0.172655 
-0.583962 -0.184688 
-0.466185 -0.266256 
-0.478203 -0.261788 
-0.574206 -0.196407 
0.388635 -0.36076 
0.376612 -0.365967 
-0.526278 -0.237242 
-0.51166 -0.246021 
-0.607571 -0.147074 
-0.600507 -0.160169 
-0.454086 -0.270234 
0.341602 -0.378229 
0.318879 -0.384192 
-0.500953 -0.251665 
-0.167884 -0.323307 
-0.188474 -0.318606 
-0.208065 -0.314414 
0.447313 -0.32551 
-0.245959 -0.30713 
-0.227812 -0.310482 
-0.563567 -0.207544 
-0.264246 -0.303993 
-0.281065 -0.3013 
-0.0825135 -0.3451 
-0.10386 -0.339426 
-0.147413 -0.328248 
-0.125607 -0.333753 
-0.489944 -0.256858 
0.364403 -0.370707 
-0.540513 -0.227311 
-0.552269 -0.21788 
-0.402316 -0.282822 
-0.428692 -0.27717 
-0.626998 -0.0922679 
0.479551 -0.295713 
-0.633724 -0.00778713 
-0.63236 0.0100199 
0.532605 -0.203656 
-0.630163 -0.0762147 
0.43026 -0.337755 
0.547152 -0.13204 
0.543535 -0.161069 
0.52153 -0.231555 
0.540663 -0.175219 
0.297337 -0.388592 
0.275735 -0.3919 
-0.632407 -0.059823 
0.507192 -0.258672 
0.16146 -0.394293 
0.136891 -0.392036 
0.112519 -0.388991 
0.0893058 -0.385406 
0.044161 -0.376765 
0.0222129 -0.371891 
0.0662942 -0.381256 
0.254293 -0.394184 
0.515001 -0.24485 
-0.297992 -0.298743 
0.412633 -0.348545 
0.469254 -0.306391 
0.458308 -0.316472 
0.489422 -0.284127 
0.527381 -0.217864 
0.498542 -0.271937 
0.547847 -0.117476 
-0.373712 -0.287767 
0.537091 -0.189198 
0.545677 -0.0737181 
0.547816 -0.102853 
0.231983 -0.395589 
0.209754 -0.396076 
0.185545 -0.395645 
0.400767 -0.354909 
0.540988 -0.0444579 
-0.321442 -0.295373 
-0.345017 -0.292043 
-0.0508512 -0.353545 
-0.00935166 -0.364283 
-0.615994 -0.128093 
-0.634099 -0.0340566 
-0.588419 -0.178743 
-0.472218 -0.264082 
0.382649 -0.363423 
-0.519045 -0.241751 
-0.604146 -0.153678 
-0.61056 -0.140843 
0.330285 -0.381378 
-0.506339 -0.248903 
-0.17817 -0.320923 
-0.19826 -0.316477 
-0.236878 -0.308777 
-0.272649 -0.302626 
-0.0931861 -0.342255 
-0.071839 -0.347953 
-0.0301796 -0.35897 
-0.157641 -0.325749 
-0.568983 -0.202064 
-0.484101 -0.259386 
0.353064 -0.374653 
-0.533486 -0.2324 
-0.546468 -0.222687 
-0.620897 -0.114397 
-0.495478 -0.254321 
-0.441445 -0.273902 
-0.579186 -0.190629 
-0.415537 -0.280153 
-0.625177 -0.09973 
-0.460154 -0.2683 
-0.633149 0.00112334 
-0.628701 -0.0842652 
0.438904 -0.331794 
0.545714 -0.146605 
0.286555 -0.390375 
-0.631402 -0.0680355 
-0.255096 -0.305533 
-0.217929 -0.312413 
0.149163 -0.39327 
0.100897 -0.387276 
0.0331738 -0.374374 
0.0777847 -0.383398 
0.308136 -0.38653 
0.37053 -0.368394 
0.0116596 -0.369418 
0.463855 -0.311511 
0.484578 -0.289997 
0.474483 -0.301129 
0.452872 -0.321065 
0.494079 -0.278104 
-0.136505 -0.330974 
0.502975 -0.265375 
0.524544 -0.224748 
0.518355 -0.238247 
0.538963 -0.182231 
0.534941 -0.196457 
0.530084 -0.210795 
0.265026 -0.39316 
0.542187 -0.168163 
0.547591 -0.124764 
0.547921 -0.110166 
0.421543 -0.343305 
0.511203 -0.251822 
-0.289524 -0.300005 
-0.596694 -0.166475 
-0.558006 -0.212804 
-0.633206 -0.0513025 
0.243144 -0.395005 
0.547081 -0.0882666 
0.197645 -0.395981 
0.173494 -0.395079 
0.394733 -0.357898 
-0.114729 -0.336572 
0.0552133 -0.379065 
0.220869 -0.395942 
0.12469 -0.390608 
-0.634072 -0.0165637 
-0.30971 -0.297041 
-0.333226 -0.293713 
0.406734 -0.351793 
-0.359368 -0.289959 
-0.38803 -0.28541 
0.543621 -0.0590485 
