ZONE T="boundary0"
-4 -0.787438 
-4 -0.574875 
-4 0.246525 
-4 0.615434 
-4 0.487246 
-4 0.20916 
-4 0.171795 
-4 0.103893 
-4 -0.0637653 
-4 -0.22043 
-4 -0.277338 
-4 -0.340918 
-4 0.871811 
-4 0.743623 
-4 1 
-4 0.035991 
-4 0.290717 
-4 0.372993 
-4 0.334909 
-4 -0.163522 
-4 -0.113644 
-4 -0.404497 
-4 -0.489686 
-4 0.411078 
-4 -1 
-4 0.312813 
-4 -0.681157 
-4 0.55134 
-4 0.190478 
-4 -0.309128 
-4 0.807717 
-4 0.935906 
-4 0.0699421 
-4 0.268621 
-4 0.137844 
-4 0.353951 
-4 -0.138583 
-4 -0.0138872 
-4 -0.248884 
-4 -0.191976 
-4 -0.447092 
-4 -0.532281 
-4 -0.893719 
-4 0.679529 
-4 0.301765 
-4 0.227842 
-4 0.323861 
-4 0.392035 
-4 -0.372708 
-4 0.449162 
-4 -0.0887044 
ZONE T="boundary1"
-3.31877 1 
0.864625 1 
0.762262 1 
-0.312799 1 
-0.23756 1 
0.0955782 1 
0.402111 1 
0.481793 1 
0.622028 1 
2.23604 1 
-1.87781 1 
0.977358 1 
-1.70542 1 
-3.78851 1 
-4 1 
2.99651 1 
-2.25564 1 
-2.46108 1 
1.70132 1 
1.85143 1 
1.20594 1 
1.32179 1 
2.80438 1 
2.68334 1 
2.5623 1 
0.0314768 1 
-0.031278 1 
0.241054 1 
-0.546016 1 
0.159679 1 
0.32243 1 
-0.388038 1 
-0.0940329 1 
-0.741594 1 
-0.79944 1 
-0.467027 1 
-0.165796 1 
-1.33058 1 
-1.44258 1 
-0.643805 1 
-0.972977 1 
-1.21858 1 
3.60053 1 
3.39459 1 
-1.09578 1 
-3.06052 1 
-1.574 1 
3.18864 1 
2.39917 1 
-2.0502 1 
1.4365 1 
1.09009 1 
1.55121 1 
2.04374 1 
3.80026 1 
-3.44789 1 
-3.57702 1 
-2.61094 1 
-2.7608 1 
-2.91066 1 
-0.857285 1 
4 1 
0.813444 1 
-0.275179 1 
0.441952 1 
0.692145 1 
0.920992 1 
-3.89425 1 
-2.35836 1 
1.77638 1 
1.26387 1 
2.62282 1 
9.94241e-05 1 
0.0635274 1 
0.127629 1 
0.36227 1 
0.200367 1 
-0.350419 1 
0.281742 1 
-0.770517 1 
-0.427533 1 
-0.129915 1 
-1.38658 1 
-0.59491 1 
0.55191 1 
3.49756 1 
-3.18964 1 
-1.50829 1 
-1.63971 1 
3.29162 1 
2.31761 1 
2.48074 1 
-2.15292 1 
1.37915 1 
1.14802 1 
1.49386 1 
1.62627 1 
1.94758 1 
2.13989 1 
3.7004 1 
-3.51245 1 
-3.68276 1 
-3.38333 1 
-1.79161 1 
-1.964 1 
2.90044 1 
2.74386 1 
3.09258 1 
-2.68587 1 
-2.83573 1 
-0.0626555 1 
-0.506521 1 
-0.201678 1 
-0.692699 1 
-0.828363 1 
-0.915131 1 
3.90013 1 
1.03372 1 
-1.27458 1 
-1.03438 1 
-2.53601 1 
-1.15718 1 
-2.98559 1 
ZONE T="boundary2"
4 -0.426347 
4 -0.558629 
4 -0.35928 
4 -0.231491 
4 -0.170769 
4 -1 
4 0.1016 
4 0.0626706 
4 -0.690912 
4 0.237889 
4 0.213549 
4 -0.0151887 
4 0.16487 
4 0.14053 
4 -0.292213 
4 0.540526 
4 0.189209 
4 0.270415 
4 0.302942 
4 0.367994 
4 0.45426 
4 0.655395 
4 0.770263 
4 1 
4 -0.492488 
4 -0.20113 
4 0.0821354 
4 0.225719 
4 -0.0929787 
4 0.121065 
4 -0.392813 
4 -0.624771 
4 0.17704 
4 0.201379 
4 0.0237409 
4 0.1527 
4 0.286678 
4 0.254152 
4 0.335468 
4 -0.325746 
4 0.411127 
4 0.497393 
4 0.597961 
4 0.712829 
4 0.885132 
4 -0.261852 
4 -0.845456 
ZONE T="boundary3"
-1.80276 -1 
-1.69738 -1 
-1.90814 -1 
-2.08664 -1 
-0.631395 -1 
-0.518272 -1 
-0.850851 -1 
-0.379381 -1 
0.902039 -1 
0.417252 -1 
0.30167 -1 
1.22906 -1 
-2.26514 -1 
0.564358 -1 
4 -1 
3.80193 -1 
-0.129289 -1 
0.00252268 -1 
-2.56787 -1 
1.01489 -1 
1.12197 -1 
1.88775 -1 
-1.51177 -1 
-3.75619 -1 
-3.51239 -1 
2.53063 -1 
2.66924 -1 
2.13989 -1 
-2.80173 -1 
-3.03559 -1 
0.676773 -1 
0.0655862 -1 
0.12865 -1 
0.171905 -1 
0.21516 -1 
0.258415 -1 
-0.316858 -1 
-0.0633829 -1 
-0.254335 -1 
-0.191812 -1 
-0.741123 -1 
0.789189 -1 
1.34447 -1 
-1.07054 -1 
-0.960694 -1 
-1.18035 -1 
-1.29015 -1 
-1.40096 -1 
3.60385 -1 
3.2077 -1 
3.40578 -1 
-4 -1 
1.67382 -1 
1.56685 -1 
2.80784 -1 
2.39203 -1 
-3.27399 -1 
2.94644 -1 
1.45988 -1 
-1.75007 -1 
-1.99739 -1 
-0.574834 -1 
-0.448827 -1 
0.359461 -1 
3.90096 -1 
1.06843 -1 
-1.85545 -1 
-3.63429 -1 
2.59993 -1 
-2.91866 -1 
0.620565 -1 
0.0971179 -1 
0.193532 -1 
0.280042 -1 
0.958464 -1 
0.150277 -1 
0.490805 -1 
-0.0963354 -1 
-0.0304301 -1 
-0.285596 -1 
-0.223073 -1 
-0.348119 -1 
1.17552 -1 
-1.01562 -1 
-1.23525 -1 
-1.45637 -1 
-1.12544 -1 
-0.686259 -1 
-1.34556 -1 
-0.795987 -1 
3.30674 -1 
3.50481 -1 
1.78078 -1 
2.73854 -1 
-2.17589 -1 
-3.8781 -1 
-2.4165 -1 
-2.6848 -1 
2.01382 -1 
2.26596 -1 
-3.39319 -1 
-3.15479 -1 
0.732981 -1 
0.845614 -1 
0.0340544 -1 
0.236787 -1 
-0.16055 -1 
3.70289 -1 
2.46133 -1 
2.87714 -1 
1.28676 -1 
1.40217 -1 
1.62033 -1 
1.51336 -1 
3.07707 -1 
-1.60458 -1 
-0.905772 -1 
ZONE T="boundary4"
0.195915 0.428274 
0.171249 0.444512 
-0.227831 0.5116 
-0.488649 0.354275 
-0.627624 0.04481 
-0.627392 0.0205742 
-0.611504 0.144084 
-0.603288 0.169056 
0.649962 -0.0215283 
-0.622969 0.0941449 
-0.626153 0.0693515 
-0.618078 0.119089 
0.642569 0.01745 
0.648177 -0.00845987 
0.555332 0.154767 
0.575605 0.134454 
-0.0352332 0.523628 
-0.00821353 0.519019 
-0.593523 0.193862 
-0.542371 0.287536 
-0.52555 0.310809 
-0.627099 0.0570975 
0.651091 -0.0347468 
-0.579258 0.22463 
-0.568505 0.245037 
-0.555944 0.266588 
-0.0901189 0.528101 
0.0184633 0.512851 
0.0447604 0.505149 
-0.404228 0.428084 
-0.448147 0.393332 
-0.426622 0.41124 
-0.46889 0.374287 
-0.30709 0.483691 
-0.281156 0.494401 
-0.357079 0.45834 
-0.33241 0.471656 
-0.20062 0.517994 
0.27137 0.372467 
0.245687 0.39221 
-0.173109 0.522876 
-0.145488 0.526196 
-0.254732 0.503713 
-0.0626141 0.526665 
-0.117814 0.527943 
0.096286 0.48521 
0.12151 0.473051 
0.53312 0.174311 
-0.507476 0.333219 
0.405281 0.269758 
0.377903 0.290182 
0.350491 0.31096 
0.220942 0.410606 
0.50999 0.192757 
0.484787 0.211618 
0.432293 0.249852 
0.070676 0.495936 
0.146453 0.459479 
0.63874 0.0302144 
0.63427 0.0427066 
0.623327 0.0671335 
0.609869 0.0905356 
0.593698 0.113269 
0.296985 0.352469 
-0.381041 0.443795 
0.32373 0.331596 
0.459177 0.230262 
0.183646 0.43651 
-0.62772 0.0326919 
-0.60758 0.156632 
-0.624768 0.0817765 
-0.620726 0.106658 
0.645709 0.00457342 
0.565647 0.144796 
-0.0216924 0.521521 
-0.598576 0.181527 
-0.534116 0.299285 
-0.626678 0.063229 
-0.627414 0.0509565 
-0.614985 0.131639 
-0.573983 0.234888 
-0.562348 0.255885 
0.0316618 0.50919 
-0.549283 0.277143 
-0.437493 0.402418 
-0.458635 0.383937 
-0.294191 0.489217 
-0.344828 0.465156 
-0.415528 0.4198 
-0.214267 0.514984 
0.258556 0.382378 
-0.319826 0.477838 
-0.159319 0.524731 
-0.478892 0.364402 
-0.268004 0.499233 
-0.0763557 0.527583 
-0.131661 0.527267 
0.108967 0.479296 
0.544364 0.164701 
-0.516659 0.322132 
-0.0489023 0.525347 
0.391587 0.279938 
-0.498194 0.343864 
0.233356 0.401474 
0.497444 0.202254 
0.418785 0.259778 
-0.241332 0.507839 
0.0577752 0.500726 
0.00516574 0.516129 
0.208486 0.419535 
0.158921 0.452131 
-0.186896 0.520627 
0.521644 0.183648 
0.636586 0.036491 
0.62911 0.0550669 
0.602046 0.102098 
0.649152 -0.0149816 
0.640738 0.0238587 
0.65061 -0.0281294 
0.284187 0.362478 
0.0835459 0.490749 
-0.36915 0.451219 
-0.103966 0.528222 
0.134051 0.466417 
0.584867 0.124054 
-0.392731 0.436084 
0.310353 0.342017 
0.364186 0.300533 
0.337098 0.321247 
0.445735 0.240033 
0.616882 0.0790075 
0.472002 0.220949 
-0.586631 0.20936 
ZONE T="boundary5"
-0.500799 -0.230138 
-0.627392 0.0205742 
-0.57986 -0.136163 
-0.591408 -0.115405 
-0.616677 -0.04968 
-0.601411 -0.0940536 
-0.609838 -0.0721463 
0.18482 -0.44851 
-0.23153 -0.375194 
-0.25926 -0.365351 
-0.0652612 -0.421685 
-0.203618 -0.384457 
-0.283402 -0.356213 
-0.625476 -0.00328198 
-0.0376325 -0.42739 
-0.0927418 -0.415426 
-0.175907 -0.393054 
0.29736 -0.437678 
0.269295 -0.442103 
-0.471082 -0.255026 
-0.455184 -0.266912 
-0.486165 -0.242856 
-0.366633 -0.319622 
-0.340956 -0.331894 
-0.324222 -0.339378 
-0.307372 -0.346556 
-0.621896 -0.0267218 
-0.391909 -0.306446 
-0.415961 -0.292675 
-0.427501 -0.285565 
0.651395 -0.0612237 
0.651091 -0.0347468 
0.580616 -0.266307 
0.0175507 -0.436933 
0.045187 -0.440733 
-0.519192 -0.212697 
-0.5364 -0.194564 
-0.566816 -0.156276 
-0.0101149 -0.432465 
0.325311 -0.431949 
0.352848 -0.424874 
0.128695 -0.447845 
0.482275 -0.365874 
0.100775 -0.446236 
0.0729593 -0.443852 
0.15673 -0.448624 
0.241156 -0.445326 
0.212998 -0.447434 
0.380155 -0.416288 
0.406943 -0.406141 
0.432863 -0.394454 
0.458107 -0.38101 
0.505152 -0.349071 
0.54627 -0.310727 
0.526417 -0.330773 
-0.438878 -0.278189 
0.564364 -0.289193 
-0.120463 -0.408536 
-0.148039 -0.401119 
0.644766 -0.11403 
0.649227 -0.087679 
0.619735 -0.191811 
0.608154 -0.217232 
0.624958 -0.179025 
0.595155 -0.242178 
0.629817 -0.166099 
0.638227 -0.140168 
-0.552306 -0.175752 
-0.585813 -0.125882 
-0.60582 -0.0831735 
-0.24542 -0.370347 
-0.217596 -0.379896 
-0.271353 -0.360843 
-0.0514634 -0.424609 
-0.0790186 -0.418623 
-0.189783 -0.388822 
0.283351 -0.440045 
-0.478678 -0.249011 
-0.353842 -0.325863 
-0.493539 -0.236565 
-0.315812 -0.343004 
-0.404005 -0.299687 
0.651562 -0.0479776 
-0.332606 -0.335675 
0.0313551 -0.438916 
-0.527921 -0.203749 
-0.626646 0.00863083 
-0.0238893 -0.430002 
0.339124 -0.428587 
0.114727 -0.447141 
0.0590609 -0.442381 
0.00370282 -0.434778 
0.170773 -0.448682 
0.198912 -0.448096 
0.36656 -0.420771 
0.311368 -0.43498 
0.419995 -0.400503 
0.445599 -0.387947 
0.493873 -0.357689 
0.536547 -0.320952 
0.470327 -0.37366 
-0.510105 -0.221534 
-0.43321 -0.281911 
0.555537 -0.300146 
-0.134269 -0.404893 
0.572718 -0.277912 
0.647266 -0.100898 
0.61411 -0.204597 
0.62239 -0.185436 
0.601827 -0.229796 
0.63423 -0.1532 
0.627435 -0.17258 
0.641735 -0.127157 
-0.37933 -0.313153 
0.515963 -0.34013 
-0.596598 -0.104816 
0.25524 -0.443858 
0.142707 -0.448342 
0.0868565 -0.445138 
0.393624 -0.411414 
0.588094 -0.254369 
0.227085 -0.446514 
-0.161992 -0.397153 
-0.106621 -0.412048 
-0.463188 -0.261044 
0.650608 -0.0744729 
-0.544493 -0.185276 
-0.61346 -0.0609731 
-0.573505 -0.146327 
-0.559716 -0.166129 
-0.623897 -0.0150321 
-0.619494 -0.0382462 
-0.447082 -0.272624 
-0.421751 -0.289152 
-0.295413 -0.351451 
