ZONE T="boundary0"
-4 -0.824769 
-4 -1 
-4 -0.287767 
-4 -0.220307 
-4 -0.458801 
-4 -0.554169 
-4 -0.407014 
-4 -0.355227 
-4 0.168069 
-4 0.20931 
-4 0.553312 
-4 0.649629 
-4 0.381152 
-4 0.456995 
-4 0.419074 
-4 1 
-4 -0.119556 
-4 0.505154 
-4 0.0971555 
-4 0.0262425 
-4 0.315852 
-4 0.283202 
-4 -0.649537 
-4 -0.169932 
-4 0.824814 
-4 0.250552 
-4 0.737222 
-4 -0.912384 
-4 -0.254037 
-4 -0.506485 
-4 -0.432908 
-4 -0.321497 
-4 0.188689 
-4 0.60147 
-4 0.438034 
-4 0.481074 
-4 0.061699 
-4 0.400113 
-4 0.299527 
-4 0.348502 
-4 -0.601853 
-4 -0.19512 
-4 -0.737153 
-4 -0.144744 
-4 0.912407 
-4 0.229931 
-4 0.132612 
-4 0.266877 
-4 -0.381121 
-4 0.529233 
-4 -0.0466568 
-4 0.693425 
-4 0.781018 
ZONE T="boundary1"
-3.68477 1 
-3.27943 1 
-3.84239 1 
-4 1 
1.77125 1 
1.57697 1 
3.69348 1 
3.84674 1 
0.155334 1 
-0.343958 1 
-0.442707 1 
1.24765 1 
0.430941 1 
0.278222 1 
-1.94753 1 
-0.0429308 1 
0.716985 1 
-0.541455 1 
-0.655172 1 
3.25199 1 
-2.11591 1 
-2.31615 1 
2.67927 1 
2.82245 1 
-1.62792 1 
-2.5164 1 
2.96563 1 
-2.74778 1 
-2.97916 1 
0.025741 1 
-0.111603 1 
-0.223041 1 
-0.167322 1 
0.0905374 1 
0.216778 1 
0.354582 1 
0.618794 1 
0.524867 1 
-0.768889 1 
0.919691 1 
4 1 
-0.998295 1 
-0.883592 1 
0.815176 1 
1.02421 1 
-1.11067 1 
-1.22304 1 
1.13593 1 
-1.47669 1 
-1.34987 1 
1.96553 1 
1.41231 1 
2.50274 1 
2.14587 1 
2.3262 1 
-1.77915 1 
3.47273 1 
-3.1293 1 
-3.4821 1 
-3.92119 1 
1.67411 1 
3.77011 1 
-0.393333 1 
-0.598313 1 
-2.21603 1 
2.75086 1 
-2.86347 1 
-0.00859489 1 
-0.0772668 1 
-0.195181 1 
0.122936 1 
0.2475 1 
0.392761 1 
-0.139462 1 
-0.2835 1 
-0.492081 1 
0.57183 1 
0.477904 1 
0.316402 1 
-0.71203 1 
3.92337 1 
-0.940944 1 
0.867433 1 
0.667889 1 
-1.16685 1 
0.971949 1 
1.08007 1 
0.76608 1 
1.19179 1 
-1.28645 1 
1.86839 1 
1.49464 1 
-3.76358 1 
2.0557 1 
2.23603 1 
2.89404 1 
-1.86334 1 
-2.63209 1 
2.41447 1 
3.10881 1 
-2.41628 1 
2.591 1 
3.58311 1 
-1.70353 1 
-3.05423 1 
-3.20436 1 
0.0581392 1 
0.186056 1 
-1.05448 1 
-1.41328 1 
1.32998 1 
-1.55231 1 
-0.82624 1 
3.36236 1 
-2.03172 1 
ZONE T="boundary2"
4 -0.142172 
4 -0.204524 
4 -0.597385 
4 -0.506258 
4 -0.418866 
4 -0.688512 
4 -0.844256 
4 -1 
4 0.0609422 
4 0.16225 
4 0.254656 
4 0.464334 
4 0.531292 
4 0.302854 
4 -0.266876 
4 -0.040615 
4 0.111596 
4 0.351053 
4 0.407693 
4 0.59825 
4 0.732167 
4 0.866083 
4 1 
4 -0.0913935 
4 -0.342871 
4 -0.173348 
4 -0.551821 
4 -0.462562 
4 -0.922128 
4 0.208453 
4 0.497813 
4 0.0101636 
4 0.136923 
4 0.326953 
4 0.278755 
4 0.436013 
4 0.379373 
4 0.564771 
4 0.0862691 
4 0.665209 
4 -0.304873 
4 0.799125 
4 -0.2357 
4 -0.642948 
4 -0.766384 
4 0.933042 
4 -0.0660042 
4 -0.116783 
4 -0.380869 
ZONE T="boundary3"
-4 -1 
-2.38571 -1 
-0.465499 -1 
-0.381666 -1 
3.78228 -1 
4 -1 
0.791883 -1 
0.942434 -1 
-0.00857267 -1 
-0.056058 -1 
1.07288 -1 
-0.253643 -1 
0.312832 -1 
0.583868 -1 
-1.27217 -1 
-2.21351 -1 
1.23839 -1 
0.653206 -1 
-1.05519 -1 
2.71631 -1 
2.5181 -1 
-3.5 -1 
-3.75 -1 
-2.5579 -1 
-2.75085 -1 
2.96444 -1 
2.11366 -1 
2.31989 -1 
1.90743 -1 
-0.317655 -1 
0.139767 -1 
-0.178593 -1 
-0.103543 -1 
0.514529 -1 
-0.832156 -1 
-0.729385 -1 
-0.549333 -1 
0.0655971 -1 
0.413681 -1 
-0.934928 -1 
-1.16368 -1 
1.36221 -1 
1.48602 -1 
1.59137 -1 
1.69673 -1 
-0.639359 -1 
-1.64835 -1 
-1.36937 -1 
-3.2219 -1 
3.21256 -1 
-1.46657 -1 
-2.9438 -1 
-1.83013 -1 
-2.02182 -1 
0.2263 -1 
3.56456 -1 
3.38856 -1 
-0.423582 -1 
3.89114 -1 
0.867158 -1 
-0.0323153 -1 
0.722544 -1 
2.6172 -1 
-3.625 -1 
-2.65438 -1 
2.84037 -1 
2.21678 -1 
2.01055 -1 
-0.34966 -1 
-0.0798006 -1 
-0.141068 -1 
-0.507416 -1 
1.00766 -1 
1.15563 -1 
0.464105 -1 
0.363257 -1 
-0.99506 -1 
-1.21793 -1 
-0.883542 -1 
1.3003 -1 
1.42411 -1 
1.64405 -1 
-0.78077 -1 
-0.684372 -1 
-1.32077 -1 
-3.875 -1 
-3.36095 -1 
-1.55746 -1 
-2.29961 -1 
-2.47181 -1 
-2.84732 -1 
-2.11767 -1 
1.5387 -1 
1.80208 -1 
-3.08285 -1 
-1.73924 -1 
-1.92598 -1 
-0.285649 -1 
-0.216118 -1 
0.0285122 -1 
0.269566 -1 
0.102682 -1 
0.618537 -1 
0.549198 -1 
-0.594346 -1 
0.183033 -1 
3.67342 -1 
-1.10944 -1 
3.30056 -1 
3.47656 -1 
-1.41797 -1 
3.0885 -1 
2.419 -1 
ZONE T="boundary4"
0.518426 0.203389 
0.499075 0.231493 
-0.510364 0.295724 
0.61477 0.0497405 
0.620859 0.0338086 
0.438745 0.319603 
0.416545 0.348377 
-0.628049 0.0695505 
-0.622348 0.0917775 
-0.615406 0.113919 
-0.30137 0.457055 
-0.599959 0.153289 
-0.607269 0.135907 
-0.592005 0.170408 
-0.583249 0.187629 
0.63535 -0.0310163 
0.633238 -0.0146224 
-0.57391 0.20456 
-0.524952 0.277773 
-0.538772 0.259289 
-0.404612 0.394193 
-0.434907 0.3704 
0.625972 0.0178027 
-0.495051 0.3131 
-0.480221 0.328706 
-0.464838 0.343793 
-0.450086 0.357328 
-0.388893 0.405459 
-0.355933 0.426965 
-0.338705 0.437164 
-0.372849 0.41627 
-0.637377 0.00314548 
-0.419939 0.382517 
-0.26005 0.475872 
-0.280861 0.466792 
-0.320191 0.447391 
-0.214473 0.493132 
-0.0577654 0.528152 
-0.0853202 0.524559 
-0.112759 0.519915 
-0.139038 0.514461 
-0.551852 0.240302 
-0.563172 0.222605 
0.55509 0.15193 
-0.189924 0.501025 
-0.635586 0.025161 
-0.165128 0.508054 
0.38085 0.388799 
0.35592 0.412821 
0.302547 0.454102 
0.329926 0.434522 
0.536804 0.17755 
-0.632472 0.047312 
0.4048 0.362484 
0.459738 0.290102 
0.48003 0.260032 
0.571291 0.128431 
-0.0290324 0.530752 
-0.00027377 0.532166 
0.0290252 0.53235 
0.0588282 0.531184 
0.0898059 0.528444 
0.597708 0.0852548 
0.18276 0.509602 
0.151886 0.517789 
0.244059 0.48654 
0.213595 0.499225 
0.630119 0.00159799 
0.607767 0.0655256 
0.586602 0.104502 
-0.237404 0.484884 
0.120394 0.524102 
0.27383 0.471484 
0.508691 0.217385 
0.617923 0.041817 
0.427803 0.334122 
-0.625348 0.080701 
-0.619021 0.102891 
-0.603697 0.144632 
-0.587702 0.179056 
0.634422 -0.0228012 
-0.578649 0.196132 
-0.596059 0.161884 
-0.51775 0.286821 
-0.531956 0.268599 
0.62353 0.0258434 
-0.502794 0.304487 
-0.472596 0.336316 
-0.457516 0.350619 
-0.487706 0.320968 
-0.347356 0.432127 
-0.364431 0.42168 
-0.38091 0.410922 
-0.412318 0.388411 
-0.270491 0.471414 
-0.329487 0.442348 
-0.0715575 0.526488 
-0.125921 0.517307 
-0.557583 0.231498 
-0.202232 0.497186 
-0.636645 0.0141653 
-0.310817 0.452294 
-0.152111 0.511376 
-0.427468 0.376513 
-0.568615 0.213626 
0.316415 0.444577 
0.545976 0.164748 
-0.630416 0.0584607 
0.41072 0.355473 
0.469948 0.275109 
-0.396794 0.399883 
-0.291154 0.462005 
0.563267 0.140227 
-0.0146575 0.531609 
0.0143783 0.532419 
0.074338 0.530013 
-0.442548 0.363923 
0.167388 0.513938 
-0.545401 0.249855 
0.228939 0.493158 
0.628166 0.00973262 
0.611368 0.0576775 
0.592268 0.0949426 
0.602877 0.0754619 
0.631802 -0.00648704 
-0.177556 0.504648 
0.579078 0.116547 
-0.248764 0.480473 
-0.634189 0.0362576 
-0.225972 0.489103 
-0.611474 0.124962 
-0.0434094 0.529598 
0.105132 0.52648 
0.136189 0.52118 
-0.0990595 0.522367 
0.527591 0.190437 
0.0439368 0.531942 
0.259081 0.479294 
0.288349 0.463072 
0.343114 0.423916 
0.489532 0.245739 
0.449357 0.304941 
0.368583 0.401033 
0.393021 0.375835 
0.198265 0.504675 
ZONE T="boundary5"
-0.349637 -0.336732 
-0.574985 -0.20476 
-0.564433 -0.217714 
-0.631072 -0.0823664 
-0.634688 -0.0614529 
-0.636935 -0.0402224 
0.607528 -0.182012 
0.511252 -0.310598 
0.487465 -0.3286 
-0.612001 -0.142373 
-0.619739 -0.122856 
-0.505157 -0.271328 
-0.518262 -0.261661 
-0.603632 -0.159891 
-0.584866 -0.191182 
-0.594695 -0.175883 
-0.37071 -0.331212 
-0.637829 -0.0186683 
-0.234819 -0.359476 
-0.328428 -0.341714 
-0.305675 -0.346551 
-0.390852 -0.325282 
-0.134073 -0.375565 
-0.282872 -0.350995 
-0.209891 -0.363586 
-0.185031 -0.367576 
-0.159518 -0.371601 
0.633608 -0.0963155 
0.575302 -0.239468 
-0.491628 -0.280301 
0.582454 -0.228452 
-0.55362 -0.229661 
0.532323 -0.291573 
-0.542279 -0.240992 
-0.530503 -0.251645 
-0.409564 -0.319081 
-0.427969 -0.312208 
-0.476816 -0.289105 
-0.461611 -0.29718 
0.626937 -0.128421 
0.63535 -0.0310163 
0.409636 -0.369989 
0.436409 -0.358204 
0.630715 -0.112504 
0.622263 -0.144271 
-0.637377 0.00314548 
-0.10811 -0.379559 
0.135884 -0.40764 
0.107647 -0.406061 
0.0795177 -0.40387 
-0.00241266 -0.39477 
0.0519861 -0.401211 
0.0245264 -0.398132 
-0.0293235 -0.391144 
0.194073 -0.40855 
0.164932 -0.408521 
0.284847 -0.401958 
0.224154 -0.40757 
0.462445 -0.344434 
-0.0557538 -0.387385 
-0.0821856 -0.383483 
0.316094 -0.396861 
0.542344 -0.28125 
0.567805 -0.250199 
0.347291 -0.390014 
0.378637 -0.381111 
0.595666 -0.205786 
0.636484 -0.0637724 
0.635533 -0.0801157 
0.551886 -0.2705 
0.616807 -0.159813 
-0.626096 -0.102828 
-0.444968 -0.305056 
0.636428 -0.0474165 
-0.258834 -0.355355 
0.254274 -0.405439 
-0.569797 -0.211306 
-0.633054 -0.0719399 
-0.635984 -0.0508566 
0.499554 -0.319856 
-0.616042 -0.132682 
-0.511772 -0.266577 
-0.589898 -0.183606 
-0.58002 -0.198038 
-0.339045 -0.339284 
-0.317061 -0.344188 
-0.380805 -0.328328 
-0.197459 -0.365592 
-0.498449 -0.275897 
-0.559103 -0.223754 
-0.536458 -0.246391 
-0.418802 -0.315735 
-0.484278 -0.284794 
-0.469262 -0.29323 
0.521995 -0.301312 
-0.548021 -0.235396 
-0.607961 -0.1512 
0.423123 -0.364328 
-0.637552 -0.0294533 
-0.12109 -0.377569 
0.121757 -0.406933 
0.0935731 -0.405037 
0.0382485 -0.399719 
0.0110501 -0.396488 
-0.0158729 -0.392986 
0.179498 -0.408649 
-0.400236 -0.322263 
0.209113 -0.408196 
-0.0425415 -0.389285 
-0.63777 -0.00775898 
-0.0951479 -0.381531 
0.3005 -0.399611 
0.449555 -0.351563 
0.363033 -0.385815 
0.537392 -0.286467 
0.601797 -0.193998 
0.636133 -0.0719497 
-0.294279 -0.348816 
0.547175 -0.275928 
0.560039 -0.2605 
0.578923 -0.23399 
0.58924 -0.217224 
0.628936 -0.120487 
0.571601 -0.244866 
0.624705 -0.136375 
0.612352 -0.17099 
0.619631 -0.152075 
-0.599288 -0.167955 
0.63469 -0.0882284 
0.632278 -0.104429 
-0.524446 -0.256728 
-0.628759 -0.0926391 
-0.453336 -0.301212 
0.636017 -0.0392063 
0.636583 -0.0555925 
-0.172272 -0.369596 
-0.360192 -0.334046 
-0.146794 -0.373589 
0.475115 -0.336769 
-0.222353 -0.361548 
-0.270856 -0.35321 
-0.246827 -0.357439 
0.150401 -0.40818 
0.394234 -0.375827 
0.23922 -0.406656 
-0.0689714 -0.385448 
0.0657429 -0.402599 
-0.436507 -0.30872 
-0.623092 -0.112897 
0.269576 -0.403872 
0.331738 -0.393661 
