ZONE T="boundary0"
-4 -0.681157 
-4 0.350897 
-4 0.155959 
-4 0.0882953 
-4 -0.457897 
-4 0.223622 
-4 -0.840578 
-4 1 
-4 0.756628 
-4 0.634942 
-4 -1 
-4 -0.324979 
-4 -0.299698 
-4 -0.391438 
-4 -0.569527 
-4 -0.249136 
-4 -0.274417 
-4 -0.165384 
-4 -0.223855 
-4 -0.00930898 
-4 0.28726 
-4 0.255441 
-4 0.513256 
-4 -0.19462 
-4 -0.106913 
-4 0.122127 
-4 0.878314 
-4 -0.312339 
-4 -0.424667 
-4 -0.513712 
-4 -0.625342 
-4 -0.261777 
-4 0.0394932 
-4 0.27135 
-4 0.432077 
-4 0.695785 
-4 0.574099 
-4 -0.920289 
-4 -0.760867 
-4 -0.358209 
-4 -0.180002 
-4 -0.209237 
-4 -0.0581111 
-4 -0.136149 
-4 -0.287058 
-4 -0.236496 
-4 0.18979 
-4 0.239531 
-4 0.319078 
ZONE T="boundary1"
-3.78851 1 
-3.57702 1 
3.52806 1 
-0.232122 1 
0.0335198 1 
-0.467027 1 
-0.555416 1 
0.100233 1 
0.26487 1 
0.579085 1 
0.474196 1 
0.182551 1 
-0.976961 1 
-1.09486 1 
-4 1 
1.61735 1 
1.51398 1 
-1.2138 1 
-1.47367 1 
1.72072 1 
1.88386 1 
-1.75546 1 
2.73688 1 
2.59645 1 
2.25151 1 
-1.89631 1 
-2.07316 1 
1.32575 1 
1.20967 1 
2.45602 1 
-2.67197 1 
-2.87461 1 
-3.07725 1 
2.04699 1 
4 1 
3.19424 1 
2.96556 1 
-0.101056 1 
-0.168917 1 
-0.381177 1 
-0.0331936 1 
-0.295327 1 
-0.859063 1 
0.782413 1 
0.683973 1 
0.369533 1 
-0.643805 1 
-0.751434 1 
-1.33274 1 
-1.6146 1 
0.987218 1 
0.880854 1 
1.09358 1 
-3.32713 1 
1.41987 1 
-2.25 1 
3.76403 1 
3.36115 1 
-2.46099 1 
-3.68276 1 
-0.511221 1 
0.52664 1 
0.141392 1 
-1.03591 1 
1.56567 1 
1.80229 1 
2.66667 1 
-1.98474 1 
1.26771 1 
-2.97593 1 
2.14925 1 
3.0799 1 
-2.77329 1 
-0.134986 1 
-0.424102 1 
-0.0671245 1 
0.000163103 1 
-0.20052 1 
-0.338252 1 
-0.918012 1 
0.733193 1 
0.631529 1 
0.317201 1 
-0.697619 1 
-1.27327 1 
0.421865 1 
-1.15433 1 
-1.54413 1 
0.831634 1 
1.0404 1 
0.934036 1 
0.223711 1 
1.37281 1 
1.15162 1 
1.66904 1 
-1.68503 1 
-1.82589 1 
-2.16158 1 
2.35377 1 
2.52624 1 
1.96542 1 
3.88201 1 
3.4446 1 
-2.3555 1 
-2.56648 1 
2.85122 1 
3.64604 1 
3.2777 1 
-3.20219 1 
-0.263724 1 
-0.59961 1 
0.0668763 1 
-0.805249 1 
1.46692 1 
-1.4032 1 
-3.89425 1 
-3.45207 1 
ZONE T="boundary2"
4 -0.483873 
4 -0.668972 
4 -0.834486 
4 -1 
4 -0.177415 
4 -0.12334 
4 0.211976 
4 -0.0389872 
4 0.0453653 
4 -0.576423 
4 0.795348 
4 1 
4 -0.231491 
4 -0.291871 
4 0.10147 
4 0.266377 
4 0.296466 
4 0.326555 
4 -0.352251 
4 -0.418062 
4 0.386732 
4 0.590695 
4 0.488714 
4 0.157575 
4 -0.751729 
4 -0.150377 
4 0.00318903 
4 0.897674 
4 -0.204453 
4 -0.261681 
4 -0.0811635 
4 0.31151 
4 -0.322061 
4 -0.622697 
4 -0.450968 
4 -0.530148 
4 -0.917243 
4 0.693021 
4 0.356644 
4 0.281421 
4 0.437723 
4 0.239176 
4 0.184775 
4 0.0734176 
4 0.129522 
4 0.539705 
4 -0.385157 
ZONE T="boundary3"
-1.96307 -1 
-1.79558 -1 
-1.29065 -1 
3.57886 -1 
3.70289 -1 
4 -1 
3.20677 -1 
3.45483 -1 
-1.59319 -1 
0.183628 -1 
0.124607 -1 
0.461118 -1 
0.554893 -1 
0.0628548 -1 
0.242649 -1 
-0.850908 -1 
-0.741123 -1 
1.88407 -1 
-4 -1 
-3.51239 -1 
-3.27399 -1 
-3.03559 -1 
2.40456 -1 
-2.6848 -1 
2.62153 -1 
3.02264 -1 
2.8385 -1 
-2.40768 -1 
0.78704 -1 
0.304995 -1 
0.367342 -1 
-0.473886 -1 
0.00110191 -1 
-0.309042 -1 
-0.0632474 -1 
0.899523 -1 
-0.238704 -1 
-0.127597 -1 
-0.183151 -1 
-0.654757 -1 
-0.568391 -1 
-0.379381 -1 
0.670967 -1 
1.01201 -1 
-1.07052 -1 
-0.960694 -1 
-1.40096 -1 
-1.49708 -1 
-1.18035 -1 
1.12261 -1 
1.34444 -1 
1.45566 -1 
1.59625 -1 
1.73685 -1 
-2.86019 -1 
2.03128 -1 
-2.26913 -1 
-2.13057 -1 
2.21792 -1 
1.23322 -1 
-1.87932 -1 
3.64087 -1 
3.85144 -1 
3.3308 -1 
-1.69438 -1 
0.154118 -1 
0.508006 -1 
-0.796016 -1 
-3.75619 -1 
-3.15479 -1 
-3.39319 -1 
2.51305 -1 
2.93057 -1 
0.336168 -1 
0.213138 -1 
0.0937309 -1 
0.0319783 -1 
-0.0310728 -1 
-0.273873 -1 
-0.155374 -1 
-0.611574 -1 
-0.344212 -1 
0.41423 -1 
0.729004 -1 
0.955765 -1 
0.843282 -1 
-0.521139 -1 
0.61293 -1 
-1.34581 -1 
-1.2355 -1 
-1.01561 -1 
1.40005 -1 
1.66655 -1 
-2.54624 -1 
1.95767 -1 
1.81046 -1 
-2.19985 -1 
-2.77249 -1 
-2.94789 -1 
2.73002 -1 
3.11471 -1 
-2.33841 -1 
2.1246 -1 
2.31124 -1 
3.51685 -1 
-2.04682 -1 
-0.210927 -1 
-0.0954226 -1 
0.273822 -1 
1.17792 -1 
-1.12543 -1 
-0.426634 -1 
-0.69794 -1 
1.06731 -1 
-0.905801 -1 
-1.44902 -1 
1.28883 -1 
1.52596 -1 
-1.54513 -1 
ZONE T="boundary4"
-0.474839 0.39409 
-0.453308 0.408775 
-0.495462 0.377596 
-0.0776978 0.420794 
-0.10389 0.429014 
-0.0514974 0.412266 
-0.0245939 0.403426 
-0.610553 0.201917 
-0.631703 0.0501887 
-0.629622 0.0255456 
-0.550351 0.318483 
-0.598801 0.233066 
-0.308737 0.457691 
-0.358978 0.449075 
-0.232168 0.457148 
-0.63217 0.0626841 
-0.632243 0.0751503 
-0.624177 0.151262 
-0.628514 0.125794 
-0.618177 0.176695 
-0.589567 0.253597 
-0.578426 0.275097 
-0.566051 0.295794 
-0.430804 0.421698 
-0.631194 0.100386 
-0.407511 0.432744 
-0.38351 0.441884 
-0.155403 0.443373 
-0.283299 0.459211 
0.653642 0.00913293 
0.653864 -0.00468325 
-0.206557 0.45382 
0.64586 0.0638321 
-0.334008 0.454334 
-0.180976 0.44917 
-0.257737 0.45899 
-0.533129 0.339914 
0.147182 0.355052 
0.1775 0.348497 
-0.129683 0.436579 
0.597267 0.163757 
0.0583649 0.377666 
0.458849 0.273503 
0.208968 0.342109 
0.430134 0.286198 
0.653427 -0.0186046 
0.613212 0.140644 
0.578902 0.185688 
0.512079 0.24288 
0.48674 0.258755 
0.558338 0.206299 
0.53649 0.224975 
0.0875737 0.369606 
0.11675 0.362176 
0.00235952 0.394698 
0.272396 0.329618 
0.304361 0.322952 
-0.514878 0.359544 
0.336519 0.315548 
0.62694 0.115787 
0.648846 0.0503887 
0.651148 0.0367108 
0.637764 0.0902822 
0.0303457 0.385955 
0.368406 0.307137 
0.399542 0.297493 
0.240253 0.33597 
-0.464212 0.40164 
-0.0907858 0.424954 
-0.0380454 0.407842 
-0.630854 0.0378535 
-0.604961 0.217606 
-0.631985 0.0564352 
-0.632256 0.0689176 
-0.626547 0.138566 
-0.594314 0.243394 
-0.584155 0.264434 
-0.572396 0.285544 
-0.442181 0.415457 
-0.485303 0.386039 
-0.371317 0.445719 
-0.630056 0.113115 
-0.395601 0.437551 
-0.419266 0.427451 
-0.296039 0.458675 
0.653837 0.00222626 
-0.219351 0.455659 
-0.346547 0.451943 
-0.193751 0.451648 
-0.54193 0.329358 
0.162339 0.351715 
-0.614556 0.189368 
-0.142526 0.440079 
-0.0645937 0.416552 
-0.168172 0.4464 
-0.321409 0.456246 
-0.270524 0.459311 
-0.5584 0.307283 
-0.116773 0.432873 
-0.244949 0.458263 
0.499546 0.251051 
0.547584 0.215846 
0.472924 0.266389 
0.193234 0.345262 
0.0729581 0.373562 
0.102155 0.365816 
-0.0111223 0.399036 
0.288393 0.326346 
-0.505332 0.368751 
0.320463 0.319356 
0.650086 0.0435646 
-0.621375 0.164029 
-0.631919 0.0877797 
0.64744 0.0571298 
0.642158 0.0771631 
0.652742 0.0229533 
0.653727 -0.0116463 
0.632682 0.103175 
0.620394 0.128392 
-0.524177 0.349897 
0.0443461 0.381749 
0.524444 0.234159 
0.0163448 0.390279 
0.131958 0.35854 
0.352499 0.311492 
0.384027 0.302503 
0.224615 0.339027 
0.444591 0.28009 
0.256335 0.332816 
0.414915 0.292072 
0.58833 0.174932 
0.605516 0.152393 
0.568832 0.196212 
ZONE T="boundary5"
-0.243118 -0.41544 
-0.215606 -0.426765 
-0.548857 -0.178077 
-0.537463 -0.193661 
-0.626054 0.00128086 
-0.621045 -0.0225974 
-0.431247 -0.303695 
-0.629622 0.0255456 
0.151855 -0.492143 
-0.606892 -0.0690835 
-0.457286 -0.281377 
-0.562936 -0.157084 
0.629759 -0.128562 
-0.614648 -0.0460428 
-0.0766185 -0.469562 
-0.270249 -0.403235 
-0.293748 -0.391776 
-0.316897 -0.379619 
-0.333121 -0.370548 
-0.0484692 -0.475517 
-0.104566 -0.462774 
-0.132549 -0.455087 
-0.188099 -0.437091 
-0.160281 -0.446568 
0.267476 -0.478382 
0.23871 -0.483731 
-0.500026 -0.238633 
-0.486249 -0.253326 
-0.525571 -0.20886 
-0.513011 -0.223938 
-0.349142 -0.361112 
-0.373681 -0.345655 
-0.397629 -0.329267 
-0.414631 -0.316743 
-0.472023 -0.267569 
-0.575807 -0.135701 
-0.0202413 -0.480607 
0.00813512 -0.484838 
0.554463 -0.289231 
-0.58745 -0.113894 
0.209836 -0.487749 
0.650673 -0.046342 
0.64562 -0.0739164 
0.29602 -0.471616 
0.324274 -0.46333 
0.0940465 -0.492137 
0.0652638 -0.490632 
0.0366537 -0.488189 
0.122856 -0.492658 
0.180799 -0.490534 
-0.597818 -0.091694 
0.351909 -0.45351 
0.37908 -0.441974 
0.405477 -0.42871 
0.430754 -0.413797 
0.455087 -0.397015 
0.519451 -0.336842 
0.499639 -0.358369 
0.537792 -0.313689 
0.638542 -0.101327 
0.622191 -0.149053 
0.583288 -0.237106 
0.596159 -0.210058 
0.605288 -0.189781 
0.569516 -0.263662 
0.614039 -0.169342 
0.653427 -0.0186046 
0.478106 -0.37851 
-0.229407 -0.421212 
-0.543226 -0.185917 
-0.628024 0.0133875 
-0.444418 -0.292714 
-0.62373 -0.0106943 
-0.610936 -0.057618 
-0.256733 -0.409448 
-0.305369 -0.385785 
-0.325034 -0.375129 
-0.118587 -0.459035 
-0.201893 -0.432035 
-0.174227 -0.441936 
0.253126 -0.481226 
-0.493193 -0.246032 
-0.519347 -0.216446 
-0.531577 -0.201307 
-0.361482 -0.353498 
-0.61802 -0.0343657 
-0.385734 -0.337579 
-0.406177 -0.323069 
-0.42299 -0.310285 
-0.479194 -0.260506 
-0.28204 -0.397592 
-0.569506 -0.146473 
-0.00606911 -0.482831 
-0.464712 -0.274535 
-0.146447 -0.450932 
-0.0625664 -0.472645 
0.224297 -0.485899 
-0.341158 -0.365876 
-0.581772 -0.124874 
0.648412 -0.0601768 
0.310204 -0.467665 
0.0796495 -0.491505 
0.0223815 -0.486625 
-0.0343746 -0.478168 
-0.0906176 -0.466272 
0.137359 -0.492534 
0.166336 -0.491479 
-0.592785 -0.102864 
0.338163 -0.45862 
0.281792 -0.475179 
0.392388 -0.43556 
0.418243 -0.421472 
-0.602514 -0.0804516 
0.509743 -0.347792 
0.443071 -0.405627 
0.528831 -0.325436 
0.0509494 -0.489526 
0.546338 -0.301608 
0.589812 -0.223624 
0.600767 -0.199939 
0.576547 -0.250462 
0.618179 -0.159222 
0.634331 -0.115001 
0.609715 -0.179583 
0.652352 -0.0325025 
-0.556021 -0.167664 
0.626056 -0.138836 
-0.506571 -0.231332 
0.10845 -0.492524 
0.642306 -0.0876782 
0.365584 -0.447953 
0.195334 -0.489292 
0.48906 -0.368644 
0.562185 -0.276566 
0.466766 -0.387978 
