ZONE T="boundary0"
-4 -0.693105 
-4 -0.51489 
-4 -0.374474 
-4 -0.308176 
-4 -0.241877 
-4 -0.275026 
-4 -0.141381 
-4 -0.18775 
-4 0.0681043 
-4 0.771996 
-4 -0.444682 
-4 0.657994 
-4 0.543992 
-4 -0.846553 
-4 -1 
-4 -0.214813 
-4 -0.0950126 
-4 -0.00227525 
-4 -0.603998 
-4 0.138484 
-4 0.362195 
-4 0.267481 
-4 0.299052 
-4 0.453093 
-4 0.187197 
-4 1 
-4 0.211553 
-4 0.23591 
-4 0.407644 
-4 -0.341325 
-4 -0.164566 
-4 -0.479786 
-4 0.600993 
-4 -0.923276 
-4 -0.291601 
-4 -0.201282 
-4 -0.258452 
-4 -0.118197 
-4 -0.0486439 
-4 -0.409578 
-4 -0.559444 
-4 -0.648552 
-4 -0.769829 
-4 0.498543 
-4 0.714995 
-4 0.0329145 
-4 0.103294 
-4 0.885998 
-4 -0.228345 
-4 0.199375 
-4 0.16284 
-4 0.251695 
-4 0.330623 
-4 0.384919 
-4 0.283267 
-4 0.430369 
-4 0.223732 
ZONE T="boundary1"
3.8623 1 
3.72459 1 
1.28141 1 
-0.262462 1 
-0.200128 1 
-0.556402 1 
4 1 
-0.0216603 1 
-0.0797272 1 
-1.12667 1 
-1.9315 1 
2.94941 1 
1.40872 1 
1.51768 1 
2.16457 1 
2.47702 1 
-2.50145 1 
1.84458 1 
1.62665 1 
-3.25422 1 
3.1993 1 
2.71321 1 
3.44919 1 
-0.352979 1 
-0.137794 1 
0.548628 1 
0.292091 1 
0.343166 1 
0.16904 1 
0.0970654 1 
0.241015 1 
0.394242 1 
0.0377025 1 
-0.443495 1 
0.876905 1 
0.764421 1 
0.651938 1 
-0.8934 1 
0.445318 1 
-0.669308 1 
1.01551 1 
-0.781354 1 
-1.31919 1 
-1.22293 1 
-1.01003 1 
-1.54273 1 
-1.72323 1 
-2.13978 1 
-2.26034 1 
-2.38089 1 
-3.69145 1 
-3.53718 1 
1.15411 1 
-4 1 
-2.86819 1 
-2.7451 1 
-3.84573 1 
2.00457 1 
-2.62201 1 
-3.12554 1 
0.946205 1 
-3.3829 1 
3.79344 1 
-0.231295 1 
3.93115 1 
-0.0506937 1 
1.4632 1 
2.32079 1 
1.73561 1 
3.07435 1 
2.83131 1 
3.32424 1 
-0.108761 1 
0.317628 1 
0.133053 1 
0.205027 1 
0.368704 1 
0.00802112 1 
-0.398237 1 
-0.30772 1 
0.266553 1 
0.70818 1 
-0.612855 1 
0.600283 1 
0.496973 1 
-0.499949 1 
-1.27106 1 
-1.06835 1 
-1.1748 1 
-1.43096 1 
-1.63298 1 
-2.03564 1 
-2.32062 1 
-2.20006 1 
-1.82736 1 
3.58689 1 
-3.61431 1 
-2.80664 1 
-3.76859 1 
2.08457 1 
1.21776 1 
1.34506 1 
-2.68355 1 
-2.99687 1 
2.59512 1 
-3.92286 1 
1.92457 1 
-0.168961 1 
0.41978 1 
0.067384 1 
0.911555 1 
0.980855 1 
-3.46004 1 
-2.56173 1 
-0.837377 1 
-0.951716 1 
1.08481 1 
-0.725331 1 
0.820663 1 
-2.44117 1 
-3.18988 1 
-3.31856 1 
1.57216 1 
ZONE T="boundary2"
4 -0.412079 
4 -0.780911 
4 -0.325353 
4 -0.266355 
4 -0.20469 
4 -0.121955 
4 0.107802 
4 0.265941 
4 0.349062 
4 -0.163323 
4 -0.0455366 
4 0.225332 
4 0.407433 
4 0.465804 
4 0.822901 
4 1 
4 -0.671366 
4 -0.561822 
4 -1 
4 0.0308818 
4 0.184722 
4 0.555802 
4 0.645801 
4 -0.295854 
4 0.307502 
4 -0.235523 
4 -0.142639 
4 0.245636 
4 0.91145 
4 -0.616594 
4 -0.890455 
4 -0.0073274 
4 -0.184007 
4 -0.0837458 
4 0.436618 
4 0.205027 
4 0.378248 
4 0.510803 
4 0.0693419 
4 -0.368716 
4 -0.48695 
4 0.600802 
4 0.734351 
4 0.146262 
4 -0.726139 
ZONE T="boundary3"
2.30736 -1 
2.60075 -1 
-0.432768 -1 
-4 -1 
0.352968 -1 
0.460891 -1 
0.173794 -1 
0.675975 -1 
0.783137 -1 
-3.61232 -1 
-3.12828 -1 
3.73982 -1 
4 -1 
2.7921 -1 
2.98346 -1 
-2.89783 -1 
-2.66738 -1 
-1.05684 -1 
-0.995009 -1 
3.23155 -1 
3.47964 -1 
-2.44598 -1 
-0.0213522 -1 
-0.0959912 -1 
0.0441145 -1 
-0.213732 -1 
-0.17063 -1 
0.109581 -1 
-0.300817 -1 
-0.256833 -1 
-0.741258 -1 
0.238007 -1 
-0.611177 -1 
-0.3448 -1 
-0.521972 -1 
0.568813 -1 
-0.933174 -1 
-1.28131 -1 
-1.19999 -1 
1.01391 -1 
0.898521 -1 
-3.3703 -1 
-1.11868 -1 
-1.73686 -1 
-1.5904 -1 
1.47435 -1 
1.36282 -1 
1.77467 -1 
1.2513 -1 
-2.22458 -1 
-1.44394 -1 
-1.51717 -1 
-1.98072 -1 
1.90784 -1 
2.04101 -1 
-0.871339 -1 
1.1326 -1 
1.62451 -1 
1.54943 -1 
2.45405 -1 
0.40693 -1 
0.729556 -1 
-3.80616 -1 
2.88778 -1 
-2.7826 -1 
-1.02593 -1 
3.3556 -1 
-2.55668 -1 
-0.0586717 -1 
-0.192181 -1 
-0.133311 -1 
-0.235282 -1 
0.141688 -1 
0.295488 -1 
0.205901 -1 
-0.676217 -1 
-0.388784 -1 
-0.47737 -1 
0.514852 -1 
3.86991 -1 
0.622394 -1 
-1.24065 -1 
0.956213 -1 
-3.49131 -1 
3.60973 -1 
3.1075 -1 
-3.01305 -1 
-1.66363 -1 
-3.24929 -1 
1.41859 -1 
1.30706 -1 
-2.33528 -1 
-1.48056 -1 
-2.10265 -1 
-1.85879 -1 
2.69643 -1 
1.97443 -1 
2.17419 -1 
-0.566574 -1 
-0.806299 -1 
0.0113811 -1 
-0.278825 -1 
-0.322809 -1 
0.0768478 -1 
-1.08776 -1 
-0.964092 -1 
-0.902257 -1 
-1.15934 -1 
-1.36263 -1 
0.840829 -1 
1.07325 -1 
1.19195 -1 
1.58697 -1 
1.51189 -1 
1.69959 -1 
-1.55379 -1 
1.84126 -1 
ZONE T="boundary4"
-0.160087 0.480323 
-0.135084 0.488087 
-0.376162 0.372283 
-0.394236 0.358975 
0.560266 0.229288 
0.539099 0.277904 
0.530694 0.294961 
-0.552501 0.187016 
-0.541535 0.203638 
-0.504728 0.252909 
-0.629937 -0.0193974 
-0.595357 0.106489 
-0.580216 0.138743 
-0.530086 0.219931 
-0.465282 0.296792 
-0.439627 0.321325 
-0.626768 0.00178571 
-0.62254 0.0229703 
-0.61726 0.0441024 
0.632551 0.0231803 
-0.610945 0.0651195 
-0.603634 0.08593 
-0.517645 0.236606 
-0.562272 0.171176 
-0.571542 0.155044 
-0.491911 0.268108 
-0.478608 0.282895 
-0.357687 0.385031 
-0.340834 0.395964 
-0.323696 0.406449 
-0.413329 0.34393 
-0.268924 0.436105 
-0.249293 0.445435 
-0.306124 0.416579 
-0.109858 0.495095 
-0.183446 0.472304 
-0.0829005 0.501696 
-0.228056 0.454822 
-0.206559 0.463613 
0.549969 0.253752 
0.624068 0.0619467 
-0.288291 0.426252 
0.635123 0.00389783 
0.448485 0.406282 
0.4246 0.426908 
0.315653 0.487892 
0.397443 0.446512 
0.370269 0.462835 
0.521706 0.311657 
0.48772 0.363061 
0.504984 0.339003 
0.4688 0.385601 
0.628823 0.0425995 
-0.0267785 0.512591 
0.0641228 0.522223 
0.096289 0.523207 
0.286863 0.497753 
0.256723 0.506033 
0.225408 0.512693 
0.193311 0.517691 
0.618352 0.0814123 
0.610861 0.103651 
0.602654 0.125686 
0.593113 0.149707 
0.636494 -0.0154501 
-0.0557536 0.50744 
0.00233826 0.516756 
0.583277 0.173663 
0.571772 0.201448 
0.343246 0.476383 
0.0331953 0.520064 
0.128403 0.52285 
0.160835 0.521052 
-0.147615 0.4843 
-0.385251 0.365699 
0.534967 0.286469 
-0.547081 0.195369 
-0.535869 0.211825 
-0.452624 0.309234 
-0.628482 -0.00878818 
-0.620025 0.0335663 
-0.607408 0.0755654 
-0.614225 0.0546466 
-0.523925 0.228313 
-0.566972 0.163147 
-0.575947 0.14693 
-0.624782 0.012402 
-0.599609 0.0962546 
-0.557446 0.179133 
-0.498379 0.260558 
-0.48532 0.275555 
-0.471999 0.289895 
-0.3323 0.401263 
-0.349297 0.390553 
-0.366973 0.378727 
-0.403848 0.351535 
-0.25914 0.440835 
-0.314943 0.411571 
-0.122497 0.491686 
-0.096405 0.498502 
-0.511248 0.244806 
-0.217338 0.459292 
0.55516 0.24154 
-0.426623 0.332795 
0.43676 0.416852 
0.384019 0.454946 
0.526278 0.303354 
0.496571 0.351196 
-0.297239 0.421473 
0.458843 0.396143 
-0.171795 0.476398 
0.630819 0.0329147 
0.0802031 0.522879 
0.209396 0.515405 
0.301338 0.49305 
0.62131 0.0717077 
0.614711 0.0925644 
0.597935 0.137713 
0.635964 -0.00576508 
0.63398 0.0135578 
0.626561 0.0523009 
0.60683 0.114693 
-0.238708 0.450203 
-0.195034 0.468043 
-0.278641 0.431244 
0.544637 0.265878 
-0.0693492 0.504676 
-0.0122368 0.514797 
0.588216 0.161691 
0.566022 0.215367 
-0.58806 0.122743 
0.329547 0.482368 
0.35688 0.469853 
0.478476 0.374518 
0.0177532 0.518551 
0.0486507 0.521289 
-0.041287 0.510138 
0.577525 0.187552 
0.271857 0.502119 
0.144632 0.522137 
0.177097 0.519572 
0.11235 0.5232 
0.241115 0.509586 
0.411236 0.437012 
0.51359 0.325488 
ZONE T="boundary5"
-0.568617 -0.287386 
0.629014 -0.0910529 
-0.633075 -0.0825004 
-0.633088 -0.061581 
-0.632044 -0.0405386 
-0.606243 -0.21618 
-0.612405 -0.19933 
-0.617802 -0.182128 
-0.629937 -0.0193974 
-0.542856 -0.319368 
-0.592886 -0.246317 
-0.457653 -0.381667 
-0.441097 -0.388711 
-0.345277 -0.40817 
-0.365907 -0.406601 
0.526612 -0.251567 
0.545364 -0.234113 
-0.423188 -0.394942 
-0.502887 -0.354966 
-0.516593 -0.344273 
-0.385551 -0.403894 
-0.404979 -0.399932 
-0.555226 -0.30514 
-0.281215 -0.406164 
-0.258794 -0.403539 
-0.302907 -0.407861 
-0.236167 -0.400177 
-0.629876 -0.123889 
-0.529712 -0.332633 
-0.622703 -0.163391 
-0.626687 -0.144315 
-0.212695 -0.396132 
-0.488584 -0.364725 
-0.473807 -0.373479 
-0.139812 -0.382107 
0.514526 -0.261534 
-0.113681 -0.377231 
-0.164494 -0.386904 
-0.632002 -0.103302 
-0.189187 -0.391719 
-0.580758 -0.268572 
0.353486 -0.334072 
0.331253 -0.338583 
0.217152 -0.350973 
0.194314 -0.352053 
0.623843 -0.109357 
0.576659 -0.198344 
-0.0598935 -0.36846 
-0.0875936 -0.372726 
-0.0322771 -0.36481 
-0.00327889 -0.36165 
0.149578 -0.353605 
0.17196 -0.35289 
0.0255643 -0.359166 
0.56312 -0.215013 
0.239995 -0.349565 
0.286194 -0.345294 
0.263087 -0.347704 
0.308741 -0.342305 
0.416493 -0.31563 
0.446831 -0.302951 
0.502049 -0.270877 
0.476268 -0.287535 
0.63659 -0.0346755 
0.635382 -0.0536927 
0.599931 -0.163332 
0.589276 -0.180611 
0.609493 -0.145187 
0.632851 -0.0725419 
0.617463 -0.127096 
0.636494 -0.0154501 
0.117882 -0.354579 
0.0860784 -0.35573 
0.0559062 -0.357184 
-0.324488 -0.408565 
0.385185 -0.325957 
-0.633214 -0.0720429 
-0.632698 -0.0510552 
-0.609421 -0.207792 
-0.631121 -0.0299568 
-0.449436 -0.385325 
-0.35561 -0.407539 
0.536146 -0.243013 
-0.615203 -0.190762 
-0.432199 -0.391979 
-0.509825 -0.349728 
-0.395303 -0.402073 
-0.549155 -0.312355 
-0.27 -0.40495 
-0.247474 -0.401935 
-0.523244 -0.338556 
-0.624813 -0.15388 
-0.620369 -0.172792 
-0.536392 -0.326109 
-0.562084 -0.296389 
-0.224424 -0.398211 
-0.481266 -0.36922 
-0.126748 -0.379633 
-0.495814 -0.35996 
-0.4658 -0.377708 
-0.631072 -0.113611 
-0.176839 -0.389322 
-0.574855 -0.278091 
-0.375756 -0.4054 
-0.152154 -0.384492 
0.342388 -0.336435 
0.205733 -0.351547 
-0.628415 -0.134126 
-0.100642 -0.374926 
-0.0460885 -0.366557 
-0.0177795 -0.363144 
0.183137 -0.352493 
0.160769 -0.353257 
0.0111428 -0.36033 
0.228574 -0.350316 
0.274645 -0.346574 
-0.632671 -0.0929102 
0.508342 -0.266279 
0.489346 -0.279499 
0.520627 -0.256621 
0.636151 -0.0441941 
0.583114 -0.189582 
0.604871 -0.154342 
0.570018 -0.206783 
0.634283 -0.063139 
0.626591 -0.10025 
0.620806 -0.118281 
0.613637 -0.13621 
0.631096 -0.0818306 
0.554414 -0.224725 
-0.414129 -0.397586 
0.636704 -0.0250616 
0.320009 -0.340541 
0.133731 -0.354085 
0.101982 -0.355118 
0.251543 -0.348696 
0.297475 -0.343884 
-0.200937 -0.393958 
-0.58703 -0.257563 
-0.599893 -0.231401 
0.0709952 -0.356402 
0.0407366 -0.358101 
-0.073746 -0.370521 
0.431788 -0.309602 
-0.313701 -0.408345 
-0.334892 -0.408508 
-0.292059 -0.407126 
0.594745 -0.172059 
0.400928 -0.32108 
0.369394 -0.330266 
0.461723 -0.295581 
