ZONE T="boundary0"
-4 -0.787438 
-4 -0.574875 
-4 0.246525 
-4 0.615434 
-4 0.487246 
-4 0.20916 
-4 0.171795 
-4 0.103893 
-4 -0.0637653 
-4 -0.22043 
-4 -0.277338 
-4 -0.340918 
-4 0.871811 
-4 0.743623 
-4 1 
-4 0.035991 
-4 0.290717 
-4 0.372993 
-4 0.334909 
-4 -0.163522 
-4 -0.113644 
-4 -0.404497 
-4 -0.489686 
-4 0.411078 
-4 -1 
-4 0.312813 
-4 -0.681157 
-4 0.55134 
-4 0.190478 
-4 -0.309128 
-4 0.807717 
-4 0.935906 
-4 0.0699421 
-4 0.268621 
-4 0.137844 
-4 0.353951 
-4 -0.138583 
-4 -0.0138872 
-4 -0.248884 
-4 -0.191976 
-4 -0.447092 
-4 -0.532281 
-4 -0.893719 
-4 0.679529 
-4 0.301765 
-4 0.227842 
-4 0.323861 
-4 0.392035 
-4 -0.372708 
-4 0.449162 
-4 -0.0887044 
ZONE T="boundary1"
-3.31877 1 
0.864625 1 
0.762262 1 
-0.312799 1 
-0.23756 1 
0.0955782 1 
0.402111 1 
0.481793 1 
0.622028 1 
2.23604 1 
-1.87781 1 
0.977358 1 
-1.70542 1 
-3.78851 1 
-4 1 
2.99651 1 
-2.25564 1 
-2.46108 1 
1.70132 1 
1.85143 1 
1.20594 1 
1.32179 1 
2.80438 1 
2.68334 1 
2.5623 1 
0.0314768 1 
-0.031278 1 
0.241054 1 
-0.546016 1 
0.159679 1 
0.32243 1 
-0.388038 1 
-0.0940329 1 
-0.741594 1 
-0.79944 1 
-0.467027 1 
-0.165796 1 
-1.33058 1 
-1.44258 1 
-0.643805 1 
-0.972977 1 
-1.21858 1 
3.60053 1 
3.39459 1 
-1.09578 1 
-3.06052 1 
-1.574 1 
3.18864 1 
2.39917 1 
-2.0502 1 
1.4365 1 
1.09009 1 
1.55121 1 
2.04374 1 
3.80026 1 
-3.44789 1 
-3.57702 1 
-2.61094 1 
-2.7608 1 
-2.91066 1 
-0.857285 1 
4 1 
0.813444 1 
-0.275179 1 
0.441952 1 
0.692145 1 
0.920992 1 
-3.89425 1 
-2.35836 1 
1.77638 1 
1.26387 1 
2.62282 1 
9.94241e-05 1 
0.0635274 1 
0.127629 1 
0.36227 1 
0.200367 1 
-0.350419 1 
0.281742 1 
-0.770517 1 
-0.427533 1 
-0.129915 1 
-1.38658 1 
-0.59491 1 
0.55191 1 
3.49756 1 
-3.18964 1 
-1.50829 1 
-1.63971 1 
3.29162 1 
2.31761 1 
2.48074 1 
-2.15292 1 
1.37915 1 
1.14802 1 
1.49386 1 
1.62627 1 
1.94758 1 
2.13989 1 
3.7004 1 
-3.51245 1 
-3.68276 1 
-3.38333 1 
-1.79161 1 
-1.964 1 
2.90044 1 
2.74386 1 
3.09258 1 
-2.68587 1 
-2.83573 1 
-0.0626555 1 
-0.506521 1 
-0.201678 1 
-0.692699 1 
-0.828363 1 
-0.915131 1 
3.90013 1 
1.03372 1 
-1.27458 1 
-1.03438 1 
-2.53601 1 
-1.15718 1 
-2.98559 1 
ZONE T="boundary2"
4 -0.426347 
4 -0.558629 
4 -0.35928 
4 -0.231491 
4 -0.170769 
4 -1 
4 0.1016 
4 0.0626706 
4 -0.690912 
4 0.237889 
4 0.213549 
4 -0.0151887 
4 0.16487 
4 0.14053 
4 -0.292213 
4 0.540526 
4 0.189209 
4 0.270415 
4 0.302942 
4 0.367994 
4 0.45426 
4 0.655395 
4 0.770263 
4 1 
4 -0.492488 
4 -0.20113 
4 0.0821354 
4 0.225719 
4 -0.0929787 
4 0.121065 
4 -0.392813 
4 -0.624771 
4 0.17704 
4 0.201379 
4 0.0237409 
4 0.1527 
4 0.286678 
4 0.254152 
4 0.335468 
4 -0.325746 
4 0.411127 
4 0.497393 
4 0.597961 
4 0.712829 
4 0.885132 
4 -0.261852 
4 -0.845456 
ZONE T="boundary3"
-1.80276 -1 
-1.69738 -1 
-1.90814 -1 
-2.08664 -1 
-0.631395 -1 
-0.518272 -1 
-0.850851 -1 
-0.379381 -1 
0.902039 -1 
0.417252 -1 
0.30167 -1 
1.22906 -1 
-2.26514 -1 
0.564358 -1 
4 -1 
3.80193 -1 
-0.129289 -1 
0.00252268 -1 
-2.56787 -1 
1.01489 -1 
1.12197 -1 
1.88775 -1 
-1.51177 -1 
-3.75619 -1 
-3.51239 -1 
2.53063 -1 
2.66924 -1 
2.13989 -1 
-2.80173 -1 
-3.03559 -1 
0.676773 -1 
0.0655862 -1 
0.12865 -1 
0.171905 -1 
0.21516 -1 
0.258415 -1 
-0.316858 -1 
-0.0633829 -1 
-0.254335 -1 
-0.191812 -1 
-0.741123 -1 
0.789189 -1 
1.34447 -1 
-1.07054 -1 
-0.960694 -1 
-1.18035 -1 
-1.29015 -1 
-1.40096 -1 
3.60385 -1 
3.2077 -1 
3.40578 -1 
-4 -1 
1.67382 -1 
1.56685 -1 
2.80784 -1 
2.39203 -1 
-3.27399 -1 
2.94644 -1 
1.45988 -1 
-1.75007 -1 
-1.99739 -1 
-0.574834 -1 
-0.448827 -1 
0.359461 -1 
3.90096 -1 
1.06843 -1 
-1.85545 -1 
-3.63429 -1 
2.59993 -1 
-2.91866 -1 
0.620565 -1 
0.0971179 -1 
0.193532 -1 
0.280042 -1 
0.958464 -1 
0.150277 -1 
0.490805 -1 
-0.0963354 -1 
-0.0304301 -1 
-0.285596 -1 
-0.223073 -1 
-0.348119 -1 
1.17552 -1 
-1.01562 -1 
-1.23525 -1 
-1.45637 -1 
-1.12544 -1 
-0.686259 -1 
-1.34556 -1 
-0.795987 -1 
3.30674 -1 
3.50481 -1 
1.78078 -1 
2.73854 -1 
-2.17589 -1 
-3.8781 -1 
-2.4165 -1 
-2.6848 -1 
2.01382 -1 
2.26596 -1 
-3.39319 -1 
-3.15479 -1 
0.732981 -1 
0.845614 -1 
0.0340544 -1 
0.236787 -1 
-0.16055 -1 
3.70289 -1 
2.46133 -1 
2.87714 -1 
1.28676 -1 
1.40217 -1 
1.62033 -1 
1.51336 -1 
3.07707 -1 
-1.60458 -1 
-0.905772 -1 
ZONE T="boundary4"
0.20405 0.439978 
0.17937 0.455832 
-0.224215 0.510661 
-0.485694 0.351107 
-0.629155 0.042545 
-0.629322 0.018307 
-0.611348 0.141648 
-0.602718 0.166536 
0.648126 -0.021938 
-0.623662 0.0918305 
-0.62727 0.067071 
-0.618344 0.116722 
0.640355 0.0168065 
0.646214 -0.00894804 
0.552351 0.154206 
0.572593 0.133608 
-0.0302016 0.528296 
-0.00277549 0.52466 
-0.592555 0.191248 
-0.540087 0.28456 
-0.52301 0.307756 
-0.628424 0.054827 
0.64938 -0.0350769 
-0.577812 0.221889 
-0.566761 0.242212 
-0.553912 0.263683 
-0.0857493 0.530884 
0.0243429 0.519465 
0.0511 0.512717 
-0.400806 0.425 
-0.444903 0.390139 
-0.423275 0.408081 
-0.465775 0.371093 
-0.303547 0.481426 
-0.2776 0.492502 
-0.35357 0.455549 
-0.328879 0.469096 
-0.196936 0.517653 
0.27821 0.384031 
0.253212 0.404074 
-0.169327 0.523211 
-0.14156 0.527281 
-0.251153 0.502255 
-0.0579373 0.530372 
-0.113689 0.529846 
0.103532 0.494548 
0.129147 0.483161 
0.53029 0.174246 
-0.504711 0.3301 
0.40615 0.275811 
0.380059 0.297738 
0.353986 0.319894 
0.228889 0.422502 
0.507449 0.19343 
0.482752 0.213337 
0.431992 0.254371 
0.0774798 0.504417 
0.154388 0.470261 
0.636404 0.0294969 
0.631818 0.0419201 
0.620664 0.0662301 
0.607032 0.0895627 
0.590737 0.112306 
0.302903 0.363455 
-0.377565 0.440831 
0.328492 0.341689 
0.457875 0.233276 
0.191796 0.448045 
-0.629453 0.030428 
-0.607215 0.154155 
-0.625673 0.0794813 
-0.621204 0.104319 
0.643619 0.00400682 
0.562638 0.144071 
-0.0164629 0.526674 
-0.597804 0.178962 
-0.531701 0.29627 
-0.627899 0.0609541 
-0.628843 0.0486893 
-0.615039 0.129239 
-0.572385 0.232105 
-0.560455 0.253019 
0.0377692 0.516285 
-0.547121 0.274202 
-0.434194 0.399237 
-0.455451 0.380739 
-0.290642 0.487126 
-0.341307 0.462473 
-0.41214 0.416673 
-0.21062 0.514334 
0.265769 0.394127 
-0.316289 0.475417 
-0.15547 0.525432 
-0.475853 0.361218 
-0.264437 0.497546 
-0.0718393 0.530822 
-0.127641 0.528753 
0.116416 0.489033 
0.541441 0.16436 
-0.514002 0.319044 
-0.0440547 0.529531 
0.393091 0.286753 
-0.49533 0.340719 
0.241121 0.413384 
0.495129 0.203416 
0.419055 0.265066 
-0.237737 0.506631 
0.0643481 0.508757 
0.0108206 0.522259 
0.216553 0.431363 
0.166966 0.463203 
-0.183167 0.520614 
0.518939 0.183921 
0.634191 0.0357384 
0.626547 0.0542175 
0.599139 0.101118 
0.647253 -0.0154305 
0.638462 0.0231778 
0.648836 -0.0284993 
0.290593 0.373787 
0.0905745 0.499668 
-0.365656 0.448334 
-0.099726 0.530558 
0.14185 0.476879 
0.58187 0.123134 
-0.389279 0.433054 
0.315714 0.352591 
0.367011 0.308799 
0.341238 0.330788 
0.44491 0.243788 
0.614126 0.0780614 
0.470304 0.22329 
-0.585419 0.206683 
ZONE T="boundary5"
-0.504434 -0.231852 
-0.629322 0.018307 
-0.583602 -0.138578 
-0.595027 -0.117831 
-0.619633 -0.0520291 
-0.604856 -0.0964667 
-0.613061 -0.0745311 
0.184112 -0.442256 
-0.232622 -0.37129 
-0.260568 -0.361969 
-0.0655743 -0.415697 
-0.204515 -0.380076 
-0.284915 -0.353319 
-0.62778 -0.00556667 
-0.0379066 -0.421226 
-0.0931189 -0.409658 
-0.176636 -0.388249 
0.296169 -0.432071 
0.268226 -0.436295 
-0.474475 -0.256244 
-0.458424 -0.267822 
-0.48969 -0.244339 
-0.368947 -0.318579 
-0.34301 -0.330262 
-0.326112 -0.337369 
-0.309102 -0.344174 
-0.624544 -0.0290355 
-0.394486 -0.305982 
-0.418793 -0.292753 
-0.430454 -0.285896 
0.649923 -0.0613951 
0.64938 -0.0350769 
0.579391 -0.264617 
0.0172813 -0.430544 
0.0448874 -0.434287 
-0.522937 -0.214659 
-0.540214 -0.196714 
-0.570631 -0.158646 
-0.0103758 -0.426169 
0.324004 -0.42657 
0.351434 -0.419749 
0.128193 -0.441427 
0.480625 -0.36237 
0.100356 -0.439778 
0.072609 -0.437384 
0.156131 -0.442274 
0.24021 -0.439343 
0.212174 -0.441303 
0.37865 -0.411443 
0.405363 -0.401601 
0.431232 -0.39024 
0.456452 -0.377143 
0.503537 -0.34594 
0.544807 -0.308339 
0.524865 -0.328014 
-0.44195 -0.278764 
0.563012 -0.287162 
-0.120932 -0.403038 
-0.148622 -0.39594 
0.643682 -0.113872 
0.647968 -0.0876898 
0.618834 -0.191021 
0.607183 -0.216169 
0.624066 -0.178359 
0.594064 -0.240813 
0.628919 -0.165549 
0.637266 -0.139826 
-0.556144 -0.178037 
-0.5895 -0.128306 
-0.60916 -0.0855738 
-0.246618 -0.366699 
-0.218589 -0.375748 
-0.272762 -0.357702 
-0.0517541 -0.418528 
-0.0793607 -0.41274 
-0.190593 -0.384223 
0.28222 -0.434335 
-0.48214 -0.250365 
-0.356025 -0.324526 
-0.497122 -0.238168 
-0.317621 -0.340807 
-0.406709 -0.299497 
0.649973 -0.0482284 
-0.334577 -0.333854 
0.0310732 -0.432494 
-0.531706 -0.205812 
-0.628766 0.00635671 
-0.0241541 -0.423767 
0.337762 -0.423332 
0.114268 -0.440699 
0.0587382 -0.43592 
0.00344047 -0.428431 
0.170121 -0.442377 
0.198146 -0.4419 
0.365099 -0.415782 
0.310118 -0.429484 
0.418387 -0.396123 
0.443953 -0.383905 
0.492236 -0.354371 
0.535036 -0.318379 
0.468671 -0.369973 
-0.513801 -0.223379 
-0.436224 -0.282365 
0.554128 -0.297938 
-0.134792 -0.399548 
0.571428 -0.276054 
0.646101 -0.100825 
0.613181 -0.203675 
0.621496 -0.184709 
0.6008 -0.228585 
0.633309 -0.152758 
0.626542 -0.171973 
0.64072 -0.126909 
-0.381775 -0.312402 
0.514376 -0.337185 
-0.600136 -0.107238 
0.254233 -0.43796 
0.142158 -0.441955 
0.0864743 -0.438671 
0.392079 -0.406718 
0.586936 -0.252844 
0.226201 -0.440453 
-0.162645 -0.392155 
-0.10704 -0.406409 
-0.466507 -0.262112 
0.649247 -0.0745642 
-0.548325 -0.1875 
-0.616555 -0.0633404 
-0.577291 -0.148724 
-0.563549 -0.168462 
-0.626376 -0.0173301 
-0.6223 -0.040577 
-0.450239 -0.27337 
-0.424644 -0.289358 
-0.297033 -0.348811 
