ZONE T="boundary0"
-4 -0.774034 
-4 -1 
-4 -0.279254 
-4 -0.339136 
-4 0.366806 
-4 0.286435 
-4 1 
-4 -0.219372 
-4 0.240373 
-4 0.0461615 
-4 -0.157614 
-4 0.515798 
-4 0.441302 
-4 0.326621 
-4 0.194312 
-4 0.143906 
-4 0.093501 
-4 -0.0958568 
-4 0.757899 
-4 -0.391369 
-4 -0.443602 
-4 -0.548067 
-4 -0.00117792 
-4 -0.887017 
-4 -0.309195 
-4 -0.188493 
-4 0.404054 
-4 0.306528 
-4 0.217343 
-4 0.346713 
-4 0.118704 
-4 0.169109 
-4 0.0698313 
-4 -0.249313 
-4 -0.417485 
-4 -0.365252 
-4 -0.495834 
-4 0.47855 
-4 -0.661051 
-4 0.636849 
-4 0.87895 
-4 0.263404 
-4 0.0224918 
-4 -0.0485174 
-4 -0.126736 
ZONE T="boundary1"
-3.77499 1 
-4 1 
3.63969 1 
4 1 
0.168979 1 
-0.680872 1 
0.427426 1 
0.517845 1 
0.224988 1 
0.337007 1 
-0.994121 1 
-1.52728 1 
0.721893 1 
0.832998 1 
1.63151 1 
1.50404 1 
-2.5715 1 
2.82906 1 
3.05422 1 
2.22387 1 
2.02862 1 
-3.0039 1 
-2.7877 1 
2.52646 1 
-3.14042 1 
-3.27694 1 
-2.1368 1 
-0.759966 1 
-0.277582 1 
-0.206144 1 
0.112969 1 
0.0234649 1 
-0.134706 1 
-0.356828 1 
-0.909346 1 
0.619869 1 
-0.518926 1 
-0.601778 1 
-1.07889 1 
-1.18508 1 
-1.29126 1 
-0.436074 1 
-1.40927 1 
-1.66373 1 
-1.80018 1 
0.944102 1 
1.06348 1 
3.27938 1 
1.37658 1 
1.18285 1 
-1.96849 1 
3.45954 1 
-2.35415 1 
1.83338 1 
2.67776 1 
-3.54998 1 
-0.0556206 1 
-3.88749 1 
3.81985 1 
0.472635 1 
0.280998 1 
0.382216 1 
1.56777 1 
2.94164 1 
-2.8958 1 
-0.241863 1 
0.068217 1 
-0.834656 1 
0.196983 1 
0.140974 1 
-0.560352 1 
-1.03651 1 
-0.951733 1 
-1.23817 1 
-1.13199 1 
0.568857 1 
-1.35026 1 
-1.59551 1 
-1.46828 1 
-1.73196 1 
0.88855 1 
1.00379 1 
0.670881 1 
1.27972 1 
-2.05265 1 
-1.88434 1 
3.54962 1 
3.1668 1 
-2.24548 1 
3.36946 1 
1.44031 1 
1.73244 1 
2.60211 1 
2.37516 1 
2.12624 1 
-2.6796 1 
-2.46283 1 
-3.66248 1 
1.931 1 
-3.20868 1 
-3.07216 1 
-3.41346 1 
-0.396451 1 
-0.317205 1 
-0.4775 1 
-0.0160778 1 
-0.170425 1 
-0.0951634 1 
-0.641325 1 
-0.720419 1 
1.12317 1 
0.777445 1 
2.75341 1 
ZONE T="boundary2"
4 -0.0472357 
4 -0.835177 
4 -0.670354 
4 0.161161 
4 0.0990708 
4 -0.177308 
4 -0.131452 
4 0.63757 
4 1 
4 0.374155 
4 0.446046 
4 0.229196 
4 -0.476794 
4 -0.277029 
4 -1 
4 0.818785 
4 0.302264 
4 0.0369809 
4 -0.223164 
4 -0.330895 
4 -0.403845 
4 -0.573574 
4 -0.752765 
4 0.130116 
4 -0.15438 
4 0.410101 
4 0.195178 
4 -0.917588 
4 0.909392 
4 0.26573 
4 0.0680258 
4 -0.00512741 
4 -0.200236 
4 -0.303962 
4 -0.250097 
4 -0.440319 
4 -0.36737 
4 -0.621964 
4 -0.525184 
4 -0.0893441 
4 0.541808 
4 0.728177 
4 0.33821 
ZONE T="boundary3"
-3.70576 -1 
-4 -1 
-2.07362 -1 
-1.88911 -1 
3.31621 -1 
0.764454 -1 
-0.322186 -1 
0.0108693 -1 
0.0732446 -1 
0.347931 -1 
0.424793 -1 
0.848906 -1 
-1.07734 -1 
-0.967787 -1 
1.02989 -1 
0.9394 -1 
1.1347 -1 
-1.63738 -1 
0.590828 -1 
-0.421456 -1 
-1.42476 -1 
3.80782 -1 
4 -1 
-3.47055 -1 
-3.23534 -1 
-0.520727 -1 
-2.86599 -1 
-2.41363 -1 
-2.56913 -1 
2.24699 -1 
2.46818 -1 
3.12128 -1 
2.69726 -1 
2.92635 -1 
-2.71756 -1 
0.680001 -1 
-0.166843 -1 
0.281194 -1 
0.501654 -1 
-0.051506 -1 
0.143851 -1 
0.214456 -1 
-0.632851 -1 
-0.744975 -1 
-0.244515 -1 
-0.109175 -1 
3.61565 -1 
1.2395 -1 
-0.856381 -1 
1.3456 -1 
1.45169 -1 
1.56931 -1 
-1.30582 -1 
-1.18689 -1 
-1.53107 -1 
1.85637 -1 
1.68693 -1 
-2.25812 -1 
2.02581 -1 
-3.85288 -1 
-1.98136 -1 
0.042057 -1 
0.80668 -1 
-1.02256 -1 
0.984647 -1 
-1.76325 -1 
3.90391 -1 
-3.35295 -1 
-0.471092 -1 
-3.05066 -1 
-2.49138 -1 
2.35759 -1 
3.21875 -1 
2.81181 -1 
-2.79177 -1 
0.635414 -1 
0.314562 -1 
0.463223 -1 
0.546241 -1 
-0.0203183 -1 
0.179153 -1 
0.108548 -1 
0.722227 -1 
-0.688913 -1 
-0.576789 -1 
-0.0803403 -1 
3.71174 -1 
1.1871 -1 
-0.912084 -1 
1.0823 -1 
1.39864 -1 
0.894153 -1 
-0.800678 -1 
-1.24635 -1 
-1.47792 -1 
1.77165 -1 
-2.16587 -1 
2.1364 -1 
-2.64335 -1 
-3.58815 -1 
3.46593 -1 
3.02381 -1 
-2.33587 -1 
-0.138009 -1 
0.386362 -1 
-0.371821 -1 
0.247825 -1 
-0.205679 -1 
-0.28335 -1 
1.94109 -1 
1.29255 -1 
-1.36529 -1 
2.58272 -1 
-1.13211 -1 
1.5105 -1 
1.62812 -1 
-1.58423 -1 
ZONE T="boundary4"
-0.287444 0.40796 
-0.604152 0.227447 
-0.52883 0.344562 
-0.51746 0.35476 
-0.626426 0.0211801 
-0.411557 0.407441 
-0.630506 0.0831445 
-0.629899 0.104017 
-0.493977 0.372404 
-0.362036 0.413636 
0.618922 0.0977412 
-0.307307 0.410917 
-0.628738 0.0416639 
-0.630109 0.0623347 
0.626033 -0.0120555 
-0.62827 0.124848 
-0.625609 0.145568 
0.628213 0.0314832 
0.627871 0.00978692 
-0.45997 0.391282 
-0.443826 0.397934 
-0.609849 0.211315 
-0.614878 0.194893 
-0.571642 0.292664 
-0.344599 0.413741 
-0.619204 0.178291 
-0.581049 0.27714 
-0.56145 0.307438 
-0.550867 0.320975 
-0.539601 0.333726 
-0.18992 0.384645 
-0.177824 0.381337 
0.601837 0.144061 
0.5557 0.213852 
0.53529 0.235352 
-0.476597 0.382937 
0.624029 0.0747368 
-0.427392 0.403371 
0.60716 0.132136 
-0.153574 0.374815 
-0.126926 0.368036 
-0.246317 0.399414 
-0.325961 0.412814 
0.611909 0.119981 
-0.378826 0.412565 
-0.395583 0.410468 
0.525484 0.244459 
-0.266882 0.404039 
0.589731 0.166843 
-0.224176 0.393865 
0.626955 0.0532396 
-0.0708872 0.356006 
-0.0989237 0.36159 
0.494535 0.268879 
0.483975 0.275901 
0.473147 0.282503 
-0.597341 0.244295 
-0.589595 0.261024 
0.581954 0.179318 
0.573663 0.191304 
0.515361 0.253131 
0.0839679 0.34167 
0.0522952 0.342648 
-0.0106491 0.347279 
0.146473 0.341205 
0.304619 0.334852 
0.177339 0.341144 
0.208651 0.340803 
0.336972 0.330086 
-0.202016 0.387947 
0.424628 0.305943 
-0.0407323 0.351073 
0.367425 0.323795 
0.397678 0.31546 
0.115525 0.341283 
0.0208971 0.344445 
0.239991 0.33988 
0.272288 0.338003 
0.451128 0.29428 
-0.523222 0.349741 
-0.63033 0.0935853 
-0.629544 0.051992 
-0.297362 0.409549 
-0.629213 0.114443 
-0.627069 0.135226 
0.628234 0.0206322 
-0.451959 0.394753 
-0.61245 0.203132 
-0.353321 0.413812 
-0.617128 0.186616 
-0.576458 0.284971 
-0.607086 0.219412 
-0.556259 0.314286 
-0.183873 0.38299 
0.545727 0.224824 
-0.468364 0.387268 
0.621727 0.0862945 
-0.435658 0.400797 
-0.140264 0.371364 
-0.335276 0.413405 
0.609607 0.126087 
0.615656 0.108937 
-0.387223 0.411647 
-0.370441 0.413224 
0.530432 0.239954 
-0.419509 0.405535 
-0.256585 0.4018 
0.596039 0.155587 
-0.316625 0.411979 
-0.235234 0.396697 
-0.545331 0.327437 
-0.627699 0.0314095 
0.627791 0.0423732 
-0.630432 0.072738 
-0.0849242 0.358685 
-0.403595 0.40908 
0.489289 0.272442 
-0.585434 0.269142 
0.585919 0.173128 
0.577878 0.18536 
-0.600845 0.235912 
0.520466 0.248846 
-0.277147 0.406095 
0.192993 0.341027 
0.320825 0.332689 
0.604568 0.138129 
-0.593576 0.252711 
0.62713 -0.00114914 
0.625704 0.0640168 
-0.213089 0.390935 
-0.622738 0.161997 
-0.112943 0.364718 
-0.0257041 0.349039 
-0.0558283 0.3534 
0.130999 0.341224 
0.161904 0.34119 
0.00511514 0.345723 
0.256145 0.339079 
0.382622 0.319892 
0.0365922 0.34343 
0.0681299 0.342069 
0.0997478 0.34142 
0.288468 0.336606 
0.224322 0.340433 
-0.566656 0.300128 
-0.53429 0.339222 
-0.195967 0.386299 
0.564928 0.202776 
-0.485396 0.37785 
-0.505974 0.363923 
0.505108 0.261217 
0.462245 0.288594 
-0.165705 0.37805 
0.478593 0.279255 
0.437992 0.300374 
0.411236 0.310941 
0.352244 0.327171 
ZONE T="boundary5"
0.593122 -0.142382 
0.600198 -0.120626 
-0.507205 -0.244343 
-0.543397 -0.193588 
-0.531675 -0.21105 
-0.554403 -0.176043 
-0.62321 0.000933516 
-0.594998 -0.0955537 
-0.372905 -0.373844 
-0.626426 0.0211801 
-0.579498 -0.130192 
-0.587298 -0.113578 
-0.571153 -0.146546 
0.481871 -0.395239 
-0.619126 -0.0190516 
0.522707 -0.335294 
-0.175762 -0.478636 
0.613092 -0.077242 
0.60696 -0.0988162 
-0.198953 -0.46972 
-0.242639 -0.45074 
-0.220934 -0.460539 
-0.283484 -0.430179 
-0.263209 -0.440745 
-0.127542 -0.494793 
-0.102542 -0.501972 
-0.0760729 -0.508722 
-0.356644 -0.385409 
-0.152319 -0.486881 
-0.339232 -0.397094 
0.455892 -0.422522 
-0.403661 -0.350065 
-0.418154 -0.337894 
-0.479499 -0.277655 
-0.494504 -0.260173 
-0.463854 -0.294586 
-0.51945 -0.228163 
-0.388846 -0.361848 
-0.321502 -0.4083 
-0.302648 -0.419502 
-0.444879 -0.313573 
0.441929 -0.434903 
0.427341 -0.446474 
0.513685 -0.351024 
0.626033 -0.0120555 
0.396652 -0.467085 
-0.602013 -0.077264 
-0.608494 -0.0581655 
0.548797 -0.277001 
0.555672 -0.257509 
-0.0494144 -0.514661 
0.186392 -0.530091 
0.00720799 -0.524491 
0.0373692 -0.528198 
-0.0211766 -0.520033 
0.46917 -0.409352 
0.237358 -0.523549 
0.211971 -0.527338 
0.262011 -0.518772 
0.286335 -0.512889 
-0.614214 -0.0387394 
0.310588 -0.505736 
0.380663 -0.476156 
0.357935 -0.48741 
0.334556 -0.497245 
0.412166 -0.45724 
0.493794 -0.380364 
0.504092 -0.365979 
0.543225 -0.291424 
0.585412 -0.165702 
0.618476 -0.0555086 
0.531048 -0.318999 
0.562119 -0.237842 
0.569895 -0.213445 
0.57774 -0.189076 
0.622842 -0.0338379 
0.157926 -0.531998 
0.0984925 -0.532401 
0.129368 -0.532771 
0.0676203 -0.53084 
0.596685 -0.131511 
-0.537601 -0.202363 
-0.54897 -0.184859 
-0.624931 0.0110395 
-0.583468 -0.121917 
-0.575392 -0.138402 
-0.621277 -0.0090807 
-0.562986 -0.161412 
0.610104 -0.0880504 
-0.231822 -0.455717 
-0.273384 -0.435534 
-0.115068 -0.498474 
-0.0893333 -0.505448 
-0.364813 -0.379681 
-0.18739 -0.474262 
-0.13996 -0.490929 
-0.410948 -0.344028 
-0.487081 -0.268982 
-0.471754 -0.286193 
-0.513382 -0.236295 
-0.500913 -0.252305 
-0.330405 -0.402757 
-0.431679 -0.325911 
0.434713 -0.440788 
-0.396292 -0.356005 
-0.598592 -0.0864419 
-0.591231 -0.104601 
0.448996 -0.42881 
-0.062766 -0.511793 
0.022273 -0.526476 
-0.0353168 -0.51746 
0.224685 -0.525577 
0.199195 -0.528841 
-0.380917 -0.3679 
0.274209 -0.515975 
-0.611455 -0.0484816 
0.298508 -0.509469 
0.369389 -0.481964 
0.346319 -0.492502 
0.404471 -0.462261 
0.487938 -0.387887 
0.475621 -0.402387 
0.388713 -0.471718 
-0.60535 -0.067747 
0.499036 -0.373239 
-0.616775 -0.028921 
0.58927 -0.154042 
-0.312114 -0.413967 
0.508982 -0.358563 
0.462623 -0.416031 
0.537367 -0.305316 
0.552305 -0.267282 
0.546062 -0.284233 
0.526971 -0.327195 
0.566012 -0.225645 
0.558932 -0.247688 
0.581562 -0.177384 
-0.525623 -0.21965 
0.419824 -0.451957 
-0.454465 -0.304178 
0.518291 -0.343215 
-0.293103 -0.424907 
0.620791 -0.0446994 
0.624594 -0.0229694 
0.615891 -0.0664011 
-0.347978 -0.391312 
-0.16407 -0.482843 
0.249712 -0.521297 
-0.252959 -0.445814 
0.60363 -0.109736 
-0.209976 -0.465207 
0.172169 -0.53119 
0.113929 -0.532738 
0.322632 -0.501657 
0.5738 -0.201255 
0.0830498 -0.531766 
0.0524835 -0.529654 
0.143652 -0.532522 
-0.00700199 -0.522376 
