ZONE T="boundary0"
-4 -1 
-4 -0.203476 
-4 -0.273509 
-4 0.226973 
-4 0.26005 
-4 0.293127 
-4 0.608766 
-4 0.346186 
-4 -0.133277 
-4 0.504005 
-4 -0.323854 
-4 -0.374199 
-4 0.180802 
-4 -0.526785 
-4 -0.679371 
-4 0.0852039 
-4 -0.0630776 
-4 0.451625 
-4 0.804383 
-4 1 
-4 -0.839685 
-4 0.399245 
-4 0.134631 
-4 0.0357767 
-4 -0.450492 
-4 -0.238492 
-4 0.243512 
-4 0.319656 
-4 -0.168376 
-4 0.556386 
-4 -0.349026 
-4 -0.603078 
-4 -0.0981771 
-4 0.706575 
-4 0.902191 
-4 -0.919843 
-4 0.276588 
-4 0.372715 
-4 0.425435 
-4 0.157717 
-4 0.203888 
-4 0.0604903 
-4 0.109917 
-4 -0.0136504 
-4 -0.298681 
-4 -0.759528 
-4 0.477815 
-4 -0.412345 
-4 -0.488638 
ZONE T="boundary1"
1.86832 1 
2.32258 1 
2.15718 1 
3.34199 1 
0.0261017 1 
0.0895373 1 
-0.0373337 1 
2.01275 1 
0.335613 1 
0.244074 1 
0.289843 1 
-0.857546 1 
-0.386929 1 
1.72987 1 
1.59143 1 
1.36726 1 
1.1696 1 
-3.66756 1 
2.69323 1 
2.48797 1 
-3.83378 1 
-1.33997 1 
4 1 
-2.00849 1 
-2.16822 1 
-3.33512 1 
-2.36757 1 
-2.73466 1 
3.12024 1 
2.89849 1 
3.671 1 
-0.577703 1 
0.166806 1 
0.403105 1 
0.596305 1 
0.470596 1 
-0.171731 1 
-0.104532 1 
-0.27933 1 
-0.759371 1 
-0.482316 1 
0.722013 1 
0.836531 1 
-0.955722 1 
-1.07209 1 
-1.18845 1 
0.951048 1 
1.06033 1 
-4 1 
-3.11876 1 
-2.9024 1 
-1.58081 1 
-1.67013 1 
-2.56692 1 
-1.84877 1 
1.26843 1 
-1.49149 1 
2.23988 1 
0.0578195 1 
0.266959 1 
1.66065 1 
2.5906 1 
-3.75067 1 
-2.08836 1 
-2.26789 1 
3.00937 1 
2.79586 1 
3.8355 1 
-0.00561635 1 
0.20544 1 
0.369359 1 
0.436851 1 
-0.0709333 1 
-0.138132 1 
-0.225531 1 
-0.33313 1 
-0.668537 1 
-0.434622 1 
0.659159 1 
-0.530009 1 
-0.906634 1 
0.779272 1 
-1.13027 1 
-0.808459 1 
-1.0139 1 
1.00569 1 
0.533451 1 
-3.91689 1 
1.11497 1 
3.23112 1 
-3.22694 1 
-3.01058 1 
-1.62547 1 
1.94054 1 
2.08497 1 
-2.46725 1 
-2.81853 1 
-2.65079 1 
-1.75945 1 
2.40527 1 
-1.92863 1 
1.7991 1 
3.5065 1 
0.312728 1 
0.128171 1 
0.893789 1 
-3.50134 1 
1.21902 1 
1.31785 1 
1.47934 1 
-1.26421 1 
-1.41573 1 
-1.53615 1 
ZONE T="boundary2"
4 -0.545481 
4 -0.47249 
4 -0.359841 
4 -0.312908 
4 -0.265974 
4 -0.128567 
4 -0.206216 
4 0.0147434 
4 -0.0569117 
4 0.831653 
4 1 
4 -0.416165 
4 -0.809236 
4 0.236723 
4 0.265186 
4 0.111501 
4 0.322114 
4 0.394892 
4 -0.618472 
4 -1 
4 0.663305 
4 0.208259 
4 0.15988 
4 0.467671 
4 0.565488 
4 -0.508985 
4 -0.289441 
4 -0.167391 
4 -0.0210842 
4 0.915826 
4 -0.236095 
4 -0.388003 
4 -0.0927394 
4 -0.336374 
4 -0.444328 
4 0.250955 
4 0.0631224 
4 0.29365 
4 -0.581976 
4 -0.904618 
4 -0.713854 
4 0.747479 
4 0.18407 
4 0.222491 
4 0.135691 
4 0.431281 
4 0.358503 
4 0.516579 
4 0.614397 
ZONE T="boundary3"
-3.72404 -1 
-4 -1 
-3.58606 -1 
-3.44808 -1 
3.69324 -1 
0.200595 -1 
0.259073 -1 
0.142117 -1 
-0.372232 -1 
-0.960472 -1 
-0.480596 -1 
0.583866 -1 
0.674778 -1 
-0.837535 -1 
-0.714598 -1 
-1.08451 -1 
-1.20855 -1 
0.486326 -1 
0.765689 -1 
0.890279 -1 
1.01487 -1 
1.13099 -1 
1.92797 -1 
2.13479 -1 
-3.07221 -1 
-2.94692 -1 
-2.60033 -1 
-2.45284 -1 
-1.90759 -1 
2.82578 -1 
3.38648 -1 
-1.49687 -1 
2.65078 -1 
2.52178 -1 
2.39278 -1 
-0.190345 -1 
-0.134754 -1 
-0.597597 -1 
-0.245936 -1 
0.0013639 -1 
-0.0666951 -1 
0.388786 -1 
1.24711 -1 
1.37145 -1 
3.84662 -1 
1.49579 -1 
-1.70223 -1 
-1.35271 -1 
4 -1 
3.53986 -1 
3.00078 -1 
1.72115 -1 
3.19363 -1 
-3.32279 -1 
-3.1975 -1 
-2.30534 -1 
-2.10646 -1 
0.0717404 -1 
-3.86202 -1 
-3.51707 -1 
0.229834 -1 
0.171356 -1 
-0.426414 -1 
0.629322 -1 
-0.776067 -1 
-1.14653 -1 
0.535096 -1 
0.952575 -1 
2.03138 -1 
-3.00957 -1 
-2.77363 -1 
2.58628 -1 
2.26378 -1 
-0.16255 -1 
-0.309084 -1 
-0.656098 -1 
0.827984 -1 
0.720233 -1 
0.437556 -1 
1.18905 -1 
1.07293 -1 
1.30928 -1 
0.323929 -1 
-0.539097 -1 
-0.899004 -1 
1.43362 -1 
3.92331 -1 
3.61655 -1 
-1.02249 -1 
-1.42479 -1 
2.91328 -1 
1.82456 -1 
3.76993 -1 
3.46317 -1 
-1.28063 -1 
-1.59955 -1 
-1.80491 -1 
2.73828 -1 
-3.26015 -1 
-3.38544 -1 
-2.2059 -1 
-2.52658 -1 
-2.37909 -1 
-2.00703 -1 
3.29005 -1 
-3.13486 -1 
1.60847 -1 
-3.65505 -1 
-0.0326656 -1 
-0.100725 -1 
-0.21814 -1 
0.0365522 -1 
0.106929 -1 
3.0972 -1 
2.45728 -1 
ZONE T="boundary4"
0.0144793 0.422085 
0.495714 0.380429 
-0.646403 -0.0224656 
-0.486936 0.238263 
-0.498039 0.230197 
-0.523345 0.209905 
-0.622348 0.0763055 
-0.58392 0.144705 
-0.598624 0.122737 
-0.61146 0.0998811 
0.0418655 0.428455 
0.0693162 0.434305 
-0.203947 0.35968 
-0.176709 0.368175 
-0.440365 0.267574 
-0.415832 0.28054 
0.469729 0.397423 
0.44223 0.412102 
0.124671 0.44415 
0.152632 0.447959 
-0.0947352 0.392765 
-0.63823 0.0275377 
-0.643255 0.00263923 
-0.549345 0.185535 
-0.631271 0.0521412 
-0.567436 0.165683 
-0.536594 0.19801 
0.630171 0.192876 
0.619408 0.218536 
0.209247 0.452799 
0.237916 0.453571 
0.180788 0.45088 
0.325608 0.447359 
0.355123 0.441818 
0.0969356 0.43957 
0.541922 0.340204 
-0.464109 0.253481 
-0.364896 0.303537 
-0.390631 0.292479 
-0.338687 0.313901 
-0.312188 0.32369 
-0.231255 0.350993 
-0.258329 0.342171 
0.579038 0.293919 
0.594272 0.269251 
-0.285356 0.333087 
-0.149346 0.376553 
-0.12204 0.384751 
-0.0674365 0.400556 
-0.040154 0.408073 
-0.0128516 0.41527 
0.519866 0.361272 
0.266933 0.453041 
0.296139 0.451037 
0.413763 0.424328 
0.384578 0.434206 
0.561613 0.317681 
0.607565 0.244027 
0.657912 0.102177 
0.660212 0.0890686 
0.66396 0.0368894 
0.648249 0.141247 
0.639826 0.167172 
0.655136 0.115208 
0.662301 0.0111719 
0.66322 0.0629257 
-0.510859 0.220276 
-0.591481 0.133868 
-0.605263 0.111443 
0.0555793 0.431449 
-0.190342 0.363943 
-0.428179 0.274199 
0.456133 0.405066 
0.138631 0.446159 
-0.640976 0.0151423 
-0.634987 0.0399119 
-0.575871 0.155353 
-0.543038 0.191844 
0.624907 0.205752 
0.223556 0.453337 
-0.492512 0.23427 
0.340374 0.444833 
0.0831129 0.437018 
-0.530029 0.204028 
-0.475619 0.246026 
-0.377822 0.298108 
-0.403298 0.286633 
-0.325477 0.318855 
-0.217616 0.355355 
-0.244813 0.346605 
0.586906 0.281699 
-0.298802 0.328433 
-0.135699 0.380672 
-0.0810884 0.39669 
-0.0265063 0.411715 
0.000808573 0.418729 
0.531156 0.35097 
-0.108393 0.388782 
0.281516 0.452234 
-0.0537998 0.40435 
-0.351837 0.308798 
-0.617135 0.0882058 
0.482922 0.389215 
0.428103 0.418515 
0.166686 0.449538 
0.369883 0.43828 
0.399234 0.429556 
0.570594 0.305952 
-0.163034 0.372381 
0.552042 0.329129 
0.110785 0.441951 
0.194993 0.451975 
0.2524 0.453479 
0.310864 0.449418 
0.601122 0.256712 
0.659124 0.0956327 
0.635131 0.180066 
0.663437 0.0240051 
0.644202 0.154254 
-0.271871 0.33766 
0.0281657 0.425331 
0.508031 0.371112 
0.613625 0.23133 
-0.645059 -0.00987829 
-0.627046 0.0643142 
0.661984 0.0760303 
0.656581 0.108702 
0.651894 0.128272 
-0.558562 0.175774 
-0.45232 0.260685 
0.663883 0.0499132 
ZONE T="boundary5"
0.303035 -0.334979 
0.277375 -0.348398 
0.174236 -0.399142 
0.148302 -0.410903 
-0.537017 -0.343065 
-0.447484 -0.423489 
-0.472449 -0.405283 
-0.635987 -0.148693 
-0.610519 -0.223795 
-0.646403 -0.0224656 
-0.647291 -0.0350605 
-0.620507 -0.198882 
-0.629016 -0.173829 
-0.647301 -0.0729641 
-0.647732 -0.0476832 
-0.641382 -0.123497 
-0.010583 -0.469845 
-0.495697 -0.385689 
-0.241765 -0.495853 
-0.21127 -0.497713 
-0.333861 -0.477844 
-0.303316 -0.48604 
-0.0656913 -0.483583 
-0.0938535 -0.488979 
-0.122489 -0.493241 
-0.151583 -0.496224 
-0.18121 -0.497774 
-0.571432 -0.296995 
0.601993 -0.127828 
-0.517238 -0.364872 
-0.393052 -0.454718 
-0.420997 -0.440018 
-0.586081 -0.273008 
-0.599071 -0.248547 
-0.363901 -0.467377 
-0.272492 -0.492017 
0.617697 -0.107026 
-0.645168 -0.098237 
0.642602 -0.0623847 
0.584325 -0.14759 
0.544111 -0.184097 
-0.555075 -0.320397 
-0.0379576 -0.477173 
0.0164453 -0.461698 
0.043218 -0.452791 
0.0697402 -0.443205 
0.20015 -0.386939 
0.122243 -0.422209 
0.0960808 -0.432988 
0.225914 -0.374414 
0.251726 -0.36152 
0.328609 -0.321302 
0.353929 -0.307424 
0.37907 -0.293239 
0.42847 -0.263832 
0.476343 -0.233059 
0.499557 -0.217263 
0.452592 -0.248607 
0.403992 -0.278687 
0.651601 -0.0386254 
0.52224 -0.200997 
0.631272 -0.0852001 
0.564931 -0.166326 
0.662301 0.0111719 
0.658179 -0.0140695 
0.290221 -0.341717 
0.161287 -0.405074 
-0.460166 -0.414581 
-0.646903 -0.0287597 
-0.624937 -0.186408 
-0.647732 -0.0603251 
-0.638877 -0.136133 
-0.61568 -0.211393 
-0.226487 -0.497019 
-0.318645 -0.482222 
-0.0797203 -0.486416 
-0.108116 -0.491261 
-0.166344 -0.49719 
-0.527329 -0.354102 
-0.407194 -0.447611 
-0.592764 -0.260853 
-0.378611 -0.461313 
-0.604963 -0.236233 
-0.484279 -0.395656 
-0.506669 -0.375435 
0.610069 -0.1176 
-0.643476 -0.110892 
0.593351 -0.137884 
-0.257119 -0.494191 
-0.546244 -0.331848 
-0.024228 -0.473618 
0.00297017 -0.465869 
0.0565113 -0.448078 
0.029867 -0.457333 
-0.34898 -0.472887 
-0.13698 -0.494902 
0.109184 -0.427665 
0.135293 -0.416615 
0.187207 -0.393087 
0.23883 -0.368003 
0.315838 -0.328171 
0.264564 -0.354989 
0.213048 -0.380715 
0.366527 -0.300372 
-0.578952 -0.285095 
-0.287922 -0.489302 
0.488002 -0.225211 
0.416268 -0.271311 
0.53327 -0.192658 
0.637214 -0.0739323 
0.647397 -0.0506202 
0.574787 -0.157122 
0.624739 -0.096272 
0.341293 -0.314396 
-0.434426 -0.431974 
-0.051776 -0.480498 
0.0829387 -0.438169 
-0.563449 -0.308803 
-0.196193 -0.497956 
0.440571 -0.256267 
0.391562 -0.286012 
-0.646443 -0.0856139 
0.655197 -0.0264336 
0.660553 -0.00149724 
-0.647567 -0.0413687 
-0.632686 -0.161308 
0.464504 -0.240879 
0.510972 -0.209205 
0.554647 -0.175353 
