ZONE T="boundary0"
-4 -0.241877 
-4 -0.123084 
-4 -0.0713081 
-4 0.441389 
-4 -0.17486 
-4 -0.316901 
-4 -0.560495 
-4 -0.439248 
-4 0.741884 
-4 0.591637 
-4 0.310755 
-4 0.253217 
-4 0.516513 
-4 -0.279389 
-4 -0.208368 
-4 -0.378074 
-4 0.0129494 
-4 0.097207 
-4 0.195679 
-4 0.146443 
-4 -0.681743 
-4 -0.840871 
-4 1 
-4 -1 
-4 -0.0971961 
-4 -0.148972 
-4 0.666761 
-4 0.281986 
-4 -0.298145 
-4 -0.347488 
-4 -0.260633 
-4 -0.408661 
-4 0.0550782 
-4 -0.0291793 
-4 0.376072 
-4 0.171061 
-4 0.224448 
-4 -0.621119 
-4 -0.499872 
-4 -0.761307 
-4 0.478951 
-4 0.870942 
-4 -0.191614 
-4 -0.225123 
-4 0.121825 
-4 -0.920436 
-4 0.554075 
ZONE T="boundary1"
-2.83512 1 
3.64894 1 
3.82447 1 
0.892732 1 
0.833571 1 
0.151564 1 
0.0776336 1 
-0.124547 1 
-0.0806568 1 
-0.212327 1 
-0.332222 1 
-0.272274 1 
0.0204334 1 
0.280568 1 
0.225494 1 
-1.38674 1 
-1.45894 1 
-0.672 1 
-0.789822 1 
1.1315 1 
1.0417 1 
4 1 
-0.884251 1 
1.98609 1 
3.47341 1 
3.29788 1 
-1.86918 1 
-2.6691 1 
1.81766 1 
-3.00115 1 
-3.30061 1 
2.41197 1 
2.63324 1 
2.85451 1 
0.748883 1 
-0.437097 1 
0.554993 1 
0.390717 1 
-0.0367668 1 
-0.554177 1 
0.445792 1 
0.664194 1 
0.335643 1 
-0.97868 1 
-1.11926 1 
0.951894 1 
-1.31454 1 
1.2851 1 
-1.60333 1 
-2.08396 1 
-2.29874 1 
-2.48392 1 
1.3619 1 
1.4387 1 
1.54396 1 
1.64922 1 
2.19903 1 
3.0762 1 
-4 1 
-3.60006 1 
-3.80003 1 
-3.45033 1 
1.2083 1 
3.73671 1 
0.863152 1 
0.114599 1 
-0.102602 1 
-0.168437 1 
0.253031 1 
-1.42284 1 
-0.730911 1 
1.0866 1 
3.91224 1 
3.38565 1 
-3.15088 1 
-0.302248 1 
-0.384659 1 
-0.2423 1 
0.791227 1 
-0.0587118 1 
0.0490335 1 
-0.00816672 1 
0.188529 1 
-0.495637 1 
-0.613088 1 
0.500392 1 
0.706538 1 
0.308106 1 
-0.931466 1 
-1.04897 1 
-0.837037 1 
0.609594 1 
0.36318 1 
-1.2169 1 
-1.53114 1 
-1.73626 1 
-1.97657 1 
-2.39133 1 
1.3235 1 
1.49133 1 
2.74388 1 
1.90187 1 
1.73344 1 
2.3055 1 
2.52261 1 
2.09256 1 
-3.70004 1 
-3.37547 1 
-2.75211 1 
-2.91814 1 
-3.90001 1 
0.922313 1 
0.996796 1 
0.418255 1 
2.96535 1 
-1.35064 1 
1.2467 1 
3.18704 1 
3.56118 1 
-3.52519 1 
1.4003 1 
1.59659 1 
-2.19135 1 
-2.57651 1 
1.1699 1 
ZONE T="boundary2"
4 -0.350795 
4 -0.311426 
4 -0.468904 
4 -0.653005 
4 -0.229246 
4 -0.162062 
4 0.237629 
4 0.295993 
4 0.397266 
4 0.346629 
4 0.501165 
4 -0.0318684 
4 0.719405 
4 -1 
4 0.859703 
4 1 
4 -0.560955 
4 0.179266 
4 0.105204 
4 -0.0948782 
4 0.0311413 
4 -0.390165 
4 -0.826503 
4 -0.331111 
4 -0.270336 
4 -0.195654 
4 0.266811 
4 0.371947 
4 0.610285 
4 0.929851 
4 -0.60698 
4 0.208448 
4 0.321311 
4 -0.12847 
4 -0.000363556 
4 -0.0633733 
4 0.142235 
4 0.0681725 
4 0.449215 
4 -0.37048 
4 -0.429534 
4 -0.514929 
4 -0.913251 
4 -0.739754 
4 0.789554 
ZONE T="boundary3"
-3.76585 -1 
-0.611816 -1 
-0.775948 -1 
-0.874845 -1 
1.36485 -1 
-0.0848437 -1 
-0.461796 -1 
-0.322504 -1 
3.71907 -1 
0.238007 -1 
-1.2915 -1 
-1.17154 -1 
4 -1 
0.77974 -1 
-0.536806 -1 
-3.31741 -1 
3.43815 -1 
3.22453 -1 
3.57861 -1 
1.78333 -1 
-0.973742 -1 
-2.37687 -1 
-3.10312 -1 
-1.89188 -1 
-2.05354 -1 
1.01342 -1 
0.893606 -1 
1.49368 -1 
2.37717 -1 
2.69404 -1 
3.01092 -1 
2.53561 -1 
2.16066 -1 
-0.137587 -1 
0.0421393 -1 
-0.0213522 -1 
-0.19033 -1 
0.109581 -1 
0.298991 -1 
0.177023 -1 
-0.256417 -1 
0.453427 -1 
0.559651 -1 
0.665874 -1 
0.376209 -1 
-0.693882 -1 
1.13323 -1 
1.24904 -1 
-3.64878 -1 
1.6225 -1 
1.94416 -1 
-1.07264 -1 
-3.5317 -1 
-1.57084 -1 
-1.41147 -1 
-1.73021 -1 
-2.93914 -1 
-2.21521 -1 
-2.77516 -1 
-4 -1 
-2.57602 -1 
-0.825397 -1 
-0.39215 -1 
-1.23152 -1 
3.85954 -1 
-0.499301 -1 
3.33134 -1 
3.50838 -1 
-0.924293 -1 
-1.97271 -1 
0.953512 -1 
1.42926 -1 
2.85248 -1 
2.61483 -1 
-0.111215 -1 
0.0103935 -1 
-0.0530979 -1 
-0.163958 -1 
0.268499 -1 
0.0758602 -1 
0.143302 -1 
0.207515 -1 
-0.28946 -1 
-0.223373 -1 
0.506539 -1 
0.612762 -1 
0.3376 -1 
0.414818 -1 
-0.734915 -1 
0.836673 -1 
3.64884 -1 
0.722807 -1 
1.07333 -1 
1.30695 -1 
-3.70731 -1 
1.55809 -1 
1.86374 -1 
1.70292 -1 
-1.02319 -1 
2.05241 -1 
-1.49115 -1 
-3.42456 -1 
-1.81104 -1 
-1.65053 -1 
2.45639 -1 
3.11773 -1 
2.26891 -1 
-2.29604 -1 
-2.13437 -1 
-2.85715 -1 
-3.02113 -1 
-0.574311 -1 
-0.652849 -1 
-3.59024 -1 
-3.88293 -1 
-1.12209 -1 
1.19114 -1 
-2.67559 -1 
-1.35149 -1 
-2.47644 -1 
-3.21027 -1 
ZONE T="boundary4"
-0.386974 0.301094 
0.64158 0.0348645 
0.642672 0.0529346 
0.608106 0.21667 
0.613779 0.202277 
0.588016 0.259836 
-0.239111 0.375297 
-0.218924 0.383386 
-0.293734 0.351283 
-0.276482 0.359224 
-0.485769 0.225784 
-0.414976 0.282765 
0.571568 0.287649 
0.561521 0.302113 
-0.606666 0.03598 
-0.600557 0.0561154 
0.550726 0.316013 
-0.611516 0.0155853 
-0.593218 0.0758897 
0.530605 0.3384 
-0.615097 -0.00497778 
-0.577047 0.110333 
-0.584685 0.0952354 
-0.568676 0.125151 
-0.559328 0.140074 
0.580099 0.273953 
-0.549368 0.154511 
-0.538725 0.16862 
-0.442575 0.262576 
0.623789 0.173472 
0.630477 0.150348 
-0.47116 0.239001 
-0.457038 0.251009 
-0.366803 0.313198 
-0.346319 0.324702 
-0.328674 0.334058 
-0.31086 0.343043 
-0.257861 0.367418 
-0.176872 0.398988 
-0.1986 0.391132 
-0.108365 0.420944 
-0.0835795 0.42784 
-0.0321523 0.440342 
-0.0055041 0.445837 
-0.154998 0.40646 
-0.527293 0.182562 
-0.513897 0.197608 
0.639188 0.10822 
0.635928 0.126829 
-0.0586184 0.434216 
-0.131762 0.413922 
0.642612 0.0712804 
0.595287 0.245496 
0.4649 0.390832 
0.488037 0.375157 
0.639293 0.0169121 
-0.499944 0.212088 
0.380225 0.431223 
0.051174 0.455206 
0.022746 0.450909 
0.408949 0.419999 
0.540923 0.327428 
0.510089 0.357611 
0.203974 0.463123 
0.172838 0.463755 
0.111061 0.461492 
0.141906 0.463184 
0.265569 0.457954 
0.324177 0.447472 
0.352244 0.440187 
0.295343 0.453373 
0.602042 0.230898 
0.641437 0.0896647 
-0.617422 -0.0256437 
0.0810418 0.458822 
0.234997 0.461204 
0.438356 0.406025 
0.642272 0.0438893 
0.610991 0.209494 
-0.285124 0.35529 
-0.401084 0.292101 
0.56664 0.294948 
-0.603766 0.0460935 
0.556216 0.309135 
-0.609247 0.0258187 
-0.597037 0.0660572 
-0.613463 0.00532988 
-0.580954 0.102828 
-0.564087 0.132665 
0.575914 0.280852 
-0.554426 0.147347 
-0.54412 0.161621 
-0.572946 0.117789 
-0.428912 0.272862 
0.627278 0.161952 
-0.478517 0.232452 
-0.44985 0.256848 
-0.356599 0.319021 
-0.464144 0.245058 
-0.337521 0.329427 
-0.319788 0.338595 
-0.248502 0.371396 
-0.187754 0.395108 
-0.208778 0.387302 
-0.267189 0.36336 
-0.0959919 0.424456 
-0.0188468 0.443171 
-0.165952 0.402772 
-0.229035 0.379384 
0.637676 0.117545 
-0.0454052 0.437357 
-0.120082 0.417489 
-0.376933 0.307223 
-0.533078 0.175648 
0.591721 0.252702 
0.476614 0.38321 
-0.506988 0.204914 
0.0369428 0.453158 
-0.492914 0.218997 
0.545889 0.321776 
0.499236 0.366602 
0.535826 0.332972 
0.520543 0.348216 
0.188408 0.463595 
0.126474 0.462473 
0.338259 0.444017 
-0.302314 0.347201 
0.309797 0.450604 
-0.520672 0.190154 
0.633372 0.138627 
0.598725 0.238225 
0.64216 0.0804801 
0.64044 0.0989573 
0.584135 0.266939 
0.618985 0.187945 
0.642785 0.0621068 
-0.0711176 0.431095 
-0.143399 0.410246 
0.3663 0.43591 
0.39468 0.425849 
0.0660918 0.457129 
0.0960383 0.460279 
0.219495 0.46233 
0.250301 0.459753 
0.00860191 0.448468 
0.423785 0.413291 
0.280482 0.455842 
0.640588 0.0258674 
-0.616415 -0.0152944 
-0.589095 0.0856255 
0.451773 0.398683 
0.157368 0.463614 
0.605124 0.223805 
ZONE T="boundary5"
-0.42846 -0.418965 
-0.526047 -0.317014 
-0.588243 -0.204485 
-0.581012 -0.22169 
-0.61463 -0.108252 
-0.617083 -0.087672 
-0.618386 -0.0670402 
-0.606413 -0.149044 
-0.601053 -0.168143 
-0.594825 -0.187013 
0.590074 -0.0980763 
0.5778 -0.113447 
-0.611067 -0.128688 
-0.552786 -0.27661 
-0.411889 -0.431824 
-0.539932 -0.29709 
-0.513423 -0.333545 
-0.218364 -0.523685 
-0.243106 -0.516987 
-0.312731 -0.490753 
-0.266921 -0.509267 
-0.290408 -0.500394 
-0.0893961 -0.537402 
-0.115611 -0.537505 
-0.0627411 -0.535727 
-0.141941 -0.536107 
-0.193398 -0.529108 
-0.167705 -0.533305 
-0.473399 -0.378479 
-0.487041 -0.364266 
-0.500163 -0.349568 
-0.618509 -0.0463531 
-0.393813 -0.444755 
-0.375245 -0.456943 
-0.459209 -0.392241 
-0.444539 -0.405485 
0.549491 -0.142835 
-0.0364286 -0.532467 
-0.00976314 -0.527467 
0.0163417 -0.520838 
0.0679243 -0.502339 
0.0422454 -0.512475 
0.143492 -0.461105 
0.118481 -0.476684 
0.168497 -0.443655 
0.0933091 -0.490424 
0.193626 -0.424388 
0.272446 -0.356922 
0.245914 -0.38025 
0.219329 -0.403206 
0.29935 -0.333488 
0.326538 -0.310521 
0.465776 -0.207102 
0.513259 -0.173125 
0.533623 -0.156835 
0.492271 -0.188596 
0.600837 -0.0826025 
-0.334641 -0.480091 
-0.355178 -0.468957 
0.564634 -0.127975 
0.610053 -0.0672661 
0.618255 -0.0512582 
0.625267 -0.0348723 
0.631136 -0.0179831 
0.635808 -0.000732843 
0.639293 0.0169121 
-0.565957 -0.252979 
-0.617422 -0.0256437 
0.438969 -0.225548 
0.410211 -0.245841 
0.381577 -0.266981 
0.353938 -0.288346 
-0.584706 -0.21312 
-0.615998 -0.09798 
-0.61788 -0.0773662 
-0.603844 -0.158626 
-0.598043 -0.177613 
-0.591619 -0.195781 
0.58406 -0.105865 
-0.60887 -0.138897 
-0.612983 -0.118495 
-0.546484 -0.286929 
-0.230774 -0.520491 
-0.255058 -0.513271 
-0.301623 -0.495701 
-0.102502 -0.537642 
-0.15484 -0.53488 
-0.180577 -0.531377 
-0.128784 -0.536992 
-0.480283 -0.371434 
-0.451933 -0.398929 
-0.420235 -0.425473 
-0.402915 -0.43838 
-0.466365 -0.385424 
-0.50687 -0.341621 
-0.533108 -0.307135 
-0.0495602 -0.534297 
0.00333775 -0.52436 
0.0551587 -0.507613 
-0.436563 -0.412301 
0.131083 -0.469073 
0.156091 -0.45254 
0.259183 -0.368594 
0.312898 -0.321932 
0.54164 -0.149933 
0.523535 -0.165101 
0.502826 -0.180944 
0.285869 -0.345167 
-0.344968 -0.474634 
0.605571 -0.075013 
0.621902 -0.0431283 
0.614291 -0.059335 
0.595583 -0.0904316 
0.633622 -0.00940069 
0.637703 0.00805775 
-0.278715 -0.504971 
-0.618597 -0.0566985 
-0.559532 -0.264885 
0.571324 -0.120811 
-0.493668 -0.356977 
0.557167 -0.135516 
0.628349 -0.0264812 
-0.205913 -0.526556 
-0.618119 -0.0359915 
-0.323745 -0.485546 
-0.519817 -0.325342 
-0.38459 -0.450943 
-0.365274 -0.463057 
-0.0230584 -0.530179 
0.105988 -0.483746 
0.479067 -0.197906 
-0.573739 -0.237459 
-0.0760557 -0.536764 
0.0293546 -0.516865 
0.0807003 -0.496582 
0.18115 -0.434155 
0.452372 -0.216309 
0.395846 -0.256322 
0.424554 -0.235617 
0.340186 -0.299349 
0.206548 -0.413898 
0.232663 -0.391787 
0.36771 -0.277578 
