ZONE T="boundary0"
-4 -0.343373 
-4 -0.226908 
-4 0.184785 
-4 0.0464883 
-4 -0.0236785 
-4 0.277656 
-4 0.308613 
-4 0.834217 
-4 0.668434 
-4 0.393191 
-4 0.350902 
-4 0.477768 
-4 -0.265905 
-4 0.115637 
-4 -0.830525 
-4 -0.661051 
-4 1 
-4 -0.521448 
-4 -0.304901 
-4 -0.160377 
-4 -0.0938453 
-4 0.215742 
-4 0.246699 
-4 0.573101 
-4 -1 
-4 -0.381845 
-4 -0.451647 
-4 0.0114049 
-4 0.293135 
-4 0.751326 
-4 0.372046 
-4 -0.591249 
-4 -0.324137 
-4 -0.246407 
-4 -0.193643 
-4 -0.127111 
-4 -0.0587619 
-4 0.200264 
-4 0.231221 
-4 0.525435 
-4 0.917109 
-4 -0.745788 
-4 -0.285403 
-4 -0.362609 
-4 -0.416746 
-4 -0.486547 
-4 0.0810625 
-4 0.150211 
-4 0.262178 
-4 0.435479 
-4 0.329757 
-4 0.620768 
-4 -0.915263 
ZONE T="boundary1"
-0.281486 1 
-0.130882 1 
-0.206184 1 
0.837335 1 
0.340209 1 
2.80802 1 
-1.53067 1 
1.30408 1 
1.18339 1 
-1.08835 1 
2.04419 1 
2.24663 1 
0.523647 1 
-2.1191 1 
-1.9628 1 
-1.66858 1 
-2.57093 1 
1.42476 1 
-4 1 
-3.6797 1 
-3.55199 1 
2.44906 1 
-3.16884 1 
-3.01936 1 
-2.86988 1 
4 1 
3.44266 1 
3.20015 1 
-0.0552909 1 
0.257408 1 
0.0203006 1 
-0.359681 1 
-0.437877 1 
-0.638585 1 
-0.538231 1 
0.174607 1 
-0.870783 1 
0.0974539 1 
0.726433 1 
0.431928 1 
1.06581 1 
0.948238 1 
-1.19673 1 
-1.30511 1 
-0.979568 1 
-1.41789 1 
-1.8065 1 
-0.754684 1 
1.69745 1 
-3.42427 1 
1.87082 1 
3.00409 1 
-3.29655 1 
-2.7204 1 
-2.34501 1 
1.24373 1 
2.14541 1 
-2.04095 1 
-3.83985 1 
-3.61584 1 
2.34784 1 
-3.0941 1 
3.72133 1 
0.298809 1 
-0.243835 1 
-0.398779 1 
-0.320584 1 
-0.588408 1 
0.216008 1 
0.136031 1 
0.62504 1 
0.477788 1 
0.386069 1 
-0.488054 1 
1.1246 1 
-1.25092 1 
-1.03396 1 
-1.47428 1 
-1.59962 1 
-1.3615 1 
-1.73754 1 
-0.696635 1 
1.36442 1 
1.56111 1 
-0.812734 1 
-3.48813 1 
1.95751 1 
3.10212 1 
2.62854 1 
3.32141 1 
-3.36041 1 
-2.64566 1 
1.78413 1 
-2.94462 1 
-2.79514 1 
-3.23269 1 
-2.23206 1 
-2.45797 1 
-1.88465 1 
-0.168533 1 
-0.0930866 1 
0.0588772 1 
0.781884 1 
1.00703 1 
-0.0174951 1 
0.892786 1 
2.90605 1 
-0.925176 1 
-1.14254 1 
ZONE T="boundary2"
4 -0.131452 
4 -0.177308 
4 -0.476794 
4 0.822917 
4 -0.277029 
4 -0.835177 
4 -0.670354 
4 -1 
4 1 
4 -0.0660604 
4 -0.000668378 
4 -0.223164 
4 -0.330895 
4 -0.403845 
4 -0.573574 
4 0.130116 
4 0.0647236 
4 0.198552 
4 0.266988 
4 0.329311 
4 0.645833 
4 0.391634 
4 0.455183 
4 0.518733 
4 0.582283 
4 -0.15438 
4 -0.752765 
4 -0.200236 
4 -0.303962 
4 -0.250097 
4 -0.440319 
4 -0.36737 
4 -0.621964 
4 -0.525184 
4 -0.0333644 
4 -0.0987564 
4 0.0974197 
4 0.164334 
4 -0.917588 
4 0.29815 
4 0.23277 
4 0.911458 
4 0.734375 
4 0.360472 
4 0.486958 
4 0.423409 
4 0.614058 
4 0.550508 
4 0.0320276 
ZONE T="boundary3"
-3.60291 -1 
-0.183957 -1 
-0.112999 -1 
-1.07922 -1 
-1.19212 -1 
0.556971 -1 
0.63023 -1 
1.69006 -1 
1.53228 -1 
0.0141037 -1 
0.0795223 -1 
-2.08603 -1 
-1.8979 -1 
-0.454341 -1 
1.88817 -1 
2.08628 -1 
3.76317 -1 
-3.38559 -1 
3.52635 -1 
3.13887 -1 
4 -1 
2.40536 -1 
-3.16827 -1 
-2.83024 -1 
-2.99925 -1 
-2.27416 -1 
-2.5522 -1 
-1.73558 -1 
2.24582 -1 
0.280611 -1 
0.382161 -1 
0.144941 -1 
0.212776 -1 
0.483711 -1 
-0.254915 -1 
-0.0494475 -1 
-0.354628 -1 
-0.304771 -1 
-0.404484 -1 
-0.545113 -1 
0.776749 -1 
0.92184 -1 
-0.855737 -1 
-0.967478 -1 
1.06693 -1 
1.15532 -1 
1.2437 -1 
-1.57325 -1 
-1.43913 -1 
-1.30501 -1 
2.65732 -1 
-4 -1 
-3.80146 -1 
-1.37207 -1 
-0.590499 -1 
-0.745811 -1 
-0.690848 -1 
-0.635885 -1 
1.38799 -1 
2.89809 -1 
2.7777 -1 
-0.148478 -1 
-1.13567 -1 
0.5936 -1 
1.61117 -1 
-1.99197 -1 
1.98722 -1 
-3.49425 -1 
3.33261 -1 
3.88159 -1 
-2.91474 -1 
2.16605 -1 
0.331386 -1 
0.178858 -1 
0.246693 -1 
0.112232 -1 
0.046813 -1 
-0.0812231 -1 
0.520341 -1 
-0.279843 -1 
-0.379556 -1 
-0.499727 -1 
0.70349 -1 
0.849295 -1 
-1.02335 -1 
0.994386 -1 
1.11112 -1 
1.19951 -1 
3.64476 -1 
-1.50619 -1 
-1.24856 -1 
-1.65442 -1 
1.78911 -1 
-2.69122 -1 
2.32559 -1 
-3.90073 -1 
-1.33854 -1 
-2.1801 -1 
-1.81674 -1 
-2.41318 -1 
-3.27693 -1 
2.53134 -1 
-3.08376 -1 
-0.0176719 -1 
-0.429412 -1 
-0.3297 -1 
-0.219436 -1 
0.432936 -1 
-0.911608 -1 
-1.4056 -1 
-3.70218 -1 
1.31585 -1 
1.46014 -1 
3.01848 -1 
-0.567806 -1 
-0.613192 -1 
-0.663366 -1 
-0.800774 -1 
-0.718329 -1 
2.71751 -1 
2.8379 -1 
ZONE T="boundary4"
-0.195692 0.359469 
-0.174412 0.366414 
0.594233 0.21127 
0.602179 0.185603 
-0.619331 -0.0219404 
-0.618331 -0.00307433 
0.569653 0.26645 
0.57667 0.253201 
0.583048 0.239633 
-0.5484 0.166404 
-0.29106 0.325954 
-0.348972 0.302826 
-0.366034 0.295337 
-0.612947 0.0343064 
-0.60853 0.0526528 
0.56174 0.279681 
0.553099 0.292484 
-0.575779 0.128341 
-0.567456 0.141235 
-0.616211 0.015694 
0.461923 0.375508 
0.474906 0.367264 
-0.602974 0.0706302 
-0.596306 0.0881518 
0.496343 0.351684 
-0.583427 0.11506 
-0.590213 0.101757 
-0.453784 0.248134 
-0.558536 0.153661 
0.506694 0.343127 
-0.153077 0.373188 
0.608272 0.159185 
-0.501759 0.212762 
-0.514063 0.202021 
-0.442162 0.255486 
0.535728 0.314365 
0.516642 0.334144 
-0.398373 0.279907 
0.588903 0.225632 
-0.537451 0.178857 
-0.413611 0.271939 
-0.428001 0.263915 
-0.382962 0.287486 
-0.329489 0.310951 
-0.272163 0.33295 
-0.235332 0.346043 
-0.21553 0.35283 
-0.253766 0.339571 
-0.0577784 0.400708 
-0.0825418 0.394047 
-0.0314737 0.407336 
-0.00499896 0.413494 
-0.130167 0.380238 
-0.526009 0.190699 
0.607674 0.0452814 
0.611472 0.0669189 
0.421403 0.396647 
0.390582 0.408959 
0.435127 0.390184 
0.544681 0.303644 
0.0796765 0.429167 
0.108775 0.432941 
0.168384 0.437715 
0.198651 0.438468 
0.229313 0.437968 
0.138503 0.435842 
0.359402 0.418752 
0.326266 0.426668 
0.60202 0.0239079 
0.613462 0.0889942 
-0.309909 0.318742 
0.611892 0.135346 
-0.107171 0.387058 
0.613647 0.111177 
0.0227881 0.41935 
0.0507743 0.424563 
0.260614 0.436036 
0.29329 0.432337 
0.448582 0.38318 
-0.477067 0.232082 
-0.489576 0.222629 
-0.185059 0.362962 
0.598433 0.198507 
-0.618969 -0.0125004 
0.573244 0.259869 
0.579936 0.246453 
-0.35752 0.299122 
-0.610883 0.043514 
0.557508 0.286142 
-0.571698 0.13484 
-0.614723 0.0250251 
0.468461 0.371458 
-0.59978 0.0794438 
-0.586904 0.108451 
-0.593346 0.094993 
0.565786 0.273119 
-0.553548 0.160095 
-0.563072 0.147502 
-0.579688 0.121749 
-0.507963 0.207452 
-0.447996 0.251847 
0.526417 0.324478 
0.586049 0.232663 
-0.543001 0.172697 
-0.420834 0.267976 
-0.37452 0.291458 
-0.390689 0.283742 
-0.225437 0.349455 
-0.244555 0.342824 
-0.205617 0.356167 
-0.262971 0.33628 
-0.070173 0.397422 
-0.0182523 0.410479 
-0.141631 0.376741 
-0.163752 0.369823 
-0.531798 0.184843 
0.406115 0.403111 
-0.339248 0.306933 
0.548959 0.298116 
0.511718 0.33869 
0.54027 0.309059 
0.501565 0.347461 
0.0942102 0.431164 
0.183513 0.438241 
0.342901 0.422992 
0.59164 0.218477 
0.485783 0.359691 
0.609801 0.0560594 
-0.520096 0.196423 
-0.300495 0.322376 
0.610305 0.147299 
-0.28162 0.329476 
-0.319713 0.314883 
-0.0948685 0.390592 
-0.0446414 0.404079 
-0.118679 0.383679 
0.123626 0.434515 
0.153434 0.436913 
0.0367639 0.422042 
0.0652081 0.426965 
0.213984 0.438383 
0.244974 0.437189 
0.00887695 0.416499 
0.309821 0.429753 
0.375079 0.414135 
0.276976 0.434409 
0.441889 0.386751 
-0.465534 0.240266 
-0.617413 0.00632545 
-0.605896 0.0616854 
0.605073 0.0345337 
-0.48336 0.227406 
-0.49571 0.217748 
0.612697 0.0779351 
0.613775 0.100083 
-0.435112 0.259752 
-0.406018 0.275973 
0.613016 0.123279 
0.605479 0.172452 
0.455294 0.379416 
0.428297 0.393482 
ZONE T="boundary5"
-0.40709 -0.419894 
-0.563708 -0.231937 
-0.572864 -0.213928 
-0.553961 -0.249643 
-0.608892 -0.115677 
-0.619331 -0.0219404 
-0.586318 -0.184181 
-0.592786 -0.16785 
-0.604158 -0.133593 
-0.598812 -0.15083 
-0.612893 -0.09714 
-0.184426 -0.539629 
-0.209069 -0.531117 
-0.255298 -0.512393 
-0.232344 -0.522154 
-0.298224 -0.4915 
-0.276939 -0.502307 
-0.318227 -0.480492 
-0.0785985 -0.565503 
-0.0504788 -0.56955 
-0.159505 -0.547254 
-0.106599 -0.560296 
-0.133163 -0.554275 
0.376291 -0.353799 
-0.543677 -0.266909 
-0.43674 -0.394484 
-0.45056 -0.381527 
0.350747 -0.40465 
-0.5206 -0.301234 
-0.532774 -0.283811 
-0.507778 -0.318209 
-0.356194 -0.457115 
-0.337849 -0.468835 
-0.422109 -0.407407 
-0.390815 -0.432608 
-0.374145 -0.444818 
-0.619246 -0.040826 
0.399264 -0.299686 
0.331428 -0.434974 
0.258027 -0.508932 
0.276486 -0.494738 
-0.475751 -0.355783 
-0.492157 -0.337305 
0.368197 -0.371291 
0.00861996 -0.574067 
-0.0209081 -0.572503 
-0.618116 -0.0596784 
0.152089 -0.558242 
0.125781 -0.564572 
0.0987887 -0.569273 
0.197474 -0.542517 
0.218513 -0.532747 
0.175162 -0.55108 
-0.615986 -0.0784467 
0.310002 -0.462114 
0.321018 -0.448901 
0.341368 -0.420165 
0.293814 -0.479134 
0.359629 -0.388426 
0.384072 -0.33597 
0.391655 -0.317958 
0.574608 -0.0370966 
0.416395 -0.260149 
0.426483 -0.239211 
0.482568 -0.154637 
0.562239 -0.0564986 
0.406982 -0.281425 
0.451593 -0.196195 
0.438464 -0.217215 
0.465056 -0.177081 
0.517533 -0.113411 
0.533435 -0.0945108 
0.499979 -0.133856 
0.548743 -0.075198 
0.58543 -0.017251 
0.594573 0.00303045 
0.60202 0.0239079 
0.238632 -0.521614 
0.0690071 -0.57259 
0.0387409 -0.574155 
-0.568361 -0.22297 
-0.558908 -0.24083 
-0.589623 -0.176044 
-0.606624 -0.124661 
-0.601573 -0.142239 
-0.611003 -0.106432 
-0.196785 -0.535483 
-0.243863 -0.517373 
-0.266161 -0.507441 
-0.30827 -0.486078 
-0.0645587 -0.567672 
-0.119909 -0.557411 
-0.146366 -0.550888 
-0.443698 -0.388056 
-0.526769 -0.29258 
-0.514267 -0.30978 
-0.347068 -0.463048 
-0.328086 -0.474745 
-0.429473 -0.401 
-0.399003 -0.426315 
-0.595881 -0.159369 
0.267392 -0.502014 
-0.538302 -0.275409 
-0.484047 -0.346626 
0.3723 -0.362573 
-0.619422 -0.031384 
-0.00615195 -0.573462 
-0.618809 -0.05026 
0.112322 -0.56713 
0.138988 -0.561624 
-0.500066 -0.327837 
0.208078 -0.537814 
0.186391 -0.546986 
-0.617173 -0.0690765 
0.315598 -0.455584 
0.336488 -0.427633 
0.326312 -0.442007 
0.302069 -0.470782 
-0.365219 -0.451038 
0.355268 -0.396585 
0.363985 -0.379897 
0.387882 -0.326973 
-0.548895 -0.258321 
0.38022 -0.344903 
0.346144 -0.412463 
0.395458 -0.308822 
0.421333 -0.249628 
-0.382528 -0.438777 
0.568577 -0.0468968 
0.411624 -0.270758 
-0.414646 -0.413706 
0.4031 -0.290547 
0.444874 -0.206604 
0.458206 -0.186551 
0.525531 -0.104 
0.541182 -0.0849276 
-0.614556 -0.0878128 
0.2853 -0.487106 
-0.463339 -0.368833 
0.5902 -0.00720087 
0.598513 0.0133911 
-0.171999 -0.543553 
0.163683 -0.554844 
-0.287627 -0.496994 
0.580198 -0.0272728 
0.248448 -0.515456 
0.508756 -0.123631 
-0.220745 -0.526735 
0.228672 -0.527362 
0.432316 -0.228123 
0.491215 -0.144194 
0.473685 -0.165755 
-0.035709 -0.571194 
0.053887 -0.573588 
-0.0926243 -0.563041 
0.0236816 -0.574308 
0.0839252 -0.571161 
0.55561 -0.0659348 
-0.579811 -0.199154 
