ZONE T="boundary0"
-4 -0.216481 
-4 0.209714 
-4 0.174946 
-4 0.244481 
-4 0.410417 
-4 0.329277 
-4 0.114153 
-4 0.0533603 
-4 -0.127503 
-4 -0.186781 
-4 0.491557 
-4 0.618668 
-4 -0.369191 
-4 -0.816316 
-4 -0.0682256 
-4 0.745779 
-4 -0.305582 
-4 -0.275882 
-4 -0.432801 
-4 -0.246182 
-4 -0.632633 
-4 -0.532717 
-4 -0.482759 
-4 1 
-4 -1 
-4 -0.337387 
-4 0.19233 
-4 0.369847 
-4 0.0837568 
-4 -0.157142 
-4 0.555113 
-4 0.227097 
-4 0.286879 
-4 0.14455 
-4 0.450987 
-4 -0.00743262 
-4 0.682223 
-4 -0.290732 
-4 -0.400996 
-4 -0.582675 
-4 -0.507738 
-4 0.872889 
-4 -0.908158 
-4 -0.724474 
-4 -0.231332 
-4 -0.201631 
-4 -0.0978645 
-4 -0.353289 
-4 -0.261032 
-4 -0.321484 
-4 -0.45778 
ZONE T="boundary1"
-3.45882 1 
-3.63185 1 
3.72146 1 
1.14046 1 
1.25525 1 
0.91658 1 
0.148713 1 
-0.765867 1 
0.582813 1 
4 1 
0.0917851 1 
0.0294511 1 
-1.43716 1 
-1.29076 1 
-0.231968 1 
-0.0994708 1 
-0.297877 1 
-2.55838 1 
3.50159 1 
3.28172 1 
2.95932 1 
2.66408 1 
2.46799 1 
-1.56394 1 
2.27191 1 
-2.89442 1 
-2.7264 1 
1.02567 1 
2.05629 1 
-3.09011 1 
-3.28579 1 
-2.00987 1 
-0.032883 1 
0.246654 1 
0.287668 1 
0.20564 1 
0.369697 1 
0.328683 1 
-0.373881 1 
0.476255 1 
-0.449886 1 
-0.166059 1 
0.69515 1 
-0.552633 1 
-0.65538 1 
-1.14436 1 
0.807487 1 
-0.876354 1 
1.36337 1 
1.4715 1 
-1.21756 1 
-1.69072 1 
3.12052 1 
1.84067 1 
1.56379 1 
-1.01036 1 
-1.8503 1 
-2.147 1 
-2.28412 1 
1.74838 1 
1.65608 1 
-4 1 
1.19785 1 
3.86073 1 
0.0606181 1 
-1.36396 1 
3.39165 1 
2.8117 1 
2.56604 1 
-1.50055 1 
-2.81041 1 
2.1641 1 
-3.18795 1 
0.120249 1 
-0.00171597 1 
0.267161 1 
0.226147 1 
0.177176 1 
0.308176 1 
0.422976 1 
-0.264922 1 
-0.0661769 1 
-0.411884 1 
-0.199013 1 
0.529534 1 
-0.501259 1 
-0.604006 1 
0.751319 1 
-0.82111 1 
1.08307 1 
1.41743 1 
0.971127 1 
-1.25416 1 
-1.62733 1 
3.03992 1 
1.30931 1 
1.94848 1 
1.51764 1 
2.36995 1 
-0.943354 1 
-1.77051 1 
-3.54534 1 
-2.21556 1 
-1.93008 1 
-3.37231 1 
-2.42125 1 
1.60994 1 
-3.81593 1 
3.61152 1 
-2.07843 1 
3.20112 1 
-0.335879 1 
0.638982 1 
0.34919 1 
-0.132765 1 
-0.710623 1 
-1.07736 1 
0.862034 1 
-1.18096 1 
1.79452 1 
1.70223 1 
-2.99226 1 
-2.64239 1 
ZONE T="boundary2"
4 -0.685672 
4 -0.267651 
4 -0.336836 
4 0.223789 
4 0.264374 
4 0.304959 
4 0.802643 
4 0.0864934 
4 -0.493459 
4 0.504433 
4 1 
4 0.155141 
4 -0.842836 
4 -1 
4 -0.197117 
4 -0.135215 
4 -0.232384 
4 -0.0733139 
4 0.00658975 
4 -0.415148 
4 0.403581 
4 0.605285 
4 -0.302244 
4 0.284666 
4 0.901321 
4 -0.764254 
4 -0.166166 
4 -0.21475 
4 -0.250017 
4 -0.104265 
4 -0.0333621 
4 -0.454303 
4 -0.589565 
4 -0.375992 
4 0.35427 
4 0.244081 
4 0.189465 
4 0.554859 
4 0.454007 
4 0.703964 
4 -0.921418 
4 0.120817 
4 0.0465416 
ZONE T="boundary3"
-3.17259 -1 
-3.50759 -1 
3.05284 -1 
1.46904 -1 
-1.21637 -1 
-1.43633 -1 
-1.32635 -1 
-0.691182 -1 
-0.00442494 -1 
1.80176 -1 
-3.75379 -1 
4 -1 
3.64765 -1 
-1.6778 -1 
-1.55707 -1 
3.2953 -1 
3.47148 -1 
-2.99413 -1 
-2.60723 -1 
1.35371 -1 
2.81038 -1 
2.34632 -1 
2.57835 -1 
-2.81568 -1 
-0.391907 -1 
0.142398 -1 
0.0689864 -1 
-0.220981 -1 
-0.299625 -1 
-0.0733809 -1 
-0.622185 -1 
0.288458 -1 
0.215428 -1 
-0.142337 -1 
-0.48419 -1 
0.506213 -1 
0.609512 -1 
0.397335 -1 
0.712812 -1 
1.03976 -1 
0.342897 -1 
1.13907 -1 
1.23838 -1 
-0.76018 -1 
-0.986159 -1 
-0.87317 -1 
-1.10126 -1 
-1.98815 -1 
-1.83297 -1 
-1.75539 -1 
1.55249 -1 
1.63595 -1 
2.15694 -1 
1.96757 -1 
-2.19347 -1 
-2.39878 -1 
-4 -1 
0.794548 -1 
0.876284 -1 
-3.34009 -1 
-1.38134 -1 
-3.63069 -1 
3.82383 -1 
-1.61743 -1 
3.38339 -1 
1.41138 -1 
2.46233 -1 
-2.90491 -1 
0.105692 -1 
-0.260303 -1 
-0.0389029 -1 
0.0322808 -1 
0.251943 -1 
-0.181659 -1 
-0.438049 -1 
0.557863 -1 
0.451774 -1 
0.661162 -1 
0.370116 -1 
-0.553187 -1 
1.18873 -1 
-0.929664 -1 
-1.27136 -1 
-1.91056 -1 
-1.7166 -1 
-1.04371 -1 
1.59422 -1 
1.29605 -1 
2.06225 -1 
1.71885 -1 
1.88466 -1 
-2.29612 -1 
-3.08336 -1 
-2.71145 -1 
-2.09081 -1 
-2.50301 -1 
1.08941 -1 
-1.4967 -1 
2.69436 -1 
-3.8769 -1 
3.17407 -1 
2.93161 -1 
0.178913 -1 
0.75368 -1 
0.835416 -1 
-0.656683 -1 
-0.725681 -1 
-0.107859 -1 
-0.345766 -1 
0.315677 -1 
-0.816675 -1 
0.95802 -1 
-1.15882 -1 
-1.79418 -1 
1.51077 -1 
3.55956 -1 
2.25163 -1 
ZONE T="boundary4"
0.631238 0.110985 
0.626968 0.126061 
0.463442 0.326186 
0.448916 0.333943 
-0.639024 0.0061852 
0.637215 0.0802621 
-0.640364 0.029144 
-0.640296 0.0522095 
-0.504806 0.304191 
-0.486922 0.31507 
-0.286703 0.366515 
-0.306902 0.36473 
0.60134 0.185567 
-0.327061 0.36252 
0.567633 0.23668 
0.584654 0.213041 
-0.638753 0.0753084 
-0.635672 0.0983225 
-0.631008 0.121121 
-0.624726 0.143571 
0.639408 0.0336019 
0.63959 0.0491738 
-0.611422 0.178127 
0.419497 0.34743 
-0.618409 0.161492 
-0.594076 0.210953 
-0.603273 0.194733 
-0.584002 0.226484 
-0.571696 0.243064 
0.549197 0.258575 
0.538752 0.269507 
0.638863 0.0646961 
-0.556483 0.260706 
-0.522816 0.29135 
0.490734 0.309256 
-0.469456 0.324177 
-0.434723 0.338632 
-0.452288 0.331875 
0.638329 0.0181529 
-0.382534 0.353331 
-0.364552 0.356903 
-0.264792 0.368076 
-0.345861 0.35998 
-0.417665 0.344246 
-0.400331 0.34911 
0.615704 0.156313 
-0.19446 0.371627 
-0.218656 0.370551 
-0.242892 0.369353 
0.434335 0.340975 
0.0206504 0.383335 
-0.00750078 0.381546 
-0.116676 0.375143 
-0.143203 0.37387 
-0.539991 0.276962 
0.636359 0.00268327 
0.634684 0.0956096 
0.503457 0.300132 
0.515878 0.290329 
0.608854 0.171142 
0.389476 0.358579 
0.359031 0.367625 
0.527822 0.279948 
0.47764 0.317794 
0.078833 0.386678 
0.108894 0.387991 
0.139002 0.388853 
0.201174 0.388607 
0.327947 0.374856 
0.621718 0.141376 
0.593265 0.199514 
-0.168797 0.372731 
-0.0629162 0.378092 
-0.0902288 0.376531 
-0.0356718 0.379757 
0.0497298 0.3851 
0.170059 0.389122 
0.232868 0.387107 
0.296361 0.380418 
0.264559 0.384447 
0.629206 0.118552 
0.45622 0.330142 
-0.64051 0.0406778 
-0.495959 0.309785 
-0.296807 0.36567 
0.576361 0.225018 
-0.637407 0.0868421 
-0.628069 0.132403 
0.639613 0.0413862 
-0.633539 0.109763 
-0.615035 0.16986 
-0.598796 0.202911 
-0.577988 0.234877 
0.544036 0.2641 
0.638153 0.0724909 
-0.589154 0.218793 
-0.564265 0.252036 
-0.639866 0.0176551 
-0.513935 0.297942 
0.638979 0.0258694 
0.558631 0.24781 
-0.44355 0.335368 
-0.373558 0.355195 
-0.27575 0.367337 
-0.355218 0.358515 
-0.409024 0.346769 
-0.621702 0.152579 
-0.206558 0.371098 
0.00657464 0.382445 
-0.129938 0.374493 
-0.316988 0.363684 
-0.460926 0.328146 
-0.230774 0.369973 
0.63606 0.0879537 
0.509725 0.295304 
0.60518 0.178398 
-0.391454 0.351307 
0.637453 0.010404 
0.374324 0.363343 
0.44166 0.337532 
0.61237 0.163769 
0.533347 0.27479 
0.484234 0.313596 
0.497147 0.304766 
0.521912 0.28521 
0.470588 0.322068 
0.0938607 0.387383 
0.123945 0.388487 
-0.253843 0.368743 
0.34354 0.371463 
0.426946 0.344273 
0.624446 0.133754 
0.589029 0.206322 
0.597378 0.192584 
0.618807 0.148883 
0.63934 0.05694 
0.63307 0.103322 
-0.33647 0.361313 
-0.181627 0.372178 
-0.155999 0.373293 
-0.639712 0.063772 
-0.0765707 0.377296 
-0.10345 0.375821 
-0.0492926 0.378913 
0.035189 0.384234 
0.0642794 0.385919 
0.154529 0.389076 
0.185617 0.388973 
-0.0215854 0.380646 
0.217026 0.387991 
0.280481 0.382613 
0.248725 0.385933 
-0.607471 0.18649 
-0.47826 0.319759 
-0.426227 0.341537 
-0.548404 0.269003 
-0.531547 0.284326 
0.312188 0.37784 
0.404584 0.353269 
ZONE T="boundary5"
0.593486 -0.116321 
-0.574604 -0.186809 
-0.585228 -0.167726 
-0.632382 -0.0391685 
-0.636343 -0.0165945 
-0.604762 -0.126935 
-0.639024 0.0061852 
-0.564453 -0.203631 
-0.59509 -0.148256 
-0.531985 -0.250913 
-0.440209 -0.348251 
-0.424058 -0.361604 
-0.205956 -0.480462 
-0.231675 -0.471087 
-0.304893 -0.438405 
-0.553784 -0.220138 
-0.257047 -0.460807 
-0.281169 -0.450027 
-0.0977925 -0.509383 
-0.0698258 -0.514279 
0.53968 -0.208174 
0.527524 -0.22869 
-0.17944 -0.48908 
-0.125322 -0.503554 
-0.152643 -0.496756 
-0.496718 -0.293583 
-0.509008 -0.279625 
-0.520721 -0.265442 
-0.406407 -0.375259 
-0.613357 -0.10537 
-0.348679 -0.414051 
-0.388312 -0.388331 
-0.368714 -0.401522 
0.608018 -0.0872695 
-0.455919 -0.33439 
-0.470171 -0.32099 
-0.48399 -0.307154 
-0.326998 -0.426604 
-0.543099 -0.235676 
0.459208 -0.334686 
-0.620842 -0.0835715 
-0.627203 -0.0614804 
0.581904 -0.137217 
0.569837 -0.157887 
0.044364 -0.523618 
0.0153875 -0.52289 
-0.0131974 -0.521065 
-0.0417236 -0.51817 
0.102346 -0.521509 
0.0733117 -0.523177 
0.246658 -0.491697 
0.218063 -0.500887 
0.131424 -0.518534 
0.160468 -0.514166 
0.189386 -0.508313 
0.274851 -0.480683 
0.302505 -0.467748 
0.380759 -0.416714 
0.355602 -0.435808 
0.427478 -0.372577 
0.448942 -0.347734 
0.49765 -0.278645 
0.478925 -0.307367 
0.515412 -0.249262 
0.636359 0.00268327 
0.629894 -0.027843 
0.620321 -0.0578073 
0.625464 -0.0429252 
0.633534 -0.0126582 
0.55479 -0.182991 
0.329463 -0.452814 
0.404839 -0.39552 
-0.580006 -0.177318 
-0.634519 -0.0279084 
-0.637847 -0.00522348 
-0.569595 -0.19526 
-0.590257 -0.15804 
-0.432186 -0.354991 
-0.218857 -0.475888 
-0.269155 -0.455522 
-0.293082 -0.444321 
-0.0838305 -0.511956 
0.533589 -0.218423 
-0.139012 -0.500275 
-0.166075 -0.493035 
-0.502919 -0.286653 
-0.51492 -0.27258 
-0.609188 -0.116203 
-0.378569 -0.39501 
0.600963 -0.1019 
-0.44812 -0.341384 
-0.415289 -0.368505 
-0.477135 -0.314127 
-0.537596 -0.243334 
-0.624165 -0.0725664 
0.575913 -0.147576 
-0.463097 -0.327745 
-0.397413 -0.381869 
0.001087 -0.522113 
-0.0274732 -0.519749 
-0.55918 -0.211924 
0.232429 -0.496505 
0.174965 -0.511428 
0.116903 -0.520188 
0.288786 -0.474447 
0.368353 -0.42649 
0.438407 -0.360328 
0.454122 -0.341248 
0.488438 -0.293105 
-0.600048 -0.13765 
0.521473 -0.238976 
-0.490407 -0.300418 
-0.548495 -0.227944 
0.614457 -0.0726584 
0.627771 -0.0354112 
0.631812 -0.0202743 
0.63505 -0.00500687 
-0.526407 -0.25822 
0.622977 -0.0503953 
0.587769 -0.126809 
-0.315996 -0.432599 
-0.337893 -0.420422 
-0.629941 -0.0503584 
-0.358749 -0.40787 
0.562334 -0.170449 
-0.617234 -0.0945167 
0.547222 -0.195572 
-0.192736 -0.484888 
-0.0557917 -0.516351 
0.0878388 -0.5225 
0.0588409 -0.523546 
-0.244407 -0.46606 
-0.111583 -0.506589 
0.145973 -0.516527 
0.0298729 -0.523397 
0.203776 -0.504799 
0.316114 -0.460517 
0.392988 -0.406335 
0.260841 -0.486414 
0.342684 -0.444547 
0.416353 -0.384244 
0.469244 -0.321157 
0.50662 -0.264009 
