ZONE T="boundary0"
-4 0.0633594 
-4 0.201971 
-4 0.136494 
-4 0.25483 
-4 0.310386 
-4 0.544588 
-4 0.455264 
-4 -0.0097749 
-4 -0.415165 
-4 0.772294 
-4 0.886147 
-4 -0.645661 
-4 -0.822831 
-4 -0.152343 
-4 -0.081059 
-4 0.365941 
-4 -0.308453 
-4 -0.35842 
-4 -0.205414 
-4 -0.471909 
-4 -0.558785 
-4 0.658441 
-4 0.410603 
-4 1 
-4 -0.258485 
-4 -1 
-4 0.169233 
-4 0.228401 
-4 0.282608 
-4 0.499926 
-4 0.0267923 
-4 0.82922 
-4 -0.734246 
-4 0.0999266 
-4 -0.0454169 
-4 0.338163 
-4 -0.333436 
-4 -0.178879 
-4 -0.443537 
-4 -0.386792 
-4 -0.515347 
-4 -0.602223 
-4 0.601514 
-4 0.715367 
-4 0.943073 
-4 -0.116701 
-4 -0.231949 
-4 -0.283469 
-4 0.388272 
-4 0.432933 
-4 -0.911415 
ZONE T="boundary1"
0.75866 1 
-0.440907 1 
3.29684 1 
3.6321 1 
3.75473 1 
-0.0980611 1 
0.439724 1 
0.354582 1 
-0.0429308 1 
1.41944 1 
-1.21926 1 
-1.32482 1 
0.641764 1 
0.524867 1 
-3.77764 1 
3.50947 1 
3.0842 1 
2.893 1 
-3.26816 1 
-2.92472 1 
-3.55528 1 
-2.168 1 
-2.36356 1 
-3.875 1 
1.02475 1 
1.24709 1 
1.95856 1 
1.77517 1 
-2.64414 1 
1.59178 1 
-0.359432 1 
-0.215574 1 
-0.576592 1 
-0.277957 1 
-0.153191 1 
0.28568 1 
0.216778 1 
-0.712277 1 
0.0238033 1 
-0.812042 1 
0.153658 1 
0.0905374 1 
4 1 
3.87737 1 
-1.1137 1 
-1.01275 1 
-0.911808 1 
-4 1 
-1.52884 1 
-1.42683 1 
0.891703 1 
1.13592 1 
-3.41172 1 
-1.75064 1 
-1.63974 1 
-1.97244 1 
2.7018 1 
2.15933 1 
2.3601 1 
2.53095 1 
3.69342 1 
0.397153 1 
-1.27204 1 
0.583315 1 
3.57078 1 
-3.09644 1 
-2.26578 1 
-3.82632 1 
1.33326 1 
1.86687 1 
-0.400169 1 
-0.508749 1 
-0.318695 1 
-0.125626 1 
0.251229 1 
-0.00956377 1 
-0.184383 1 
-0.070496 1 
0.122098 1 
-0.644434 1 
0.0571703 1 
3.93868 1 
3.81605 1 
-1.06322 1 
-3.9375 1 
0.482296 1 
-1.47784 1 
-0.861925 1 
-0.76216 1 
0.700212 1 
0.958224 1 
1.1915 1 
-3.4835 1 
-1.37583 1 
-1.69519 1 
1.68348 1 
-3.66646 1 
-2.78443 1 
2.25971 1 
2.05894 1 
-2.50385 1 
2.44552 1 
-1.86154 1 
-2.07022 1 
3.19052 1 
2.7974 1 
2.9886 1 
3.40315 1 
-0.246766 1 
0.185218 1 
0.320131 1 
0.825181 1 
1.08033 1 
-0.96228 1 
-1.16648 1 
2.61637 1 
-1.58429 1 
1.50561 1 
-3.33994 1 
ZONE T="boundary2"
4 -0.269768 
4 -0.328708 
4 -0.238878 
4 0.119624 
4 0.154498 
4 0.302701 
4 0.250128 
4 0.879928 
4 -0.629693 
4 0.202313 
4 -0.14621 
4 0.349542 
4 0.396383 
4 0.458047 
4 0.00957302 
4 0.0847502 
4 -0.0656041 
4 0.759856 
4 -1 
4 -0.814847 
4 -0.207989 
4 -0.105907 
4 -0.299238 
4 0.519711 
4 0.579747 
4 0.639784 
4 -0.386848 
4 -0.444988 
4 1 
4 -0.53734 
4 -0.254323 
4 0.137061 
4 0.276414 
4 0.178406 
4 0.372963 
4 0.0471616 
4 0.819892 
4 -0.907423 
4 0.22622 
4 -0.0280156 
4 0.102187 
4 -0.223434 
4 -0.1771 
4 -0.126059 
4 -0.0857556 
4 0.326121 
4 0.488879 
4 0.609765 
4 0.427215 
4 0.549729 
4 0.69982 
4 0.939964 
4 -0.72227 
4 -0.284503 
4 -0.313973 
4 -0.583517 
4 -0.491164 
4 -0.415918 
4 -0.357778 
ZONE T="boundary3"
-0.23116 -1 
0.193567 -1 
0.132409 -1 
0.810128 -1 
0.906379 -1 
-1.2739 -1 
0.69337 -1 
1.00823 -1 
-0.667909 -1 
-0.0473495 -1 
-1.63853 -1 
-1.51043 -1 
-0.492558 -1 
-0.403111 -1 
1.761 -1 
4 -1 
-1.80563 -1 
-2.16481 -1 
-1.97274 -1 
3.38237 -1 
2.74127 -1 
3.1765 -1 
-3.37561 -1 
-3.56759 -1 
-2.75085 -1 
-2.96724 -1 
2.52857 -1 
-2.55386 -1 
-2.35687 -1 
-0.1677 -1 
0.0709747 -1 
-0.10424 -1 
0.254724 -1 
0.409382 -1 
0.00954044 -1 
-0.317135 -1 
0.576613 -1 
1.11009 -1 
1.22863 -1 
-0.582006 -1 
-0.753813 -1 
-0.850255 -1 
-1.05608 -1 
-0.946697 -1 
1.59047 -1 
1.46882 -1 
-3.78379 -1 
-1.38234 -1 
-1.16547 -1 
-3.18362 -1 
3.58825 -1 
1.93153 -1 
2.31588 -1 
2.12371 -1 
0.492997 -1 
0.332053 -1 
-4 -1 
3.79412 -1 
1.34717 -1 
0.162988 -1 
0.858254 -1 
0.957306 -1 
-1.57448 -1 
-1.72208 -1 
-2.06877 -1 
2.95888 -1 
-3.4716 -1 
-2.85904 -1 
2.63492 -1 
-2.45537 -1 
0.101692 -1 
0.224146 -1 
-0.0189046 -1 
-0.0757945 -1 
-0.274148 -1 
0.634992 -1 
-0.447834 -1 
0.751749 -1 
1.16936 -1 
-0.624958 -1 
-0.710861 -1 
-0.802034 -1 
-1.00139 -1 
1.52965 -1 
1.67574 -1 
-0.537282 -1 
-1.21969 -1 
-3.07543 -1 
-2.65236 -1 
3.48531 -1 
-1.88919 -1 
-3.27961 -1 
1.84627 -1 
2.02762 -1 
2.21979 -1 
2.42223 -1 
-2.26084 -1 
0.0402575 -1 
0.45119 -1 
0.534805 -1 
0.293389 -1 
0.370718 -1 
-0.13597 -1 
-0.19943 -1 
1.05916 -1 
-0.360123 -1 
-1.11078 -1 
3.27944 -1 
1.2879 -1 
1.40799 -1 
-1.32812 -1 
-1.44638 -1 
-3.8919 -1 
3.89706 -1 
-0.898476 -1 
3.69119 -1 
-3.67569 -1 
ZONE T="boundary4"
-0.553946 0.285021 
-0.541961 0.303988 
-0.445567 0.411172 
-0.34886 0.474217 
0.55869 0.154571 
0.569418 0.144051 
-0.617692 0.026096 
0.587549 0.123732 
-0.564996 0.265538 
-0.574066 0.247735 
-0.459897 0.398763 
-0.618244 0.0918024 
-0.612053 0.13638 
-0.607008 0.15865 
-0.366511 0.465047 
0.631216 0.0479136 
0.636608 0.0317188 
-0.619363 0.0696606 
-0.602078 0.176347 
-0.596344 0.194029 
-0.589724 0.211941 
0.646246 -0.0181894 
-0.488117 0.371322 
-0.501782 0.356372 
-0.310208 0.491163 
-0.28898 0.498746 
-0.515785 0.339709 
-0.529057 0.32244 
-0.474268 0.385323 
-0.430791 0.423021 
-0.619171 0.0477421 
-0.415575 0.434303 
-0.582421 0.229569 
-0.399953 0.444984 
-0.383423 0.455358 
-0.329704 0.483136 
-0.196981 0.518558 
-0.171923 0.520429 
-0.12115 0.519668 
-0.146907 0.520816 
-0.0694038 0.512566 
-0.0435756 0.506591 
-0.221043 0.515361 
-0.0956121 0.516969 
0.640891 0.0153135 
0.644108 -0.00139547 
0.377457 0.271298 
0.403545 0.256878 
0.320719 0.303219 
0.351207 0.285888 
0.425861 0.244455 
0.647354 -0.0352151 
0.536019 0.174153 
0.290279 0.321209 
0.447972 0.231926 
0.472708 0.217396 
0.0350467 0.478314 
0.00833146 0.489618 
0.0882437 0.450932 
0.114976 0.435047 
0.228493 0.360305 
0.259298 0.340389 
0.061251 0.465597 
-0.267476 0.505242 
-0.244983 0.510801 
0.615 0.083244 
0.624729 0.0637776 
0.603777 0.101719 
-0.615806 0.114071 
0.497002 0.202174 
0.524168 0.183283 
-0.0176617 0.498947 
0.142649 0.417488 
0.170172 0.399296 
0.19931 0.379732 
0.547544 0.164592 
-0.548065 0.294576 
0.564112 0.149373 
0.578706 0.134098 
-0.569623 0.256684 
-0.452789 0.405036 
-0.609684 0.147551 
0.634046 0.0398626 
-0.618967 0.0807409 
-0.599302 0.185218 
-0.604637 0.167526 
-0.593123 0.203018 
-0.559587 0.275346 
-0.495024 0.363916 
-0.299639 0.495086 
-0.522515 0.331148 
-0.48126 0.378391 
-0.438234 0.417167 
-0.61943 0.0587011 
-0.423236 0.428735 
-0.467147 0.392114 
-0.586155 0.22079 
-0.391739 0.450254 
-0.32 0.487261 
-0.375015 0.460288 
-0.184465 0.519678 
-0.134021 0.520439 
-0.0564505 0.509774 
-0.0824783 0.514971 
-0.508873 0.348118 
-0.357732 0.469725 
-0.578332 0.238694 
-0.407814 0.439719 
0.642635 0.00698618 
-0.339331 0.478785 
0.645309 -0.0097747 
0.39051 0.264086 
0.335948 0.294492 
0.414714 0.250678 
0.646929 -0.0266929 
0.305465 0.312135 
0.460383 0.224726 
0.0217559 0.484152 
0.101669 0.443108 
0.243861 0.350274 
0.274748 0.330712 
-0.256264 0.508169 
0.638884 0.0235525 
0.620067 0.0736154 
0.628104 0.0559014 
0.595927 0.112928 
0.609573 0.0925978 
-0.535615 0.31329 
-0.233043 0.513248 
-0.209033 0.517129 
-0.108364 0.518512 
0.436935 0.238218 
-0.617187 0.102956 
-0.278267 0.502129 
-0.159418 0.520807 
0.510723 0.192939 
0.0482168 0.472118 
0.0748162 0.458414 
-0.00460685 0.494469 
0.128859 0.426356 
0.156436 0.408439 
-0.0305702 0.502962 
0.213882 0.369984 
0.541826 0.169429 
0.184743 0.389521 
-0.618593 0.0369092 
-0.614088 0.125254 
0.364329 0.278571 
0.484919 0.209897 
0.553168 0.159641 
0.530131 0.17877 
ZONE T="boundary5"
0.593608 -0.24723 
-0.55436 -0.147332 
-0.544205 -0.161948 
-0.610997 -0.0161659 
-0.614956 0.00477863 
0.557296 -0.307728 
0.566132 -0.29523 
-0.564314 -0.131659 
-0.574065 -0.114646 
-0.599549 -0.0568515 
-0.605855 -0.0366979 
-0.617692 0.026096 
0.527861 -0.342493 
0.54791 -0.319843 
0.480077 -0.38395 
-0.394326 -0.304414 
0.610458 -0.209219 
-0.173154 -0.413238 
-0.19633 -0.404767 
-0.219302 -0.395798 
-0.284104 -0.367196 
-0.304684 -0.35699 
0.362604 -0.44331 
-0.241407 -0.386608 
-0.263308 -0.376935 
-0.100426 -0.436199 
-0.0754695 -0.44284 
-0.0497768 -0.449021 
-0.12519 -0.428987 
-0.149271 -0.421376 
-0.452559 -0.260068 
-0.465635 -0.248524 
0.642192 -0.103515 
0.638769 -0.120617 
-0.51196 -0.201897 
-0.533497 -0.176163 
0.504782 -0.364347 
0.602464 -0.228115 
-0.378173 -0.315049 
-0.360721 -0.325897 
-0.323967 -0.34687 
-0.343016 -0.336295 
-0.439172 -0.27123 
-0.410198 -0.293336 
-0.424838 -0.282495 
-0.583632 -0.0958063 
-0.592139 -0.076533 
-0.489492 -0.225728 
0.395015 -0.431207 
0.624531 -0.171253 
0.617883 -0.190081 
0.634659 -0.137524 
0.587312 -0.259677 
0.580613 -0.271909 
0.297578 -0.460535 
0.330169 -0.45297 
0.143116 -0.473466 
0.11413 -0.472393 
0.0852222 -0.470362 
0.0027753 -0.459581 
-0.0239074 -0.454571 
0.173294 -0.473511 
0.203472 -0.472399 
0.234244 -0.469993 
0.265651 -0.466108 
0.411054 -0.424181 
0.453976 -0.40134 
0.426804 -0.416528 
0.516564 -0.353679 
0.646586 -0.0693707 
0.644809 -0.0864834 
0.629872 -0.154472 
0.647354 -0.0352151 
0.64745 -0.0522961 
0.0573553 -0.467529 
0.0296155 -0.46388 
-0.549355 -0.15469 
-0.613131 -0.00572186 
0.561782 -0.301527 
-0.559422 -0.139549 
-0.602847 -0.0468193 
-0.616483 0.0154182 
0.53813 -0.331386 
-0.608576 -0.0264685 
-0.184765 -0.409065 
-0.294423 -0.362152 
-0.252385 -0.381832 
-0.0879681 -0.439592 
-0.0626433 -0.446009 
-0.137253 -0.425249 
-0.161236 -0.417373 
-0.459137 -0.254342 
0.640573 -0.112084 
-0.522934 -0.189203 
-0.538918 -0.169106 
0.492638 -0.374412 
0.606534 -0.218698 
-0.369482 -0.32053 
-0.314354 -0.351985 
-0.417556 -0.287967 
-0.402301 -0.298931 
-0.445905 -0.265697 
-0.578974 -0.10529 
-0.477707 -0.237279 
0.378918 -0.437549 
0.621281 -0.180694 
0.636796 -0.129091 
0.584016 -0.265822 
-0.386284 -0.309784 
0.313929 -0.456991 
-0.333523 -0.341641 
0.128617 -0.473052 
0.0996667 -0.471494 
-0.0105839 -0.457164 
0.188388 -0.473103 
0.218871 -0.471361 
0.24997 -0.468236 
-0.588018 -0.0862277 
0.40307 -0.42777 
0.440533 -0.40919 
0.510732 -0.359078 
0.55267 -0.313837 
0.645807 -0.0779379 
0.573591 -0.283707 
0.614242 -0.199678 
0.627267 -0.162882 
0.632339 -0.14602 
0.346464 -0.448401 
0.643601 -0.0950143 
0.467202 -0.392908 
-0.432046 -0.276915 
-0.3519 -0.33115 
0.598125 -0.237715 
0.522275 -0.34815 
0.418966 -0.420434 
-0.500887 -0.213967 
-0.569291 -0.123211 
0.647134 -0.0608386 
0.647525 -0.0437541 
-0.595982 -0.0667439 
-0.207841 -0.400345 
-0.273733 -0.372123 
-0.11283 -0.432664 
-0.23038 -0.391262 
0.158204 -0.473628 
-0.0368607 -0.451877 
0.071277 -0.46905 
0.0161796 -0.461822 
0.043471 -0.465805 
0.281651 -0.46353 
0.590507 -0.253478 
