ZONE T="boundary0"
-4 -0.241877 
-4 -0.18248 
-4 -0.309976 
-4 -0.374474 
-4 -0.438973 
-4 0.138484 
-4 -0.133623 
-4 0.644132 
-4 0.543992 
-4 0.275067 
-4 0.362195 
-4 -0.51489 
-4 0.196753 
-4 0.23591 
-4 0.403023 
-4 -0.590807 
-4 -0.693105 
-4 0.080215 
-4 0.493922 
-4 0.443852 
-4 -0.795404 
-4 -1 
-4 -0.0847655 
-4 -0.00227525 
-4 1 
-4 0.822066 
-4 -0.212179 
-4 -0.275926 
-4 -0.406724 
-4 -0.158052 
-4 0.594062 
-4 0.318631 
-4 -0.342225 
-4 -0.476932 
-4 0.216331 
-4 0.382609 
-4 -0.552849 
-4 -0.641956 
-4 0.468887 
-4 0.423438 
-4 -0.897702 
-4 0.109349 
-4 0.167618 
-4 -0.744255 
-4 -0.0435204 
-4 0.255489 
-4 0.0389699 
-4 0.911033 
-4 -0.109194 
-4 0.733099 
-4 0.518957 
ZONE T="boundary1"
1.26976 1 
1.41453 1 
-1.54273 1 
-1.72349 1 
-1.24467 1 
-1.12738 1 
0.548628 1 
0.0338572 1 
0.445318 1 
-0.0771777 1 
-0.560477 1 
-0.454617 1 
-0.666337 1 
-1.36196 1 
0.801916 1 
0.876905 1 
0.951894 1 
-1.90372 1 
-2.08396 1 
1.125 1 
-3.7335 1 
-3.3829 1 
3.26558 1 
-2.70407 1 
1.68081 1 
1.84458 1 
2.00834 1 
2.16457 1 
-2.86819 1 
-3.0323 1 
-2.37583 1 
3.63279 1 
3.44919 1 
2.94941 1 
2.63324 1 
2.47702 1 
1.54767 1 
0.321756 1 
0.160274 1 
0.651938 1 
0.383537 1 
-0.0216603 1 
-0.137794 1 
-0.262462 1 
-0.326514 1 
-0.19841 1 
0.0970654 1 
-4 1 
1.03845 1 
-1.00866 1 
-0.889941 1 
-0.778139 1 
2.32079 1 
4 1 
3.8164 1 
3.1075 1 
0.241015 1 
1.34215 1 
-1.63311 1 
-1.18603 1 
-0.613407 1 
0.914399 1 
-1.99384 1 
-3.5582 1 
1.76269 1 
2.08646 1 
-2.95024 1 
-2.53995 1 
3.54099 1 
2.79133 1 
1.4811 1 
0.352646 1 
0.00609843 1 
-0.107486 1 
-0.294488 1 
-0.168102 1 
0.496973 1 
0.726927 1 
0.12867 1 
0.83941 1 
-0.390565 1 
-3.86675 1 
0.0654613 1 
0.600283 1 
-0.507547 1 
0.99517 1 
-1.06802 1 
-0.722238 1 
-0.83404 1 
1.08172 1 
-1.45235 1 
-1.30332 1 
1.61424 1 
2.24268 1 
2.3989 1 
2.55513 1 
3.9082 1 
3.72459 1 
3.18654 1 
3.35738 1 
1.92646 1 
-3.2076 1 
-2.2299 1 
-1.81361 1 
0.200644 1 
0.281385 1 
0.414427 1 
-0.049419 1 
-0.949301 1 
3.02845 1 
1.19738 1 
-0.230436 1 
-2.78613 1 
ZONE T="boundary2"
4 -0.121955 
4 -0.0700518 
4 -0.297188 
4 -0.235523 
4 -0.470638 
4 -0.40985 
4 -1 
4 -0.826503 
4 0.0308818 
4 -0.173858 
4 -0.325353 
4 0.403872 
4 0.456868 
4 0.131815 
4 -0.531427 
4 -0.653005 
4 0.237629 
4 0.184722 
4 0.265941 
4 0.294253 
4 0.350876 
4 0.527735 
4 0.598603 
4 0.799301 
4 1 
4 -0.353519 
4 -0.0960034 
4 -0.266355 
4 -0.440244 
4 -0.913251 
4 -0.147907 
4 0.43037 
4 0.0813486 
4 -0.019585 
4 -0.592216 
4 0.211176 
4 0.280097 
4 0.322564 
4 0.563169 
4 0.698952 
4 0.492301 
4 -0.501033 
4 0.899651 
4 -0.739754 
4 0.251785 
4 0.158269 
4 -0.20469 
4 -0.339436 
4 -0.381684 
4 0.377374 
4 -0.31127 
ZONE T="boundary3"
-1.21265 -1 
-1.11868 -1 
-1.30662 -1 
-0.991894 -1 
-0.256833 -1 
-0.213732 -1 
0.0441145 -1 
0.568813 -1 
0.109581 -1 
0.173794 -1 
-2.66738 -1 
-0.757016 -1 
-0.871339 -1 
2.45405 -1 
-0.611177 -1 
-3.4831 -1 
-3.74155 -1 
2.30736 -1 
2.13968 -1 
1.2513 -1 
-2.22458 -1 
4 -1 
3.73982 -1 
1.97199 -1 
3.47964 -1 
2.98346 -1 
3.23155 -1 
-2.89783 -1 
-3.12828 -1 
-3.30569 -1 
-0.17063 -1 
-0.0959912 -1 
-0.0213522 -1 
-0.521972 -1 
-0.432768 -1 
0.238007 -1 
-4 -1 
-0.3448 -1 
0.352968 -1 
0.46793 -1 
0.669695 -1 
0.783137 -1 
1.01391 -1 
0.896579 -1 
1.37136 -1 
1.13123 -1 
1.57734 -1 
1.47435 -1 
-1.44394 -1 
-1.73686 -1 
-1.58126 -1 
1.77467 -1 
2.7921 -1 
2.60075 -1 
-2.05851 -1 
-1.89245 -1 
-2.44598 -1 
-1.16566 -1 
-1.05529 -1 
-0.235282 -1 
0.141688 -1 
-0.814178 -1 
-3.61232 -1 
2.22352 -1 
3.86991 -1 
3.1075 -1 
-3.01305 -1 
-3.21698 -1 
-0.192181 -1 
-0.0586717 -1 
-0.47737 -1 
0.0768478 -1 
0.205901 -1 
0.0113811 -1 
-0.300817 -1 
-0.388784 -1 
-0.566574 -1 
-0.684096 -1 
0.295488 -1 
0.410449 -1 
-0.931617 -1 
0.518371 -1 
0.726416 -1 
0.955242 -1 
3.60973 -1 
1.31133 -1 
1.19126 -1 
1.52585 -1 
-1.25964 -1 
-1.37528 -1 
0.839858 -1 
3.3556 -1 
1.42286 -1 
1.67601 -1 
1.87333 -1 
2.69643 -1 
-2.14154 -1 
-1.97548 -1 
2.05584 -1 
2.38071 -1 
2.5274 -1 
-2.55668 -1 
2.88778 -1 
-2.33528 -1 
-3.87077 -1 
-2.7826 -1 
-1.65906 -1 
-1.81465 -1 
-0.133311 -1 
0.619254 -1 
1.07257 -1 
-1.5126 -1 
-3.39439 -1 
ZONE T="boundary4"
-0.290518 0.396209 
0.605444 0.186999 
0.595309 0.214371 
-0.477011 0.254097 
0.644531 0.0174287 
-0.378352 0.341107 
-0.360251 0.353809 
0.544334 0.320307 
0.554069 0.30453 
-0.539333 0.175988 
-0.52803 0.192063 
-0.490128 0.239484 
0.563096 0.288254 
0.570764 0.272959 
0.584617 0.241514 
-0.516231 0.20777 
-0.567885 0.129053 
0.535441 0.333368 
-0.61888 -0.0271078 
-0.615668 -0.00599785 
-0.611361 0.0150572 
-0.605963 0.0360049 
-0.599491 0.0567774 
-0.591982 0.0772887 
-0.583471 0.097489 
-0.558951 0.144945 
-0.549399 0.160631 
-0.424013 0.30515 
-0.397524 0.326747 
0.613773 0.163195 
-0.503405 0.22382 
-0.324999 0.376441 
-0.449949 0.281655 
-0.463468 0.268312 
-0.341794 0.365986 
-0.272857 0.405521 
-0.253718 0.415033 
-0.169614 0.450397 
-0.146702 0.458365 
-0.234349 0.424079 
-0.213439 0.43322 
-0.307956 0.386485 
-0.122213 0.466148 
-0.0711323 0.480044 
-0.0445599 0.486061 
-0.192299 0.441831 
0.628087 0.117136 
0.641183 0.0559715 
0.63796 0.0753305 
0.644499 -0.0017221 
-0.0975108 0.473256 
0.621578 0.139227 
0.0426224 0.50014 
0.0123407 0.496229 
0.32469 0.479343 
0.353132 0.469675 
0.526017 0.346019 
0.486378 0.389171 
0.464333 0.407992 
0.507065 0.368415 
0.438662 0.426521 
0.136449 0.505472 
0.104715 0.504848 
0.295257 0.487446 
0.233124 0.499154 
0.264679 0.494056 
0.633803 0.0948429 
0.643408 0.0365953 
0.381244 0.458079 
0.4098 0.443869 
0.0730172 0.503008 
-0.0161908 0.491591 
0.16862 0.504803 
0.200977 0.502724 
0.600438 0.200708 
-0.369348 0.347524 
0.549295 0.312477 
-0.533747 0.184072 
-0.483622 0.246837 
0.558674 0.296443 
0.567003 0.280643 
0.577915 0.257337 
-0.52219 0.199962 
0.539956 0.326885 
0.590048 0.227976 
-0.617408 -0.0165326 
-0.613648 0.00455663 
-0.602855 0.046431 
-0.587846 0.087439 
-0.563489 0.137039 
-0.595861 0.0670784 
-0.608793 0.0255647 
-0.554242 0.152829 
-0.410903 0.316113 
-0.544428 0.16835 
0.609663 0.175116 
-0.496823 0.231699 
-0.456759 0.275035 
-0.470294 0.261256 
-0.387997 0.334006 
-0.351066 0.359963 
-0.333429 0.371265 
-0.509877 0.215842 
-0.263316 0.410335 
-0.158184 0.454456 
-0.244061 0.419615 
-0.223923 0.428716 
-0.316508 0.381514 
-0.134485 0.462341 
-0.0578681 0.483149 
-0.202896 0.437592 
-0.437141 0.293579 
0.639687 0.06567 
-0.281715 0.400916 
0.644664 0.00785296 
-0.0843464 0.476746 
0.617751 0.151235 
0.0274651 0.498313 
0.338985 0.474726 
0.475542 0.3988 
0.496933 0.379004 
-0.299266 0.391399 
0.120579 0.505315 
0.310032 0.483605 
0.280013 0.490958 
0.530797 0.339745 
0.624919 0.128206 
0.631056 0.106017 
0.644108 0.02702 
-0.109887 0.469787 
0.642425 0.0462981 
0.635984 0.0851083 
-0.180985 0.446189 
0.367284 0.46411 
0.395655 0.451241 
0.0578075 0.501707 
0.0888579 0.504077 
-0.575963 0.113412 
-0.0019433 0.494023 
-0.0303968 0.488936 
0.451691 0.417525 
0.152538 0.505306 
0.217073 0.501132 
0.424414 0.435499 
0.248935 0.496807 
0.516768 0.357411 
0.184811 0.503945 
ZONE T="boundary5"
0.224663 -0.324371 
0.200712 -0.329462 
-0.582723 -0.258487 
-0.571123 -0.282247 
-0.595538 -0.226823 
-0.546818 -0.322427 
-0.621 -0.0482341 
-0.622034 -0.0693196 
-0.62089 -0.11131 
-0.611591 -0.172344 
-0.6015 -0.209318 
-0.606768 -0.191564 
-0.621994 -0.0903402 
-0.381606 -0.454959 
-0.401226 -0.446944 
-0.296883 -0.47319 
-0.31908 -0.470806 
0.466378 -0.256135 
0.436078 -0.270001 
-0.340454 -0.466958 
-0.361602 -0.461574 
0.493217 -0.241337 
-0.419444 -0.438052 
-0.251883 -0.473285 
0.573146 -0.176753 
-0.229173 -0.471069 
-0.274664 -0.474006 
-0.183135 -0.462339 
-0.206098 -0.467371 
0.625757 -0.0932322 
-0.159783 -0.45596 
-0.510144 -0.368109 
-0.522611 -0.354113 
-0.497069 -0.381398 
-0.535082 -0.338619 
-0.615547 -0.15288 
-0.437178 -0.427954 
-0.453417 -0.417354 
-0.136508 -0.448485 
-0.483369 -0.393977 
-0.112569 -0.439818 
0.609283 -0.127352 
-0.61888 -0.0271078 
0.632035 -0.0756084 
0.637024 -0.0576717 
-0.469113 -0.405763 
-0.618739 -0.132135 
-0.559545 -0.302702 
-0.0887552 -0.430435 
-0.0637992 -0.420052 
-0.0388859 -0.409414 
-0.0125684 -0.398189 
0.0138573 -0.387218 
0.598636 -0.144404 
0.166906 -0.337272 
0.133073 -0.346093 
0.0422587 -0.376027 
0.0708547 -0.365583 
0.101915 -0.355294 
0.24855 -0.319512 
0.643253 -0.0206617 
0.644499 -0.0017221 
0.318026 -0.305212 
0.295245 -0.310078 
0.271937 -0.314826 
0.405042 -0.281655 
0.506354 -0.233092 
0.340734 -0.299984 
0.519188 -0.224314 
0.539283 -0.208903 
0.558454 -0.191851 
0.586915 -0.160468 
0.618322 -0.110192 
0.640771 -0.0392995 
0.373089 -0.291558 
0.212681 -0.326882 
-0.577112 -0.270461 
-0.589425 -0.242777 
-0.621651 -0.0587707 
-0.604224 -0.200468 
-0.621574 -0.100832 
-0.598605 -0.2181 
-0.391484 -0.451119 
-0.308005 -0.472196 
0.451356 -0.263352 
-0.329802 -0.469071 
-0.351077 -0.464455 
0.479932 -0.248986 
-0.609287 -0.181982 
-0.410406 -0.442644 
-0.285782 -0.47379 
-0.194586 -0.46501 
-0.171423 -0.459291 
-0.516463 -0.361188 
-0.613681 -0.162636 
-0.445374 -0.422773 
-0.541051 -0.330597 
-0.4903 -0.387776 
-0.503689 -0.374836 
-0.620075 -0.0376578 
0.634688 -0.066684 
-0.476318 -0.399964 
-0.124507 -0.44425 
-0.0762602 -0.425289 
-0.0513373 -0.414747 
0.000626056 -0.392657 
-0.100637 -0.435197 
0.149959 -0.341549 
0.0280287 -0.381543 
0.0565238 -0.370705 
0.117465 -0.350565 
0.183788 -0.333264 
0.644031 -0.0112021 
0.236604 -0.321924 
0.306643 -0.307681 
0.260244 -0.317169 
-0.622147 -0.0798307 
-0.461347 -0.411671 
0.499825 -0.237279 
-0.565482 -0.292559 
0.329392 -0.302652 
0.54903 -0.200561 
0.604117 -0.135977 
0.580177 -0.168735 
0.420652 -0.276079 
-0.528944 -0.346446 
0.629053 -0.0844763 
0.613959 -0.118855 
-0.371661 -0.458439 
-0.619945 -0.121737 
-0.617271 -0.142528 
-0.553324 -0.312658 
-0.42839 -0.433143 
-0.217611 -0.469393 
0.64217 -0.0300016 
0.529368 -0.216783 
-0.240513 -0.472357 
-0.26327 -0.473838 
-0.148111 -0.452341 
0.283595 -0.312471 
0.0863447 -0.360311 
-0.0257338 -0.403784 
0.389129 -0.286817 
0.622189 -0.101777 
0.592917 -0.15254 
0.565927 -0.184426 
0.639058 -0.0485182 
0.512815 -0.228768 
0.356951 -0.295929 
