ZONE T="boundary0"
-4 -0.665981 
-4 -0.147983 
-4 -0.268463 
-4 0.164676 
-4 0.104846 
-4 0.209761 
-4 0.571305 
-4 1 
-4 0.465904 
-4 0.360503 
-4 -0.0894648 
-4 -0.206502 
-4 -0.83299 
-4 -1 
-4 0.0450167 
-4 0.307675 
-4 0.254846 
-4 0.785653 
-4 -0.330424 
-4 -0.40501 
-4 -0.479596 
-4 -0.572788 
-4 0.134761 
-4 0.187218 
-4 0.413203 
-4 -0.177242 
-4 0.0749314 
-4 -0.0222241 
-4 0.232304 
-4 0.334089 
-4 0.28126 
-4 0.518605 
-4 -0.299443 
-4 -0.118724 
-4 -0.237482 
-4 -0.442303 
-4 -0.526192 
-4 -0.619385 
-4 -0.916495 
-4 -0.749486 
-4 0.892826 
-4 -0.367717 
-4 0.678479 
ZONE T="boundary1"
-3.05378 1 
-2.89975 1 
-3.60603 1 
-4 1 
1.64805 1 
1.47403 1 
0.341696 1 
0.283053 1 
-0.351367 1 
-0.43209 1 
1.08388 1 
0.972146 1 
0.214824 1 
0.146594 1 
0.40034 1 
3.14881 1 
-2.24254 1 
-3.40692 1 
-2.73545 1 
-3.2078 1 
2.19291 1 
1.95406 1 
3.67541 1 
3.8377 1 
-2.03629 1 
-2.40684 1 
3.35081 1 
3.51311 1 
0.0791759 1 
0.0117575 1 
-0.270645 1 
0.497147 1 
0.448743 1 
0.112885 1 
-0.0559344 1 
-0.197136 1 
-0.74567 1 
-0.123626 1 
0.606127 1 
-0.594245 1 
0.73052 1 
-0.513167 1 
-0.669957 1 
0.668323 1 
-0.928675 1 
-0.983838 1 
-0.809591 1 
-0.873512 1 
0.795464 1 
-1.05746 1 
-1.13108 1 
1.19194 1 
0.916278 1 
0.860409 1 
4 1 
1.3 1 
-1.22947 1 
-1.18028 1 
-1.32787 1 
-1.53194 1 
2.77512 1 
2.96196 1 
-1.68099 1 
-1.83004 1 
-2.57115 1 
2.43175 1 
1.38702 1 
-2.97677 1 
-3.80302 1 
1.56104 1 
0.312375 1 
-0.391729 1 
1.02801 1 
0.180709 1 
-3.50647 1 
-2.8176 1 
-3.30736 1 
2.07349 1 
3.75656 1 
-2.13941 1 
3.43196 1 
1.80106 1 
0.0454667 1 
0.371018 1 
0.248939 1 
0.472945 1 
0.424542 1 
0.12974 1 
-0.0220885 1 
-0.311006 1 
-0.160381 1 
0.551637 1 
-0.0897804 1 
-0.472629 1 
-0.632101 1 
0.637225 1 
-0.553706 1 
-0.956257 1 
-0.77763 1 
-1.09427 1 
1.13791 1 
0.888343 1 
3.91885 1 
3.59426 1 
1.24597 1 
-1.27867 1 
-1.4299 1 
3.24981 1 
2.86854 1 
-1.75552 1 
-1.60646 1 
-3.13079 1 
-1.93316 1 
-2.48899 1 
2.60344 1 
1.43052 1 
-2.32469 1 
3.05539 1 
0.0960306 1 
-0.23389 1 
-0.841552 1 
-1.02065 1 
0.762992 1 
0.699422 1 
-0.901094 1 
0.827937 1 
0.944212 1 
-0.707813 1 
-1.20488 1 
-1.15568 1 
2.31233 1 
1.34351 1 
-2.6533 1 
ZONE T="boundary2"
4 -1 
4 -0.679486 
4 -0.530453 
4 -0.480775 
4 -0.388902 
4 -0.280541 
4 -0.24442 
4 -0.352782 
4 0.210294 
4 0.270361 
4 0.134524 
4 -0.179982 
4 -0.0913323 
4 -0.0026831 
4 0.0659205 
4 0.315251 
4 0.360141 
4 0.439291 
4 -0.316661 
4 0.518441 
4 0.638831 
4 1 
4 -0.580131 
4 0.759221 
4 -0.839743 
4 -0.505614 
4 -0.26248 
4 -0.370842 
4 0.240327 
4 0.172409 
4 -0.0470077 
4 0.100222 
4 0.337696 
4 0.399716 
4 -0.298601 
4 -0.212201 
4 -0.135657 
4 0.0316187 
4 -0.334721 
4 -0.434839 
4 -0.555292 
4 -0.629808 
4 0.292806 
4 0.478866 
4 0.578636 
4 0.699026 
4 0.87961 
ZONE T="boundary3"
-2.86864 -1 
4 -1 
3.03196 -1 
2.82813 -1 
3.66575 -1 
3.83288 -1 
-0.742882 -1 
-0.0381059 -1 
0.454363 -1 
1.14015 -1 
-0.199649 -1 
-0.244944 -1 
1.05005 -1 
0.959959 -1 
-4 -1 
-3.50678 -1 
-3.01552 -1 
-1.29201 -1 
-1.84908 -1 
-1.69598 -1 
-3.26115 -1 
2.43436 -1 
1.73789 -1 
1.99115 -1 
-2.28326 -1 
-2.06617 -1 
0.587666 -1 
0.662407 -1 
0.33185 -1 
0.395801 -1 
0.512924 -1 
0.14716 -1 
0.20753 -1 
0.267899 -1 
-0.290239 -1 
-0.335534 -1 
0.0207241 -1 
0.0839421 -1 
-0.511652 -1 
-0.38083 -1 
-0.0969359 -1 
0.73235 -1 
0.802293 -1 
0.881126 -1 
1.26214 -1 
1.38414 -1 
1.56101 -1 
-0.642474 -1 
-1.04508 -1 
-0.944187 -1 
-0.84329 -1 
-1.16855 -1 
-1.54288 -1 
-1.41745 -1 
-2.72175 -1 
-2.50251 -1 
3.3315 -1 
2.62431 -1 
2.24442 -1 
3.49863 -1 
2.93005 -1 
3.74931 -1 
3.91644 -1 
-0.222296 -1 
1.00501 -1 
-3.75339 -1 
-1.77253 -1 
-3.38397 -1 
1.86452 -1 
-2.17472 -1 
0.625036 -1 
0.363826 -1 
0.177345 -1 
0.237714 -1 
0.425082 -1 
-0.267592 -1 
-0.312887 -1 
-0.00869088 -1 
0.115551 -1 
-0.446241 -1 
-0.148292 -1 
-0.0675209 -1 
0.697379 -1 
0.767321 -1 
0.841709 -1 
1.0951 -1 
1.20115 -1 
1.32314 -1 
1.64945 -1 
1.47257 -1 
-0.994636 -1 
-0.893739 -1 
-1.10682 -1 
-1.23028 -1 
-1.48017 -1 
-1.35473 -1 
-0.793086 -1 
-1.61943 -1 
-2.61213 -1 
-2.39288 -1 
3.18173 -1 
2.52934 -1 
-1.95763 -1 
-2.94208 -1 
-2.7952 -1 
2.72622 -1 
0.483643 -1 
0.299875 -1 
-0.358182 -1 
-0.577063 -1 
0.920542 -1 
0.550295 -1 
0.0523331 -1 
-0.692678 -1 
2.11779 -1 
2.33939 -1 
3.41506 -1 
3.58219 -1 
-3.13834 -1 
ZONE T="boundary4"
-0.321149 0.63223 
-0.344162 0.617168 
-0.572902 0.296719 
-0.594467 0.0428006 
0.503921 0.324482 
-0.596449 0.0611213 
0.515496 0.632232 
0.417645 0.693198 
-0.515383 0.430407 
0.522364 0.340598 
0.439096 0.683598 
0.531488 0.615879 
-0.291211 -0.0886193 
-0.238708 -0.100224 
-0.0319319 -0.117603 
-0.0723652 -0.115182 
-0.151041 -0.110212 
-0.112642 -0.11281 
-0.189245 -0.106821 
-0.598763 0.133988 
-0.270796 0.660115 
-0.296344 0.646777 
-0.598057 0.150614 
-0.593334 0.199929 
-0.579556 0.272367 
-0.565018 0.321375 
-0.553241 0.352863 
-0.502352 0.451921 
-0.527593 0.408232 
-0.539575 0.384116 
-0.423513 0.550864 
-0.44117 0.532291 
-0.488431 0.472882 
-0.317952 0.251799 
-0.404988 0.568663 
-0.385639 0.585623 
-0.36528 0.601867 
-0.437866 0.168542 
-0.14138 0.26009 
-0.190286 0.262786 
-0.360938 0.236403 
-0.40023 0.211846 
-0.232411 0.26294 
-0.213106 0.684937 
-0.180818 0.696075 
-0.242308 0.673225 
-0.147988 0.70567 
-0.112186 0.714383 
-0.0760486 0.721546 
-0.0366674 0.727716 
0.0848603 0.737896 
0.459624 0.672832 
0.0672431 0.243597 
0.016026 0.246734 
0.5841 0.463865 
0.341833 0.256709 
0.383772 0.266529 
-0.598739 0.0984051 
0.561933 0.392243 
0.569945 0.40882 
0.579256 0.527756 
0.57061 0.553968 
0.538657 0.358096 
0.584987 0.481309 
0.584264 0.498282 
0.421921 0.279014 
0.439841 0.28639 
0.402996 0.272328 
0.479427 0.660651 
0.497939 0.647258 
0.28135 0.728631 
0.395681 0.701576 
0.247419 0.732866 
0.0438504 0.735818 
0.208831 0.736158 
0.304489 0.724913 
0.373178 0.708877 
0.350451 0.715126 
0.551294 0.374804 
0.48153 0.308597 
0.576173 0.425559 
0.581215 0.444827 
-0.585178 0.247737 
0.58232 0.513273 
0.559406 0.577042 
-0.589673 0.223903 
0.29908 0.249814 
0.163549 0.241394 
0.208495 0.242411 
-0.0923317 0.256 
0.0028523 0.732396 
0.170083 0.738053 
-0.27554 0.259765 
0.127513 0.738684 
-0.038337 0.251127 
0.118795 0.241745 
0.253422 0.245057 
-0.457495 0.113424 
-0.454495 0.054851 
-0.43049 0.00201678 
-0.342037 -0.0699322 
-0.390548 -0.0403244 
0.457249 0.2947 
0.546153 0.597668 
0.32749 0.720449 
-0.457929 0.513003 
-0.473611 0.493269 
-0.332747 0.624838 
-0.595528 0.0519534 
0.428442 0.688558 
0.523679 0.62424 
-0.265121 -0.0951377 
-0.05215 -0.116367 
-0.131848 -0.111579 
-0.21403 -0.103911 
-0.283651 0.653601 
-0.598467 0.142303 
-0.596175 0.175317 
-0.576359 0.284578 
-0.559343 0.337199 
-0.508979 0.441231 
-0.521602 0.419382 
-0.533715 0.396239 
-0.569092 0.309089 
-0.432446 0.541677 
-0.495502 0.462474 
-0.395411 0.577253 
-0.375554 0.593863 
-0.165823 0.261689 
-0.381324 0.225315 
-0.35481 0.60964 
-0.197031 0.690706 
-0.227778 0.679259 
-0.130135 0.710229 
-0.0941527 0.718149 
-0.414352 0.559869 
0.449448 0.678382 
0.0416211 0.245022 
0.362898 0.261204 
-0.597884 0.0797454 
0.566135 0.400439 
0.575396 0.541019 
0.58475 0.472579 
0.58482 0.489805 
0.43093 0.282584 
0.393416 0.269322 
0.488813 0.654134 
0.412499 0.275554 
0.406719 0.697534 
0.228143 0.734698 
0.384474 0.705362 
0.264407 0.730915 
0.545183 0.366297 
0.530744 0.349134 
0.573256 0.417119 
0.582906 0.454311 
0.556834 0.383392 
-0.582494 0.260081 
0.578951 0.435129 
0.583443 0.505799 
0.580929 0.520546 
0.565368 0.565684 
0.361848 0.712123 
-0.308837 0.639658 
-0.0563871 0.724827 
-0.546621 0.368583 
0.186022 0.241717 
-0.116852 0.258145 
-0.170157 -0.10865 
0.0233386 0.73428 
0.0643489 0.73702 
-0.0169267 0.730232 
0.189467 0.737271 
-0.0925075 -0.114014 
-0.211349 0.263186 
-0.254014 0.261859 
0.106185 0.738464 
0.0930083 0.242492 
-0.296876 0.256478 
-0.339807 0.245107 
0.230967 0.24351 
-0.458876 0.0839889 
-0.444849 0.0273599 
-0.0111695 0.248824 
-0.420961 0.19186 
-0.450387 0.141947 
-0.0653415 0.253549 
-0.317001 -0.0803031 
-0.412121 -0.0206655 
-0.367149 -0.0565327 
0.448605 0.29042 
0.49293 0.316256 
0.513346 0.332311 
0.55307 0.587544 
0.469635 0.66692 
0.539049 0.60696 
0.506878 0.639933 
-0.256635 0.666852 
0.469552 0.301368 
0.316008 0.722779 
-0.587531 0.235838 
-0.591609 0.211934 
-0.164458 0.701062 
0.148803 0.73855 
0.320507 0.252932 
0.276278 0.247145 
0.338996 0.717898 
0.292935 0.72686 
0.141167 0.241412 
-0.465879 0.503218 
-0.449656 0.522739 
-0.481129 0.483156 
-0.599014 0.116196 
ZONE T="boundary5"
-0.471857 -0.268137 
-0.485101 -0.247796 
-0.284475 -0.461209 
-0.303378 -0.447018 
-0.340516 -0.416435 
-0.428094 -0.326562 
-0.44363 -0.307175 
-0.411928 -0.345437 
-0.572632 -0.0603342 
-0.552481 -0.117628 
-0.589014 0.0073191 
-0.594467 0.0428006 
0.25841 -0.154431 
-0.521428 -0.184702 
0.18116 -0.139747 
-0.509878 -0.206057 
-0.531918 -0.163899 
-0.458071 -0.287884 
-0.165165 -0.533077 
-0.14344 -0.54333 
-0.186564 -0.522194 
-0.206664 -0.511229 
-0.265148 -0.474842 
-0.245974 -0.487547 
-0.0169755 -0.588789 
0.0683466 -0.607258 
-0.11993 -0.553565 
-0.0960989 -0.563069 
-0.0445207 -0.580813 
-0.0704608 -0.572359 
0.353025 -0.181461 
0.233345 -0.149109 
-0.358988 -0.399748 
-0.322182 -0.432003 
0.0108339 -0.595828 
-0.394729 -0.364249 
-0.562192 -0.0920677 
-0.376923 -0.382499 
-0.0319319 -0.117603 
0.0033794 -0.119982 
-0.497759 -0.227088 
0.038777 -0.12276 
0.463964 -0.53817 
0.283356 -0.160373 
0.307223 -0.166766 
0.381876 -0.585451 
-0.22643 -0.499704 
0.358507 -0.593828 
0.540609 -0.3682 
0.125843 -0.614527 
0.154026 -0.616543 
0.210148 -0.617348 
0.293731 -0.609488 
0.535166 -0.340195 
0.0394889 -0.602045 
-0.541779 -0.142785 
0.0970326 -0.611407 
0.237831 -0.616045 
0.265955 -0.613446 
0.182246 -0.617501 
0.315399 -0.605333 
0.394697 -0.198539 
0.336902 -0.600176 
0.404677 -0.575502 
0.33088 -0.17391 
0.207278 -0.144169 
0.141217 -0.133871 
0.448857 -0.228902 
0.431848 -0.218066 
0.490962 -0.264181 
0.414029 -0.208085 
0.374776 -0.189848 
0.425154 -0.564768 
0.444801 -0.552499 
0.481849 -0.521995 
0.465388 -0.241 
0.532291 -0.442469 
0.538377 -0.419494 
0.497206 -0.505065 
0.510916 -0.486349 
0.522851 -0.465371 
0.527331 -0.318332 
0.070002 -0.125619 
0.480815 -0.254167 
0.500415 -0.274838 
0.516009 -0.296634 
0.101265 -0.128923 
-0.581645 -0.0272018 
0.541375 -0.394925 
-0.478557 -0.258017 
-0.293979 -0.454183 
-0.435942 -0.316933 
-0.420087 -0.336065 
-0.515728 -0.19542 
-0.526749 -0.174339 
-0.15434 -0.538283 
-0.196653 -0.516783 
-0.274862 -0.468097 
-0.255607 -0.481264 
-0.131725 -0.548539 
-0.0575253 -0.576692 
-0.108051 -0.558409 
-0.083318 -0.567819 
0.245892 -0.151698 
-0.349818 -0.408164 
-0.312837 -0.439581 
-0.403405 -0.354913 
-0.567613 -0.076267 
-0.368023 -0.391194 
-0.0142756 -0.118751 
-0.503887 -0.216612 
-0.491499 -0.237483 
0.0210808 -0.121315 
0.295315 -0.163483 
0.37026 -0.589826 
-0.216588 -0.505536 
-0.3859 -0.373445 
-0.236246 -0.493695 
-0.557464 -0.104897 
0.139926 -0.615664 
0.53848 -0.35409 
-0.331408 -0.424288 
0.0538951 -0.604778 
-0.54725 -0.130258 
-0.465046 -0.278067 
0.0826715 -0.609459 
0.251909 -0.614912 
0.196199 -0.617565 
0.279869 -0.611646 
0.326182 -0.602883 
0.393365 -0.580678 
0.31908 -0.170238 
0.270902 -0.157319 
0.194228 -0.141898 
0.161205 -0.136686 
0.347747 -0.597145 
0.341987 -0.177584 
0.404424 -0.203191 
0.384786 -0.194082 
0.435099 -0.558827 
0.457229 -0.234808 
0.535714 -0.431084 
0.504316 -0.495894 
0.5172 -0.476042 
0.304589 -0.60753 
0.53162 -0.329135 
-0.45093 -0.297589 
0.363945 -0.18554 
0.220324 -0.146571 
-0.53693 -0.15338 
-0.175905 -0.527715 
0.0543925 -0.124138 
0.440434 -0.223357 
0.473235 -0.24743 
0.0251345 -0.599061 
-0.00310047 -0.592426 
0.168132 -0.617158 
0.0856386 -0.127213 
0.121253 -0.131291 
0.223997 -0.616845 
-0.0307821 -0.584918 
0.111424 -0.613097 
-0.577361 -0.0438287 
0.495778 -0.269425 
0.485972 -0.259097 
0.522047 -0.307293 
0.541519 -0.381552 
0.473104 -0.530301 
0.454543 -0.545547 
0.415013 -0.570319 
0.423006 -0.212957 
0.540314 -0.407267 
0.527947 -0.454078 
0.489739 -0.513722 
0.508601 -0.285464 
-0.585575 -0.00999376 
-0.592002 0.0250196 
