ZONE T="boundary0"
-4 -1 
-4 -0.685523 
-4 -0.227517 
-4 -0.263931 
-4 0.192638 
-4 0.131178 
-4 0.283977 
-4 0.348497 
-4 -0.00846027 
-4 -0.154688 
-4 -0.0815742 
-4 -0.842761 
-4 1 
-4 -0.300345 
-4 -0.331028 
-4 -0.501887 
-4 0.429573 
-4 0.755325 
-4 0.632987 
-4 -0.361711 
-4 -0.396755 
-4 -0.431799 
-4 0.510649 
-4 0.571818 
-4 0.470111 
-4 -0.245724 
-4 0.161908 
-4 0.316237 
-4 -0.0450172 
-4 -0.315687 
-4 -0.191102 
-4 -0.118131 
-4 -0.593705 
-4 0.0613588 
-4 0.238307 
-4 -0.921381 
-4 0.694156 
-4 -0.764142 
-4 0.877662 
-4 -0.282138 
-4 -0.34637 
-4 -0.379233 
-4 -0.414277 
-4 -0.466843 
-4 0.541233 
-4 0.389035 
-4 0.449842 
-4 0.49038 
-4 0.602402 
ZONE T="boundary1"
1.87455 1 
0.553081 1 
-0.0231442 1 
-0.147097 1 
0.99996 1 
-0.35127 1 
1.23825 1 
1.1191 1 
-1.15046 1 
-1.00353 1 
-1.23248 1 
4 1 
3.28561 1 
-1.93284 1 
-1.75925 1 
-2.38314 1 
-2.65984 1 
2.28954 1 
-2.97956 1 
-3.45003 1 
-3.60078 1 
-3.80039 1 
-4 1 
2.68402 1 
2.98482 1 
1.34944 1 
2.08205 1 
2.48678 1 
-0.435581 1 
-0.633348 1 
-0.746804 1 
-0.519892 1 
-0.251725 1 
0.116593 1 
-0.0851208 1 
0.0467245 1 
0.392495 1 
0.238549 1 
0.177571 1 
-0.856595 1 
0.660746 1 
-1.3965 1 
-1.31449 1 
-1.47851 1 
-1.61888 1 
0.768412 1 
-2.10644 1 
-3.13942 1 
-3.29928 1 
1.66759 1 
1.46063 1 
1.56411 1 
0.884186 1 
3.61117 1 
3.80559 1 
1.17868 1 
-1.077 1 
-1.84605 1 
-2.8197 1 
-3.52541 1 
-3.90019 1 
2.83442 1 
2.1858 1 
-0.393425 1 
-0.690076 1 
-0.57662 1 
-0.199411 1 
-0.0541325 1 
-0.301497 1 
-0.477736 1 
-0.116109 1 
0.315522 1 
0.147082 1 
0.0816589 1 
-0.930062 1 
-0.801699 1 
0.472788 1 
0.606914 1 
-1.3555 1 
-1.27348 1 
-1.5487 1 
0.714579 1 
-2.01964 1 
-3.21935 1 
1.77107 1 
1.51237 1 
-3.05949 1 
1.29384 1 
1.05953 1 
0.942073 1 
-2.52149 1 
3.70838 1 
3.13522 1 
2.5854 1 
1.9783 1 
3.90279 1 
2.38816 1 
-3.70058 1 
3.44839 1 
-3.37466 1 
0.0117902 1 
0.20806 1 
0.826299 1 
-1.19147 1 
1.40503 1 
1.61585 1 
-1.43751 1 
-1.68907 1 
-2.24479 1 
ZONE T="boundary2"
4 -0.413808 
4 -0.338709 
4 -0.245721 
4 -0.292215 
4 0.0968579 
4 0.158421 
4 -0.179467 
4 0.734041 
4 1 
4 -0.697912 
4 -0.848956 
4 -1 
4 0.196026 
4 0.23363 
4 -0.0389594 
4 0.0352943 
4 0.293019 
4 -0.113213 
4 0.410246 
4 0.468083 
4 -0.593409 
4 -0.488907 
4 0.601062 
4 0.352409 
4 0.381327 
4 -0.376259 
4 -0.268968 
4 0.12764 
4 -0.212594 
4 0.867021 
4 -0.924478 
4 0.214828 
4 -0.00183251 
4 0.177224 
4 -0.14634 
4 0.439164 
4 -0.541158 
4 0.534573 
4 0.667552 
4 0.322714 
4 0.263325 
4 0.366868 
4 -0.0760862 
4 0.0660761 
4 -0.315462 
4 -0.451357 
4 -0.645661 
4 0.395787 
4 -0.773434 
ZONE T="boundary3"
-3.63437 -1 
-4 -1 
-1.44357 -1 
-0.265606 -1 
-0.346837 -1 
-1.88286 -1 
3.59225 -1 
3.72816 -1 
1.30863 -1 
1.40514 -1 
1.50165 -1 
1.92102 -1 
2.09963 -1 
2.33982 -1 
-1.32453 -1 
3.25698 -1 
3.45633 -1 
-1.72274 -1 
-0.978906 -1 
-3.18955 -1 
3.05764 -1 
-2.91398 -1 
-2.77619 -1 
2.58 -1 
2.81882 -1 
-2.30211 -1 
3.875 -1 
4 -1 
0.531822 -1 
0.381437 -1 
0.45663 -1 
0.31284 -1 
-0.428068 -1 
-0.125866 -1 
0.186218 -1 
0.244243 -1 
-0.195736 -1 
-0.0589365 -1 
0.00799283 -1 
0.0680932 -1 
0.128194 -1 
0.708984 -1 
0.620403 -1 
-0.74298 -1 
0.913305 -1 
1.11781 -1 
1.01556 -1 
1.21322 -1 
1.62203 -1 
1.74241 -1 
-0.858706 -1 
-1.21182 -1 
-1.09911 -1 
-3.05176 -1 
-3.48085 -1 
-3.32733 -1 
2.93823 -1 
-2.09249 -1 
-1.56262 -1 
-2.53915 -1 
0.811144 -1 
-0.627255 -1 
-0.527662 -1 
-3.81719 -1 
-0.306221 -1 
3.66021 -1 
1.35689 -1 
2.01032 -1 
-1.38405 -1 
3.35665 -1 
-2.84509 -1 
2.45991 -1 
2.69941 -1 
3.9375 -1 
0.419033 -1 
-0.387453 -1 
0.21523 -1 
-0.0254718 -1 
0.0981434 -1 
0.664693 -1 
0.576112 -1 
1.06668 -1 
0.96443 -1 
1.26093 -1 
1.16551 -1 
1.56184 -1 
1.4534 -1 
1.68222 -1 
-0.918806 -1 
-1.15546 -1 
3.52429 -1 
-2.98287 -1 
-3.40409 -1 
2.99793 -1 
-1.98767 -1 
-1.8028 -1 
1.83172 -1 
-1.64268 -1 
-1.5031 -1 
-2.1973 -1 
-2.65767 -1 
-2.42063 -1 
3.80158 -1 
2.21972 -1 
0.157206 -1 
0.038043 -1 
-0.0924011 -1 
-0.160801 -1 
0.347139 -1 
0.278541 -1 
0.494226 -1 
0.862225 -1 
-0.800843 -1 
-0.685118 -1 
-0.577458 -1 
0.760064 -1 
-0.477865 -1 
-0.230671 -1 
-1.03901 -1 
-1.26817 -1 
3.15731 -1 
2.87852 -1 
-3.12066 -1 
-3.55761 -1 
-3.25844 -1 
ZONE T="boundary4"
-0.616675 0.0648258 
-0.617105 0.0446598 
-0.616371 0.0247142 
-0.608969 0.123561 
-0.495242 0.346786 
-0.422632 0.417987 
-0.406295 0.431013 
0.624063 -0.00829835 
0.617997 0.0105898 
-0.389088 0.443778 
-0.271405 0.50968 
-0.371444 0.455931 
-0.615075 0.0852084 
-0.612314 0.105669 
-0.438509 0.404405 
-0.596218 0.170274 
-0.604799 0.141324 
-0.577216 0.218376 
-0.586215 0.197398 
-0.567341 0.238964 
-0.554808 0.262368 
-0.530598 0.300939 
-0.519571 0.316331 
-0.507671 0.331768 
-0.54107 0.285169 
-0.249329 0.518522 
-0.48196 0.361753 
-0.46817 0.376257 
-0.453582 0.390585 
0.563988 0.0999704 
0.578429 0.0822557 
-0.352822 0.467805 
-0.333787 0.479 
-0.313652 0.489871 
-0.202236 0.534147 
-0.225924 0.526826 
-0.151787 0.546212 
-0.0418686 0.555902 
-0.0130441 0.554453 
0.6286 -0.0273757 
0.482059 0.175752 
0.463476 0.19124 
0.631695 -0.0468558 
0.610503 0.0289112 
-0.293134 0.499981 
-0.177107 0.54075 
0.364137 0.29043 
0.346015 0.312307 
0.291548 0.380282 
0.309956 0.357467 
0.272945 0.402357 
0.253677 0.423675 
0.445018 0.207097 
0.401448 0.248761 
0.382518 0.269263 
0.505036 0.156563 
0.527495 0.136889 
0.422929 0.227302 
0.0975276 0.530433 
0.0710613 0.539172 
0.0435814 0.546128 
0.0153595 0.551231 
0.233785 0.443726 
0.213286 0.462205 
0.192194 0.478968 
0.170267 0.494133 
0.147392 0.507714 
0.123034 0.519909 
0.546298 0.118927 
0.601645 0.0465997 
0.591537 0.0635614 
-0.12498 0.550696 
-0.0699224 0.555655 
-0.0981256 0.553839 
0.32821 0.334487 
-0.616884 0.0346817 
-0.41452 0.42457 
0.621214 0.00120476 
-0.397748 0.437471 
-0.616019 0.0750284 
-0.610746 0.114635 
-0.600761 0.155874 
-0.606983 0.132466 
-0.581829 0.207936 
-0.572383 0.22872 
-0.561218 0.250743 
-0.525152 0.308684 
-0.513689 0.324102 
-0.535905 0.293101 
-0.26041 0.514208 
-0.488665 0.354327 
-0.475127 0.369064 
-0.446104 0.397559 
0.57136 0.0912363 
-0.430629 0.411265 
-0.460938 0.383484 
-0.380319 0.449932 
-0.343355 0.473488 
-0.501521 0.33933 
-0.32377 0.484529 
-0.362186 0.461952 
-0.214118 0.530609 
-0.0274452 0.555399 
0.626514 -0.0177937 
-0.617035 0.0547458 
0.472752 0.183478 
0.614427 0.0198226 
-0.30344 0.495021 
-0.164478 0.543624 
-0.613835 0.0954577 
0.355022 0.301324 
0.300794 0.368908 
0.263421 0.413114 
0.282324 0.391385 
0.454204 0.199118 
0.391894 0.25893 
-0.282316 0.504936 
0.516353 0.146826 
0.433871 0.217087 
0.373257 0.279785 
0.0843728 0.53504 
0.0573823 0.542891 
0.00118352 0.55307 
0.202876 0.470756 
0.18136 0.486737 
0.135324 0.514033 
0.537008 0.128024 
0.60624 0.0378383 
0.585162 0.0730338 
0.596743 0.0551706 
-0.591423 0.183912 
-0.237669 0.522794 
0.555297 0.109592 
-0.189708 0.537587 
0.493575 0.166191 
-0.548086 0.273857 
-0.138411 0.548617 
-0.0840364 0.554939 
-0.0558972 0.555977 
0.319086 0.345979 
0.110377 0.525404 
0.223673 0.453118 
-0.111572 0.552435 
0.0295137 0.548919 
0.158949 0.501125 
0.243861 0.433828 
0.412067 0.237908 
0.337083 0.323373 
0.630331 -0.0370866 
ZONE T="boundary5"
-0.0771391 -0.416584 
-0.100754 -0.409979 
-0.460134 -0.243234 
-0.484165 -0.223335 
-0.539856 -0.166087 
-0.528978 -0.178956 
-0.0274333 -0.428967 
-0.0011751 -0.434635 
-0.0523622 -0.42302 
-0.616371 0.0247142 
0.562417 -0.298622 
-0.614492 0.00510238 
-0.611481 -0.0141924 
-0.595969 -0.0695709 
-0.60219 -0.0515521 
0.543964 -0.321749 
0.553394 -0.310497 
-0.561362 -0.136826 
-0.607375 -0.0330713 
0.600187 -0.230377 
-0.433055 -0.263287 
-0.402202 -0.283501 
-0.417769 -0.273622 
-0.211963 -0.373064 
-0.232631 -0.365165 
-0.253183 -0.35697 
-0.29291 -0.340076 
-0.312109 -0.331349 
-0.124229 -0.402973 
-0.190574 -0.380892 
-0.169066 -0.388414 
0.622277 -0.16513 
0.616842 -0.184482 
-0.146712 -0.395863 
-0.385211 -0.293629 
-0.367973 -0.303297 
-0.550703 -0.152065 
-0.495396 -0.213238 
-0.349663 -0.312991 
-0.331159 -0.32227 
-0.273109 -0.348679 
0.609052 -0.20778 
-0.588725 -0.0871558 
0.630259 -0.125647 
0.626803 -0.145429 
0.225254 -0.45391 
0.140656 -0.453527 
0.19925 -0.454775 
0.0252439 -0.439694 
0.301316 -0.445656 
0.276321 -0.449381 
0.327124 -0.440649 
0.25123 -0.452098 
0.381635 -0.425627 
0.409502 -0.415203 
0.169925 -0.454681 
0.513838 -0.351723 
0.631695 -0.0468558 
0.35354 -0.43418 
0.49234 -0.368978 
0.534 -0.332564 
0.439373 -0.401513 
0.466395 -0.386436 
0.579052 -0.273032 
0.633603 -0.0861573 
0.632549 -0.105909 
0.570835 -0.286358 
0.593685 -0.245002 
0.586616 -0.259316 
-0.580494 -0.104275 
-0.571289 -0.120948 
0.633341 -0.0664582 
-0.517597 -0.191383 
0.11082 -0.45132 
0.0811121 -0.448145 
0.0531005 -0.4443 
-0.0889611 -0.413334 
-0.472281 -0.233444 
-0.534483 -0.172577 
-0.0143202 -0.431876 
-0.0647663 -0.419862 
-0.61313 -0.00456732 
-0.599212 -0.0606071 
0.557977 -0.304614 
-0.609568 -0.0236623 
-0.446735 -0.25345 
-0.41002 -0.278616 
-0.222311 -0.369151 
-0.242922 -0.361105 
-0.302528 -0.335754 
-0.112506 -0.406526 
-0.179834 -0.384692 
0.61967 -0.174837 
-0.157903 -0.392181 
-0.376622 -0.298517 
-0.615576 0.0148944 
-0.556128 -0.144513 
-0.545359 -0.159138 
-0.489816 -0.218325 
-0.358847 -0.308198 
-0.340435 -0.317679 
-0.425451 -0.268511 
-0.393742 -0.288624 
0.604765 -0.219135 
-0.283027 -0.344418 
-0.604919 -0.04235 
-0.135484 -0.399462 
0.624664 -0.155308 
0.288838 -0.447648 
0.314249 -0.443301 
-0.321656 -0.326855 
0.263789 -0.450861 
0.395654 -0.420643 
0.184587 -0.454865 
-0.039913 -0.426058 
0.340373 -0.437583 
0.367651 -0.430113 
0.524124 -0.34236 
0.503264 -0.360569 
0.453035 -0.394244 
0.539045 -0.327214 
0.631552 -0.115795 
0.548745 -0.316179 
-0.263162 -0.352862 
0.590228 -0.252197 
0.575026 -0.279746 
0.5667 -0.292541 
0.597005 -0.23772 
0.613098 -0.196181 
0.628668 -0.135562 
0.479557 -0.377988 
0.582915 -0.266219 
-0.201283 -0.377016 
-0.584731 -0.0957741 
-0.576007 -0.112676 
0.633235 -0.0960418 
0.633641 -0.0763056 
-0.506671 -0.202488 
0.632695 -0.0566422 
0.238251 -0.453126 
0.212256 -0.454457 
-0.56643 -0.128953 
0.125729 -0.452549 
0.0959535 -0.44985 
0.0670927 -0.446322 
0.424572 -0.408651 
0.0120192 -0.437244 
0.0391569 -0.44209 
-0.592475 -0.0784158 
0.155286 -0.454232 
-0.523347 -0.185224 
