ZONE T="boundary0"
-4 -0.211805 
-4 -0.286545 
-4 -0.11079 
-4 0.312556 
-4 0.26918 
-4 0.225804 
-4 0.756231 
-4 1 
-4 0.373111 
-4 0.433666 
-4 -0.791534 
-4 -1 
-4 0.167972 
-4 0.11014 
-4 -0.583068 
-4 -0.348147 
-4 0.594949 
-4 0.514308 
-4 -0.000325197 
-4 -0.496409 
-4 -0.409749 
-4 -0.161298 
-4 0.247492 
-4 0.878115 
-4 0.342834 
-4 -0.895767 
-4 -0.249175 
-4 0.139056 
-4 0.290868 
-4 0.67559 
-4 -0.687301 
-4 0.0549074 
-4 -0.317346 
-4 0.196888 
-4 0.403389 
-4 0.554628 
-4 0.473987 
-4 -0.0555578 
-4 -0.453079 
-4 -0.378948 
-4 -0.539738 
ZONE T="boundary1"
-4 1 
-3.69153 1 
3.06589 1 
0.203421 1 
0.137054 1 
-0.0536876 1 
2.93111 1 
-0.240144 1 
-0.171881 1 
2.79633 1 
-1.91796 1 
1.52076 1 
2.19004 1 
-3.50948 1 
3.30814 1 
-2.28878 1 
-1.74028 1 
1.7854 1 
-1.58045 1 
0.487929 1 
0.342707 1 
0.415318 1 
0.00850036 1 
-0.112784 1 
-0.308407 1 
0.686164 1 
0.587047 1 
-0.417815 1 
-0.527224 1 
0.273064 1 
0.822458 1 
-0.648487 1 
-0.769751 1 
0.0706883 1 
0.890606 1 
1.0876 1 
1.31815 1 
-0.990416 1 
-0.880083 1 
1.21644 1 
-1.10051 1 
-1.2106 1 
-1.31561 1 
-1.42063 1 
1.41985 1 
-2.09564 1 
4 1 
3.77519 1 
-3.12728 1 
3.55038 1 
1.94912 1 
1.62167 1 
-2.48192 1 
-2.92714 1 
-2.70453 1 
2.61364 1 
2.43096 1 
0.958753 1 
1.02318 1 
-3.32742 1 
-3.84577 1 
0.170237 1 
2.9985 1 
-0.206012 1 
2.86372 1 
-3.6005 1 
0.379012 1 
-0.0225936 1 
-0.142333 1 
-0.0832359 1 
-0.274276 1 
0.636605 1 
-0.472519 1 
-0.363111 1 
0.451624 1 
0.754311 1 
-0.709119 1 
0.103871 1 
-0.587855 1 
-0.93525 1 
1.15202 1 
-1.15556 1 
-1.36812 1 
-1.04546 1 
1.369 1 
1.26729 1 
-1.50054 1 
-1.66036 1 
-2.0068 1 
-1.82912 1 
3.8876 1 
3.66279 1 
3.18702 1 
1.86726 1 
1.70354 1 
3.42926 1 
2.06958 1 
-3.02721 1 
-2.19221 1 
-2.59323 1 
-2.81583 1 
1.57122 1 
2.70498 1 
2.5223 1 
0.537488 1 
0.238242 1 
0.307885 1 
0.0395943 1 
0.856532 1 
0.924679 1 
1.47031 1 
-1.26311 1 
-3.22735 1 
-0.824917 1 
-3.41845 1 
2.3105 1 
-2.38535 1 
0.990964 1 
1.05539 1 
ZONE T="boundary2"
4 -0.414445 
4 -0.567598 
4 -0.491021 
4 -0.315067 
4 -0.256874 
4 -0.364756 
4 -0.147708 
4 -0.206742 
4 0.430593 
4 0.535919 
4 -0.0967583 
4 -0.0458082 
4 -1 
4 0.38506 
4 0.641246 
4 0.339526 
4 0.086907 
4 0.152225 
4 0.217544 
4 0.0205494 
4 1 
4 -0.783799 
4 0.820623 
4 0.278535 
4 -0.452733 
4 -0.285971 
4 -0.339911 
4 0.483256 
4 -0.177225 
4 0.407826 
4 -0.231808 
4 -0.0712833 
4 -0.122233 
4 -0.52931 
4 -0.3896 
4 0.588583 
4 0.119566 
4 -0.0126294 
4 -0.891899 
4 -0.675698 
4 0.910311 
4 0.248039 
4 0.30903 
4 0.362293 
4 0.184884 
4 0.0537282 
4 0.730934 
ZONE T="boundary3"
-3.79241 -1 
-3.58481 -1 
-1.97753 -1 
-1.7653 -1 
3.00997 -1 
-1.41426 -1 
-1.34441 -1 
-0.802214 -1 
-0.925148 -1 
-1.22532 -1 
-0.320639 -1 
4 -1 
3.6921 -1 
0.264091 -1 
-0.677067 -1 
-0.51638 -1 
3.53815 -1 
-1.62471 -1 
-1.48411 -1 
-4 -1 
-2.75773 -1 
-3.27796 -1 
-3.10482 -1 
1.02061 -1 
3.19708 -1 
-2.58379 -1 
2.05058 -1 
-2.18976 -1 
1.28114 -1 
2.79954 -1 
-2.38678 -1 
-0.41851 -1 
-0.258775 -1 
-0.0484317 -1 
-0.19691 -1 
-0.122671 -1 
0.103979 -1 
0.184035 -1 
0.0277739 -1 
0.351928 -1 
0.439765 -1 
0.657781 -1 
0.781829 -1 
0.548773 -1 
-1.10623 -1 
0.905876 -1 
1.20824 -1 
1.57438 -1 
1.50107 -1 
1.13535 -1 
3.3842 -1 
2.58911 -1 
2.39609 -1 
2.20306 -1 
1.42776 -1 
1.8981 -1 
-2.93167 -1 
1.73624 -1 
1.65531 -1 
-3.68861 -1 
-1.87142 -1 
-1.37933 -1 
-0.863681 -1 
3.84605 -1 
-0.596724 -1 
-1.55441 -1 
-3.8962 -1 
-3.19139 -1 
-1.69501 -1 
2.90475 -1 
-2.28827 -1 
-0.467445 -1 
-0.159791 -1 
-0.289707 -1 
-0.227843 -1 
0.144007 -1 
0.224063 -1 
0.0658767 -1 
-0.0855513 -1 
0.30801 -1 
0.395847 -1 
0.719805 -1 
-0.73964 -1 
0.494269 -1 
-1.01569 -1 
0.603277 -1 
1.24469 -1 
-1.16578 -1 
-1.44919 -1 
-1.28486 -1 
1.53772 -1 
1.07798 -1 
0.963244 -1 
3.29064 -1 
3.61513 -1 
0.843852 -1 
-2.08365 -1 
3.46118 -1 
-2.48528 -1 
-3.43139 -1 
2.69432 -1 
2.29957 -1 
2.4926 -1 
3.10353 -1 
2.12682 -1 
1.97434 -1 
1.46441 -1 
-3.01825 -1 
-0.369574 -1 
-0.0103289 -1 
1.35445 -1 
1.69577 -1 
1.61484 -1 
1.81717 -1 
-2.8447 -1 
-2.67076 -1 
1.17179 -1 
ZONE T="boundary4"
-0.594443 -0.0157543 
0.536797 0.419418 
0.52419 0.431797 
0.5114 0.442966 
0.589034 0.342278 
0.596026 0.325354 
-0.557676 0.0992976 
0.455652 0.480037 
0.470043 0.471938 
-0.480935 0.224528 
0.580959 0.358675 
0.565891 0.383563 
0.602039 0.307652 
0.606985 0.289477 
-0.597676 -0.0349589 
0.49801 0.453415 
-0.590424 0.00335655 
-0.350964 0.354299 
-0.585612 0.0223954 
-0.568584 0.0735487 
-0.552073 0.111232 
-0.58004 0.0412504 
-0.537481 0.13933 
-0.13071 0.475654 
-0.15399 0.466533 
-0.521093 0.167095 
-0.496326 0.203893 
-0.511 0.18272 
-0.460239 0.250219 
-0.400407 0.312745 
-0.419763 0.294246 
-0.36619 0.342273 
-0.335438 0.36594 
-0.320159 0.376828 
-0.304627 0.387358 
-0.383528 0.327774 
-0.236002 0.42815 
-0.254009 0.418284 
-0.216567 0.438185 
-0.196875 0.447738 
-0.175563 0.457412 
-0.107172 0.484145 
-0.28832 0.397866 
-0.271766 0.407993 
0.624649 0.130754 
0.625909 0.103857 
0.48426 0.463025 
0.610518 0.273066 
0.615573 0.239832 
0.548612 0.406293 
-0.438362 0.274996 
0.440905 0.487491 
-0.0565526 0.500052 
-0.081984 0.492452 
0.619318 0.203215 
0.621225 0.180443 
0.377283 0.511797 
0.146448 0.534533 
0.115048 0.532167 
0.0260913 0.519579 
0.177911 0.535777 
0.573749 0.371335 
0.626472 0.0756852 
0.622933 0.157597 
0.619967 -0.00847846 
-0.0296123 0.507269 
-0.00245338 0.513704 
0.054818 0.524587 
0.0848674 0.528864 
0.209933 0.535831 
0.625912 0.0473814 
0.242423 0.534556 
0.27596 0.53172 
0.309839 0.527119 
0.343744 0.520543 
0.409848 0.500787 
0.623872 0.0194406 
0.530587 0.425703 
0.592667 0.333875 
0.462894 0.47607 
0.585132 0.350545 
0.604647 0.298604 
-0.596157 -0.0253409 
-0.588114 0.0128997 
-0.554911 0.105282 
-0.5633 0.0864947 
-0.582919 0.0318501 
-0.544972 0.125382 
-0.142382 0.471173 
-0.503759 0.193373 
-0.410175 0.30359 
-0.470722 0.237483 
-0.358615 0.348335 
-0.327831 0.371429 
-0.59253 -0.00617911 
-0.312424 0.382138 
-0.343237 0.360168 
-0.374914 0.33509 
-0.392027 0.320326 
-0.245035 0.423271 
-0.206751 0.443023 
-0.226316 0.433228 
-0.186251 0.452644 
-0.11897 0.479979 
-0.296504 0.39266 
-0.280072 0.402978 
-0.516102 0.174943 
0.62535 0.117308 
0.491196 0.458308 
0.504775 0.448281 
0.61333 0.2565 
-0.42916 0.284715 
0.44832 0.483844 
0.557545 0.395154 
0.477206 0.467568 
0.517874 0.437471 
0.620299 0.191834 
0.130738 0.533488 
-0.164807 0.462042 
-0.262919 0.413192 
0.569901 0.377502 
0.599172 0.316553 
0.623836 0.144181 
0.622104 0.169023 
0.542806 0.412948 
0.608849 0.281294 
0.577439 0.365054 
-0.0692957 0.496341 
0.626308 0.0897739 
-0.0946081 0.488388 
-0.0431095 0.503759 
-0.0160569 0.510585 
0.0404353 0.522192 
0.0698252 0.526845 
0.0999442 0.530639 
0.0117962 0.516749 
0.162174 0.535299 
0.193922 0.535961 
0.626357 0.0615304 
0.226186 0.535367 
0.292932 0.529646 
0.326843 0.524085 
0.36059 0.516451 
-0.449451 0.26274 
0.393671 0.506595 
0.425516 0.494457 
0.6251 0.0333962 
0.622173 0.00544634 
0.617587 0.221546 
-0.574583 0.0574952 
0.25921 0.533339 
-0.52947 0.15332 
-0.488715 0.214275 
ZONE T="boundary5"
0.257161 -0.256863 
0.23128 -0.257739 
-0.0789765 -0.405888 
-0.51622 -0.389333 
-0.526396 -0.373559 
-0.40799 -0.498194 
-0.598514 -0.16868 
-0.592254 -0.205704 
-0.583271 -0.242953 
-0.588215 -0.22383 
-0.595685 -0.187421 
-0.602627 -0.0925466 
-0.564004 -0.29954 
-0.57353 -0.274282 
-0.553136 -0.324244 
-0.577658 -0.261848 
-0.542879 -0.344753 
-0.27987 -0.535488 
-0.336751 -0.529322 
-0.355489 -0.523718 
-0.318035 -0.533149 
0.384855 -0.244464 
0.400434 -0.240792 
-0.391172 -0.508002 
-0.373464 -0.516644 
0.572681 -0.126066 
-0.298747 -0.535253 
-0.242206 -0.53038 
-0.260703 -0.53384 
-0.223733 -0.524999 
-0.188641 -0.509014 
-0.206095 -0.517952 
-0.172066 -0.498591 
0.444411 -0.226391 
0.430221 -0.231753 
-0.454616 -0.462095 
-0.481437 -0.434526 
-0.468427 -0.448592 
-0.602722 -0.111697 
-0.602057 -0.130786 
-0.505334 -0.40481 
-0.493865 -0.419746 
0.564262 -0.137497 
-0.155728 -0.486366 
-0.140076 -0.472786 
-0.124752 -0.457769 
-0.109503 -0.441346 
-0.60176 -0.0733736 
-0.600111 -0.0541532 
-0.597676 -0.0349589 
-0.0461937 -0.368869 
-0.0630602 -0.38742 
0.119119 -0.270427 
0.0895707 -0.278792 
-0.600645 -0.149819 
0.205401 -0.258942 
-0.028375 -0.350963 
-0.424362 -0.487072 
-0.00740463 -0.33244 
-0.439748 -0.475121 
0.0150285 -0.315662 
0.167831 -0.262094 
0.148534 -0.264704 
-0.0944854 -0.424132 
0.186822 -0.260233 
0.415879 -0.236458 
0.458683 -0.22022 
0.485396 -0.206271 
0.337162 -0.252043 
0.605455 -0.0628246 
0.613911 -0.0359538 
0.521816 -0.180947 
0.538698 -0.165937 
0.580482 -0.114214 
0.554529 -0.149298 
0.619967 -0.00847846 
0.497749 -0.1986 
0.0648454 -0.288231 
0.0405635 -0.300054 
0.472691 -0.213324 
0.320212 -0.253668 
0.288558 -0.255669 
0.354105 -0.249912 
0.594338 -0.0890498 
0.244215 -0.257286 
-0.521383 -0.3815 
-0.585826 -0.233415 
-0.597185 -0.178065 
-0.568936 -0.28698 
-0.558732 -0.31197 
-0.594048 -0.196579 
-0.590309 -0.214786 
-0.575634 -0.26808 
-0.548121 -0.334561 
-0.346173 -0.526727 
0.39266 -0.242708 
-0.382393 -0.512498 
-0.39966 -0.503251 
-0.289308 -0.535598 
-0.251417 -0.532338 
-0.270267 -0.534903 
-0.197279 -0.51369 
-0.214844 -0.521688 
-0.580551 -0.252428 
0.437344 -0.229153 
-0.475013 -0.441642 
-0.602484 -0.121246 
-0.499676 -0.412343 
-0.510853 -0.397131 
-0.163798 -0.492652 
-0.13233 -0.4654 
-0.117065 -0.449655 
-0.461605 -0.455439 
-0.60229 -0.0829567 
-0.601033 -0.0637559 
-0.598991 -0.0445444 
-0.232911 -0.52792 
-0.0547165 -0.378074 
-0.364541 -0.520366 
-0.180262 -0.503988 
-0.60277 -0.102122 
0.10427 -0.274267 
-0.599668 -0.159261 
0.218332 -0.258275 
-0.41626 -0.492775 
-0.0180566 -0.341498 
-0.44727 -0.468719 
0.00364075 -0.323799 
0.158175 -0.2633 
-0.487732 -0.427212 
-0.0374048 -0.359797 
0.19611 -0.259531 
0.177321 -0.261086 
-0.10196 -0.432796 
-0.601443 -0.140311 
-0.147807 -0.479722 
0.423072 -0.234184 
-0.534873 -0.359304 
0.451582 -0.223392 
0.609993 -0.0494851 
0.530411 -0.173615 
0.568547 -0.131837 
0.576659 -0.120191 
0.55948 -0.143466 
-0.327428 -0.531449 
0.133789 -0.267282 
-0.432139 -0.481219 
-0.308411 -0.534432 
0.0771186 -0.283242 
-0.0867347 -0.415029 
-0.0710653 -0.396631 
0.0276152 -0.307532 
0.0525882 -0.293858 
0.479086 -0.209874 
0.304377 -0.25481 
0.36951 -0.24746 
0.328687 -0.252913 
0.408174 -0.23871 
0.510013 -0.190092 
0.54679 -0.157785 
0.58774 -0.101811 
0.465728 -0.216861 
0.491618 -0.202514 
0.600224 -0.0760737 
0.617225 -0.0222781 
0.272848 -0.256323 
0.345636 -0.251046 
