ZONE T="boundary0"
-4 -0.278243 
-4 -0.105967 
-4 0.647647 
-4 0.438515 
-4 0.490798 
-4 0.346835 
-4 0.392675 
-4 0.735735 
-4 -0.19415 
-4 0.217155 
-4 0.124374 
-4 -0.673699 
-4 -1 
-4 -0.236196 
-4 0.00920364 
-4 -0.372934 
-4 -0.404497 
-4 0.543081 
-4 1 
-4 -0.309807 
-4 -0.34137 
-4 -0.471798 
-4 0.281995 
-4 -0.539098 
-4 0.823823 
-4 0.464657 
-4 0.369755 
-4 0.691691 
-4 -0.150058 
-4 0.170764 
-4 -0.836849 
-4 -0.25722 
-4 -0.215173 
-4 -0.0483814 
-4 0.0667887 
-4 0.595364 
-4 -0.325589 
-4 -0.388716 
-4 -0.294025 
-4 -0.438147 
-4 -0.357152 
-4 0.249575 
-4 -0.505448 
-4 0.314415 
-4 0.415595 
-4 0.51694 
-4 -0.606398 
-4 0.779779 
-4 0.911912 
ZONE T="boundary1"
-1.69282 1 
-2.1386 1 
-2.26252 1 
0.683734 1 
0.283996 1 
0.967514 1 
0.866924 1 
-3.48235 1 
0.597518 1 
-0.399407 1 
-0.505048 1 
0.0260139 1 
-0.0434767 1 
-0.120464 1 
1.67404 1 
3.75325 1 
-1.19985 1 
-1.31507 1 
2.74867 1 
-2.51036 1 
2.49951 1 
1.85834 1 
-3.66756 1 
0.431045 1 
0.350788 1 
0.511302 1 
0.217204 1 
0.156355 1 
0.0955046 1 
-0.197452 1 
-0.293767 1 
-0.73601 1 
0.775329 1 
-0.620529 1 
-0.968714 1 
1.0681 1 
4 1 
-0.852362 1 
-1.43029 1 
1.18283 1 
-1.56156 1 
1.48974 1 
1.39365 1 
1.29756 1 
1.58189 1 
-1.85375 1 
-2.01467 1 
3.5065 1 
3.34109 1 
-4 1 
-1.08428 1 
2.05435 1 
2.25036 1 
-2.78793 1 
3.17568 1 
-2.64914 1 
-3.29713 1 
-3.04253 1 
-2.38644 1 
2.96217 1 
-2.20056 1 
0.917219 1 
-0.452228 1 
-0.0087314 1 
-1.25746 1 
2.62409 1 
-3.57495 1 
0.390917 1 
0.55441 1 
0.2506 1 
0.317392 1 
-0.0819701 1 
0.0607593 1 
-0.158958 1 
-0.245609 1 
0.471174 1 
0.12593 1 
0.640626 1 
0.186779 1 
0.729531 1 
-0.562788 1 
-0.346587 1 
1.12547 1 
1.01781 1 
-1.37268 1 
-1.49593 1 
1.44169 1 
1.3456 1 
1.53581 1 
-1.77328 1 
-1.62719 1 
-1.93421 1 
3.87662 1 
3.62987 1 
3.42379 1 
-3.83378 1 
1.76619 1 
2.15236 1 
-2.57975 1 
3.25838 1 
-3.38974 1 
-2.91523 1 
2.37494 1 
-0.678269 1 
1.95634 1 
-2.07664 1 
-0.910538 1 
-2.4484 1 
-2.32448 1 
-2.71854 1 
1.62796 1 
1.2402 1 
-1.14206 1 
-1.0265 1 
-3.16983 1 
0.821126 1 
-0.794186 1 
3.06893 1 
2.85542 1 
ZONE T="boundary2"
4 -0.703275 
4 -0.292213 
4 -0.352803 
4 -0.415694 
4 -0.170769 
4 0.236475 
4 0.366558 
4 -0.851638 
4 0.280513 
4 -0.59093 
4 -0.478585 
4 -0.0151887 
4 0.0795377 
4 0.192436 
4 0.135987 
4 -1 
4 0.323535 
4 0.427923 
4 0.489287 
4 -0.109915 
4 -0.231622 
4 0.744644 
4 1 
4 0.616965 
4 -0.322508 
4 -0.777457 
4 0.258494 
4 -0.534758 
4 0.0321745 
4 0.164212 
4 0.458605 
4 0.214455 
4 0.302024 
4 0.107762 
4 -0.062552 
4 -0.261917 
4 -0.140342 
4 -0.44714 
4 -0.201195 
4 -0.647103 
4 0.872322 
4 -0.925819 
4 0.345047 
4 0.39724 
4 -0.384249 
4 0.553126 
4 0.680805 
ZONE T="boundary3"
-1.56351 -1 
-1.3217 -1 
3.02864 -1 
3.22613 -1 
-0.247473 -1 
0.684072 -1 
0.216017 -1 
-0.30537 -1 
-0.363266 -1 
0.00252297 -1 
0.0839648 -1 
3.56772 -1 
3.71181 -1 
4 -1 
-3.60034 -1 
-3.80017 -1 
-4 -1 
2.57703 -1 
1.78738 -1 
2.80284 -1 
-1.90435 -1 
-1.70223 -1 
-3.20068 -1 
2.43335 -1 
2.28966 -1 
-2.83627 -1 
-2.45284 -1 
-2.64455 -1 
0.266628 -1 
-0.443828 -1 
-0.12852 -1 
-0.187997 -1 
0.578769 -1 
-0.0629985 -1 
0.165407 -1 
-0.524389 -1 
0.901408 -1 
0.79274 -1 
-0.732191 -1 
-0.62829 -1 
1.01489 -1 
1.12837 -1 
-0.960472 -1 
-1.08954 -1 
1.36869 -1 
-0.846332 -1 
1.47058 -1 
-1.21861 -1 
-3.40051 -1 
1.57247 -1 
-1.42479 -1 
3.42363 -1 
-2.27965 -1 
-2.10646 -1 
2.00229 -1 
0.370047 -1 
0.473466 -1 
1.24853 -1 
3.12739 -1 
-0.334318 -1 
3.63977 -1 
3.85591 -1 
-3.70025 -1 
-1.80329 -1 
-3.01847 -1 
-2.54869 -1 
2.68993 -1 
-0.158258 -1 
-0.403547 -1 
-0.276421 -1 
0.63142 -1 
-0.0302378 -1 
-0.095759 -1 
0.043244 -1 
0.124686 -1 
-0.484108 -1 
0.847074 -1 
-0.680241 -1 
1.07163 -1 
-0.789261 -1 
-1.27016 -1 
-3.30059 -1 
-3.90008 -1 
-1.63287 -1 
-3.50042 -1 
-2.36624 -1 
-2.74041 -1 
-2.19306 -1 
1.89484 -1 
2.91574 -1 
-1.02501 -1 
-2.00541 -1 
2.14598 -1 
2.3615 -1 
3.49567 -1 
1.67992 -1 
-0.217735 -1 
0.318338 -1 
0.526118 -1 
-0.57634 -1 
-0.903402 -1 
2.50519 -1 
1.18845 -1 
-1.15408 -1 
1.30861 -1 
1.52152 -1 
1.41963 -1 
0.738406 -1 
0.958149 -1 
-1.49415 -1 
-1.37325 -1 
0.241323 -1 
0.190712 -1 
0.421757 -1 
3.32488 -1 
ZONE T="boundary4"
-0.335116 0.385793 
-0.310701 0.40048 
-0.491353 0.261968 
0.0672751 0.51727 
-0.647484 -0.0180391 
-0.182858 0.462445 
-0.15619 0.472414 
0.64319 0.0109472 
-0.628485 0.056212 
-0.618752 0.0806861 
-0.607399 0.104891 
-0.594492 0.12877 
0.645789 -0.0151047 
0.638176 0.0370328 
-0.642882 0.0067813 
-0.12923 0.48149 
-0.101951 0.489655 
-0.639924 0.0191922 
-0.44995 0.301183 
-0.636543 0.0315472 
-0.58747 0.140589 
-0.576274 0.158123 
-0.564448 0.17524 
-0.209163 0.451637 
-0.550483 0.193998 
-0.428103 0.319634 
-0.471037 0.28198 
-0.405634 0.337305 
-0.382612 0.354213 
-0.285916 0.414403 
-0.26072 0.427584 
-0.359081 0.370381 
-0.512677 0.239201 
0.299602 0.480654 
0.327781 0.468179 
-0.235134 0.440003 
-0.0743723 0.496872 
-0.0183962 0.5083 
0.0099258 0.512423 
-0.046534 0.503096 
0.0385568 0.515437 
-0.535894 0.212271 
0.543264 0.245336 
0.528424 0.272144 
0.512363 0.298842 
0.644795 -0.00204982 
0.0962824 0.517873 
0.125289 0.517177 
0.407668 0.417998 
0.382088 0.436836 
0.270928 0.491131 
0.35534 0.453595 
0.494845 0.324952 
0.454627 0.374459 
0.475596 0.350307 
0.15449 0.5151 
0.21286 0.506466 
0.183688 0.511562 
0.242016 0.499683 
0.619053 0.0953845 
0.610778 0.114515 
0.585434 0.165873 
0.571626 0.19206 
0.626528 0.0759628 
0.630928 0.0630007 
0.598477 0.140326 
0.431957 0.397103 
0.557686 0.218302 
-0.322964 0.393227 
-0.169566 0.467538 
-0.623808 0.0685219 
-0.601112 0.116919 
-0.115627 0.48569 
-0.641455 0.0129984 
-0.638284 0.0253829 
-0.645396 -0.00559278 
-0.581955 0.149408 
-0.59102 0.134702 
-0.570436 0.166732 
-0.557549 0.184682 
-0.439109 0.310507 
-0.460586 0.291683 
-0.394191 0.345851 
-0.273368 0.421087 
-0.416943 0.328564 
-0.370909 0.362388 
0.313798 0.474657 
-0.222195 0.44592 
-0.247975 0.43389 
-0.142749 0.477064 
-0.196055 0.457145 
-0.0881946 0.493385 
-0.0042547 0.5105 
-0.0604819 0.500111 
0.024227 0.514075 
-0.543261 0.203193 
0.535933 0.25879 
0.520539 0.285585 
-0.52443 0.225863 
-0.613254 0.0928702 
-0.632712 0.0439416 
0.64537 -0.00857112 
0.110792 0.517691 
0.395053 0.427661 
-0.502129 0.250692 
0.34169 0.461134 
0.503778 0.31202 
0.485415 0.337784 
0.0529076 0.516504 
0.139905 0.516315 
0.0817775 0.517731 
-0.481295 0.272075 
0.198311 0.50921 
0.256539 0.495627 
0.169114 0.513516 
0.285351 0.486124 
0.615003 0.104986 
0.644067 0.00445819 
0.640967 0.0240446 
0.628784 0.0695 
0.592021 0.153127 
0.420006 0.407783 
-0.0324896 0.505831 
-0.298361 0.407533 
0.564659 0.205177 
0.604743 0.127471 
-0.347157 0.378177 
0.227489 0.503283 
0.443495 0.385992 
0.368868 0.445466 
0.622901 0.0857145 
0.634804 0.0500862 
0.578556 0.178973 
0.550495 0.231826 
0.465315 0.362568 
ZONE T="boundary5"
0.132322 -0.372286 
0.160609 -0.370395 
-0.651393 -0.0675977 
0.456131 -0.306098 
0.479751 -0.293255 
-0.593634 -0.254996 
-0.607379 -0.233466 
-0.647484 -0.0180391 
-0.49691 -0.343323 
-0.613539 -0.222422 
-0.619274 -0.211136 
-0.64811 -0.116664 
0.645789 -0.0151047 
-0.333366 -0.39172 
-0.362756 -0.388141 
-0.244328 -0.394573 
-0.273878 -0.394692 
-0.126695 -0.388608 
-0.214701 -0.393706 
-0.18531 -0.39231 
-0.155898 -0.390556 
-0.508523 -0.336293 
-0.519815 -0.32877 
0.609507 -0.16304 
-0.629298 -0.188201 
0.645882 -0.041004 
-0.0975103 -0.386573 
0.562287 -0.226658 
0.579704 -0.206501 
-0.472487 -0.356051 
-0.446641 -0.366912 
-0.0684942 -0.384549 
0.244756 -0.362676 
0.216828 -0.365704 
-0.577991 -0.275495 
0.523472 -0.263015 
0.54354 -0.245525 
-0.303713 -0.393823 
0.0753836 -0.375652 
0.046783 -0.377284 
0.299898 -0.354677 
0.32698 -0.349469 
-0.0106789 -0.380724 
-0.0395303 -0.382588 
0.018095 -0.378962 
0.103897 -0.374011 
0.188834 -0.368233 
0.272381 -0.359053 
-0.650327 -0.042847 
0.353899 -0.343238 
0.406389 -0.327302 
0.380396 -0.33589 
0.431744 -0.31737 
0.631135 -0.116162 
0.595526 -0.185253 
0.60274 -0.174294 
0.62143 -0.13998 
-0.541012 -0.312539 
0.638504 -0.0916657 
-0.643717 -0.140849 
-0.637452 -0.164726 
0.643445 -0.0665601 
-0.650662 -0.0922156 
-0.560426 -0.29474 
0.502106 -0.278987 
-0.391597 -0.382894 
-0.419641 -0.375841 
0.146469 -0.371368 
0.468048 -0.299878 
-0.600723 -0.244371 
-0.616461 -0.216807 
-0.610512 -0.227974 
-0.348094 -0.39013 
-0.259106 -0.394739 
-0.229515 -0.39422 
-0.170602 -0.391468 
-0.141294 -0.3896 
-0.51421 -0.332593 
-0.624507 -0.199768 
0.646152 -0.0280516 
-0.112101 -0.387595 
0.571171 -0.216735 
-0.484836 -0.349942 
-0.459678 -0.361741 
-0.0829989 -0.385557 
-0.502755 -0.33987 
0.230799 -0.36426 
0.533667 -0.254456 
-0.288806 -0.394397 
0.0610872 -0.376466 
0.313459 -0.352191 
-0.0251014 -0.381644 
0.0324428 -0.378115 
0.00371126 -0.379832 
-0.0540088 -0.383559 
0.118112 -0.373164 
0.174725 -0.369355 
-0.651082 -0.0552161 
0.340468 -0.34649 
0.286154 -0.356968 
0.393445 -0.331764 
0.553076 -0.236257 
0.599187 -0.179809 
0.615722 -0.15164 
0.606182 -0.168702 
-0.530593 -0.320888 
0.635116 -0.104001 
0.587813 -0.196027 
-0.318558 -0.392942 
-0.640814 -0.152852 
0.0896435 -0.374837 
-0.200004 -0.393063 
0.258578 -0.36095 
0.641285 -0.0791717 
-0.651253 -0.0799168 
0.202836 -0.367023 
0.367186 -0.339717 
-0.649123 -0.0304213 
0.626559 -0.128182 
-0.646144 -0.128802 
-0.633602 -0.176546 
0.644981 -0.0538101 
-0.649615 -0.104467 
-0.550917 -0.303855 
-0.569421 -0.285314 
0.512938 -0.271203 
0.491056 -0.286323 
-0.586033 -0.265416 
0.444023 -0.311925 
0.419134 -0.322518 
-0.377226 -0.385742 
-0.405689 -0.37961 
-0.433232 -0.37163 
