ZONE T="boundary0"
-4 -0.827162 
-4 -0.468519 
-4 -0.561421 
-4 0.545598 
-4 0.394858 
-4 0.226438 
-4 0.28535 
-4 0.696337 
-4 0.340104 
-4 0.169398 
-4 -0.030357 
-4 -0.1823 
-4 1 
-4 0.118544 
-4 0.0676899 
-4 -0.128404 
-4 -0.236196 
-4 -0.29194 
-4 -0.408101 
-4 -0.264068 
-4 -0.654323 
-4 -1 
-4 -0.319812 
-4 -0.347684 
-4 -0.51497 
-4 0.470228 
-4 0.255894 
-4 0.312727 
-4 0.620968 
-4 0.848169 
-4 0.197918 
-4 0.0931168 
-4 0.367481 
-4 -0.0793804 
-4 0.143971 
-4 0.0186665 
-4 -0.155352 
-4 -0.43831 
-4 -0.607872 
-4 -0.740743 
-4 -0.913581 
-4 -0.278004 
-4 -0.209248 
-4 -0.333748 
-4 -0.250132 
-4 -0.377892 
-4 -0.305876 
ZONE T="boundary1"
3.78108 1 
3.56217 1 
2.07725 1 
1.86727 1 
0.870275 1 
-0.96819 1 
-0.388264 1 
-0.327412 1 
-0.191137 1 
0.340823 1 
0.248251 1 
-0.623207 1 
-1.57298 1 
1.46375 1 
1.32273 1 
0.977031 1 
4 1 
3.19623 1 
-1.31899 1 
-1.44599 1 
2.96815 1 
2.74006 1 
1.56463 1 
1.66551 1 
-4 1 
-2.84584 1 
-3.74117 1 
-2.61985 1 
-2.39387 1 
-3.48235 1 
2.28723 1 
-2.1585 1 
0.15568 1 
0.0219796 1 
-0.115714 1 
-0.046867 1 
-0.26656 1 
-0.447 1 
-0.505735 1 
0.511302 1 
0.426062 1 
0.63299 1 
0.754679 1 
-0.680501 1 
-0.737795 1 
-1.084 1 
1.08379 1 
-0.852383 1 
-1.2015 1 
1.20326 1 
-1.74805 1 
-1.92312 1 
-3.16409 1 
0.0888299 1 
3.67163 1 
1.97226 1 
-0.357838 1 
0.294537 1 
1.39324 1 
0.923653 1 
3.3792 1 
-1.38249 1 
2.8541 1 
1.61507 1 
-2.50686 1 
2.51364 1 
-0.0812906 1 
-0.228849 1 
-0.296986 1 
-0.476368 1 
-0.0124437 1 
-0.153425 1 
0.468682 1 
0.383443 1 
0.693835 1 
0.812477 1 
-0.709148 1 
-1.02609 1 
0.572146 1 
1.03041 1 
-0.910287 1 
-1.26024 1 
-1.14275 1 
-1.50948 1 
1.14352 1 
-1.66052 1 
-1.83559 1 
-3.87059 1 
1.51419 1 
1.76639 1 
-3.32322 1 
-3.61176 1 
3.08219 1 
-3.00496 1 
-2.04081 1 
-2.27618 1 
-2.73285 1 
2.18224 1 
3.89054 1 
0.122255 1 
0.0554048 1 
0.201966 1 
-0.651854 1 
-0.795089 1 
-0.417632 1 
-0.564471 1 
1.26299 1 
ZONE T="boundary2"
4 -0.415694 
4 -0.323083 
4 -0.269697 
4 0.227486 
4 0.290761 
4 0.390024 
4 0.340392 
4 0.616965 
4 0.744644 
4 0.164212 
4 0.0745114 
4 -1 
4 1 
4 -0.503312 
4 -0.693198 
4 0.489287 
4 -0.00923366 
4 -0.21631 
4 -0.369389 
4 -0.154644 
4 -0.185477 
4 -0.0929787 
4 -0.795465 
4 -0.59093 
4 0.259123 
4 0.365208 
4 0.680805 
4 0.119361 
4 0.872322 
4 -0.459503 
4 0.195849 
4 0.439656 
4 0.553126 
4 0.315576 
4 0.0326389 
4 -0.170061 
4 -0.744331 
4 -0.547121 
4 -0.897733 
4 -0.642064 
4 -0.29639 
4 -0.243003 
4 -0.200894 
4 -0.123812 
4 -0.0511062 
4 -0.346236 
4 -0.392541 
ZONE T="boundary3"
-3.43091 -1 
-3.60034 -1 
-0.64264 -1 
-0.74924 -1 
-0.536041 -1 
0.131716 -1 
0.234674 -1 
4 -1 
3.61307 -1 
0.581248 -1 
0.480928 -1 
1.24092 -1 
0.689051 -1 
2.22824 -1 
2.41796 -1 
-2.92261 -1 
-2.69236 -1 
-1.91296 -1 
-1.41978 -1 
3.4196 -1 
2.80284 -1 
3.22613 -1 
2.6104 -1 
-2.27705 -1 
-2.092 -1 
0.183195 -1 
0.307641 -1 
0.380608 -1 
0.0715404 -1 
0.0113651 -1 
-0.310641 -1 
-0.366991 -1 
-0.26343 -1 
-0.21622 -1 
-0.169009 -1 
-0.423341 -1 
-0.0552166 -1 
-0.121798 -1 
0.796853 -1 
-3.80017 -1 
-4 -1 
1.01898 -1 
0.907919 -1 
-0.859996 -1 
-0.970751 -1 
-1.20545 -1 
-1.0881 -1 
1.12995 -1 
1.444 -1 
1.34246 -1 
1.85057 -1 
-1.31261 -1 
-3.26148 -1 
1.5533 -1 
1.66261 -1 
2.03852 -1 
-3.09205 -1 
-1.73393 -1 
-1.57685 -1 
-2.4621 -1 
-3.51562 -1 
-0.69594 -1 
3.80653 -1 
0.531088 -1 
0.63515 -1 
2.3231 -1 
-2.80749 -1 
3.01449 -1 
2.51418 -1 
-2.18452 -1 
0.208934 -1 
0.271157 -1 
0.0414528 -1 
0.430768 -1 
0.157456 -1 
-0.338816 -1 
-0.239825 -1 
-0.192614 -1 
-0.479691 -1 
-0.0219258 -1 
-0.0885079 -1 
-0.145404 -1 
-3.90008 -1 
0.963452 -1 
-0.58934 -1 
-0.804618 -1 
-0.915373 -1 
-1.14677 -1 
1.18544 -1 
1.39323 -1 
-1.25903 -1 
1.60796 -1 
1.29169 -1 
1.49865 -1 
1.75659 -1 
2.70662 -1 
-3.17676 -1 
-3.34619 -1 
-1.36619 -1 
-1.65539 -1 
1.94454 -1 
2.13338 -1 
-1.82345 -1 
-2.00248 -1 
-3.00733 -1 
0.344125 -1 
0.101628 -1 
0.742952 -1 
0.852386 -1 
-0.395166 -1 
-0.287035 -1 
3.32287 -1 
3.51633 -1 
-3.70025 -1 
-1.02943 -1 
1.07447 -1 
-2.36958 -1 
-1.49831 -1 
-2.57723 -1 
ZONE T="boundary4"
-0.244039 0.497184 
-0.217097 0.506384 
-0.270525 0.486748 
-0.0778076 0.532641 
-0.633858 0.0127771 
0.636217 0.0170263 
0.645982 -0.0344232 
-0.346536 0.448501 
-0.632796 0.0370658 
0.143203 0.498864 
0.16932 0.487534 
-0.0495271 0.533717 
-0.0213502 0.533333 
-0.162067 0.520941 
-0.134145 0.526222 
-0.611327 0.135933 
-0.619224 0.111128 
-0.629993 0.0615989 
-0.62546 0.086321 
-0.604303 0.154601 
-0.587469 0.19205 
-0.596414 0.173156 
-0.577816 0.210594 
0.26969 0.425473 
0.29385 0.405902 
0.24521 0.44347 
-0.543919 0.265951 
-0.438456 0.382637 
-0.416599 0.400592 
-0.459485 0.363756 
-0.47961 0.34401 
-0.321817 0.462367 
-0.296449 0.475138 
-0.516967 0.302021 
-0.498805 0.323407 
-0.393973 0.417572 
-0.189737 0.514319 
-0.106011 0.530135 
0.527289 0.176985 
0.548038 0.15611 
0.00679323 0.531457 
0.0346373 0.528078 
-0.535591 0.277739 
-0.551951 0.253958 
-0.565313 0.232535 
-0.571674 0.221627 
0.586081 0.112396 
0.195075 0.474506 
0.220324 0.459841 
0.38902 0.315274 
0.412492 0.291204 
0.504867 0.198693 
0.435893 0.267137 
0.482328 0.220483 
0.459014 0.243594 
0.116637 0.508564 
0.0896303 0.516659 
0.318036 0.384637 
0.567955 0.134474 
0.642439 -0.00852532 
0.612653 0.0722965 
0.602161 0.0896654 
0.621947 0.0542515 
0.644539 -0.0214026 
0.627355 0.0419979 
-0.370601 0.433557 
0.0623547 0.523138 
0.341588 0.362548 
0.365468 0.33909 
-0.230621 0.50194 
0.156345 0.493392 
-0.0354362 0.533709 
-0.148138 0.523751 
-0.615463 0.12359 
-0.622539 0.0987738 
-0.607916 0.145305 
-0.592035 0.182647 
-0.582727 0.201366 
-0.600454 0.163919 
0.281877 0.41582 
0.257562 0.434624 
-0.427626 0.391734 
-0.449074 0.373313 
-0.334254 0.455572 
-0.283553 0.48109 
-0.309205 0.468896 
-0.508011 0.31282 
-0.405379 0.409206 
-0.203464 0.510512 
-0.120102 0.528352 
-0.257342 0.492118 
-0.0636742 0.53336 
0.537738 0.166622 
-0.00726594 0.532584 
0.0207383 0.529958 
-0.469657 0.353995 
-0.175942 0.517795 
-0.52644 0.290003 
-0.558739 0.243313 
-0.56852 0.227096 
0.207804 0.467353 
0.400768 0.30325 
-0.489325 0.333818 
0.516104 0.187866 
0.470625 0.231992 
0.493577 0.209567 
0.424189 0.279167 
0.129991 0.50391 
0.103193 0.512809 
0.232878 0.451824 
0.182293 0.481209 
0.306041 0.395381 
0.577197 0.123582 
0.639657 0.00433058 
0.607548 0.0810659 
0.645344 -0.0279037 
0.643572 -0.0149505 
0.624726 0.0481577 
-0.0919252 0.531564 
0.594344 0.101188 
-0.358651 0.441162 
0.558126 0.145412 
0.0760389 0.520094 
0.329888 0.373673 
0.377274 0.327212 
-0.382375 0.425693 
0.0485307 0.525803 
0.353583 0.350875 
0.447425 0.255338 
0.617459 0.0633558 
0.632101 0.0296238 
-0.631606 0.0493564 
-0.627932 0.0739975 
-0.539793 0.271871 
-0.547971 0.25998 
-0.574773 0.216127 
-0.633543 0.0249309 
ZONE T="boundary5"
0.237444 -0.426612 
0.209599 -0.428306 
0.0707348 -0.423996 
0.265234 -0.423888 
-0.56564 -0.184667 
-0.557873 -0.194077 
-0.532459 -0.220949 
-0.513818 -0.237781 
-0.633176 -0.0111941 
-0.633858 0.0127771 
-0.613056 -0.102748 
-0.620681 -0.0806322 
-0.592664 -0.145149 
-0.60371 -0.124275 
-0.63075 -0.0347962 
-0.579967 -0.165282 
0.645982 -0.0344232 
0.646884 -0.0604889 
-0.493931 -0.253683 
-0.503997 -0.245877 
-0.180202 -0.379572 
-0.20861 -0.372451 
-0.23693 -0.364925 
-0.626584 -0.0579546 
-0.293515 -0.348367 
-0.32136 -0.339276 
-0.0401235 -0.408876 
-0.0678653 -0.403871 
-0.123804 -0.392542 
0.626622 -0.163323 
-0.0958755 -0.398396 
-0.152043 -0.386238 
-0.348985 -0.329453 
-0.3761 -0.318841 
-0.0122866 -0.413447 
-0.549769 -0.203235 
-0.426715 -0.295546 
-0.450345 -0.282576 
-0.4019 -0.307624 
-0.472783 -0.268618 
0.576192 -0.260129 
0.591172 -0.236964 
0.401513 -0.39159 
0.37495 -0.400845 
0.292961 -0.420042 
0.126184 -0.427997 
0.0984665 -0.426336 
0.0153535 -0.417501 
0.0430936 -0.421041 
0.181773 -0.429051 
0.153968 -0.428925 
0.320556 -0.414981 
0.347911 -0.408615 
0.427466 -0.380769 
0.452625 -0.36833 
0.521021 -0.321438 
0.54113 -0.302483 
0.550552 -0.292437 
0.634933 -0.138001 
0.559548 -0.282009 
0.598061 -0.225049 
0.604587 -0.212927 
-0.265285 -0.356909 
0.476616 -0.354353 
0.645243 -0.0865107 
0.6412 -0.11239 
0.499588 -0.338636 
0.616448 -0.188324 
0.223529 -0.427583 
0.251352 -0.425383 
-0.561798 -0.189406 
-0.523266 -0.229506 
-0.633736 0.000785267 
-0.617083 -0.0917642 
-0.598387 -0.134818 
-0.632184 -0.0230178 
-0.572979 -0.175104 
0.646758 -0.0474449 
-0.498993 -0.249817 
-0.194418 -0.376059 
-0.222784 -0.36874 
-0.628887 -0.046415 
-0.307465 -0.343904 
-0.608592 -0.113602 
-0.0540038 -0.406425 
-0.109849 -0.395515 
-0.137934 -0.389435 
-0.362588 -0.324263 
-0.0262144 -0.411219 
-0.508937 -0.241866 
-0.55386 -0.19869 
-0.438614 -0.289214 
-0.389056 -0.31336 
-0.483468 -0.261308 
-0.335208 -0.334464 
0.583887 -0.248679 
0.388298 -0.396408 
-0.166133 -0.38295 
0.279117 -0.42211 
0.11232 -0.427254 
0.0845938 -0.425247 
0.0015244 -0.415536 
0.0292149 -0.419339 
0.16787 -0.429092 
0.195689 -0.428792 
0.361482 -0.40491 
0.306787 -0.417668 
0.414573 -0.38638 
0.531268 -0.312165 
0.545893 -0.297509 
0.334273 -0.411966 
0.555104 -0.28727 
0.594663 -0.231033 
0.601369 -0.219012 
0.568091 -0.271237 
0.140073 -0.428557 
0.440149 -0.374758 
-0.279421 -0.352708 
-0.541257 -0.212231 
-0.251125 -0.360977 
-0.08188 -0.401183 
-0.414377 -0.301728 
0.0569063 -0.422592 
-0.623851 -0.0693503 
-0.586504 -0.155334 
-0.461664 -0.275757 
0.643508 -0.0994951 
0.638326 -0.125259 
0.646372 -0.0735192 
0.510471 -0.330245 
0.488249 -0.346709 
0.464743 -0.361552 
0.631009 -0.150738 
0.62174 -0.175907 
0.610703 -0.200715 
