ZONE T="boundary0"
-4 -0.180291 
-4 0.600783 
-4 0.00666774 
-4 -0.234044 
-4 -0.0868115 
-4 0.800392 
-4 1 
-4 -0.802624 
-4 -1 
-4 0.143755 
-4 0.196092 
-4 -0.504856 
-4 -0.287798 
-4 -0.404464 
-4 -0.346131 
-4 -0.605249 
-4 0.494171 
-4 0.22226 
-4 0.248429 
-4 0.387558 
-4 0.317993 
-4 0.440865 
-4 0.283211 
-4 -0.133551 
-4 -0.0400719 
-4 0.900196 
-4 -0.901312 
-4 0.0752116 
-4 -0.207168 
-4 -0.260921 
-4 -0.316965 
-4 -0.555052 
-4 -0.45466 
-4 -0.703936 
-4 0.209176 
-4 0.169924 
-4 -0.375297 
-4 0.352776 
-4 0.414211 
-4 0.547477 
-4 0.700587 
-4 0.467518 
-4 0.235344 
-4 0.300602 
-4 0.26582 
ZONE T="boundary1"
-3.35022 1 
1.56448 1 
1.14066 1 
1.03659 1 
0.115626 1 
-3.57503 1 
-0.0969681 1 
-1.7896 1 
-0.761007 1 
1.84752 1 
1.706 1 
-1.64217 1 
0.932517 1 
0.80193 1 
-0.940177 1 
1.24286 1 
3.47035 1 
3.73517 1 
-4 1 
1.34507 1 
2.40555 1 
3.26888 1 
3.0674 1 
2.60491 1 
-3.12542 1 
-2.53974 1 
2.20619 1 
2.83616 1 
-2.33884 1 
-0.384265 1 
-0.43356 1 
0.26841 1 
-0.0230747 1 
0.0462758 1 
0.192018 1 
-0.53215 1 
-0.684735 1 
-0.837278 1 
0.671343 1 
0.564478 1 
0.457613 1 
-0.170861 1 
-0.252916 1 
-0.334971 1 
-1.04308 1 
-1.4199 1 
-1.32231 1 
-1.22472 1 
-1.1339 1 
-1.93704 1 
1.45477 1 
-3.78751 1 
-2.74063 1 
4 1 
-2.13794 1 
-2.93302 1 
0.363012 1 
1.08862 1 
-3.46263 1 
1.77676 1 
-1.71588 1 
0.867224 1 
1.19176 1 
3.60276 1 
3.16814 1 
-2.43929 1 
-0.408913 1 
0.0809511 1 
-0.0600214 1 
-0.608443 1 
-0.799142 1 
0.617911 1 
-0.133915 1 
-0.293943 1 
-0.211889 1 
-0.991627 1 
-0.888728 1 
-1.37111 1 
-1.53103 1 
-1.17931 1 
-1.08849 1 
0.984553 1 
-1.86332 1 
1.29396 1 
1.39992 1 
0.736637 1 
2.02685 1 
2.95178 1 
2.72053 1 
3.36961 1 
3.86759 1 
-3.68127 1 
-3.89376 1 
2.50523 1 
2.30587 1 
-3.23782 1 
-2.03749 1 
-2.64019 1 
-2.83683 1 
-3.02922 1 
0.0116005 1 
0.410312 1 
0.153822 1 
0.230214 1 
-0.482855 1 
-0.722871 1 
-0.359618 1 
-1.27352 1 
1.50962 1 
1.63524 1 
0.511045 1 
-2.23839 1 
0.315711 1 
ZONE T="boundary2"
4 -0.021092 
4 0.098421 
4 -0.235156 
4 -0.281374 
4 0.198166 
4 0.148293 
4 0.520645 
4 0.622911 
4 -0.327591 
4 -0.377008 
4 -0.426425 
4 -0.132104 
4 0.355538 
4 0.41838 
4 0.245431 
4 0.292696 
4 0.469513 
4 -0.648591 
4 -0.537508 
4 -0.824295 
4 -0.736443 
4 -1 
4 0.811455 
4 1 
4 0.324117 
4 -0.209393 
4 -0.18363 
4 0.0386645 
4 -0.258265 
4 0.571778 
4 -0.304482 
4 -0.352299 
4 -0.0765979 
4 0.386959 
4 0.221798 
4 0.17323 
4 0.123357 
4 -0.593049 
4 -0.692517 
4 -0.780369 
4 -0.912148 
4 0.717183 
4 0.905728 
4 0.269063 
4 0.339827 
4 -0.196512 
4 0.495079 
4 0.443946 
4 -0.401717 
4 -0.481967 
4 0.308406 
4 -0.222275 
4 -0.157867 
ZONE T="boundary3"
-1.67194 -1 
-0.100623 -1 
-0.147429 -1 
-1.26808 -1 
2.86417 -1 
2.99982 -1 
-0.310846 -1 
-0.194235 -1 
0.261604 -1 
-0.594149 -1 
-0.932028 -1 
-1.04225 -1 
0.999008 -1 
1.11338 -1 
1.32287 -1 
0.382809 -1 
-0.396793 -1 
1.41531 -1 
1.50775 -1 
-1.15248 -1 
1.74277 -1 
2.56287 -1 
-1.45575 -1 
-1.38369 -1 
3.17403 -1 
3.34824 -1 
1.94288 -1 
-4 -1 
-2.98284 -1 
-3.24733 -1 
-2.58042 -1 
-3.51181 -1 
-2.78163 -1 
-2.00588 -1 
-2.29315 -1 
0.203631 -1 
0.446042 -1 
0.551673 -1 
0.0644305 -1 
-0.0180962 -1 
0.134031 -1 
-0.482739 -1 
0.319577 -1 
-0.818793 -1 
-0.705559 -1 
0.657305 -1 
3.75 -1 
4 -1 
-3.75591 -1 
0.77097 -1 
0.884634 -1 
3.44868 -1 
-1.52781 -1 
1.62526 -1 
2.14298 -1 
-1.83891 -1 
2.39723 -1 
1.21813 -1 
2.72852 -1 
3.54912 -1 
-0.124026 -1 
2.93199 -1 
-0.252541 -1 
-0.98714 -1 
1.05619 -1 
1.46153 -1 
-1.21028 -1 
-1.41972 -1 
3.26114 -1 
-3.11508 -1 
-3.37957 -1 
-2.14952 -1 
-2.43678 -1 
0.498858 -1 
-0.170832 -1 
-0.538444 -1 
0.232617 -1 
0.29059 -1 
0.414425 -1 
0.351193 -1 
0.168831 -1 
-0.875411 -1 
0.604489 -1 
3.875 -1 
-0.762176 -1 
-1.09736 -1 
-3.63386 -1 
-3.87795 -1 
0.827802 -1 
0.714138 -1 
3.39846 -1 
-1.59988 -1 
1.68402 -1 
1.56651 -1 
2.04293 -1 
-2.68102 -1 
-2.88223 -1 
-1.75542 -1 
1.84282 -1 
-1.9224 -1 
1.36909 -1 
1.16575 -1 
2.2701 -1 
2.64569 -1 
2.48005 -1 
3.08693 -1 
2.79634 -1 
-0.0593596 -1 
0.0992305 -1 
0.0231671 -1 
-0.35382 -1 
-0.439766 -1 
-0.649854 -1 
3.4989 -1 
3.64956 -1 
-1.32589 -1 
0.941821 -1 
1.2705 -1 
-1.49178 -1 
ZONE T="boundary4"
0.348555 0.354097 
0.207902 0.47121 
0.183702 0.484541 
-0.340732 0.457841 
-0.629084 0.0163557 
-0.628909 0.0380001 
0.623479 0.026975 
0.617213 0.0426121 
-0.614653 0.12605 
0.452366 0.240986 
0.437239 0.257251 
0.248969 0.444105 
0.228712 0.458205 
0.632903 -0.0050542 
0.636021 -0.0212866 
-0.552044 0.262381 
-0.624462 0.0818911 
-0.620213 0.103981 
0.594174 0.0852187 
-0.59831 0.173503 
-0.6097 0.142384 
-0.540785 0.279276 
-0.570289 0.231732 
-0.585368 0.202623 
-0.528606 0.296102 
-0.454745 0.37654 
-0.274537 0.489649 
-0.297387 0.47973 
-0.437362 0.391641 
-0.125235 0.53056 
-0.515783 0.312458 
-0.471197 0.361112 
-0.487044 0.345074 
-0.419413 0.406073 
-0.40066 0.420014 
-0.501728 0.329037 
-0.381388 0.433236 
-0.361295 0.445926 
-0.251326 0.498661 
-0.177142 0.52078 
-0.202624 0.514289 
-0.227123 0.506968 
-0.0708136 0.535916 
-0.0431684 0.536691 
-0.0980407 0.533865 
0.0423697 0.530255 
-0.627368 0.0598504 
0.367717 0.333636 
0.386651 0.31295 
0.638106 -0.0377616 
0.330525 0.37267 
0.312101 0.390755 
0.422229 0.273682 
0.468222 0.224411 
0.484244 0.208156 
0.404447 0.29331 
0.502885 0.189633 
-0.319268 0.469204 
0.071874 0.524668 
0.158758 0.496398 
0.270307 0.427662 
0.54109 0.151016 
0.291276 0.409904 
0.52144 0.171187 
0.628698 0.0111316 
0.602375 0.0718455 
0.609899 0.0580469 
0.56002 0.130188 
0.586309 0.096842 
0.578001 0.108151 
-0.151457 0.526191 
0.100766 0.517332 
0.129702 0.507983 
-0.0151561 0.536093 
0.0137807 0.533958 
0.195899 0.478056 
-0.629167 0.0271796 
0.620468 0.0348429 
0.44478 0.249095 
0.238924 0.451278 
0.634592 -0.0131448 
-0.622498 0.092967 
-0.617587 0.115054 
-0.604285 0.158047 
-0.612258 0.134242 
-0.546495 0.270882 
-0.578037 0.217285 
-0.534778 0.287748 
-0.286011 0.484802 
-0.446126 0.384173 
-0.522272 0.304341 
-0.479198 0.353169 
-0.410103 0.413133 
-0.494462 0.337125 
-0.371402 0.439677 
-0.391086 0.426716 
-0.35107 0.451981 
-0.189917 0.517667 
-0.262975 0.494269 
-0.0569949 0.53647 
-0.21491 0.510752 
-0.428456 0.398942 
-0.628306 0.0489373 
-0.592066 0.188164 
0.377206 0.323311 
-0.239266 0.502936 
0.358175 0.343902 
0.339588 0.363431 
0.321374 0.381777 
-0.508835 0.320815 
0.476207 0.216256 
-0.463044 0.368904 
0.460263 0.232665 
0.429723 0.265454 
0.413334 0.28349 
-0.62608 0.0708927 
0.493552 0.198878 
-0.308378 0.474572 
0.0571641 0.527685 
0.259736 0.436014 
0.218387 0.46484 
0.280887 0.418899 
0.51218 0.180426 
0.626214 0.0190951 
0.606227 0.0649962 
0.590299 0.0910719 
0.598356 0.0785828 
0.637195 -0.029507 
0.630931 0.0030732 
-0.138369 0.528517 
0.569183 0.11931 
0.550669 0.140706 
0.613672 0.0503854 
-0.330055 0.463626 
-0.111656 0.532366 
-0.0844383 0.535048 
0.0863766 0.521225 
0.115309 0.512894 
0.301778 0.400429 
0.531329 0.161163 
-0.164328 0.52362 
-0.000672833 0.535222 
0.0281014 0.532307 
0.171318 0.490658 
0.144327 0.502439 
0.395556 0.303134 
-0.0291578 0.536569 
0.582208 0.102534 
-0.561406 0.247199 
ZONE T="boundary5"
-0.292195 -0.344602 
-0.625355 -0.025995 
-0.621476 -0.0465952 
-0.627897 -0.00497957 
0.625328 -0.152888 
-0.629084 0.0163557 
-0.592899 -0.124321 
-0.601962 -0.105665 
-0.582615 -0.142378 
-0.519296 -0.218693 
-0.436231 -0.280168 
-0.451627 -0.270751 
-0.61627 -0.0667748 
0.639142 -0.0542731 
0.639161 -0.0708036 
-0.545509 -0.192026 
-0.55839 -0.176802 
-0.4936 -0.240809 
-0.0497116 -0.412355 
-0.198274 -0.374839 
-0.222191 -0.367658 
-0.174285 -0.381727 
-0.269162 -0.352562 
-0.0239672 -0.41748 
-0.100412 -0.400983 
-0.125379 -0.394813 
-0.149872 -0.388421 
-0.0753473 -0.406807 
-0.466686 -0.260781 
-0.531884 -0.206504 
0.633461 -0.120315 
-0.337381 -0.327618 
-0.31512 -0.336239 
-0.400477 -0.299534 
-0.418511 -0.29016 
-0.380102 -0.309312 
-0.35947 -0.31848 
0.62981 -0.136592 
-0.245718 -0.360272 
0.140337 -0.437357 
0.111977 -0.435741 
-0.571124 -0.159849 
0.0837211 -0.43331 
0.0562983 -0.430221 
0.00245429 -0.422241 
-0.609763 -0.0864626 
0.0289969 -0.426477 
0.25971 -0.433666 
0.290825 -0.429424 
0.199124 -0.437822 
0.169705 -0.4381 
0.444359 -0.379856 
0.491984 -0.350027 
0.470537 -0.364677 
0.417345 -0.392946 
0.512502 -0.333713 
0.531611 -0.315994 
0.549437 -0.296637 
0.565922 -0.275522 
0.580881 -0.252795 
0.595396 -0.226666 
0.638195 -0.0873425 
0.620149 -0.168896 
0.636285 -0.103828 
0.638106 -0.0377616 
-0.480319 -0.251032 
0.386043 -0.405394 
0.354319 -0.41549 
0.229108 -0.436402 
0.322601 -0.423406 
0.614527 -0.184148 
0.608344 -0.199181 
-0.623585 -0.0363268 
-0.626798 -0.0155076 
-0.597585 -0.115067 
-0.587904 -0.133433 
-0.44397 -0.275526 
-0.619041 -0.056728 
0.639277 -0.0625377 
-0.552054 -0.184502 
-0.210243 -0.371285 
-0.18629 -0.378319 
-0.280694 -0.348628 
-0.112906 -0.39794 
-0.137636 -0.391656 
-0.062541 -0.409632 
-0.459202 -0.265835 
-0.326272 -0.331987 
-0.409532 -0.29492 
-0.390328 -0.304503 
-0.348453 -0.323117 
-0.427416 -0.285244 
0.631736 -0.128476 
-0.257453 -0.356459 
-0.233966 -0.364003 
0.12615 -0.436655 
0.0699992 -0.431851 
0.042636 -0.428428 
-0.0107686 -0.419924 
-0.303676 -0.340473 
0.275293 -0.431734 
-0.606023 -0.0961282 
0.184415 -0.438094 
-0.564887 -0.168423 
-0.577008 -0.151204 
0.481389 -0.357541 
-0.628662 0.0056788 
0.557896 -0.286249 
0.522228 -0.325038 
0.457594 -0.372519 
-0.369817 -0.313966 
0.573624 -0.264305 
-0.0878907 -0.40394 
0.58837 -0.23986 
0.627663 -0.144766 
0.622824 -0.16092 
0.637355 -0.0955983 
0.638753 -0.0460088 
0.634982 -0.11209 
0.502395 -0.342061 
-0.538789 -0.199352 
-0.036851 -0.414973 
0.638799 -0.0790797 
0.430969 -0.386641 
-0.162089 -0.385111 
0.401809 -0.399459 
0.155017 -0.437851 
0.0157139 -0.424428 
0.370265 -0.410708 
0.214123 -0.437261 
0.0978399 -0.434624 
0.306753 -0.426632 
0.338519 -0.419687 
-0.525654 -0.212664 
-0.506655 -0.22999 
-0.613181 -0.0766726 
-0.487005 -0.245979 
-0.473545 -0.255966 
0.244424 -0.435202 
0.540718 -0.306494 
0.617411 -0.176549 
0.602091 -0.213029 
0.611503 -0.191692 
