ZONE T="boundary0"
-4 0.126221 
-4 -0.173184 
-4 -0.137328 
-4 0.334653 
-4 0.211907 
-4 0.27328 
-4 -0.318351 
-4 -0.245477 
-4 -0.354788 
-4 0.492195 
-4 0.619147 
-4 0.746098 
-4 -0.701425 
-4 -0.583068 
-4 -1 
-4 1 
-4 -0.20904 
-4 -0.281914 
-4 -0.409749 
-4 -0.464711 
-4 0.303966 
-4 0.0405348 
-4 -0.0483967 
-4 0.242593 
-4 -0.155256 
-4 0.413424 
-4 0.682622 
-4 -0.642246 
-4 -0.850712 
-4 0.873049 
-4 -0.191112 
-4 -0.263695 
-4 -0.227258 
-4 -0.336569 
-4 -0.300132 
-4 -0.382269 
-4 -0.43723 
-4 -0.52389 
-4 0.288623 
-4 0.31931 
-4 -0.00393096 
-4 0.0833778 
-4 0.169064 
-4 -0.0928625 
-4 0.555671 
ZONE T="boundary1"
-3.20605 1 
-1.6798 1 
-1.87566 1 
-0.870892 1 
1.43661 1 
2.91378 1 
2.68703 1 
3.14054 1 
3.48757 1 
-1.60489 1 
2.4093 1 
-0.66861 1 
0.487929 1 
0.41454 1 
-1.10994 1 
-0.527224 1 
0.203421 1 
0.270873 1 
-2.46228 1 
-2.07152 1 
-3.84577 1 
1.84466 1 
1.99145 1 
-2.84197 1 
3.87189 1 
3.74379 1 
0.561318 1 
0.0706883 1 
0.715428 1 
-0.385837 1 
-0.308407 1 
-0.112784 1 
-0.0536876 1 
-0.171881 1 
-0.230978 1 
0.00540901 1 
0.342707 1 
0.135968 1 
0.770649 1 
0.909769 1 
0.82587 1 
-0.769751 1 
-3.69153 1 
-4 1 
1.21774 1 
1.1057 1 
0.993668 1 
-3.44879 1 
-1.2106 1 
-1.31126 1 
-0.990416 1 
-1.42063 1 
-1.52999 1 
1.56724 1 
1.69787 1 
1.32718 1 
4 1 
2.20037 1 
-1.77773 1 
2.80041 1 
-1.64235 1 
2.54816 1 
0.451235 1 
0.237147 1 
-2.2669 1 
3.31406 1 
-3.02401 1 
3.80784 1 
-2.65212 1 
3.02716 1 
0.524624 1 
0.638373 1 
-0.347122 1 
-0.201429 1 
-0.0241393 1 
0.378623 1 
0.30679 1 
-0.269692 1 
0.169694 1 
0.103328 1 
0.0380487 1 
0.743039 1 
-0.45653 1 
0.867819 1 
-0.597917 1 
-0.820322 1 
-3.76865 1 
1.16172 1 
-3.57016 1 
-1.26093 1 
-0.930654 1 
-1.05018 1 
-1.47531 1 
-1.97359 1 
-1.56744 1 
-1.36594 1 
1.04969 1 
1.50193 1 
1.91805 1 
1.77127 1 
-3.92288 1 
-0.719181 1 
1.3819 1 
-3.32742 1 
3.61568 1 
3.93595 1 
-0.0832359 1 
-0.142333 1 
0.951719 1 
0.798259 1 
-1.16027 1 
1.27246 1 
2.30484 1 
2.09591 1 
1.63256 1 
ZONE T="boundary2"
4 -0.358746 
4 -0.414445 
4 -0.307542 
4 -0.200406 
4 -0.228372 
4 -0.832526 
4 -1 
4 -0.665052 
4 -0.567598 
4 -0.256339 
4 -0.470144 
4 -0.06955 
4 0.217544 
4 0.156273 
4 -0.0130943 
4 0.278814 
4 0.339526 
4 0.76083 
4 1 
4 0.521661 
4 -0.134978 
4 0.0433615 
4 0.400238 
4 0.0998173 
4 0.460949 
4 -0.386595 
4 -0.333144 
4 -0.214389 
4 -0.916263 
4 -0.616325 
4 -0.281941 
4 -0.518871 
4 0.186908 
4 -0.748789 
4 0.248179 
4 0.880415 
4 0.641246 
4 -0.242356 
4 -0.167692 
4 -0.102264 
4 0.0151336 
4 -0.0413222 
4 0.369882 
4 0.30917 
4 0.491305 
4 0.128045 
4 0.430593 
4 0.0715894 
4 -0.442295 
ZONE T="boundary3"
-3.66477 -1 
-0.271826 -1 
-0.19691 -1 
-0.121994 -1 
-1.24515 -1 
1.03037 -1 
-0.967313 -1 
-0.860052 -1 
3.20303 -1 
1.33593 -1 
1.43153 -1 
1.77709 -1 
2.8169 -1 
3.85512 -1 
4 -1 
-3.44642 -1 
-3.22807 -1 
-2.99095 -1 
-2.75384 -1 
-2.41374 -1 
-2.58379 -1 
3.4205 -1 
-2.07365 -1 
0.0251311 -1 
-0.368917 -1 
0.103979 -1 
-0.466009 -1 
-0.0484317 -1 
0.439765 -1 
0.534176 -1 
0.345354 -1 
0.264091 -1 
0.182828 -1 
-0.565239 -1 
-0.320372 -1 
0.781386 -1 
0.657781 -1 
-4 -1 
-0.664469 -1 
-0.762261 -1 
-1.07457 -1 
3.71025 -1 
0.905876 -1 
3.56537 -1 
-1.41573 -1 
1.13535 -1 
1.60431 -1 
1.51792 -1 
1.24033 -1 
2.07438 -1 
-3.10951 -1 
2.36131 -1 
2.21785 -1 
2.64825 -1 
2.98556 -1 
-1.64217 -1 
-1.96578 -1 
-1.85791 -1 
-0.234368 -1 
-0.913682 -1 
3.92756 -1 
-3.33724 -1 
-2.8724 -1 
-2.49877 -1 
3.31176 -1 
-2.2437 -1 
0.0645553 -1 
-0.085213 -1 
0.486971 -1 
0.304723 -1 
0.223459 -1 
-0.0116503 -1 
-0.515624 -1 
-0.159452 -1 
-0.296099 -1 
-0.417463 -1 
0.39256 -1 
0.595979 -1 
-3.83238 -1 
-0.614854 -1 
-1.15986 -1 
0.719584 -1 
-1.02094 -1 
3.78269 -1 
0.968121 -1 
0.843631 -1 
3.49294 -1 
3.63781 -1 
-1.33044 -1 
-3.55559 -1 
1.38373 -1 
1.56112 -1 
1.28813 -1 
1.6907 -1 
1.92573 -1 
-3.16879 -1 
2.28958 -1 
2.14611 -1 
2.50478 -1 
3.09429 -1 
2.73258 -1 
2.90123 -1 
-1.91184 -1 
-2.01971 -1 
-1.75004 -1 
-3.05023 -1 
-1.52895 -1 
-2.66882 -1 
-0.344645 -1 
-0.811156 -1 
-0.713365 -1 
0.143404 -1 
1.18784 -1 
1.08286 -1 
1.47473 -1 
ZONE T="boundary4"
-0.134046 0.419176 
-0.401503 0.269471 
-0.422625 0.251498 
-0.591039 -0.0354574 
-0.0654063 0.442837 
-0.0889059 0.435308 
-0.19585 0.393442 
-0.232915 0.375889 
-0.214466 0.384833 
-0.175862 0.402236 
-0.155696 0.410648 
-0.468717 0.207011 
0.584938 0.311332 
-0.588352 -0.0169003 
-0.584721 0.00151988 
-0.580139 0.0198095 
-0.574639 0.0378479 
-0.569103 0.0533619 
-0.562944 0.0685375 
-0.551525 0.0927785 
-0.54559 0.103936 
-0.512329 0.155425 
-0.529996 0.129992 
-0.501394 0.169603 
-0.382389 0.284549 
-0.48999 0.183399 
-0.346636 0.310164 
-0.362788 0.298971 
-0.112205 0.427257 
-0.330229 0.32097 
-0.314865 0.330625 
-0.29932 0.339979 
-0.283381 0.34917 
-0.267279 0.358073 
-0.0405985 0.450142 
-0.0155879 0.456839 
0.0105748 0.463125 
-0.250178 0.367133 
0.452754 0.433643 
0.424791 0.446545 
0.623105 0.0474552 
0.616714 0.0241806 
0.0369295 0.468711 
0.0919554 0.477922 
0.0643585 0.473721 
0.621102 0.209153 
0.623652 0.195617 
0.62768 0.168084 
-0.446208 0.229699 
0.605414 0.266654 
0.518967 0.390101 
0.531241 0.379198 
0.480021 0.41829 
0.506117 0.400371 
0.576241 0.325639 
0.566682 0.339434 
0.493283 0.40963 
0.149388 0.483887 
0.179091 0.485438 
0.208861 0.485883 
0.120608 0.481375 
0.364674 0.466721 
0.270179 0.483007 
0.395321 0.457584 
0.618185 0.222615 
0.61447 0.237541 
0.599929 0.280756 
0.610214 0.252314 
0.627461 0.0711025 
0.629961 0.0953469 
0.630701 0.11968 
0.629875 0.143985 
0.592884 0.296288 
0.549743 0.360264 
0.239029 0.485135 
0.301686 0.479334 
0.333291 0.473952 
-0.412153 0.260589 
-0.0771777 0.43914 
-0.223711 0.380403 
-0.165799 0.406491 
-0.586654 -0.00766707 
-0.582546 0.0106937 
-0.185877 0.397887 
-0.566104 0.0609823 
-0.571955 0.0456348 
-0.5486 0.0983801 
-0.538021 0.117101 
-0.506924 0.162561 
-0.577502 0.0288633 
-0.495748 0.176547 
-0.392011 0.277093 
-0.354746 0.304617 
-0.100578 0.431348 
-0.372647 0.29184 
-0.322571 0.325836 
-0.291372 0.344611 
-0.27535 0.353657 
-0.307115 0.335339 
-0.338464 0.315614 
-0.144893 0.414968 
-0.205177 0.38918 
-0.0281141 0.453568 
-0.00252745 0.460069 
-0.589813 -0.0261618 
-0.123146 0.423274 
-0.479506 0.195342 
-0.258749 0.362642 
0.438895 0.440361 
0.620168 0.0357467 
0.023733 0.466008 
0.0781411 0.475925 
0.622422 0.202394 
-0.241566 0.371549 
-0.557437 0.0807537 
-0.457589 0.218481 
0.525176 0.38473 
0.512608 0.395318 
0.571564 0.332607 
0.486701 0.414036 
0.193974 0.485803 
0.106268 0.479764 
0.380073 0.462406 
0.410154 0.452328 
0.580696 0.31855 
0.61639 0.230094 
0.60276 0.273739 
0.612415 0.244949 
0.607896 0.259511 
0.625527 0.059234 
0.628942 0.0832007 
0.630472 0.131839 
0.499755 0.405077 
0.589025 0.30387 
0.596522 0.288574 
-0.0530247 0.446565 
0.540702 0.369936 
0.134987 0.482752 
0.164233 0.484797 
0.223949 0.485664 
0.254616 0.484249 
0.0506258 0.471316 
0.285955 0.481368 
0.349037 0.470575 
0.317525 0.476861 
0.630539 0.107507 
0.46655 0.426255 
0.61969 0.215894 
0.625858 0.181878 
0.628939 0.156049 
-0.434533 0.240725 
-0.521371 0.142854 
0.558456 0.350047 
ZONE T="boundary5"
-0.209725 -0.56645 
-0.233044 -0.558127 
-0.256051 -0.548722 
0.21196 -0.397962 
0.223137 -0.374464 
0.390026 -0.181082 
0.362383 -0.197487 
-0.491883 -0.362829 
-0.592454 -0.10985 
-0.584234 -0.165094 
-0.593469 -0.0912724 
-0.593583 -0.072674 
-0.592777 -0.0540407 
-0.591039 -0.0354574 
-0.569198 -0.218374 
-0.574873 -0.200896 
-0.579885 -0.183207 
-0.537556 -0.291379 
-0.439986 -0.422649 
-0.549642 -0.26704 
-0.185056 -0.573949 
-0.392795 -0.465338 
-0.277767 -0.538729 
-0.590558 -0.128368 
-0.107819 -0.588642 
-0.0535029 -0.590422 
-0.134002 -0.585186 
-0.160191 -0.58015 
-0.0804912 -0.590485 
-0.453932 -0.408125 
-0.467377 -0.39313 
-0.56004 -0.242934 
-0.479885 -0.378188 
-0.35755 -0.491883 
-0.375694 -0.478725 
-0.319237 -0.516478 
-0.338938 -0.504347 
-0.524088 -0.315176 
-0.424946 -0.437263 
-0.409407 -0.451336 
-0.299097 -0.527821 
-0.5116 -0.334955 
0.202085 -0.417948 
-0.587805 -0.146813 
0.0975071 -0.544234 
0.117283 -0.529655 
0.0757179 -0.557234 
0.0523231 -0.568242 
-0.0259193 -0.588259 
0.000844982 -0.583919 
0.0270929 -0.577247 
0.178533 -0.459593 
0.191728 -0.437426 
0.164829 -0.47952 
0.150561 -0.497314 
0.134911 -0.513928 
0.234477 -0.350878 
0.268812 -0.289835 
0.250628 -0.319834 
0.310284 -0.2388 
0.288304 -0.263199 
0.417321 -0.166588 
0.616714 0.0241806 
0.491424 -0.126556 
0.468646 -0.139794 
0.513547 -0.111979 
0.529335 -0.100106 
0.544455 -0.0871964 
0.55397 -0.0780987 
0.58509 -0.0405925 
0.597762 -0.0198992 
0.570341 -0.0601528 
0.608276 0.0016892 
0.443069 -0.153386 
0.333903 -0.217797 
-0.2446 -0.553553 
0.217566 -0.386225 
0.376072 -0.189061 
-0.59364 -0.0819739 
-0.593296 -0.0633523 
-0.592025 -0.0447381 
-0.572115 -0.209661 
-0.577465 -0.192076 
-0.197437 -0.570353 
-0.221432 -0.562422 
-0.266961 -0.543839 
-0.591615 -0.11912 
-0.120937 -0.587112 
-0.147133 -0.582855 
-0.0941708 -0.589794 
-0.460719 -0.400685 
-0.554997 -0.255054 
-0.485949 -0.37056 
-0.366683 -0.485388 
-0.348302 -0.498202 
-0.53098 -0.303367 
-0.432531 -0.430022 
-0.401164 -0.458412 
-0.447021 -0.415446 
-0.288488 -0.533385 
-0.384305 -0.472109 
-0.501954 -0.349043 
-0.589286 -0.137606 
-0.329146 -0.510508 
0.107569 -0.537182 
0.0641544 -0.563023 
-0.172664 -0.577211 
-0.0396892 -0.589617 
0.0140455 -0.580883 
0.0398172 -0.573048 
0.0867731 -0.551002 
-0.473694 -0.385712 
0.171856 -0.469677 
0.142908 -0.505784 
0.185296 -0.448609 
-0.593073 -0.100567 
0.228765 -0.362647 
0.196996 -0.427734 
0.259426 -0.304652 
-0.517951 -0.325134 
0.298961 -0.250699 
0.20708 -0.40798 
0.403619 -0.173731 
-0.417238 -0.444368 
0.126275 -0.52199 
-0.543766 -0.279292 
0.480113 -0.133308 
0.502604 -0.119447 
0.537 -0.0937749 
0.549265 -0.0827029 
0.521528 -0.106157 
0.591677 -0.0303994 
0.57795 -0.0505496 
-0.582154 -0.174173 
-0.58612 -0.155973 
-0.564771 -0.230711 
-0.309222 -0.522248 
0.157864 -0.488553 
-0.0669967 -0.590697 
0.430197 -0.15999 
-0.0124912 -0.586373 
0.455905 -0.14668 
0.347881 -0.207278 
0.242354 -0.33526 
0.278246 -0.27629 
0.612756 0.0128369 
0.603277 -0.00923044 
0.562359 -0.0693114 
0.321807 -0.227976 
