ZONE T="boundary0"
-4 -0.827162 
-4 0.118544 
-4 0.602875 
-4 -0.26453 
-4 0.702157 
-4 0.801438 
-4 1 
-4 -1 
-4 -0.469657 
-4 -0.1823 
-4 0.227374 
-4 0.169398 
-4 0.28535 
-4 0.354781 
-4 0.424213 
-4 0.468878 
-4 0.513544 
-4 -0.350021 
-4 -0.0573051 
-4 -0.29194 
-4 -0.654323 
-4 -0.531212 
-4 -0.23712 
-4 -0.119803 
-4 -0.408101 
-4 0.0676899 
-4 0.652516 
-4 0.751797 
-4 0.143971 
-4 0.256362 
-4 0.198386 
-4 0.389497 
-4 0.446546 
-4 0.55821 
-4 -0.32098 
-4 0.320066 
-4 -0.592768 
-4 -0.740743 
-4 -0.913581 
-4 -0.278235 
-4 -0.250825 
-4 -0.0885539 
-4 -0.20971 
-4 -0.379061 
-4 -0.151051 
-4 0.0931168 
-4 0.00519238 
-4 0.491211 
-4 -0.500435 
-4 -0.438879 
-4 0.900719 
ZONE T="boundary1"
1.4995 1 
-0.337924 1 
-0.259275 1 
-1.74805 1 
-1.57298 1 
0.639475 1 
-0.658295 1 
-0.723471 1 
-2.61985 1 
0.863711 1 
0.978 1 
1.09491 1 
-4 1 
-3.74117 1 
1.87138 1 
-1.44599 1 
-1.31899 1 
-2.1585 1 
-2.38918 1 
2.57365 1 
2.40865 1 
2.14001 1 
4 1 
2.90363 1 
2.73864 1 
-2.81241 1 
-3.00496 1 
-3.24366 1 
-3.48235 1 
-0.189138 1 
0.219967 1 
-0.0490101 1 
-0.416574 1 
-0.504846 1 
-0.593118 1 
0.0831896 1 
0.0209814 1 
-0.119002 1 
0.294537 1 
-0.787927 1 
-0.852383 1 
0.529526 1 
0.412032 1 
-1.084 1 
-0.96819 1 
-1.2015 1 
1.42758 1 
1.35566 1 
1.21182 1 
0.749423 1 
1.68544 1 
-1.95327 1 
3.06862 1 
3.30146 1 
3.53431 1 
0.145398 1 
3.76715 1 
-1.85066 1 
1.59247 1 
-0.2986 1 
-1.66052 1 
-0.690883 1 
0.920855 1 
1.03646 1 
-3.87059 1 
-1.38249 1 
-2.27384 1 
2.49115 1 
2.82113 1 
-2.90869 1 
-3.363 1 
-0.224207 1 
-0.548982 1 
-0.625706 1 
-0.377249 1 
0.0520855 1 
-0.0840062 1 
0.257252 1 
-0.820155 1 
0.5845 1 
0.353284 1 
-0.755699 1 
-1.02609 1 
0.470779 1 
-0.910287 1 
-1.26024 1 
-3.61176 1 
1.39162 1 
1.15337 1 
0.806567 1 
1.28374 1 
-1.50948 1 
-3.12431 1 
-2.50451 1 
2.98612 1 
2.0057 1 
1.77841 1 
3.41789 1 
3.18504 1 
0.114294 1 
-0.15407 1 
-0.46071 1 
-0.0140144 1 
0.182683 1 
-2.71613 1 
-1.79936 1 
-1.90197 1 
-2.05589 1 
2.65614 1 
3.65073 1 
-1.14275 1 
3.88358 1 
1.63896 1 
1.54599 1 
1.46354 1 
0.694449 1 
2.27433 1 
ZONE T="boundary2"
4 -0.598255 
4 -0.503312 
4 -0.369389 
4 -0.693198 
4 -0.0742308 
4 -0.00923366 
4 -0.227587 
4 0.349389 
4 0.41484 
4 0.217469 
4 -0.139228 
4 0.283939 
4 1 
4 0.808483 
4 -0.183407 
4 0.110941 
4 0.150999 
4 -0.298488 
4 0.515903 
4 0.0708825 
4 -0.43635 
4 0.616965 
4 -0.846599 
4 -1 
4 -0.550784 
4 -0.0417322 
4 0.250704 
4 0.904241 
4 -0.161318 
4 0.13097 
4 -0.333938 
4 0.184234 
4 0.0308244 
4 0.382115 
4 0.316664 
4 0.566434 
4 0.465371 
4 -0.923299 
4 -0.205497 
4 -0.263037 
4 -0.402869 
4 0.0909116 
4 -0.106729 
4 -0.469831 
4 0.712724 
4 -0.645726 
4 -0.769898 
ZONE T="boundary3"
-0.974047 -1 
-0.310452 -1 
-0.249111 -1 
-0.751318 -1 
0.853202 -1 
-0.404494 -1 
0.186393 -1 
-0.0519753 -1 
0.00789479 -1 
-0.547078 -1 
-0.649198 -1 
-1.0872 -1 
1.87067 -1 
1.44788 -1 
-2.69236 -1 
-2.4621 -1 
3.2459 -1 
3.4196 -1 
2.49628 -1 
2.78424 -1 
-4 -1 
-3.63074 -1 
3.5848 -1 
-3.44611 -1 
2.26784 -1 
-2.92261 -1 
-1.91296 -1 
0.404744 -1 
-0.187771 -1 
0.489637 -1 
0.253122 -1 
0.319851 -1 
0.77247 -1 
0.590687 -1 
0.691737 -1 
0.362298 -1 
0.127079 -1 
-0.862683 -1 
-0.119874 -1 
0.0677649 -1 
1.12757 -1 
1.07325 -1 
-1.20036 -1 
-3.26148 -1 
-1.5697 -1 
-1.48758 -1 
-1.30291 -1 
-1.40546 -1 
1.34204 -1 
-1.73393 -1 
-3.09205 -1 
1.57491 -1 
1.70194 -1 
3.0722 -1 
-2.27705 -1 
-2.092 -1 
2.0394 -1 
3.875 -1 
4 -1 
3.75 -1 
0.936069 -1 
1.01894 -1 
1.23621 -1 
-0.279782 -1 
-0.357473 -1 
-0.0220403 -1 
-0.598138 -1 
-2.57723 -1 
3.33275 -1 
2.64026 -1 
-3.81537 -1 
3.5022 -1 
-3.53842 -1 
2.38206 -1 
-0.475786 -1 
0.447191 -1 
0.286487 -1 
0.812836 -1 
0.219757 -1 
0.540162 -1 
0.641212 -1 
0.383521 -1 
0.156736 -1 
-0.807 -1 
-0.0859244 -1 
0.0378299 -1 
-0.918365 -1 
-0.700258 -1 
-1.14378 -1 
-3.35379 -1 
-1.52864 -1 
-1.25163 -1 
1.39496 -1 
-1.03062 -1 
-1.65181 -1 
-3.17676 -1 
-2.80749 -1 
2.92822 -1 
2.15362 -1 
3.9375 -1 
-3.00733 -1 
1.95504 -1 
-2.18452 -1 
3.6674 -1 
3.8125 -1 
1.7863 -1 
-2.36958 -1 
-2.00248 -1 
-1.82345 -1 
0.341075 -1 
-0.153822 -1 
0.732103 -1 
0.894636 -1 
0.977503 -1 
1.10041 -1 
1.0461 -1 
1.18189 -1 
0.0974219 -1 
-0.218441 -1 
1.28913 -1 
-1.35419 -1 
-1.44652 -1 
3.15905 -1 
1.63842 -1 
1.5114 -1 
ZONE T="boundary4"
0.00536162 0.494434 
0.0309192 0.48489 
-0.624667 0.024079 
0.651715 -0.00617951 
-0.0204033 0.502522 
-0.512859 0.338897 
-0.235313 0.51024 
-0.208296 0.515107 
-0.181144 0.51829 
-0.625578 0.0483557 
0.0811045 0.4619 
0.106152 0.448488 
-0.622393 0.0978556 
-0.153957 0.519783 
-0.288414 0.495583 
-0.618266 0.122923 
-0.606978 0.167044 
-0.612456 0.14807 
-0.600597 0.185939 
-0.593153 0.205207 
-0.586625 0.220408 
-0.12681 0.519591 
-0.0998349 0.517733 
-0.562163 0.268357 
-0.547244 0.292541 
-0.45485 0.39841 
-0.433486 0.416152 
-0.475243 0.379569 
-0.339579 0.474684 
-0.364206 0.462047 
-0.314277 0.485888 
-0.494591 0.359717 
-0.411227 0.43271 
-0.262047 0.503721 
-0.0730503 0.514237 
-0.529953 0.31721 
-0.0466062 0.509159 
-0.579628 0.235399 
-0.624827 0.0729653 
0.516419 0.195311 
0.539767 0.177768 
-0.388109 0.448034 
0.130853 0.434188 
0.156222 0.418606 
-0.571188 0.252042 
0.58217 0.138466 
0.207703 0.385325 
0.348625 0.296997 
0.407646 0.262779 
0.562002 0.158696 
0.490668 0.212715 
0.436132 0.246122 
0.464339 0.22922 
0.0560786 0.474047 
0.181371 0.402526 
0.634129 0.0583376 
0.639009 0.045783 
0.654021 -0.0328442 
0.64672 0.0201219 
0.625547 0.076748 
0.615637 0.0943271 
0.653195 -0.0194378 
0.234009 0.368084 
0.261981 0.349984 
0.290071 0.332259 
0.378193 0.279814 
0.319305 0.314387 
0.600105 0.116998 
0.0182023 0.489827 
-0.194744 0.516908 
0.0936896 0.455309 
-0.609825 0.157588 
-0.596977 0.195613 
-0.62533 0.0362096 
-0.60389 0.176526 
-0.113308 0.518869 
-0.554878 0.280556 
-0.444286 0.407423 
-0.465171 0.389124 
-0.351982 0.46854 
-0.327009 0.480469 
-0.485047 0.369769 
-0.422468 0.424581 
-0.221841 0.51288 
-0.275291 0.499849 
-0.140382 0.519897 
-0.0864161 0.516188 
-0.0334571 0.506029 
-0.62541 0.0606669 
0.528218 0.186705 
-0.503862 0.349427 
-0.376255 0.455207 
0.143581 0.426468 
-0.52155 0.328167 
-0.538782 0.305004 
-0.575481 0.243758 
-0.566751 0.260241 
0.572297 0.148791 
0.503636 0.204152 
0.421905 0.254477 
0.477557 0.221054 
-0.167562 0.519247 
-0.0597904 0.511894 
0.0435629 0.479618 
-0.301417 0.490926 
-0.0074654 0.498654 
0.0686563 0.468106 
0.194549 0.393944 
0.118555 0.441429 
-0.248729 0.507183 
0.636652 0.0520924 
0.643201 0.0330536 
0.620759 0.0856314 
0.652538 -0.0127994 
0.653691 -0.026136 
0.649557 0.00703568 
0.450266 0.237722 
0.168824 0.410609 
0.551056 0.168433 
-0.399773 0.44053 
0.247975 0.359002 
0.220851 0.376697 
0.275997 0.341075 
0.363397 0.288384 
0.33394 0.305649 
0.392923 0.271302 
0.304655 0.32327 
0.630018 0.0676268 
-0.623817 0.0854307 
-0.620532 0.110423 
-0.615558 0.135542 
-0.583184 0.22793 
-0.589949 0.212834 
0.591385 0.127938 
0.60815 0.105853 
ZONE T="boundary5"
0.1006 -0.458576 
0.07259 -0.456268 
-0.121296 -0.419662 
-0.0938094 -0.426921 
-0.56126 -0.153309 
-0.617982 -0.0232553 
-0.622125 0.000196904 
-0.624667 0.024079 
0.565899 -0.292099 
0.651055 -0.0864861 
0.653746 -0.0596815 
-0.596277 -0.0906693 
-0.605027 -0.0687145 
-0.574351 -0.132999 
-0.495865 -0.228842 
-0.513994 -0.210836 
-0.612274 -0.0462283 
0.596179 -0.24374 
-0.412642 -0.294552 
-0.203969 -0.3938 
-0.231325 -0.38386 
-0.258651 -0.373189 
-0.338708 -0.336972 
-0.0661513 -0.433553 
-0.0385852 -0.439487 
-0.148938 -0.411694 
-0.176389 -0.403111 
-0.481483 -0.242044 
-0.466678 -0.254754 
-0.546783 -0.17307 
-0.364118 -0.323584 
-0.435104 -0.279148 
-0.451097 -0.267229 
-0.389063 -0.309299 
0.242133 -0.456519 
0.213678 -0.458958 
0.326956 -0.441861 
-0.586042 -0.112105 
-0.531 -0.192246 
0.484567 -0.371807 
0.128759 -0.460057 
-0.010864 -0.444762 
0.0168409 -0.449323 
0.0446761 -0.453172 
0.270492 -0.452922 
0.156968 -0.460654 
0.185331 -0.460309 
0.409197 -0.414249 
0.507338 -0.354225 
0.298804 -0.448066 
0.354818 -0.434218 
0.382293 -0.425038 
0.460629 -0.387591 
0.528426 -0.335167 
0.435377 -0.401779 
0.548058 -0.314362 
0.620501 -0.192233 
0.630654 -0.166048 
0.611958 -0.211797 
0.602743 -0.231052 
0.557202 -0.303411 
0.581892 -0.268519 
0.646152 -0.113188 
0.654021 -0.0328442 
-0.28571 -0.361833 
-0.31238 -0.349792 
0.639276 -0.139701 
0.0865868 -0.457523 
-0.107573 -0.423369 
-0.620255 -0.0115648 
-0.600835 -0.079765 
-0.567961 -0.143254 
-0.505033 -0.219943 
-0.608841 -0.0575329 
-0.217676 -0.38891 
-0.24502 -0.378608 
-0.0799994 -0.430317 
-0.0523856 -0.436601 
-0.13514 -0.415756 
-0.162688 -0.407479 
-0.554165 -0.163295 
-0.351468 -0.330384 
-0.443151 -0.273257 
-0.423958 -0.286973 
-0.376657 -0.316557 
-0.458942 -0.261059 
0.227917 -0.457878 
-0.591335 -0.101471 
-0.190206 -0.398534 
-0.539022 -0.182765 
0.114674 -0.459424 
-0.0247407 -0.442209 
0.0586224 -0.454816 
0.00297406 -0.44713 
0.142861 -0.460469 
0.171151 -0.460603 
0.199511 -0.459763 
0.312918 -0.445136 
0.340938 -0.438223 
0.395827 -0.419849 
-0.580363 -0.122645 
0.518068 -0.344903 
0.472741 -0.379917 
0.448126 -0.394905 
0.422389 -0.408228 
0.538452 -0.324962 
0.625741 -0.179204 
0.607436 -0.221465 
0.552686 -0.308933 
0.561608 -0.297799 
0.589242 -0.256249 
0.599504 -0.237418 
0.574125 -0.280465 
0.616314 -0.202052 
0.256332 -0.454869 
-0.400927 -0.302044 
-0.488729 -0.235503 
0.654198 -0.0462661 
0.496121 -0.363233 
0.64886 -0.0998842 
0.0307458 -0.451339 
-0.272217 -0.367599 
0.368621 -0.429823 
0.284676 -0.450655 
-0.325593 -0.343482 
-0.299087 -0.355905 
0.652688 -0.0731127 
-0.474134 -0.248461 
-0.615325 -0.0347907 
-0.623601 0.0121162 
-0.522613 -0.201648 
0.642937 -0.126502 
0.635155 -0.152937 
