ZONE T="boundary0"
-4 -0.0667723 
-4 0.0311533 
-4 0.277024 
-4 0.221578 
-4 0.129079 
-4 0.175328 
-4 0.0801161 
-4 -1 
-4 -0.80095 
-4 1 
-4 0.379129 
-4 -0.137906 
-4 -0.20904 
-4 -0.309569 
-4 -0.276059 
-4 -0.400006 
-4 -0.456933 
-4 -0.529416 
-4 -0.6019 
-4 -0.701425 
-4 0.326252 
-4 0.432007 
-4 0.634862 
-4 0.533435 
-4 0.817431 
-4 -0.343079 
-4 -0.0178095 
-4 0.249301 
-4 0.152204 
-4 0.0556347 
-4 -0.900475 
-4 0.198453 
-4 -0.173473 
-4 -0.102339 
-4 -0.493175 
-4 -0.565658 
-4 -0.651662 
-4 0.352691 
-4 0.405568 
-4 -0.751187 
-4 0.584148 
-4 0.908715 
-4 0.104597 
-4 -0.292814 
-4 -0.242549 
-4 -0.326324 
-4 -0.42847 
-4 -0.371543 
-4 0.301638 
-4 0.726146 
-4 0.482721 
ZONE T="boundary1"
0.00540901 1 
0.938258 1 
1.21707 1 
-0.0504386 1 
-1.37103 1 
0.55366 1 
1.44141 1 
-0.952925 1 
0.766755 1 
0.660208 1 
-0.850499 1 
1.32924 1 
-1.14129 1 
-2.14355 1 
1.10625 1 
4 1 
3.67307 1 
3.34615 1 
2.25913 1 
2.51512 1 
3.10297 1 
2.00315 1 
2.13114 1 
-3.60001 1 
-4 1 
-2.43166 1 
-2.2876 1 
1.85175 1 
-0.15817 1 
-0.104304 1 
0.135968 1 
0.0612566 1 
-0.303785 1 
-0.385837 1 
-0.467889 1 
0.210679 1 
0.290938 1 
0.462429 1 
0.416813 1 
0.371198 1 
0.995425 1 
0.88109 1 
-0.607981 1 
-1.25616 1 
-1.50418 1 
-1.63732 1 
1.70036 1 
-2.86441 1 
-3.03221 1 
-3.20002 1 
-3.40001 1 
-2.64803 1 
-1.85543 1 
2.8598 1 
2.68746 1 
-0.230978 1 
-0.748072 1 
0.713482 1 
1.38532 1 
1.16166 1 
3.83654 1 
3.50961 1 
2.38713 1 
3.22456 1 
2.06714 1 
-3.8 1 
-2.21558 1 
-0.131237 1 
-0.0225148 1 
0.0333328 1 
-0.426863 1 
0.0986122 1 
0.173323 1 
0.250808 1 
0.508044 1 
0.394006 1 
0.823923 1 
-0.537935 1 
0.439621 1 
-0.901712 1 
-1.19873 1 
-1.04711 1 
-1.43761 1 
-1.3136 1 
1.57088 1 
-2.94831 1 
-3.50001 1 
1.92745 1 
1.27315 1 
1.77606 1 
2.19514 1 
-1.99949 1 
-2.35963 1 
2.77363 1 
-3.30002 1 
-3.11611 1 
2.98138 1 
-2.53985 1 
2.60129 1 
-1.74637 1 
-0.0773715 1 
-0.344811 1 
-0.194574 1 
-0.267381 1 
0.331068 1 
-0.678027 1 
-0.799286 1 
0.606934 1 
0.966842 1 
0.909674 1 
1.05084 1 
-1.57075 1 
-2.75622 1 
ZONE T="boundary2"
4 -0.664967 
4 -0.553402 
4 -0.441838 
4 -0.256339 
4 -0.231141 
4 0.800006 
4 0.497827 
4 0.600011 
4 -0.832483 
4 0.252796 
4 0.288508 
4 1 
4 -0.0998024 
4 -0.281538 
4 0.00201126 
4 0.103825 
4 -0.386886 
4 -0.331934 
4 0.395643 
4 0.324219 
4 0.446735 
4 -1 
4 -0.165472 
4 -0.198306 
4 0.215553 
4 0.17831 
4 0.141068 
4 0.0529181 
4 -0.49762 
4 -0.24374 
4 0.548919 
4 0.270652 
4 -0.0488956 
4 -0.414362 
4 -0.306736 
4 -0.35941 
4 -0.609184 
4 0.359931 
4 0.306364 
4 0.700008 
4 0.900003 
4 -0.916242 
4 -0.748725 
4 -0.214723 
4 -0.181889 
4 -0.132637 
4 -0.268938 
4 0.472281 
4 0.421189 
4 0.196932 
4 0.234175 
4 0.159689 
4 0.0783715 
4 0.0274647 
4 0.122446 
ZONE T="boundary3"
-0.125972 -1 
-0.527619 -1 
-1.33711 -1 
-1.17562 -1 
3.42064 -1 
-4 -1 
-1.40871 -1 
-3.25766 -1 
-3.55302 -1 
-0.861312 -1 
-2.80853 -1 
1.86044 -1 
-3.03309 -1 
-2.65475 -1 
-2.50098 -1 
2.76099 -1 
-2.08787 -1 
-1.87115 -1 
-1.76279 -1 
-1.65443 -1 
2.08281 -1 
2.30519 -1 
2.53309 -1 
2.99426 -1 
3.22752 -1 
-2.29442 -1 
0.257569 -1 
0.559157 -1 
0.336629 -1 
0.447893 -1 
0.0985662 -1 
0.0186245 -1 
0.178508 -1 
-0.631846 -1 
-0.191198 -1 
-0.0536736 -1 
-0.423393 -1 
0.857032 -1 
-0.256423 -1 
-0.339908 -1 
0.708094 -1 
-3.77651 -1 
-0.746579 -1 
-1.2655 -1 
-1.08574 -1 
-0.973525 -1 
1.00126 -1 
1.38303 -1 
1.26426 -1 
1.14549 -1 
1.5988 -1 
3.61376 -1 
3.80688 -1 
4 -1 
-1.37291 -1 
-3.40534 -1 
-2.92081 -1 
-2.57786 -1 
-1.97951 -1 
-1.70861 -1 
1.97163 -1 
2.41914 -1 
3.11089 -1 
-2.19115 -1 
-2.3977 -1 
0.392261 -1 
0.0585953 -1 
0.297099 -1 
0.138537 -1 
-0.579733 -1 
-0.158585 -1 
-0.0898227 -1 
0.218038 -1 
-0.38165 -1 
0.633626 -1 
0.782563 -1 
-0.22381 -1 
-0.298166 -1 
-3.88826 -1 
-0.475506 -1 
0.503525 -1 
-0.803945 -1 
-0.689213 -1 
-3.66477 -1 
-1.30131 -1 
-1.02963 -1 
0.929147 -1 
-1.13068 -1 
-1.22056 -1 
1.32365 -1 
1.20488 -1 
-0.917418 -1 
-1.53157 -1 
1.49092 -1 
1.72962 -1 
-2.73164 -1 
3.32408 -1 
3.5172 -1 
2.194 -1 
3.90344 -1 
3.71032 -1 
2.87762 -1 
2.64704 -1 
-3.14538 -1 
-0.0175246 -1 
1.07338 -1 
-1.81697 -1 
ZONE T="boundary4"
-0.627035 -0.015189 
-0.626921 0.00387412 
-0.625693 0.0228566 
-0.501818 0.23342 
-0.488822 0.24244 
0.550034 0.277274 
0.540907 0.289555 
0.589459 0.199722 
0.578922 0.225901 
-0.433254 0.273546 
-0.475541 0.250892 
-0.207102 0.346681 
-0.227915 0.341033 
-0.447683 0.266462 
0.484325 0.344112 
0.496122 0.334957 
-0.619745 0.0603622 
-0.615662 0.076357 
-0.623307 0.0417392 
-0.571128 0.166147 
-0.561711 0.178066 
-0.553111 0.187929 
-0.537704 0.203665 
-0.610707 0.0919425 
-0.589149 0.138867 
-0.595182 0.127874 
-0.6007 0.116633 
-0.579934 0.153682 
-0.267013 0.330279 
-0.247456 0.335689 
0.514179 0.318997 
-0.514185 0.224055 
-0.526216 0.214097 
-0.355242 0.30396 
-0.371681 0.298377 
0.472092 0.352717 
0.459969 0.360461 
-0.338738 0.309273 
-0.321345 0.314623 
-0.303929 0.319782 
-0.285468 0.32509 
-0.186302 0.352289 
-0.164047 0.358249 
-0.461858 0.258878 
-0.141794 0.364155 
-0.0696539 0.382618 
-0.0447998 0.388582 
-0.38755 0.292645 
0.597215 0.0193767 
-0.0192421 0.394405 
0.00644396 0.399875 
-0.11813 0.370352 
-0.0944347 0.376434 
0.0326364 0.404994 
0.396266 0.391218 
0.422129 0.38049 
0.112837 0.417091 
0.140433 0.419777 
0.168173 0.421599 
-0.40329 0.286555 
0.340947 0.407886 
0.225055 0.422261 
0.196575 0.422474 
0.253919 0.420834 
0.283001 0.418048 
0.369119 0.400364 
0.531111 0.301329 
0.602946 0.151034 
0.566532 0.250784 
0.558621 0.26428 
0.602706 0.0409943 
0.606358 0.0627817 
0.608191 0.0849969 
0.606385 0.129265 
0.597095 0.175718 
0.593494 0.187789 
0.608174 0.107197 
0.312099 0.413769 
0.0589909 0.409607 
0.0858297 0.413686 
0.43495 0.374336 
0.447524 0.367692 
0.572983 0.238471 
-0.626449 0.0133742 
-0.495366 0.237996 
0.545555 0.283477 
0.584445 0.212914 
-0.217509 0.343862 
-0.440498 0.270065 
0.490278 0.339605 
-0.617819 0.0683887 
-0.566498 0.172168 
-0.545548 0.195933 
-0.613298 0.0841854 
-0.592228 0.133405 
-0.584659 0.146347 
-0.598005 0.122285 
-0.621676 0.051079 
-0.257236 0.332993 
-0.557466 0.183045 
0.505312 0.327158 
-0.520256 0.219143 
-0.532021 0.208948 
-0.575616 0.159974 
-0.508051 0.228802 
-0.363473 0.301205 
0.466072 0.356654 
-0.346999 0.306646 
-0.237686 0.338367 
-0.276243 0.327696 
-0.312642 0.317222 
-0.175176 0.355274 
-0.152922 0.361209 
-0.057235 0.385631 
-0.196703 0.349489 
-0.606002 0.104407 
-0.37963 0.295552 
-0.00641062 0.397189 
-0.106287 0.37341 
-0.330049 0.311974 
-0.482223 0.246731 
-0.468737 0.25495 
-0.627115 -0.00565672 
-0.0320312 0.391534 
0.0195273 0.402494 
0.409292 0.386081 
-0.294702 0.322453 
0.478258 0.348485 
0.126624 0.418538 
-0.418366 0.280269 
0.210815 0.42251 
0.268476 0.419617 
0.382768 0.396016 
0.53609 0.295509 
0.562665 0.257584 
0.604759 0.0518495 
0.607508 0.0738695 
0.604865 0.140181 
0.595349 0.181771 
0.554417 0.270836 
0.608409 0.0960968 
-0.0820511 0.37955 
-0.129966 0.367265 
0.154294 0.420802 
0.182369 0.422167 
0.297578 0.416101 
0.326565 0.411035 
0.0723968 0.411727 
0.0993206 0.415479 
0.239494 0.421706 
0.355091 0.404344 
0.0458001 0.40737 
0.441269 0.371076 
-0.624647 0.0323163 
0.600181 0.030129 
-0.454805 0.262735 
0.522834 0.310343 
-0.395439 0.289648 
0.607495 0.118248 
0.600262 0.163433 
0.59153 0.193772 
0.576014 0.232217 
0.453784 0.364141 
0.42857 0.377473 
0.569824 0.244661 
ZONE T="boundary5"
0.570811 -0.0430695 
0.559083 -0.0633954 
-0.577901 -0.198386 
-0.40805 -0.408713 
-0.621171 -0.072024 
-0.624108 -0.0531779 
-0.627035 -0.015189 
-0.626081 -0.0342011 
-0.607026 -0.127739 
-0.593673 -0.163814 
-0.600707 -0.1459 
-0.617313 -0.0907549 
-0.612584 -0.109329 
-0.586086 -0.181227 
-0.391154 -0.421904 
-0.205822 -0.522703 
-0.22962 -0.513428 
-0.252133 -0.503789 
-0.274312 -0.493421 
-0.316029 -0.471381 
-0.33569 -0.459738 
-0.505524 -0.311693 
-0.482687 -0.338365 
-0.295354 -0.482736 
-0.354955 -0.447475 
-0.0755774 -0.558498 
-0.156202 -0.539213 
-0.181727 -0.531183 
-0.469033 -0.352969 
-0.565301 -0.222402 
-0.53658 -0.269611 
-0.551693 -0.245917 
0.405243 -0.371411 
-0.520292 -0.292652 
-0.373265 -0.434975 
-0.454923 -0.367153 
-0.42451 -0.395003 
-0.439938 -0.38131 
0.363302 -0.441344 
0.342846 -0.465089 
0.390101 -0.400928 
0.38189 -0.414703 
0.0436962 -0.570527 
0.0132427 -0.569386 
-0.0464854 -0.563265 
-0.0172693 -0.566885 
0.218496 -0.544259 
0.105435 -0.568298 
0.0745329 -0.570215 
0.546494 -0.0832481 
0.135324 -0.56476 
0.192444 -0.55261 
0.164584 -0.559499 
0.242691 -0.534583 
0.265571 -0.523433 
0.310246 -0.494504 
0.332355 -0.475529 
0.288195 -0.510129 
0.373157 -0.427927 
0.397907 -0.386438 
0.414435 -0.350459 
0.422893 -0.329053 
0.443083 -0.272564 
0.532194 -0.104541 
0.597215 0.0193767 
0.433119 -0.300934 
0.476696 -0.192596 
0.48914 -0.170272 
0.517684 -0.125789 
0.590007 -0.00179036 
0.581185 -0.0225411 
0.503099 -0.147739 
0.463743 -0.21939 
-0.1031 -0.552926 
-0.130425 -0.546364 
0.452885 -0.245762 
0.565072 -0.0533046 
-0.622756 -0.0626191 
-0.626688 -0.0247016 
-0.597276 -0.15489 
-0.619353 -0.0814121 
-0.609904 -0.118564 
-0.582064 -0.18984 
-0.399654 -0.415374 
-0.217759 -0.518165 
-0.263265 -0.498696 
-0.325906 -0.465638 
-0.494294 -0.325189 
-0.305738 -0.477143 
-0.193809 -0.527043 
-0.615053 -0.100068 
-0.475917 -0.34572 
-0.57173 -0.210461 
-0.558617 -0.234228 
-0.528576 -0.281229 
-0.36416 -0.441298 
-0.382263 -0.428511 
-0.462033 -0.360115 
-0.447486 -0.37429 
-0.416335 -0.401923 
-0.603959 -0.136851 
-0.240915 -0.5087 
0.353378 -0.453484 
0.386072 -0.407863 
0.0284642 -0.57013 
-0.0610536 -0.561022 
-0.0318944 -0.56522 
0.0899988 -0.569465 
0.120407 -0.566744 
0.178572 -0.556285 
-0.625218 -0.0437024 
0.254235 -0.529222 
0.32153 -0.485288 
0.337665 -0.470375 
0.277018 -0.517012 
0.394079 -0.393725 
0.377601 -0.421368 
0.40995 -0.360986 
0.401645 -0.37896 
0.368316 -0.434702 
0.418747 -0.33979 
0.428083 -0.315024 
-0.589956 -0.172554 
0.438099 -0.286752 
0.482777 -0.181354 
0.524933 -0.115159 
0.552873 -0.0733746 
0.539393 -0.0939254 
0.593815 0.00872333 
0.585778 -0.0122434 
0.23068 -0.539637 
-0.513004 -0.302246 
-0.432277 -0.388216 
0.205543 -0.548659 
-0.345373 -0.453685 
-0.168999 -0.535308 
-0.284876 -0.488163 
0.576155 -0.0328846 
0.51033 -0.13672 
0.496008 -0.158931 
0.470006 -0.205884 
-0.0893632 -0.555836 
-0.116791 -0.549767 
0.059118 -0.570562 
-0.544274 -0.25785 
0.299391 -0.50256 
0.447897 -0.259132 
-0.143344 -0.542898 
-0.00202559 -0.5683 
0.149997 -0.562358 
0.458142 -0.232504 
