ZONE T="boundary0"
-4 -0.504856 
-4 -0.265712 
-4 0.148736 
-4 0.257043 
-4 0.196092 
-4 0.318236 
-4 0.700587 
-4 0.379429 
-4 0.0072842 
-4 0.0780101 
-4 -0.133551 
-4 0.610706 
-4 1 
-4 -0.802624 
-4 -0.214459 
-4 -0.174005 
-4 0.450126 
-4 0.520824 
-4 -0.316965 
-4 -0.360714 
-4 -0.240086 
-4 0.850294 
-4 -0.605249 
-4 -1 
-4 -0.404464 
-4 0.226567 
-4 0.287639 
-4 0.348832 
-4 0.0426471 
-4 0.655647 
-4 0.172414 
-4 0.113373 
-4 -0.194232 
-4 0.485475 
-4 0.414778 
-4 -0.0631334 
-4 -0.291338 
-4 -0.153778 
-4 -0.252899 
-4 0.565765 
-4 0.925147 
-4 0.775441 
-4 -0.901312 
-4 -0.703936 
-4 -0.338839 
-4 -0.227272 
-4 -0.555052 
-4 -0.45466 
-4 -0.382589 
ZONE T="boundary1"
1.13688 1 
1.24566 1 
3.72583 1 
3.86291 1 
4 1 
-0.540156 1 
-0.462341 1 
0.0469005 1 
0.119147 1 
-3.68127 1 
-0.88381 1 
1.02612 1 
-1.00278 1 
-1.09123 1 
-1.17968 1 
1.48543 1 
-2.13794 1 
-1.93203 1 
-4 1 
-2.33884 1 
-3.35022 1 
-3.14162 1 
3.29778 1 
1.97453 1 
2.90812 1 
-2.53974 1 
-2.73638 1 
3.45166 1 
-0.690885 1 
-0.763798 1 
-0.617971 1 
0.468243 1 
0.577798 1 
-0.248833 1 
-0.322724 1 
-0.392533 1 
0.277515 1 
0.372879 1 
0.198331 1 
-0.0253461 1 
-0.174942 1 
-0.100144 1 
0.687353 1 
0.801358 1 
-1.31097 1 
-1.44226 1 
-1.58419 1 
-1.72613 1 
0.915362 1 
-3.51575 1 
1.35444 1 
1.79547 1 
1.61642 1 
3.58874 1 
-2.93302 1 
2.15959 1 
2.67232 1 
2.50849 1 
3.14391 1 
2.34466 1 
-0.823804 1 
1.19127 1 
3.79437 1 
-0.501249 1 
0.0830238 1 
-0.943295 1 
-1.13545 1 
-2.03498 1 
-3.84064 1 
-3.24592 1 
-0.727341 1 
-0.579064 1 
-0.654428 1 
0.523021 1 
-0.285779 1 
0.325197 1 
0.237923 1 
-0.137543 1 
0.632576 1 
-1.047 1 
0.420561 1 
0.744355 1 
-1.24532 1 
-1.37661 1 
-1.65516 1 
1.0815 1 
0.970742 1 
0.85836 1 
-1.82908 1 
-3.43298 1 
1.55092 1 
-3.59851 1 
3.5202 1 
-2.63806 1 
-2.8347 1 
1.70595 1 
1.885 1 
2.59041 1 
3.02601 1 
2.79022 1 
3.22084 1 
2.25212 1 
2.06706 1 
2.42657 1 
-3.03732 1 
-2.43929 1 
0.158739 1 
-0.793801 1 
-0.211888 1 
-0.357629 1 
-0.427437 1 
0.0107772 1 
-0.0627451 1 
-0.853807 1 
3.93146 1 
3.65729 1 
3.37472 1 
-2.23839 1 
1.30005 1 
1.41993 1 
-1.51323 1 
ZONE T="boundary2"
4 -0.316284 
4 -0.636975 
4 -0.818488 
4 -0.242283 
4 -0.188265 
4 -0.0709966 
4 -0.0168414 
4 -0.457258 
4 1 
4 0.773106 
4 -0.125152 
4 0.15819 
4 0.216534 
4 0.282592 
4 0.348649 
4 -0.386771 
4 0.447431 
4 0.546212 
4 0.0998461 
4 -1 
4 0.39804 
4 -0.727732 
4 -0.215274 
4 -0.043919 
4 -0.279283 
4 0.886553 
4 0.187362 
4 0.315621 
4 -0.547117 
4 -0.0980742 
4 -0.422014 
4 0.496821 
4 0.659659 
4 0.249563 
4 0.0415024 
4 -0.909244 
4 -0.156708 
4 0.129018 
4 -0.351527 
4 0.422735 
4 0.373345 
ZONE T="boundary3"
-3.51181 -1 
3.23389 -1 
3.0191 -1 
-0.0909574 -1 
-0.152117 -1 
2.10929 -1 
1.94288 -1 
-0.818497 -1 
-0.513971 -1 
0.370367 -1 
0.729852 -1 
-0.0297978 -1 
-0.709734 -1 
-0.600971 -1 
0.305109 -1 
-1.15069 -1 
-1.25854 -1 
0.835128 -1 
0.963443 -1 
0.0244005 -1 
1.04315 -1 
3.44868 -1 
1.21979 -1 
-1.67792 -1 
-2.43678 -1 
-2.06603 -1 
2.44213 -1 
-2.70981 -1 
3.86217 -1 
2.81382 -1 
-2.98284 -1 
-3.24733 -1 
-3.75591 -1 
-1.87197 -1 
-3.37957 -1 
0.0785989 -1 
0.138208 -1 
0.197817 -1 
-0.426971 -1 
0.521061 -1 
0.435625 -1 
0.606498 -1 
0.251463 -1 
-0.289971 -1 
-0.221044 -1 
1.12286 -1 
-1.34898 -1 
-1.04285 -1 
-0.930671 -1 
1.31672 -1 
1.46663 -1 
1.61654 -1 
1.69812 -1 
1.77971 -1 
3.72434 -1 
4 -1 
-1.55867 -1 
-1.43942 -1 
2.27571 -1 
2.60855 -1 
-4 -1 
-0.358471 -1 
3.12649 -1 
-0.121537 -1 
2.02609 -1 
-0.655353 -1 
-1.20462 -1 
0.78249 -1 
0.899286 -1 
1.0033 -1 
-2.25141 -1 
2.91646 -1 
-3.11508 -1 
-3.63386 -1 
-0.0603776 -1 
0.0514997 -1 
-0.0026986 -1 
0.108403 -1 
0.168013 -1 
-0.470471 -1 
0.56378 -1 
0.278286 -1 
0.22464 -1 
-0.255508 -1 
1.08301 -1 
-0.186581 -1 
0.668175 -1 
-1.30376 -1 
-1.09677 -1 
1.26826 -1 
1.17133 -1 
1.39167 -1 
1.54158 -1 
1.73891 -1 
1.86129 -1 
3.58651 -1 
3.93109 -1 
3.79326 -1 
-1.61829 -1 
-1.77495 -1 
2.1925 -1 
-1.969 -1 
2.52534 -1 
2.35892 -1 
2.71119 -1 
3.34129 -1 
-2.84633 -1 
-3.87795 -1 
-3.31345 -1 
-3.44569 -1 
0.337738 -1 
0.478343 -1 
-0.392721 -1 
-0.557471 -1 
-0.324221 -1 
-0.874584 -1 
-0.986758 -1 
-1.49905 -1 
-1.3942 -1 
-0.764115 -1 
1.65733 -1 
0.402996 -1 
-2.5733 -1 
ZONE T="boundary4"
-0.125015 0.515562 
-0.150514 0.517336 
0.500067 0.203252 
0.480843 0.215173 
-0.47037 0.391816 
-0.418352 0.434601 
-0.399407 0.447412 
-0.0744175 0.507311 
-0.0489924 0.500778 
0.604295 0.105098 
0.619211 0.0796337 
0.611669 0.0933192 
-0.0997725 0.512234 
0.647823 -0.0342774 
0.64685 -0.0171252 
0.644845 -0.000215877 
-0.486206 0.376155 
-0.500922 0.360249 
-0.617978 0.0923768 
-0.618949 0.070205 
-0.617026 0.0266208 
0.625967 0.0654066 
0.632344 0.0494087 
-0.615698 0.114665 
-0.612113 0.136994 
-0.608616 0.153561 
-0.589525 0.214895 
0.637598 0.0331494 
0.641751 0.0166472 
-0.576856 0.244608 
-0.599965 0.185204 
-0.560932 0.275853 
-0.550721 0.293258 
0.397995 0.260147 
0.420943 0.248289 
-0.0229536 0.492434 
0.0026266 0.482631 
-0.453868 0.406723 
-0.436419 0.421089 
-0.338653 0.480278 
-0.317144 0.489216 
0.0553582 0.457683 
0.0289991 0.470915 
-0.539777 0.310197 
-0.527713 0.327219 
-0.379912 0.459261 
-0.294696 0.497166 
-0.359519 0.470309 
-0.271952 0.503841 
-0.248318 0.509352 
-0.224519 0.513472 
-0.175363 0.517535 
0.578812 0.137943 
0.559763 0.157373 
-0.514941 0.343695 
-0.618623 0.0482834 
-0.199942 0.516246 
0.461303 0.226488 
0.37489 0.271902 
0.350052 0.284514 
0.300063 0.310611 
0.325161 0.297326 
0.520455 0.189412 
0.540116 0.174463 
0.441208 0.237542 
0.106978 0.428108 
0.132413 0.412282 
0.201659 0.368149 
0.225076 0.353647 
0.249989 0.338743 
0.275055 0.324361 
0.596371 0.116421 
0.587832 0.127416 
0.0813197 0.443334 
0.155393 0.397635 
0.178329 0.382941 
-0.137751 0.516647 
0.490507 0.209296 
-0.408957 0.441121 
-0.0616564 0.504232 
0.615542 0.0865326 
-0.087058 0.509964 
0.647466 -0.0256939 
0.645979 -0.00865497 
-0.478376 0.384075 
-0.618625 0.0812981 
0.629289 0.0574611 
-0.616999 0.103537 
-0.61045 0.145296 
-0.614064 0.125855 
0.639809 0.0249323 
-0.60459 0.169465 
-0.555921 0.284611 
0.409482 0.254243 
-0.0100981 0.487704 
-0.445227 0.414007 
-0.327957 0.484888 
-0.594992 0.200137 
0.0422513 0.464444 
-0.54534 0.301786 
-0.493651 0.368283 
-0.389732 0.453456 
-0.305974 0.493344 
-0.369785 0.464914 
-0.28337 0.50066 
-0.236448 0.511584 
-0.112368 0.514091 
-0.162937 0.517625 
-0.0359122 0.496794 
-0.533837 0.318773 
0.569496 0.147863 
-0.508022 0.352049 
-0.618947 0.0592419 
-0.462203 0.399363 
-0.187662 0.517075 
0.471109 0.220893 
0.362468 0.278201 
0.312588 0.303925 
0.337593 0.290893 
0.386448 0.266035 
0.530396 0.182083 
0.431092 0.242947 
0.643434 0.00824062 
0.510345 0.196455 
-0.521415 0.335525 
-0.617984 0.0374404 
0.119728 0.420246 
0.213345 0.360859 
0.237501 0.346141 
-0.427465 0.427951 
0.262488 0.331494 
0.550095 0.166097 
-0.260175 0.506766 
0.600404 0.110809 
0.583384 0.132733 
0.622697 0.0725716 
0.592169 0.121971 
0.608058 0.0992563 
0.635106 0.0413227 
-0.349149 0.475427 
-0.212251 0.515043 
0.451281 0.232061 
0.0684021 0.450623 
0.094198 0.435804 
0.0158868 0.476939 
0.166859 0.390284 
0.18998 0.375521 
0.287529 0.317431 
0.143914 0.404976 
-0.583427 0.229853 
-0.569183 0.260378 
ZONE T="boundary5"
-0.127041 -0.432308 
-0.102303 -0.439604 
-0.370278 -0.322065 
-0.351151 -0.333874 
-0.500955 -0.213633 
-0.551052 -0.150793 
-0.538515 -0.168522 
-0.604942 -0.036221 
-0.610148 -0.0156643 
-0.614191 0.00530736 
-0.422369 -0.285611 
-0.582654 -0.0954261 
0.647823 -0.0342774 
-0.513725 -0.199368 
-0.526012 -0.184674 
-0.562568 -0.132761 
-0.5986 -0.0563805 
-0.591165 -0.0761045 
0.638638 -0.120211 
0.634437 -0.137247 
-0.389068 -0.309705 
-0.288219 -0.368187 
-0.198299 -0.407652 
-0.221396 -0.398453 
-0.17499 -0.416324 
-0.0516756 -0.452556 
-0.0773821 -0.446311 
-0.0258035 -0.458152 
-0.151115 -0.42459 
0.11296 -0.476089 
-0.451117 -0.262041 
-0.464086 -0.250419 
0.629579 -0.154316 
-0.476739 -0.238444 
-0.330633 -0.345774 
-0.436916 -0.274043 
-0.405896 -0.297912 
-0.617026 0.0266208 
-0.266362 -0.378718 
-0.243994 -0.388847 
-0.573107 -0.114317 
0.642159 -0.103025 
0.142147 -0.477137 
0.0838365 -0.474063 
0.00097116 -0.463212 
0.26492 -0.46954 
0.233293 -0.473518 
0.394781 -0.434051 
0.202621 -0.475972 
0.172391 -0.477137 
0.297044 -0.463849 
0.362356 -0.446313 
0.426572 -0.419194 
0.410824 -0.426937 
0.329783 -0.456143 
0.479956 -0.386146 
0.4538 -0.40379 
0.501183 -0.369302 
0.539825 -0.330781 
0.572575 -0.285935 
0.556928 -0.309213 
0.644894 -0.0858583 
0.586957 -0.260503 
0.579829 -0.273663 
0.521292 -0.350737 
0.646792 -0.0686491 
0.593628 -0.247103 
0.600196 -0.232859 
0.606511 -0.218191 
0.624184 -0.171226 
0.612491 -0.203384 
0.647786 -0.0514561 
-0.309816 -0.357119 
0.0558071 -0.471221 
0.0278904 -0.467542 
-0.114694 -0.43603 
-0.360755 -0.328036 
-0.544885 -0.15973 
-0.607692 -0.0259799 
-0.519933 -0.192075 
-0.556918 -0.141847 
-0.595018 -0.0662937 
-0.601912 -0.0463455 
0.636617 -0.128749 
-0.209874 -0.403119 
-0.0645484 -0.449514 
-0.0898629 -0.443033 
-0.0387574 -0.455437 
-0.1391 -0.428519 
-0.457642 -0.256275 
-0.470453 -0.244474 
-0.587039 -0.0858226 
-0.429685 -0.279881 
-0.379719 -0.315955 
-0.397525 -0.30387 
-0.532345 -0.176661 
-0.340933 -0.339894 
-0.489013 -0.2262 
-0.277322 -0.373518 
-0.232722 -0.393715 
-0.567954 -0.123605 
-0.612322 -0.00520783 
-0.578004 -0.104934 
0.127549 -0.476738 
0.0983899 -0.475196 
-0.41418 -0.291825 
-0.0124333 -0.460772 
0.24913 -0.471718 
0.187512 -0.476704 
0.21797 -0.47491 
-0.615764 0.0159433 
0.378679 -0.440474 
0.418737 -0.423145 
0.346149 -0.451493 
0.467057 -0.395234 
0.490723 -0.377918 
0.564979 -0.297727 
0.632079 -0.145802 
0.440332 -0.41175 
0.583454 -0.267115 
0.530751 -0.340938 
-0.186669 -0.412054 
0.645951 -0.0772657 
0.596961 -0.240004 
0.618536 -0.187377 
0.626944 -0.162791 
0.603397 -0.225543 
0.643625 -0.0944572 
-0.444062 -0.268095 
0.640489 -0.111636 
0.647928 -0.0428671 
0.647405 -0.0600593 
-0.163076 -0.420526 
0.402837 -0.430572 
-0.299053 -0.362721 
-0.320262 -0.351513 
-0.255208 -0.383849 
0.157269 -0.477278 
0.0418352 -0.469484 
0.511414 -0.360211 
0.0144158 -0.46547 
0.0698109 -0.472749 
0.31347 -0.460237 
-0.507398 -0.206552 
0.57626 -0.279833 
0.590345 -0.253832 
0.281019 -0.466906 
0.548588 -0.320165 
0.609542 -0.210804 
