ZONE T="boundary0"
-4 -0.348147 
-4 0.312556 
-4 0.26918 
-4 0.225804 
-4 0.797474 
-4 0.594949 
-4 0.373111 
-4 0.514308 
-4 0.11014 
-4 0.0272911 
-4 1 
-4 -1 
-4 -0.748204 
-4 -0.286545 
-4 0.167972 
-4 -0.242606 
-4 -0.0555578 
-4 0.433666 
-4 -0.622307 
-4 -0.198668 
-4 -0.422278 
-4 -0.496409 
-4 -0.127113 
-4 0.247492 
-4 0.696211 
-4 0.342834 
-4 0.0687155 
-4 0.898737 
-4 -0.874102 
-4 -0.317346 
-4 0.139056 
-4 -0.264575 
-4 0.290868 
-4 -0.685255 
-4 -0.385213 
-4 -0.459343 
-4 -0.0913352 
-4 -0.16289 
-4 -0.0141333 
-4 0.196888 
-4 0.403389 
-4 0.554628 
-4 -0.559358 
-4 0.473987 
-4 -0.220637 
ZONE T="boundary1"
-0.648718 1 
-0.533151 1 
4 1 
3.82703 1 
0.422686 1 
0.797679 1 
0.890606 1 
0.344191 1 
-3.63211 1 
0.989101 1 
3.04026 1 
2.77238 1 
-1.09918 1 
-1.20806 1 
1.31815 1 
-3.11714 1 
-3.31838 1 
-3.81605 1 
-4 1 
3.65407 1 
3.4811 1 
-1.92629 1 
-2.70628 1 
2.40184 1 
2.58711 1 
-2.49666 1 
-2.9159 1 
-2.10337 1 
0.501182 1 
0.205059 1 
0.0103177 1 
-0.114303 1 
-0.176464 1 
-0.252722 1 
-0.32898 1 
0.138918 1 
0.0727774 1 
0.274625 1 
-0.431066 1 
-0.052142 1 
0.383439 1 
0.602967 1 
0.65386 1 
1.20287 1 
1.0876 1 
-0.764285 1 
-1.32805 1 
-1.44803 1 
1.41945 1 
-0.990296 1 
-0.877291 1 
1.52076 1 
-1.74921 1 
3.30814 1 
1.75424 1 
1.6375 1 
1.98772 1 
-2.30001 1 
2.19478 1 
-1.52333 1 
0.704752 1 
-1.59862 1 
-0.590935 1 
3.91352 1 
2.90632 1 
-1.15362 1 
-3.21776 1 
-3.90803 1 
3.74055 1 
2.49447 1 
-3.01652 1 
-0.145384 1 
0.105848 1 
-0.380023 1 
-0.0832225 1 
0.0415476 1 
0.461934 1 
0.552075 1 
0.628414 1 
-0.290851 1 
-0.482108 1 
1.14523 1 
0.844142 1 
1.26051 1 
-0.706502 1 
-1.26805 1 
1.3688 1 
-0.933793 1 
-1.04474 1 
-1.38804 1 
-3.72408 1 
3.1742 1 
1.57913 1 
1.69587 1 
1.87098 1 
2.67974 1 
-2.01483 1 
-1.83775 1 
-2.20169 1 
-3.47524 1 
3.56759 1 
3.39462 1 
-2.39834 1 
-2.60147 1 
-2.81109 1 
2.29831 1 
2.09125 1 
-0.0209121 1 
0.363815 1 
0.403063 1 
0.309408 1 
0.171989 1 
0.239842 1 
-0.214593 1 
0.939854 1 
1.03835 1 
0.751216 1 
0.679306 1 
1.47011 1 
-1.56097 1 
-1.48568 1 
-1.67391 1 
-0.820788 1 
ZONE T="boundary2"
4 -0.414445 
4 -0.247363 
4 -0.206742 
4 -0.491021 
4 1 
4 0.76796 
4 -0.287985 
4 0.0863874 
4 0.152225 
4 -1 
4 -0.339911 
4 -0.0967583 
4 -0.15175 
4 0.0205494 
4 0.46049 
4 0.278535 
4 0.21538 
4 0.183803 
4 0.535919 
4 0.38506 
4 -0.567598 
4 -0.783799 
4 -0.675698 
4 0.305166 
4 0.331797 
4 0.246957 
4 -0.179246 
4 0.65194 
4 -0.227053 
4 0.88398 
4 -0.313948 
4 -0.124254 
4 -0.0381044 
4 0.199591 
4 0.119306 
4 0.498204 
4 0.422775 
4 -0.52931 
4 -0.452733 
4 -0.729749 
4 -0.891899 
4 0.318482 
4 0.262746 
4 0.358428 
4 0.231169 
4 0.168014 
4 0.0534684 
4 0.29185 
4 -0.377178 
4 -0.165498 
4 -0.267674 
4 0.59393 
4 0.70995 
4 -0.621648 
4 -0.192994 
ZONE T="boundary3"
-3.34481 -1 
-3.58481 -1 
-3.79241 -1 
-1.80112 -1 
-1.62471 -1 
-1.07523 -1 
1.318 -1 
1.21621 -1 
0.184035 -1 
-0.190723 -1 
-0.122671 -1 
0.351928 -1 
0.450351 -1 
-0.483149 -1 
-0.547788 -1 
3.19708 -1 
3.53815 -1 
0.267982 -1 
1.40953 -1 
3.76908 -1 
4 -1 
2.79954 -1 
-3.10482 -1 
-2.93128 -1 
2.05058 -1 
1.89341 -1 
-1.47225 -1 
-1.31979 -1 
-2.75773 -1 
-2.57225 -1 
-1.97753 -1 
2.6123 -1 
2.42506 -1 
-4 -1 
-0.612428 -1 
-0.41851 -1 
-0.338642 -1 
-0.258775 -1 
-0.298708 -1 
0.0277739 -1 
-0.677067 -1 
-0.0474485 -1 
0.557826 -1 
0.665301 -1 
-0.770098 -1 
0.105905 -1 
-0.931659 -1 
-0.863128 -1 
-1.00019 -1 
0.90122 -1 
-1.23503 -1 
-1.15028 -1 
1.11443 -1 
1.73624 -1 
1.61865 -1 
-2.38678 -1 
-2.18215 -1 
1.50107 -1 
0.78326 -1 
1.00782 -1 
-3.46481 -1 
-1.71291 -1 
1.26711 -1 
-0.156697 -1 
0.401139 -1 
-0.515469 -1 
3.36762 -1 
0.309955 -1 
1.36377 -1 
3.88454 -1 
2.99831 -1 
-3.22482 -1 
1.972 -1 
-1.39602 -1 
-2.66499 -1 
-1.88933 -1 
-1.54848 -1 
2.23782 -1 
2.70592 -1 
-0.580108 -1 
-0.450829 -1 
-0.378576 -1 
-0.278742 -1 
-0.318675 -1 
-0.224749 -1 
-0.0850598 -1 
0.611563 -1 
-0.00983731 -1 
0.0668392 -1 
-0.723583 -1 
-0.644748 -1 
0.226008 -1 
-0.897394 -1 
-1.03771 -1 
-0.965925 -1 
-1.27741 -1 
-1.11276 -1 
3.65361 -1 
-1.19265 -1 
1.67745 -1 
2.51868 -1 
1.81483 -1 
-2.47952 -1 
-3.01805 -1 
-2.28447 -1 
-2.07984 -1 
1.4553 -1 
-2.8445 -1 
-3.8962 -1 
-3.68861 -1 
-0.816613 -1 
0.14497 -1 
0.504088 -1 
0.84224 -1 
0.724281 -1 
0.954522 -1 
1.55986 -1 
1.06113 -1 
1.16532 -1 
ZONE T="boundary4"
-0.561614 0.126349 
-0.57122 0.105747 
-0.608057 -0.0107743 
-0.60395 0.00847999 
0.589833 0.309827 
0.593322 0.290955 
0.50874 0.451866 
0.520929 0.440012 
0.585239 0.32824 
0.579585 0.345883 
0.572773 0.363019 
0.566509 0.376279 
0.598227 0.23782 
0.595558 0.273936 
-0.611426 -0.0301525 
-0.599076 0.0277319 
-0.593481 0.046802 
-0.318916 0.402001 
-0.350011 0.379874 
-0.415273 0.324898 
-0.434637 0.305808 
-0.398357 0.340423 
-0.365643 0.367842 
-0.380953 0.355409 
-0.453207 0.285972 
-0.285653 0.423288 
-0.267636 0.43389 
-0.249349 0.444033 
-0.229572 0.454342 
-0.209522 0.464129 
-0.165761 0.483329 
-0.141956 0.492614 
-0.117888 0.501225 
-0.0920902 0.509629 
-0.0660504 0.517283 
-0.302418 0.412848 
0.599692 0.201441 
0.409114 0.513657 
0.439972 0.499378 
0.0186742 0.536787 
0.495862 0.462978 
0.551997 0.401297 
0.559533 0.389113 
0.454528 0.491394 
0.532811 0.426906 
0.482533 0.473218 
0.468657 0.482732 
0.0481137 0.541723 
0.109823 0.549065 
0.141961 0.551259 
0.342758 0.534999 
0.376521 0.525526 
0.274094 0.547267 
0.308472 0.542177 
0.5438 0.413044 
0.600644 0.177696 
0.604931 0.0978512 
0.607167 0.0390334 
0.606394 0.0684327 
0.601767 0.153898 
0.604672 -0.0193234 
-0.582051 0.0795624 
-0.551233 0.146581 
-0.538587 0.169051 
0.603308 0.125886 
-0.187777 0.474027 
0.606757 0.00988964 
-0.495426 0.234015 
-0.510611 0.212766 
-0.52508 0.191021 
-0.474968 0.26047 
0.0789125 0.545896 
-0.038429 0.524528 
-0.0105992 0.530952 
0.174137 0.552293 
0.206842 0.552089 
0.23997 0.5505 
-0.566517 0.116094 
-0.606094 -0.00112817 
0.591716 0.300418 
0.514925 0.446032 
0.582559 0.33711 
0.569734 0.369693 
0.576327 0.354511 
0.597165 0.255903 
-0.596367 0.0372927 
-0.609834 -0.0204478 
-0.334599 0.391128 
-0.425049 0.315448 
-0.406878 0.332728 
-0.357866 0.373908 
-0.373339 0.361676 
-0.389714 0.347984 
-0.444024 0.295985 
-0.276679 0.428646 
-0.258525 0.439019 
-0.239495 0.449253 
-0.219579 0.459301 
-0.153892 0.488057 
-0.10502 0.505522 
-0.079098 0.51355 
0.587684 0.319071 
-0.601604 0.0181286 
-0.294068 0.418119 
0.424703 0.506858 
0.502383 0.457516 
0.555848 0.39526 
0.526977 0.433556 
0.489269 0.46819 
0.461646 0.48715 
0.125883 0.550304 
0.0333751 0.539368 
0.359725 0.530564 
0.29132 0.544961 
-0.310701 0.407476 
0.600152 0.189568 
0.594536 0.282459 
0.606898 0.0537353 
0.601182 0.165796 
0.475658 0.478066 
-0.588025 0.0632717 
-0.556517 0.136513 
-0.545022 0.157879 
-0.129953 0.497004 
-0.176801 0.478753 
0.60714 0.0244578 
-0.503104 0.223452 
0.602514 0.139891 
0.605719 0.0831445 
-0.198684 0.469153 
-0.51794 0.201956 
-0.531936 0.180098 
-0.576799 0.0927216 
-0.485345 0.247356 
0.0634963 0.543934 
0.0943552 0.547608 
-0.0245377 0.527843 
-0.46425 0.273359 
0.0040151 0.533982 
0.190491 0.552354 
-0.0522668 0.521008 
0.604125 0.111868 
0.605953 -0.00473483 
0.223415 0.551475 
0.257053 0.549094 
0.158045 0.551924 
0.325673 0.538858 
0.538421 0.420067 
0.563111 0.382746 
0.547981 0.407225 
0.392938 0.519917 
0.599005 0.219637 
0.447297 0.495471 
ZONE T="boundary5"
-0.617027 -0.126288 
-0.617372 -0.107201 
-0.490238 -0.429601 
-0.503093 -0.4181 
-0.605204 -0.21892 
-0.608806 -0.200932 
0.515832 -0.205998 
0.532319 -0.189006 
-0.611807 -0.182788 
-0.614225 -0.164109 
0.182216 -0.291233 
0.164223 -0.289854 
-0.288997 -0.45737 
-0.304076 -0.463708 
-0.515369 -0.40552 
-0.572811 -0.317232 
-0.563067 -0.336855 
-0.591839 -0.268653 
-0.595626 -0.256441 
0.453083 -0.252045 
0.438722 -0.259525 
-0.583016 -0.293321 
-0.52666 -0.392393 
-0.367142 -0.475969 
-0.383465 -0.475398 
-0.537315 -0.378448 
-0.399519 -0.473308 
-0.415721 -0.469621 
0.504215 -0.216489 
-0.46204 -0.449635 
-0.447125 -0.457694 
0.424391 -0.266071 
0.409865 -0.271847 
-0.431477 -0.464454 
0.578518 -0.118504 
-0.600747 -0.237799 
-0.476606 -0.440119 
-0.351249 -0.475042 
-0.0975386 -0.324595 
-0.335169 -0.472623 
-0.319695 -0.468886 
0.492077 -0.226369 
0.479799 -0.235381 
0.46712 -0.243763 
-0.273752 -0.449645 
0.564733 -0.144859 
0.556836 -0.157398 
0.547584 -0.170435 
-0.25887 -0.440875 
-0.243626 -0.430736 
0.584371 -0.104749 
-0.179215 -0.380257 
-0.212619 -0.407306 
-0.160514 -0.365572 
-0.14128 -0.351469 
-0.196008 -0.393876 
-0.228087 -0.419377 
-0.615969 -0.145315 
-0.616993 -0.087988 
-0.615883 -0.0687744 
-0.614025 -0.0494334 
0.362855 -0.285433 
0.347198 -0.288463 
-0.611426 -0.0301525 
0.313039 -0.292909 
0.281527 -0.294757 
0.378376 -0.281736 
-0.119873 -0.337351 
-0.049105 -0.303844 
-0.073677 -0.313224 
-0.0215051 -0.295904 
0.140666 -0.288094 
0.117112 -0.286606 
0.225291 -0.294002 
0.200286 -0.292531 
0.250505 -0.294873 
0.0620503 -0.285552 
0.035709 -0.286921 
0.394194 -0.277193 
-0.54721 -0.363935 
0.593832 -0.0767058 
0.571938 -0.13194 
0.589454 -0.0908459 
0.600483 -0.0482266 
0.604672 -0.0193234 
0.0876625 -0.285498 
0.00619462 -0.290408 
-0.617289 -0.116747 
-0.496764 -0.423965 
-0.60708 -0.209942 
0.524247 -0.197668 
-0.6131 -0.17346 
-0.610384 -0.191874 
0.173219 -0.290548 
-0.296483 -0.460681 
-0.568071 -0.327113 
-0.509332 -0.411913 
-0.593774 -0.262561 
0.445952 -0.25588 
-0.587608 -0.281055 
-0.52111 -0.399043 
-0.375312 -0.475877 
-0.532083 -0.385497 
-0.391517 -0.474542 
-0.407664 -0.471657 
-0.454666 -0.453824 
0.417164 -0.269048 
-0.439375 -0.461251 
-0.598274 -0.247146 
-0.469418 -0.445028 
-0.359187 -0.475688 
-0.343185 -0.474015 
0.473511 -0.23965 
-0.281314 -0.453641 
0.552303 -0.163982 
0.460156 -0.247997 
-0.251191 -0.435905 
-0.483519 -0.43499 
-0.311838 -0.466458 
-0.169912 -0.372858 
-0.423657 -0.467219 
-0.2043 -0.400614 
-0.150969 -0.358422 
-0.235807 -0.425135 
-0.615183 -0.154721 
-0.61653 -0.0783766 
-0.615046 -0.0590956 
-0.603058 -0.22838 
0.355042 -0.287029 
-0.612817 -0.0397811 
0.297293 -0.294076 
-0.617274 -0.0975937 
-0.108812 -0.330777 
-0.0614819 -0.308283 
-0.0857141 -0.318673 
-0.0353854 -0.299571 
0.152442 -0.288955 
0.128891 -0.287301 
0.212781 -0.293326 
0.191248 -0.291899 
0.237891 -0.294529 
0.0488723 -0.286051 
0.402063 -0.274619 
-0.327397 -0.47092 
0.431598 -0.262889 
-0.555421 -0.350569 
0.485993 -0.230951 
0.386311 -0.279559 
0.498208 -0.221506 
0.568422 -0.138447 
0.560868 -0.151181 
0.581536 -0.111665 
0.587002 -0.0978271 
0.575318 -0.125266 
-0.266252 -0.445372 
-0.542355 -0.371258 
0.540148 -0.179881 
0.602865 -0.0338174 
-0.616587 -0.135807 
0.266011 -0.295001 
0.074857 -0.285386 
-0.578095 -0.305357 
0.102392 -0.285922 
-0.130676 -0.344252 
0.0209229 -0.288386 
-0.00770075 -0.292875 
-0.220321 -0.413392 
-0.187625 -0.387054 
0.330157 -0.29103 
0.510091 -0.211319 
0.370633 -0.283671 
0.591729 -0.0838048 
0.597482 -0.0625421 
