ZONE T="boundary0"
-4 -0.852366 
-4 -0.40455 
-4 -0.507208 
-4 -0.301891 
-4 -0.256298 
-4 -0.206502 
-4 0.112257 
-4 0.384042 
-4 0.339676 
-4 0.428407 
-4 0.188667 
-4 0.163197 
-4 -0.0299868 
-4 -0.0933461 
-4 0.501588 
-4 1 
-4 0.574768 
-4 -0.156705 
-4 0.0411353 
-4 0.214136 
-4 0.245521 
-4 0.276906 
-4 -0.704733 
-4 -1 
-4 0.787384 
-4 0.681076 
-4 -0.455879 
-4 -0.2314 
-4 0.361859 
-4 0.175932 
-4 -0.0616665 
-4 0.464997 
-4 -0.353221 
-4 -0.125026 
-4 0.406224 
-4 0.229829 
-4 0.308291 
-4 0.00557425 
-4 0.0766963 
-4 -0.605971 
-4 -0.926183 
-4 0.538178 
-4 0.627922 
-4 0.73423 
-4 0.893692 
-4 -0.77855 
-4 0.137727 
-4 0.261214 
-4 -0.279094 
-4 -0.181604 
-4 0.201402 
ZONE T="boundary1"
1.42817 1 
3.66566 1 
3.83283 1 
2.064 1 
1.86794 1 
-0.0546414 1 
-1.43257 1 
0.995934 1 
-0.265024 1 
-0.348679 1 
0.728199 1 
0.666442 1 
-1.22316 1 
-1.32787 1 
-0.120199 1 
1.27934 1 
0.789957 1 
-3.60603 1 
-3.40692 1 
-1.13108 1 
-1.83004 1 
1.64805 1 
3.49849 1 
3.33131 1 
-4 1 
-3.80302 1 
-2.24254 1 
-2.03629 1 
-2.59171 1 
-2.94089 1 
3.20314 1 
3.07497 1 
-0.192611 1 
0.482449 1 
0.60693 1 
0.547417 1 
0.284668 1 
-0.43209 1 
-0.515501 1 
0.41748 1 
-0.672989 1 
0.351074 1 
0.145397 1 
0.215032 1 
0.0781564 1 
0.0109159 1 
0.858751 1 
-0.598668 1 
0.927546 1 
1.17183 1 
1.06432 1 
-0.889388 1 
-0.81835 1 
-1.039 1 
4 1 
2.81863 1 
2.9468 1 
2.65819 1 
2.49775 1 
2.26007 1 
-3.2078 1 
-1.63131 1 
-3.07434 1 
-0.747311 1 
3.74924 1 
1.96597 1 
-0.306851 1 
0.697321 1 
-1.27551 1 
1.35376 1 
-3.50647 1 
1.758 1 
3.58207 1 
3.4149 1 
-3.90151 1 
-2.13941 1 
-2.41712 1 
3.13906 1 
-0.228818 1 
0.577174 1 
0.636686 1 
-0.390384 1 
-0.156405 1 
0.384277 1 
0.180215 1 
0.24985 1 
0.317871 1 
0.111777 1 
0.0445362 1 
-0.0218627 1 
0.759078 1 
0.824354 1 
0.449965 1 
0.514933 1 
-0.557084 1 
1.03013 1 
-0.853869 1 
-0.473795 1 
-1.08504 1 
1.11808 1 
-0.964195 1 
-1.17712 1 
-1.38022 1 
1.22559 1 
3.91641 1 
-1.93316 1 
2.88272 1 
2.73841 1 
-2.7663 1 
2.37891 1 
1.53811 1 
-1.53194 1 
3.26723 1 
2.16204 1 
-3.00761 1 
-3.70452 1 
2.57797 1 
-3.14107 1 
-1.73067 1 
-3.30736 1 
-0.0874201 1 
0.893149 1 
-0.71015 1 
-0.78283 1 
0.96174 1 
-0.635829 1 
3.01089 1 
ZONE T="boundary2"
4 -0.786324 
4 -0.679486 
4 -0.0026831 
4 0.110177 
4 0.250343 
4 -0.179982 
4 -0.212201 
4 0.350447 
4 0.419887 
4 0.489327 
4 0.18026 
4 0.744664 
4 0.616995 
4 -0.147762 
4 -0.434839 
4 -0.316661 
4 -0.280541 
4 -0.24442 
4 -0.480775 
4 -0.572648 
4 -1 
4 1 
4 -0.115543 
4 -0.352782 
4 -0.388902 
4 -0.0591132 
4 0.300395 
4 0.053747 
4 -0.196091 
4 0.454607 
4 0.68083 
4 -0.298601 
4 -0.732905 
4 -0.893162 
4 0.872332 
4 -0.131653 
4 -0.22831 
4 -0.26248 
4 -0.370842 
4 -0.457807 
4 -0.411871 
4 -0.0873282 
4 -0.163872 
4 -0.0308981 
4 -0.334721 
4 -0.526712 
4 -0.626067 
4 0.325421 
4 0.385167 
4 0.145219 
4 0.215301 
4 0.553161 
4 0.275369 
ZONE T="boundary3"
-1.54288 -1 
0.899896 -1 
1.00047 -1 
-0.774295 -1 
-0.84329 -1 
0.207293 -1 
0.14716 -1 
-0.251005 -1 
0.73235 -1 
1.38414 -1 
-0.912285 -1 
-3.75339 -1 
-3.50678 -1 
-1.84908 -1 
1.99115 -1 
2.24442 -1 
2.48842 -1 
2.73242 -1 
-2.72175 -1 
-2.42799 -1 
-2.22326 -1 
3.18173 -1 
3.3315 -1 
2.88219 -1 
3.03196 -1 
3.77717 -1 
0.328506 -1 
0.395801 -1 
0.562752 -1 
0.0870277 -1 
0.267899 -1 
-0.0455795 -1 
0.0207241 -1 
0.463096 -1 
-0.148292 -1 
0.512924 -1 
0.662407 -1 
0.612579 -1 
-0.38083 -1 
0.802293 -1 
0.851094 -1 
-0.642474 -1 
-0.510654 -1 
1.14015 -1 
1.27983 -1 
1.48845 -1 
-4 -1 
1.73789 -1 
4 -1 
-1.04508 -1 
-1.17788 -1 
-3.01552 -1 
-3.13834 -1 
-1.40613 -1 
-1.29201 -1 
-1.67964 -1 
3.55433 -1 
-3.26115 -1 
-3.38397 -1 
3.66575 -1 
-2.01853 -1 
0.950182 -1 
-0.808792 -1 
0.177226 -1 
-0.877788 -1 
2.11779 -1 
2.61042 -1 
2.36642 -1 
-2.57487 -1 
3.25662 -1 
2.95708 -1 
0.362153 -1 
0.117094 -1 
0.237596 -1 
0.298202 -1 
-0.0124277 -1 
-0.199649 -1 
0.429449 -1 
0.537838 -1 
0.48801 -1 
0.637493 -1 
-0.0969359 -1 
-0.315917 -1 
0.767321 -1 
0.697379 -1 
-0.576564 -1 
1.07031 -1 
1.20999 -1 
1.43629 -1 
1.33198 -1 
1.61317 -1 
3.88858 -1 
-0.708385 -1 
-0.978685 -1 
1.86452 -1 
-2.86864 -1 
2.8073 -1 
3.10685 -1 
-3.07693 -1 
-1.34907 -1 
-1.76436 -1 
3.44292 -1 
-3.8767 -1 
-1.23495 -1 
0.0538759 -1 
-0.445742 -1 
0.875495 -1 
0.826693 -1 
0.587666 -1 
-3.63009 -1 
-3.19974 -1 
-3.44537 -1 
3.61004 -1 
3.72146 -1 
-2.1209 -1 
-1.93381 -1 
-3.32256 -1 
-1.11148 -1 
-1.61126 -1 
-1.47451 -1 
-2.32562 -1 
ZONE T="boundary4"
-0.423674 0.495933 
-0.563133 0.0464213 
-0.565122 0.0640767 
-0.519485 0.344366 
-0.407219 0.514091 
0.00531949 -0.0977241 
0.0382388 -0.101836 
0.379918 0.26892 
0.396234 0.273152 
-0.157801 -0.0500439 
-0.114881 -0.0701629 
-0.069943 -0.083935 
0.281807 0.718881 
0.32706 0.711826 
-0.0274033 -0.0927226 
0.457671 0.667489 
-0.0231877 0.260186 
-0.56724 0.134315 
-0.566438 0.150338 
-0.564103 0.176666 
-0.561326 0.197827 
-0.567357 0.100016 
0.557128 0.576147 
-0.552643 0.243789 
-0.54673 0.267427 
-0.539794 0.290754 
-0.531623 0.314328 
-0.505491 0.374101 
-0.493297 0.396992 
-0.48094 0.417998 
-0.453904 0.458127 
-0.247848 0.0654739 
-0.229597 0.0187211 
0.259225 0.721326 
-0.29192 0.608803 
-0.353383 0.564382 
-0.372031 0.54836 
0.437284 0.677705 
-0.233252 0.163819 
-0.249369 0.116015 
-0.133724 0.243013 
-0.170107 0.226662 
-0.0972438 0.252752 
-0.0598079 0.258102 
0.44363 0.28977 
-0.268497 0.622886 
-0.24446 0.635953 
-0.21773 0.648997 
0.15292 0.253624 
-0.16015 0.672448 
-0.129396 0.68271 
-0.190377 0.660877 
-0.0617842 0.700619 
-0.0957955 0.692355 
0.471538 0.30347 
0.272949 0.253963 
0.0118513 0.714009 
-0.0250946 0.708012 
0.0511208 0.718922 
-0.389993 0.531581 
0.542986 0.362618 
0.484492 0.311139 
0.530052 0.347894 
0.58465 0.47194 
0.23744 0.252541 
0.568436 0.554443 
0.326994 0.259145 
0.584567 0.487624 
0.583151 0.503014 
0.577398 0.530057 
0.514252 0.332997 
0.543864 0.595705 
0.30935 0.256995 
0.496978 0.319501 
0.362329 0.265053 
0.349649 0.707055 
0.172555 0.725316 
0.215387 0.724334 
0.131527 0.724626 
0.495793 0.643076 
0.372053 0.701351 
0.416016 0.686758 
0.394279 0.694595 
0.513285 0.628699 
0.529229 0.613065 
0.570461 0.408522 
0.554354 0.378316 
0.583184 0.454958 
0.575911 0.42312 
0.580765 0.51672 
0.563128 0.39314 
0.580041 0.43789 
0.477363 0.655877 
0.0613915 0.258337 
0.0140452 0.260164 
0.412378 0.278027 
0.0722509 -0.105594 
0.106537 -0.109282 
0.090529 0.722434 
0.109268 0.255736 
-0.202643 0.2029 
-0.197779 -0.0206393 
-0.313747 0.594357 
0.344635 0.261808 
0.197195 0.252402 
-0.564201 0.0552407 
0.0217514 -0.0998617 
0.388097 0.270959 
-0.09262 -0.0777061 
-0.136761 -0.0609905 
0.304495 0.71573 
-0.565427 0.163516 
-0.566898 0.142329 
-0.562812 0.187259 
-0.567572 0.117167 
-0.549812 0.25564 
-0.53584 0.302587 
-0.499519 0.385613 
-0.487226 0.407558 
-0.415541 0.505097 
-0.24064 0.0413446 
0.270526 0.720185 
-0.362793 0.556465 
-0.243427 0.140635 
-0.152293 0.235691 
-0.0785973 0.255903 
-0.0415242 0.259462 
-0.256549 0.629548 
-0.144829 0.677742 
-0.204119 0.655085 
-0.0788309 0.696656 
-0.280287 0.615972 
0.457764 0.296272 
0.0314653 0.716644 
-0.398697 0.522925 
0.478071 0.30722 
0.255185 0.253081 
0.563105 0.565476 
-0.439177 0.477338 
0.573324 0.542416 
0.58478 0.479791 
-0.467831 0.438337 
-0.543392 0.279129 
0.318176 0.25801 
0.522339 0.340264 
0.291151 0.255259 
-0.557416 0.220891 
0.338379 0.70955 
0.193979 0.725052 
0.505774 0.326061 
0.4052 0.690822 
0.360882 0.704324 
0.504689 0.636075 
0.521431 0.621065 
0.548865 0.37034 
0.536696 0.355115 
-0.566542 0.0820275 
0.573343 0.415771 
0.579203 0.523424 
0.566973 0.400757 
0.558911 0.385639 
0.578134 0.43047 
0.584023 0.495341 
0.582087 0.509895 
0.58412 0.463441 
0.581821 0.446396 
0.46762 0.66186 
-0.525765 0.329432 
0.0376997 0.259423 
0.383207 0.698107 
-0.512695 0.359331 
-0.17533 0.666832 
-0.23117 0.642625 
0.055228 -0.103749 
0.0893816 -0.107427 
-0.115653 0.248507 
-0.0434754 0.704496 
-0.00664815 0.711179 
-0.112648 0.687712 
0.11102 0.723715 
0.152041 0.725163 
0.131062 0.254605 
-0.187054 0.215716 
0.0708114 0.72085 
0.237327 0.7231 
0.0853007 0.257058 
-0.178627 -0.0364782 
-0.215094 -0.00210529 
-0.250856 0.0906752 
-0.333879 0.579777 
0.536757 0.604571 
0.447559 0.672762 
0.426717 0.682389 
0.55076 0.586116 
0.490795 0.31523 
0.4867 0.649655 
0.353495 0.263356 
0.428143 0.283537 
0.40433 0.275506 
0.335821 0.26041 
0.371138 0.266905 
0.175024 0.252863 
0.217295 0.252297 
-0.00458226 0.260389 
-0.0110737 -0.0953642 
-0.0487629 -0.0887089 
-0.219525 0.184604 
-0.381098 0.540065 
-0.302912 0.601696 
ZONE T="boundary5"
-0.476496 -0.192003 
0.136749 -0.583776 
0.109606 -0.580104 
-0.377549 -0.324042 
-0.393675 -0.306223 
0.361681 -0.161375 
-0.53014 -0.0832201 
-0.540844 -0.0527899 
-0.550075 -0.0209599 
-0.437617 -0.25088 
-0.451093 -0.231594 
-0.557601 0.0122495 
-0.563133 0.0464213 
-0.488346 -0.17169 
-0.46407 -0.21195 
-0.509206 -0.131734 
-0.499094 -0.151885 
-0.518366 -0.111852 
-0.0480187 -0.539691 
-0.158092 -0.490965 
-0.137715 -0.501401 
-0.117042 -0.511303 
-0.196256 -0.469513 
-0.177321 -0.480477 
0.00236985 -0.556174 
0.0554785 -0.569895 
0.0285589 -0.563401 
0.150559 -0.114397 
-0.0235362 -0.54813 
-0.270649 -0.419684 
-0.252287 -0.433059 
0.337381 -0.576059 
-0.233558 -0.445947 
-0.40921 -0.287899 
-0.423711 -0.269611 
-0.215068 -0.457965 
0.216365 -0.588666 
0.189963 -0.588058 
-0.342813 -0.358953 
-0.360456 -0.341766 
-0.32512 -0.375179 
0.523356 -0.45457 
0.533957 -0.433369 
-0.0722004 -0.530535 
-0.0947725 -0.521229 
-0.289005 -0.405532 
-0.306952 -0.390887 
0.0826382 -0.575494 
0.358268 -0.570715 
0.480373 -0.506706 
0.462223 -0.521429 
0.269386 -0.586529 
0.242627 -0.588196 
0.380984 -0.563521 
0.442998 -0.534364 
0.546199 -0.38943 
0.547828 -0.36484 
0.163306 -0.586408 
0.510531 -0.473956 
0.295912 -0.583585 
0.316687 -0.580293 
0.403293 -0.554833 
0.498285 -0.246579 
0.194916 -0.120517 
0.423475 -0.545336 
0.446456 -0.203562 
0.460815 -0.213541 
0.473938 -0.223767 
0.496174 -0.491193 
0.522989 -0.278891 
0.533601 -0.29915 
0.540966 -0.319114 
0.486351 -0.234654 
0.541425 -0.412112 
0.545604 -0.339153 
0.509279 -0.259315 
0.106537 -0.109282 
0.238468 -0.127954 
0.281175 -0.137092 
0.431541 -0.194291 
0.398273 -0.176782 
0.41512 -0.18516 
0.322579 -0.148213 
0.12316 -0.58206 
-0.385683 -0.315197 
-0.545689 -0.0369422 
-0.444419 -0.241283 
-0.554092 -0.00441315 
-0.470352 -0.20202 
-0.504233 -0.141852 
-0.513869 -0.121832 
-0.493797 -0.16183 
-0.457645 -0.221815 
-0.127412 -0.50642 
-0.186825 -0.475055 
-0.167741 -0.485782 
0.0419902 -0.566759 
-0.147939 -0.49625 
-0.0358109 -0.544002 
-0.261514 -0.426432 
-0.010617 -0.552254 
-0.416535 -0.278813 
0.203161 -0.588493 
-0.369073 -0.332971 
-0.334027 -0.367131 
0.528986 -0.444142 
-0.083521 -0.525961 
-0.29803 -0.398271 
0.0690332 -0.572809 
0.47147 -0.51428 
0.256016 -0.587517 
-0.430736 -0.260298 
0.369682 -0.567293 
-0.482498 -0.181892 
-0.0601456 -0.535203 
-0.401518 -0.297125 
-0.316094 -0.383099 
0.547466 -0.377182 
0.176626 -0.587359 
0.150015 -0.585212 
-0.224353 -0.452015 
0.229498 -0.58857 
0.327059 -0.578296 
0.34786 -0.573521 
0.392213 -0.559365 
-0.535698 -0.0680782 
0.282668 -0.585223 
0.172735 -0.117303 
0.467451 -0.218565 
0.453706 -0.208458 
0.503576 -0.482764 
0.452749 -0.528101 
-0.279877 -0.412671 
0.528633 -0.288861 
0.537605 -0.309029 
0.538022 -0.422866 
0.547222 -0.351974 
0.480231 -0.229119 
-0.351701 -0.350427 
0.306318 -0.58205 
-0.524431 -0.0976101 
-0.242966 -0.439565 
-0.2057 -0.463799 
0.503908 -0.252842 
-0.105944 -0.516344 
0.0154336 -0.559892 
0.0961011 -0.577914 
0.25986 -0.132272 
0.406746 -0.180881 
0.30195 -0.142356 
0.433341 -0.540034 
0.413467 -0.550258 
0.488458 -0.49914 
0.543601 -0.329075 
0.439058 -0.198836 
0.517222 -0.464452 
0.544192 -0.400862 
0.516448 -0.268899 
0.492428 -0.24052 
0.380138 -0.168715 
-0.560639 0.0292912 
0.342242 -0.154463 
0.216709 -0.124032 
0.128535 -0.111752 
0.423385 -0.189627 
