ZONE T="boundary0"
-4 -0.348723 
-4 -0.437316 
-4 -1 
-4 0.185492 
-4 0.458765 
-4 0.378362 
-4 0.539169 
-4 0.654377 
-4 -0.209736 
-4 -0.279229 
-4 -0.623695 
-4 -0.860741 
-4 -0.721482 
-4 1 
-4 0.769585 
-4 0.22906 
-4 0.134995 
-4 0.0844972 
-4 0.013084 
-4 -0.0583291 
-4 0.325495 
-4 0.272629 
-4 -0.134033 
-4 -0.525909 
-4 -0.393019 
-4 0.418563 
-4 0.596773 
-4 -0.244483 
-4 -0.93037 
-4 0.884792 
-4 0.207276 
-4 0.109746 
-4 -0.0226226 
-4 0.0487906 
-4 0.250844 
-4 0.351928 
-4 0.299062 
-4 0.498967 
-4 0.711981 
-4 -0.313976 
-4 -0.171885 
-4 -0.481612 
-4 -0.672588 
-4 -0.574802 
-4 -0.791111 
-4 0.160243 
-4 -0.0961809 
ZONE T="boundary1"
-0.307206 1 
-0.412967 1 
1.02481 1 
-0.100175 1 
-1.51589 1 
-0.0262791 1 
-0.675074 1 
0.280619 1 
0.200862 1 
-0.759473 1 
-0.843872 1 
-1.80159 1 
-1.06838 1 
-0.956126 1 
-1.32434 1 
3.32574 1 
3.13302 1 
1.93277 1 
-3.51575 1 
-3.1845 1 
-2.96044 1 
-4 1 
-3.75787 1 
-2.33884 1 
-2.73638 1 
-2.13543 1 
1.51817 1 
1.65682 1 
2.20736 1 
3.51845 1 
3.75922 1 
2.8797 1 
-0.528589 1 
0.121105 1 
0.0474128 1 
-0.240638 1 
-3.87894 1 
0.376516 1 
0.472412 1 
-1.19636 1 
-1.42011 1 
-1.67115 1 
4 1 
0.801659 1 
0.689578 1 
0.580995 1 
-1.93203 1 
0.91374 1 
1.42548 1 
1.33279 1 
1.13589 1 
1.23434 1 
2.07006 1 
1.79547 1 
2.62639 1 
2.34466 1 
2.48552 1 
-0.174071 1 
-0.360087 1 
0.240741 1 
-0.801672 1 
-1.01225 1 
3.22938 1 
-3.35012 1 
-3.63681 1 
-2.53761 1 
-2.23714 1 
1.5875 1 
3.63884 1 
3.00636 1 
-0.470778 1 
0.0842587 1 
-0.601831 1 
-0.273922 1 
-3.93947 1 
-0.063227 1 
0.328567 1 
-0.717273 1 
-0.899999 1 
0.424464 1 
-1.13237 1 
-1.26035 1 
-1.37223 1 
-1.468 1 
-1.59352 1 
-1.73637 1 
0.745618 1 
0.635286 1 
-1.86681 1 
3.87961 1 
1.37914 1 
1.18512 1 
1.28357 1 
0.969277 1 
-3.07247 1 
1.86412 1 
2.00142 1 
-3.81841 1 
1.47183 1 
2.75304 1 
3.42209 1 
1.72615 1 
-2.03373 1 
2.27601 1 
2.55595 1 
2.41509 1 
-2.84841 1 
0.0105668 1 
-0.137123 1 
-0.207354 1 
0.526703 1 
0.160983 1 
1.08035 1 
2.13871 1 
0.857699 1 
ZONE T="boundary2"
4 -0.543149 
4 -0.449322 
4 0.167411 
4 0.258147 
4 -0.0652559 
4 -0.125152 
4 -0.636975 
4 -0.00535991 
4 -1 
4 -0.818488 
4 0.351062 
4 0.304605 
4 0.0810257 
4 0.418559 
4 -0.178106 
4 -0.390955 
4 -0.281824 
4 -0.332588 
4 0.674419 
4 0.580238 
4 -0.727732 
4 0.83721 
4 1 
4 0.486057 
4 -0.231061 
4 0.533147 
4 -0.496235 
4 0.212779 
4 -0.0952039 
4 -0.590062 
4 -0.909244 
4 0.327833 
4 0.124219 
4 0.281376 
4 0.0378329 
4 -0.0353079 
4 -0.151629 
4 -0.420138 
4 0.627329 
4 -0.682354 
4 -0.77311 
4 0.918605 
4 0.755814 
4 0.452308 
4 0.384811 
4 -0.256443 
4 -0.204584 
4 -0.307206 
4 -0.361771 
4 0.556693 
4 0.509602 
ZONE T="boundary3"
-4 -1 
-3.75591 -1 
2.80511 -1 
3.04793 -1 
0.213316 -1 
-0.268492 -1 
-0.410835 -1 
-0.315939 -1 
-0.603698 -1 
-0.507266 -1 
0.924853 -1 
1.03531 -1 
-1.24984 -1 
-0.71195 -1 
3.46806 -1 
3.64538 -1 
-0.820203 -1 
0.8144 -1 
0.70988 -1 
1.43194 -1 
1.68649 -1 
-1.14526 -1 
-3.51181 -1 
3.29075 -1 
1.852 -1 
-1.45383 -1 
4 -1 
2.20103 -1 
2.59483 -1 
2.38454 -1 
-2.00973 -1 
-2.68325 -1 
-2.21538 -1 
-2.44931 -1 
-0.142451 -1 
0.0801022 -1 
0.151481 -1 
0.27515 -1 
-0.221044 -1 
-0.0668641 -1 
0.008723 -1 
0.363374 -1 
0.451598 -1 
0.60536 -1 
3.82269 -1 
0.869626 -1 
1.23734 -1 
1.13632 -1 
-1.04068 -1 
-0.930443 -1 
-1.35183 -1 
-1.62895 -1 
-1.80407 -1 
1.33464 -1 
1.55921 -1 
2.01751 -1 
-3.27493 -1 
-3.03805 -1 
-2.86065 -1 
-3.87795 -1 
2.92652 -1 
-0.363387 -1 
-0.555482 -1 
-0.657824 -1 
3.55672 -1 
0.76214 -1 
-3.63386 -1 
3.16934 -1 
2.48968 -1 
-2.33234 -1 
0.115792 -1 
0.244233 -1 
-0.244768 -1 
-0.0290706 -1 
0.319262 -1 
0.182399 -1 
0.407486 -1 
-0.181748 -1 
-0.104658 -1 
0.528479 -1 
0.65762 -1 
0.0444126 -1 
0.98008 -1 
3.73403 -1 
1.18683 -1 
-0.766076 -1 
-0.985563 -1 
-1.09297 -1 
-1.30084 -1 
-0.459051 -1 
3.91134 -1 
-1.40283 -1 
-1.54139 -1 
-1.71651 -1 
1.38329 -1 
1.28599 -1 
1.93475 -1 
-3.39337 -1 
-3.15649 -1 
1.76924 -1 
2.29278 -1 
2.69997 -1 
-1.9069 -1 
-2.11255 -1 
3.37941 -1 
2.10927 -1 
-2.94935 -1 
-0.292216 -1 
-0.875323 -1 
1.62285 -1 
1.08582 -1 
-1.19755 -1 
-2.56628 -1 
-2.77195 -1 
1.49558 -1 
0.89724 -1 
0.842013 -1 
ZONE T="boundary4"
-0.432322 0.372441 
-0.413139 0.37813 
-0.634128 0.0147555 
0.629817 0.100819 
0.633705 0.0832979 
-0.518399 0.326422 
-0.243818 0.387363 
-0.220702 0.385363 
-0.597657 0.228351 
0.453511 0.311741 
0.472849 0.301294 
-0.634622 0.103046 
-0.631586 0.125117 
-0.628476 0.141388 
-0.620447 0.172152 
0.636392 0.0656997 
0.601253 0.171035 
-0.615694 0.186462 
-0.610343 0.200543 
-0.559373 0.286667 
-0.570787 0.272139 
0.586246 0.195154 
0.59392 0.18339 
-0.546705 0.300769 
-0.636357 0.0808752 
0.491649 0.289596 
-0.533234 0.313868 
0.625251 0.116586 
0.619807 0.131932 
-0.50286 0.337798 
-0.486188 0.348281 
-0.468922 0.357505 
-0.450842 0.365606 
-0.604303 0.214586 
-0.581355 0.256776 
-0.636064 0.0366519 
-0.636823 0.058697 
-0.0934212 0.373234 
-0.0662582 0.371327 
-0.373534 0.386038 
-0.3532 0.388381 
-0.120649 0.375511 
-0.393643 0.382622 
-0.31101 0.390258 
-0.288991 0.389947 
0.614241 0.14529 
-0.146511 0.377947 
-0.17242 0.380553 
-0.332462 0.389759 
-0.266931 0.388958 
0.0219366 0.367821 
-0.196557 0.383013 
0.635513 -0.00534145 
0.638235 0.0301856 
0.637896 0.0480387 
0.383349 0.339304 
0.408374 0.331074 
0.43117 0.322108 
0.35772 0.346223 
0.561503 0.227394 
0.509548 0.27679 
0.526761 0.262652 
-0.58986 0.242768 
0.0829344 0.367215 
0.113628 0.367105 
0.142336 0.366919 
0.0522173 0.367405 
0.251529 0.362642 
0.224601 0.36451 
0.331921 0.351852 
0.278446 0.360001 
0.578114 0.206589 
0.608068 0.158278 
0.637431 0.0124644 
0.305238 0.356455 
-0.0373046 0.369734 
-0.00843298 0.368591 
0.171051 0.366495 
0.197815 0.365744 
0.544612 0.24577 
-0.422776 0.375439 
0.631908 0.0920908 
-0.232256 0.386403 
0.463258 0.306661 
-0.633268 0.114104 
-0.630123 0.13327 
-0.6248 0.156858 
0.635196 0.0745212 
-0.613093 0.193531 
-0.618146 0.179332 
-0.565197 0.279495 
0.597654 0.177253 
-0.553158 0.293825 
-0.63565 0.0919731 
-0.54008 0.307433 
0.622641 0.124298 
-0.494617 0.343188 
-0.459952 0.361712 
-0.441639 0.369177 
0.627653 0.108737 
-0.601056 0.221503 
-0.576191 0.26454 
-0.636594 0.0476693 
-0.0798432 0.372232 
-0.635241 0.0256908 
-0.363382 0.387339 
-0.383613 0.384471 
-0.299999 0.390197 
-0.159468 0.379237 
-0.321739 0.390117 
-0.25537 0.388221 
-0.525927 0.320275 
-0.277958 0.389527 
-0.184488 0.381788 
-0.107039 0.37433 
-0.477636 0.353044 
0.638212 0.0391149 
0.39592 0.335366 
0.442421 0.317099 
0.482341 0.295593 
-0.342839 0.389188 
0.370579 0.342929 
0.419836 0.326754 
0.518274 0.269866 
0.0982814 0.367161 
0.127982 0.367032 
0.0370763 0.367576 
0.238072 0.363663 
0.582236 0.200912 
0.617107 0.138646 
0.611232 0.151821 
0.604734 0.164696 
0.636607 0.00354693 
0.637973 0.0213187 
0.63729 0.0568816 
-0.133583 0.376701 
-0.636746 0.0697894 
0.590143 0.189311 
-0.208627 0.384211 
0.0675757 0.36729 
0.264998 0.361426 
0.291858 0.35835 
-0.0228711 0.369109 
0.184435 0.366171 
0.00675088 0.368156 
0.211211 0.365196 
0.344853 0.349186 
-0.0517846 0.370473 
0.318604 0.354293 
0.156694 0.366747 
-0.510729 0.332246 
-0.403425 0.380522 
-0.585699 0.249824 
-0.593844 0.235609 
-0.607398 0.207599 
0.535838 0.254371 
0.553214 0.236726 
0.569995 0.21714 
0.500703 0.283339 
ZONE T="boundary5"
-0.400405 -0.363181 
-0.570845 -0.170285 
-0.55976 -0.188735 
-0.626925 -0.0283257 
-0.631067 -0.00690003 
-0.634128 0.0147555 
0.604685 -0.109921 
0.59715 -0.127203 
0.623746 -0.0580535 
0.618078 -0.0754081 
-0.608453 -0.0908589 
-0.615581 -0.0703092 
-0.591406 -0.131144 
-0.600384 -0.111143 
-0.621753 -0.0494523 
-0.418642 -0.348865 
0.577801 -0.16866 
-0.179455 -0.478766 
-0.204161 -0.470023 
-0.228127 -0.460682 
-0.251783 -0.450588 
-0.31935 -0.416485 
-0.340896 -0.403777 
-0.0486956 -0.511397 
-0.128697 -0.494066 
-0.154487 -0.486728 
-0.536551 -0.223362 
-0.524589 -0.239592 
-0.464612 -0.30785 
-0.478101 -0.294199 
-0.548044 -0.206796 
-0.502182 -0.267518 
-0.381701 -0.376889 
-0.361525 -0.390672 
0.566158 -0.19294 
-0.450709 -0.321088 
-0.434898 -0.33523 
-0.581557 -0.150844 
0.537529 -0.252831 
0.527424 -0.273011 
0.628601 -0.0405825 
0.61166 -0.0927616 
0.0367029 -0.521161 
0.0659142 -0.522414 
0.0961369 -0.522541 
-0.0206361 -0.515594 
0.00753283 -0.518837 
0.218979 -0.509298 
0.188066 -0.514925 
0.126281 -0.521427 
0.157311 -0.518906 
0.374759 -0.447609 
0.250485 -0.501703 
0.282048 -0.49197 
0.313702 -0.479761 
0.344617 -0.465069 
0.403663 -0.427334 
0.389427 -0.437799 
0.427892 -0.407071 
0.45073 -0.384596 
0.501981 -0.317759 
0.516764 -0.292856 
0.468997 -0.363739 
0.551875 -0.222875 
0.635513 -0.00534145 
0.632547 -0.0230217 
0.589295 -0.144369 
0.486157 -0.341318 
-0.297395 -0.428478 
-0.274769 -0.439899 
-0.0757764 -0.506428 
-0.102692 -0.500585 
-0.565385 -0.179559 
-0.62913 -0.0176387 
-0.632737 0.00390809 
0.600964 -0.118582 
0.621002 -0.0667603 
-0.612133 -0.0806245 
-0.596001 -0.121191 
-0.624466 -0.0389202 
-0.618789 -0.059917 
-0.409583 -0.356099 
-0.191842 -0.474492 
-0.239995 -0.455729 
-0.330176 -0.41022 
-0.167002 -0.482844 
-0.47141 -0.301077 
-0.553977 -0.197814 
-0.49034 -0.281038 
-0.530627 -0.231519 
-0.391109 -0.370111 
-0.371671 -0.383866 
0.571982 -0.180801 
-0.45771 -0.314521 
-0.426823 -0.342111 
-0.576296 -0.160617 
0.532535 -0.262951 
0.626277 -0.0493469 
0.0513027 -0.521923 
-0.0346835 -0.513613 
-0.00656547 -0.517335 
0.20356 -0.512318 
0.172713 -0.517104 
0.111215 -0.522143 
0.297986 -0.486153 
0.359872 -0.456657 
0.396604 -0.432646 
-0.542358 -0.21512 
0.329303 -0.472718 
0.522177 -0.282978 
0.460039 -0.374321 
0.415982 -0.417447 
0.544738 -0.23787 
0.634156 -0.0142028 
0.509535 -0.305404 
0.593254 -0.135801 
0.477758 -0.352667 
-0.586582 -0.141044 
0.608233 -0.101366 
0.630689 -0.031828 
-0.442861 -0.328222 
0.439538 -0.396064 
-0.308422 -0.422571 
0.614946 -0.0841133 
0.559003 -0.207901 
0.583578 -0.156529 
0.382147 -0.442785 
-0.216181 -0.465447 
-0.60453 -0.101045 
-0.141621 -0.490499 
-0.263318 -0.445335 
-0.351264 -0.39731 
-0.286128 -0.434281 
-0.0622561 -0.509022 
-0.0892577 -0.503615 
0.0810249 -0.522629 
0.494243 -0.329655 
-0.11572 -0.497428 
0.0221074 -0.52013 
0.141811 -0.520345 
0.234788 -0.505735 
0.266346 -0.497095 
-0.513578 -0.25371 
