ZONE T="boundary0"
-4 -0.6019 
-4 -0.7346 
-4 -0.408611 
-4 1 
-4 0.696399 
-4 0.350865 
-4 0.499843 
-4 0.129079 
-4 0.170189 
-4 -0.0739932 
-4 0.00698753 
-4 0.0879683 
-4 0.252411 
-4 0.301638 
-4 -0.4692 
-4 -0.140532 
-4 -0.207071 
-4 -0.277547 
-4 -0.348023 
-4 -1 
-4 -0.66825 
-4 0.848199 
-4 0.425354 
-4 0.149634 
-4 -0.0335029 
-4 0.277024 
-4 0.108524 
-4 0.2113 
-4 0.0474779 
-4 -0.173802 
-4 -0.242309 
-4 -0.312785 
-4 -0.8673 
-4 -0.53555 
-4 0.598121 
-4 -0.438905 
-4 -0.378317 
-4 0.326252 
-4 -0.107263 
ZONE T="boundary1"
-3.03221 1 
-4 1 
2.0068 1 
-1.02121 1 
-1.13998 1 
0.651619 1 
-1.79395 1 
-1.93374 1 
0.204899 1 
0.542913 1 
4 1 
-1.26138 1 
0.368489 1 
0.286694 1 
1.21446 1 
1.10896 1 
-3.20002 1 
-3.60078 1 
3.4735 1 
3.60512 1 
3.08717 1 
-2.07353 1 
1.00346 1 
1.55763 1 
1.43589 1 
-2.86441 1 
2.16321 1 
-1.38278 1 
3.73675 1 
2.8598 1 
2.63242 1 
-0.0121499 1 
-0.0504386 1 
-0.0887273 1 
-0.379957 1 
-0.303785 1 
-0.467889 1 
-0.555821 1 
-0.748072 1 
-0.88915 1 
-0.651947 1 
0.455701 1 
0.0644275 1 
0.134663 1 
0.881892 1 
0.760325 1 
-1.48069 1 
-1.57859 1 
1.32518 1 
1.84309 1 
1.67938 1 
-2.43166 1 
-2.64803 1 
2.31961 1 
-2.2526 1 
-0.15817 1 
-0.227613 1 
-1.0806 1 
-1.86385 1 
0.597266 1 
0.327592 1 
1.16171 1 
-3.4004 1 
3.53931 1 
3.28033 1 
-2.00364 1 
1.49676 1 
-2.94831 1 
2.085 1 
-3.80039 1 
2.74611 1 
-0.341871 1 
-0.069583 1 
-0.511855 1 
-0.818611 1 
0.0995454 1 
0.169781 1 
-1.32208 1 
0.245797 1 
0.412095 1 
0.499307 1 
0.705972 1 
0.821108 1 
-1.52964 1 
-1.20068 1 
1.26982 1 
1.05621 1 
1.92494 1 
1.38053 1 
1.61851 1 
1.76123 1 
-1.68627 1 
-2.53985 1 
2.47602 1 
3.86837 1 
2.24141 1 
-2.16307 1 
-2.34213 1 
-2.75622 1 
3.67094 1 
-0.955179 1 
0.0261388 1 
-0.123449 1 
-0.192892 1 
-0.265699 1 
-0.0312943 1 
-0.70001 1 
-0.603884 1 
-3.11611 1 
-1.43173 1 
0.942675 1 
2.97349 1 
-0.423923 1 
ZONE T="boundary2"
4 0.227701 
4 0.168906 
4 0.280759 
4 0.533346 
4 0.733341 
4 1 
4 -1 
4 -0.553402 
4 -0.664967 
4 -0.832483 
4 0.324604 
4 0.368449 
4 0.466682 
4 0.417565 
4 0.110111 
4 0.0387438 
4 -0.166982 
4 -0.231141 
4 -0.331934 
4 -0.2953 
4 -0.0326232 
4 -0.368569 
4 -0.441838 
4 0.600011 
4 -0.0998024 
4 0.198304 
4 0.25423 
4 0.86667 
4 -0.748725 
4 -0.916242 
4 0.346527 
4 0.442124 
4 0.139508 
4 0.0744273 
4 -0.199061 
4 -0.313617 
4 0.00306032 
4 -0.350252 
4 -0.49762 
4 0.302682 
4 0.393007 
4 0.566679 
4 0.500014 
4 -0.133392 
4 -0.0662128 
4 -0.405203 
4 -0.26322 
4 0.666676 
4 -0.609184 
ZONE T="boundary3"
-1.48031 -1 
-0.126148 -1 
-0.184705 -1 
-0.413021 -1 
-0.328142 -1 
-1.29849 -1 
-0.0083293 -1 
3.22752 -1 
3.61376 -1 
-0.745049 -1 
-0.624265 -1 
4 -1 
-3.55302 -1 
-3.18301 -1 
-2.3472 -1 
-2.74159 -1 
1.68602 -1 
1.86044 -1 
2.08281 -1 
2.30519 -1 
2.53309 -1 
-1.82854 -1 
2.76099 -1 
0.252528 -1 
0.62837 -1 
-0.0672386 -1 
0.104488 -1 
0.178508 -1 
-0.243262 -1 
-0.977574 -1 
-4 -1 
0.777308 -1 
0.857032 -1 
0.94677 -1 
0.697583 -1 
1.03651 -1 
0.489944 -1 
0.559157 -1 
-0.865833 -1 
-0.518643 -1 
-1.1939 -1 
-1.08931 -1 
-1.65443 -1 
-3.77651 -1 
-2.9623 -1 
1.25447 -1 
1.14549 -1 
1.51159 -1 
1.38303 -1 
-2.08787 -1 
2.99426 -1 
0.42073 -1 
0.336629 -1 
-0.155426 -1 
-0.370582 -1 
3.42064 -1 
-0.684657 -1 
3.80688 -1 
-3.36801 -1 
-2.5444 -1 
1.77323 -1 
2.194 -1 
2.64704 -1 
-0.0966932 -1 
-0.0377839 -1 
0.0480791 -1 
0.141498 -1 
-0.285702 -1 
-0.213984 -1 
0.81717 -1 
0.901901 -1 
0.737445 -1 
0.52455 -1 
-0.921704 -1 
-0.805441 -1 
-0.571454 -1 
-1.14161 -1 
-1.3894 -1 
-1.56737 -1 
-3.88826 -1 
-1.74148 -1 
-3.66477 -1 
-3.07265 -1 
2.41914 -1 
1.19998 -1 
1.44731 -1 
1.31875 -1 
-1.95821 -1 
3.11089 -1 
-2.21754 -1 
-2.85195 -1 
2.87762 -1 
1.5988 -1 
1.97163 -1 
0.455337 -1 
0.662977 -1 
0.593763 -1 
-0.465832 -1 
0.215518 -1 
0.294579 -1 
0.37868 -1 
0.991639 -1 
1.091 -1 
-1.03344 -1 
-1.2462 -1 
ZONE T="boundary4"
-0.635764 0.0307109 
-0.283564 0.356315 
-0.636828 0.0509182 
-0.633737 0.0105935 
-0.636887 0.0712187 
-0.635899 0.0914623 
0.574775 0.200287 
-0.604275 0.212148 
-0.531746 0.303807 
-0.444876 0.346797 
-0.428674 0.350762 
-0.303904 0.357518 
-0.490615 0.329526 
-0.395313 0.356122 
-0.3603 0.358477 
-0.342328 0.358682 
0.502633 0.285118 
0.5507 0.235574 
-0.634153 0.109043 
-0.63158 0.126376 
-0.625531 0.154284 
-0.617686 0.179938 
-0.610976 0.197333 
0.559871 0.223211 
-0.596843 0.226473 
-0.589847 0.238418 
-0.566732 0.270266 
0.541029 0.247444 
0.531012 0.258619 
0.483957 0.299251 
0.567534 0.211922 
-0.555809 0.282264 
-0.263226 0.354904 
-0.24125 0.3533 
-0.219305 0.35176 
-0.544235 0.293368 
-0.5187 0.313264 
-0.505009 0.321828 
-0.475853 0.336202 
-0.460482 0.341993 
-0.412305 0.353827 
0.587934 0.175884 
0.597829 0.153198 
0.614691 0.0868899 
0.611105 0.10848 
-0.14559 0.348428 
-0.119809 0.348243 
-0.323133 0.358328 
0.605849 0.129565 
0.616533 0.0649597 
0.616615 0.0428027 
-0.378186 0.357636 
-0.621874 0.167192 
0.434798 0.327595 
0.0737603 0.361194 
0.101753 0.36379 
0.409514 0.338372 
0.447273 0.321419 
0.471898 0.307273 
0.459489 0.314749 
0.129851 0.366113 
0.158029 0.36799 
-0.0376613 0.351306 
0.186513 0.369261 
0.301142 0.364738 
0.272502 0.367646 
0.383928 0.347219 
0.520476 0.269275 
0.611784 -0.00117874 
0.615004 0.0208496 
-0.195359 0.350294 
-0.171478 0.349169 
-0.0925553 0.348664 
-0.0654347 0.34969 
-0.00999829 0.353385 
0.0179133 0.355833 
0.0458055 0.358486 
0.329491 0.360401 
0.357184 0.354567 
0.215117 0.369742 
0.243783 0.36926 
-0.576834 0.257579 
-0.636419 0.0408081 
-0.634868 0.0206403 
-0.636986 0.0610681 
-0.636526 0.0813471 
-0.436803 0.348896 
-0.293732 0.356951 
-0.351315 0.358652 
-0.632972 0.117725 
-0.628847 0.140393 
-0.614461 0.188686 
-0.635131 0.100263 
0.555355 0.229444 
-0.607724 0.204785 
-0.593417 0.232488 
0.536087 0.253092 
-0.600656 0.219361 
-0.230279 0.352514 
-0.538081 0.298696 
-0.511928 0.317662 
-0.525304 0.308647 
-0.468213 0.33922 
-0.452715 0.344512 
-0.497877 0.325798 
0.545934 0.241565 
-0.42051 0.352402 
0.563758 0.217604 
0.581614 0.188225 
0.593112 0.164641 
-0.403823 0.355079 
0.613115 0.0977211 
-0.1327 0.348265 
-0.561371 0.276357 
-0.313516 0.357971 
0.602096 0.141468 
-0.273394 0.355627 
0.616794 0.0538822 
-0.483288 0.332984 
-0.332729 0.35857 
-0.619848 0.173586 
-0.369247 0.358143 
0.0877543 0.362517 
-0.386758 0.356972 
0.49343 0.292363 
0.477973 0.303331 
0.453414 0.318147 
0.608684 0.119074 
0.143936 0.367118 
0.172267 0.368714 
0.28684 0.366363 
0.396795 0.343009 
0.511713 0.277375 
0.613584 0.00980754 
0.615834 0.0759435 
0.571213 0.206141 
0.616014 0.0318112 
-0.252238 0.354103 
-0.207334 0.350991 
-0.183421 0.349683 
-0.550116 0.287914 
-0.158536 0.348732 
-0.106181 0.348374 
-0.0789922 0.349105 
-0.0238259 0.352294 
-0.0515442 0.350432 
0.0318609 0.357143 
0.115798 0.364997 
0.315346 0.362759 
0.34338 0.357686 
0.229452 0.369632 
0.0597825 0.359844 
0.258151 0.368605 
0.370614 0.351103 
0.00396052 0.354574 
0.200813 0.369611 
0.52581 0.264012 
-0.623768 0.160758 
-0.583547 0.248139 
0.422255 0.333216 
-0.571886 0.264004 
0.465735 0.311079 
0.441067 0.324568 
ZONE T="boundary5"
-0.467573 -0.315642 
-0.491477 -0.289448 
-0.438766 -0.343745 
-0.569934 -0.176896 
-0.579095 -0.15989 
-0.633737 0.0105935 
-0.626984 -0.0290711 
-0.630799 -0.00932394 
-0.603772 -0.105614 
-0.61071 -0.0868337 
-0.622345 -0.0485602 
-0.616905 -0.0678331 
-0.587921 -0.142154 
-0.234759 -0.475851 
-0.256335 -0.465959 
-0.2776 -0.455431 
-0.336922 -0.421531 
-0.317838 -0.433212 
-0.596126 -0.124139 
-0.355641 -0.40929 
-0.140239 -0.510774 
-0.114223 -0.518205 
-0.164778 -0.502938 
-0.212055 -0.485447 
-0.189067 -0.494359 
-0.560254 -0.193627 
-0.540838 -0.224262 
-0.373502 -0.396832 
-0.390975 -0.383851 
-0.407494 -0.370797 
-0.453506 -0.329789 
-0.423611 -0.357262 
0.443586 -0.418239 
0.432684 -0.430214 
0.454028 -0.405527 
0.479736 -0.367404 
0.487034 -0.354243 
0.121008 -0.547359 
0.05849 -0.546301 
0.0274336 -0.543917 
-0.00238668 -0.540521 
-0.0879906 -0.524819 
0.239577 -0.53329 
0.211602 -0.538814 
0.151727 -0.545908 
0.182178 -0.54305 
0.266031 -0.526559 
0.291538 -0.518492 
0.369742 -0.481291 
0.343135 -0.496432 
0.421227 -0.441586 
0.408482 -0.452988 
0.472037 -0.380031 
0.463867 -0.392229 
0.382664 -0.472776 
0.500612 -0.32595 
0.506887 -0.310843 
0.586346 -0.088073 
0.317348 -0.50852 
0.518417 -0.279118 
0.526823 -0.252942 
0.542421 -0.203936 
0.53502 -0.226638 
0.550271 -0.18144 
0.559528 -0.156637 
0.569147 -0.132052 
0.577851 -0.110073 
0.611784 -0.00117874 
0.60712 -0.0230201 
-0.507061 -0.270642 
-0.52443 -0.247794 
0.601184 -0.0447421 
0.594142 -0.0665135 
-0.297888 -0.44462 
0.0895791 -0.547471 
-0.032092 -0.536075 
-0.0601274 -0.530905 
-0.479707 -0.302712 
-0.574581 -0.168429 
-0.628999 -0.0192183 
-0.607331 -0.0962571 
-0.613901 -0.0773639 
-0.63238 0.000618199 
-0.624767 -0.0388401 
-0.245584 -0.470985 
-0.267007 -0.460775 
-0.327423 -0.427442 
-0.592102 -0.133182 
-0.12726 -0.514592 
-0.152538 -0.506949 
-0.200594 -0.489989 
-0.550739 -0.209067 
-0.565155 -0.185297 
-0.382287 -0.390407 
-0.364617 -0.403127 
-0.460593 -0.322769 
0.438211 -0.424296 
-0.619723 -0.0582244 
-0.446188 -0.336823 
-0.431238 -0.350559 
0.448888 -0.411949 
-0.346327 -0.415481 
0.0429505 -0.545257 
0.0125084 -0.542352 
0.225627 -0.536238 
0.136376 -0.546805 
0.16697 -0.544662 
0.252851 -0.530108 
0.278844 -0.522713 
0.356599 -0.489143 
0.41493 -0.447372 
0.468018 -0.386174 
0.459031 -0.398939 
0.427027 -0.435973 
0.376251 -0.477106 
0.475953 -0.373758 
-0.600034 -0.114912 
0.483452 -0.360861 
0.49409 -0.340225 
0.330353 -0.502712 
-0.399283 -0.377385 
-0.583583 -0.151059 
0.538668 -0.21527 
0.546285 -0.192667 
0.503813 -0.318423 
0.564305 -0.144332 
0.573505 -0.121065 
0.58214 -0.0990891 
0.395816 -0.463199 
0.512865 -0.295058 
-0.415603 -0.36409 
0.609618 -0.012135 
-0.499361 -0.280122 
-0.515871 -0.259313 
-0.532748 -0.236107 
-0.223443 -0.480735 
0.597773 -0.0556635 
-0.307906 -0.438991 
-0.176956 -0.498742 
0.590319 -0.0773204 
0.604291 -0.0339193 
-0.287784 -0.4501 
0.530905 -0.239785 
0.522692 -0.266054 
0.0740288 -0.547041 
0.554837 -0.169015 
-0.101132 -0.521614 
-0.0172587 -0.538428 
-0.0740839 -0.527976 
0.196917 -0.541119 
0.304525 -0.513719 
-0.0461309 -0.533605 
0.105294 -0.547583 
