ZONE T="boundary0"
-4 -0.522292 
-4 0.351787 
-4 0.321146 
-4 0.218576 
-4 0.443709 
-4 0.53972 
-4 0.382428 
-4 0.0976316 
-4 -0.422278 
-4 -0.622307 
-4 0.817865 
-4 0.244219 
-4 0.158104 
-4 -0.0409664 
-4 0.269861 
-4 -0.16493 
-4 -0.102948 
-4 -0.217744 
-4 -0.270557 
-4 1 
-4 0.635731 
-4 -1 
-4 -0.811153 
-4 0.18834 
-4 -0.346418 
-4 0.336466 
-4 0.491715 
-4 -0.572299 
-4 0.231397 
-4 0.127868 
-4 0.0283326 
-4 0.413068 
-4 -0.133939 
-4 -0.191337 
-4 -0.0719574 
-4 -0.244151 
-4 0.908933 
-4 0.587725 
-4 0.726798 
-4 -0.905577 
-4 -0.71673 
-4 0.173222 
-4 0.203458 
-4 0.25704 
-4 0.295503 
-4 0.367107 
-4 -0.384348 
-4 -0.308488 
-4 -0.472285 
ZONE T="boundary1"
0.348656 1 
0.60879 1 
0.469212 1 
0.539001 1 
0.774447 1 
0.704752 1 
1.32208 1 
1.20903 1 
-1.79035 1 
-1.9378 1 
1.45827 1 
1.96518 1 
1.77982 1 
-2.70743 1 
-2.30815 1 
-2.50779 1 
2.39252 1 
2.17885 1 
-3.53097 1 
3.03055 1 
2.81975 1 
3.43101 1 
3.24135 1 
4 1 
3.81034 1 
-2.9253 1 
-0.440893 1 
-0.0519927 1 
-0.539892 1 
0.656771 1 
0.074618 1 
0.140695 1 
0.277714 1 
0.206772 1 
-0.763005 1 
-0.651448 1 
-0.117753 1 
-0.341894 1 
-0.262703 1 
0.0113126 1 
-0.988235 1 
-0.87562 1 
-4 1 
-1.21361 1 
-1.10092 1 
-1.31019 1 
-1.40676 1 
3.62067 1 
-1.64289 1 
1.09599 1 
1.15251 1 
0.844142 1 
0.970064 1 
1.03303 1 
-3.24012 1 
-3.14317 1 
-1.52482 1 
1.59446 1 
-0.183512 1 
0.907103 1 
-2.12298 1 
-3.33707 1 
0.573895 1 
0.7396 1 
1.26556 1 
-1.86407 1 
1.39018 1 
1.8725 1 
-2.40797 1 
2.28569 1 
2.92515 1 
3.33618 1 
3.90517 1 
-2.81636 1 
0.63278 1 
0.107656 1 
0.242243 1 
0.313185 1 
0.173733 1 
0.408934 1 
0.504107 1 
-0.707226 1 
-0.0848726 1 
-0.391393 1 
-0.302298 1 
-0.02034 1 
-0.490392 1 
-0.931927 1 
-1.15727 1 
-1.04458 1 
-1.35847 1 
3.7155 1 
-3.76548 1 
1.12425 1 
1.00155 1 
-1.71662 1 
-3.03423 1 
-2.60761 1 
2.60613 1 
2.07202 1 
3.13595 1 
1.68714 1 
-1.58386 1 
1.52637 1 
-0.150633 1 
0.809295 1 
0.875623 1 
0.0429653 1 
0.680762 1 
-0.223108 1 
0.938584 1 
1.18077 1 
1.06451 1 
-1.46579 1 
-2.03039 1 
-3.28859 1 
-3.19164 1 
-1.2619 1 
-0.59567 1 
3.52584 1 
-2.21556 1 
-3.43402 1 
-0.819312 1 
ZONE T="boundary2"
4 -1 
4 -0.335663 
4 -0.385009 
4 -0.434355 
4 0.11908 
4 0.169036 
4 0.39688 
4 0.333271 
4 0.595367 
4 -0.675698 
4 -0.555027 
4 0.730245 
4 1 
4 0.276132 
4 0.46049 
4 -0.297789 
4 0.0191684 
4 -0.0824998 
4 -0.133334 
4 -0.259916 
4 -0.184168 
4 -0.222042 
4 0.218992 
4 0.0691242 
4 -0.360336 
4 0.144058 
4 0.365076 
4 -0.837849 
4 -0.494691 
4 0.304701 
4 0.428685 
4 -0.316726 
4 -0.0316657 
4 -0.107917 
4 0.662806 
4 0.527928 
4 0.865122 
4 -0.615363 
4 -0.409682 
4 -0.278852 
4 -0.203105 
4 -0.158751 
4 -0.240979 
4 0.194014 
4 0.0441463 
4 0.0941022 
4 0.247562 
ZONE T="boundary3"
-1.10854 -1 
-1.55447 -1 
-1.66376 -1 
3.60118 -1 
4 -1 
0.146424 -1 
0.186943 -1 
-0.466989 -1 
-0.358609 -1 
-1.43286 -1 
-1.31126 -1 
-0.618543 -1 
0.438236 -1 
0.557826 -1 
0.105905 -1 
1.89912 -1 
1.68372 -1 
-0.190723 -1 
0.0675663 -1 
2.18683 -1 
3.08834 -1 
3.25692 -1 
-3.75431 -1 
-3.50861 -1 
2.34834 -1 
-1.99164 -1 
2.50986 -1 
-3.18188 -1 
2.71481 -1 
2.91977 -1 
-3.01852 -1 
-2.28195 -1 
0.252795 -1 
0.318647 -1 
0.029228 -1 
-0.0474485 -1 
-0.119086 -1 
-0.274666 -1 
0.670543 -1 
1.00782 -1 
0.895542 -1 
0.78326 -1 
-0.690291 -1 
1.21621 -1 
1.11202 -1 
1.46833 -1 
1.34227 -1 
-1.00704 -1 
-0.905533 -1 
-0.762038 -1 
-1.77305 -1 
-1.88234 -1 
-2.85515 -1 
-2.57225 -1 
-2.7137 -1 
-4 -1 
-2.4271 -1 
-1.60911 -1 
3.80059 -1 
0.166683 -1 
-0.412799 -1 
-1.37206 -1 
-0.542766 -1 
0.498031 -1 
1.79142 -1 
0.0867354 -1 
2.04297 -1 
3.42905 -1 
-3.63146 -1 
2.26759 -1 
2.4291 -1 
2.81729 -1 
-3.34525 -1 
0.285721 -1 
0.126164 -1 
0.0483972 -1 
-0.00911027 -1 
-0.232694 -1 
-0.316637 -1 
0.614184 -1 
0.951683 -1 
0.726902 -1 
-0.654417 -1 
0.839401 -1 
1.16412 -1 
1.57603 -1 
1.27924 -1 
-0.956285 -1 
-1.2099 -1 
-0.833785 -1 
-1.49367 -1 
-1.71841 -1 
-1.8277 -1 
-1.93699 -1 
-2.13679 -1 
2.61234 -1 
3.17263 -1 
3.00405 -1 
-2.93683 -1 
-2.78443 -1 
-2.49968 -1 
-3.1002 -1 
-3.87715 -1 
-0.0832671 -1 
-0.154904 -1 
0.219869 -1 
0.378442 -1 
-2.64298 -1 
1.4053 -1 
-2.35452 -1 
1.05992 -1 
-1.05779 -1 
-0.726164 -1 
ZONE T="boundary4"
-0.321877 0.469687 
-0.303217 0.480977 
0.525499 0.396395 
0.527243 0.381943 
0.522749 0.410501 
0.457628 0.517464 
0.520762 0.305108 
-0.629235 0.0329428 
-0.631263 0.0151692 
-0.618125 0.0867995 
-0.60846 0.118123 
-0.590461 0.163653 
-0.580468 0.184997 
-0.598998 0.14349 
-0.569699 0.206008 
-0.54419 0.250114 
-0.530121 0.271715 
-0.471768 0.345413 
-0.489805 0.324861 
-0.510754 0.298672 
-0.454298 0.363833 
-0.436144 0.381623 
0.527139 0.344548 
0.527987 0.363428 
-0.420099 0.396324 
-0.403595 0.41054 
-0.622636 0.0687974 
-0.384146 0.426219 
-0.364146 0.441233 
-0.343266 0.455814 
0.432187 0.537361 
-0.284228 0.491744 
-0.263563 0.502687 
-0.118414 0.560626 
-0.090737 0.568516 
-0.145821 0.551911 
-0.171305 0.542952 
-0.196487 0.533236 
0.403519 0.554652 
0.388049 0.562303 
-0.0613016 0.57596 
-0.0316394 0.582519 
-0.000406563 0.588444 
0.48029 0.494225 
0.507587 0.452757 
0.514492 0.437129 
0.516181 0.287211 
0.508337 0.261289 
0.469395 0.506223 
0.524698 0.325009 
0.499389 0.467681 
0.516616 -0.0447631 
0.372136 0.569175 
0.445261 0.527784 
0.41813 0.546403 
0.48302 0.153607 
0.500261 0.0190625 
0.508822 -0.0128699 
0.355597 0.575387 
0.482392 0.119982 
0.49036 0.481322 
0.500047 0.235323 
0.0637885 0.597556 
0.198717 0.602683 
0.233394 0.600423 
0.268813 0.596221 
0.338725 0.580866 
0.304086 0.5898 
0.492498 0.208971 
0.519087 0.423999 
0.48658 0.18171 
-0.242569 0.51303 
-0.219688 0.523473 
-0.557321 0.228261 
0.0310022 0.593414 
0.0966947 0.600628 
0.49193 0.0524382 
0.130592 0.602617 
0.164528 0.603343 
0.485514 0.0865896 
-0.312587 0.475399 
0.526501 0.389185 
0.524253 0.403473 
-0.630355 0.0240681 
-0.613552 0.102541 
-0.585564 0.174372 
-0.603887 0.130865 
-0.575174 0.195549 
-0.594824 0.153611 
-0.53726 0.260983 
-0.48089 0.335228 
-0.520613 0.28532 
-0.463118 0.354703 
0.527757 0.353979 
-0.411901 0.403495 
-0.445302 0.372811 
-0.620472 0.0778214 
-0.37421 0.433812 
-0.33263 0.462841 
-0.273936 0.497291 
-0.393938 0.418464 
-0.104605 0.564674 
-0.158596 0.547526 
0.395835 0.558581 
-0.0464948 0.579349 
-0.0160456 0.585601 
-0.29376 0.486427 
0.51121 0.445018 
0.512379 0.274213 
0.463609 0.511945 
0.526104 0.334755 
-0.428178 0.389036 
-0.626329 0.0509426 
0.380135 0.565838 
0.451528 0.522725 
0.522892 0.315026 
0.425226 0.541987 
0.438798 0.532673 
0.504555 0.0031002 
0.363903 0.572378 
0.482212 0.136803 
0.474951 0.500323 
0.251133 0.598576 
0.347191 0.578218 
0.485449 0.48787 
0.321493 0.585671 
0.286503 0.593306 
0.410882 0.55063 
0.49501 0.474591 
0.496108 0.222197 
0.518574 0.296133 
0.521039 0.417283 
0.51288 -0.028777 
0.527818 0.372694 
0.516907 0.430605 
0.503647 0.460306 
0.504166 0.248315 
-0.353768 0.448614 
-0.231168 0.518338 
-0.208124 0.52844 
-0.183933 0.538191 
-0.550848 0.239243 
-0.253103 0.507934 
-0.563604 0.217187 
-0.0760476 0.57235 
-0.132151 0.556373 
0.0152788 0.591049 
0.0802288 0.599228 
0.48927 0.195398 
0.484465 0.167701 
0.113634 0.601774 
0.147557 0.603144 
-0.500446 0.3119 
0.0473789 0.595617 
0.483518 0.103245 
0.488386 0.0694509 
0.216069 0.601765 
0.181626 0.603196 
0.495935 0.0357099 
ZONE T="boundary5"
-0.627839 -0.0692298 
-0.527764 -0.220958 
-0.517727 -0.227287 
-0.537454 -0.214217 
-0.550554 -0.203944 
-0.608804 -0.128617 
-0.585221 -0.167553 
-0.624371 -0.0850365 
-0.631963 -0.0364449 
0.520228 -0.185003 
-0.578986 -0.175408 
-0.56528 -0.190434 
0.475042 -0.287401 
-0.602019 -0.141807 
-0.620024 -0.1002 
-0.614772 -0.114864 
-0.59403 -0.155036 
0.402409 -0.351128 
0.356591 -0.373193 
0.371896 -0.366832 
-0.152604 -0.326945 
-0.132199 -0.33287 
0.522463 -0.0761365 
-0.21125 -0.310993 
-0.192099 -0.315985 
-0.17304 -0.321174 
-0.63036 -0.053081 
-0.228966 -0.306592 
-0.0677363 -0.351948 
-0.0459253 -0.358261 
0.022458 -0.376366 
-0.0894543 -0.345536 
-0.110842 -0.33918 
0.178157 -0.399389 
0.158741 -0.39835 
-0.000943164 -0.370542 
-0.470569 -0.25021 
-0.42669 -0.26451 
-0.506281 -0.233798 
-0.494571 -0.239775 
-0.263162 -0.298714 
-0.279634 -0.295195 
-0.246779 -0.302388 
-0.407258 -0.269451 
-0.380158 -0.27545 
-0.325272 -0.286145 
-0.445927 -0.25887 
-0.632397 -0.00226473 
-0.631263 0.0151692 
0.416142 -0.342476 
-0.632638 -0.019424 
0.429408 -0.332965 
0.522961 -0.169857 
0.5249 -0.154346 
-0.302378 -0.290583 
0.139402 -0.39673 
0.116468 -0.394096 
0.0460484 -0.381739 
0.0936869 -0.390765 
0.0697698 -0.386561 
0.219692 -0.399466 
0.23978 -0.398359 
0.259864 -0.396436 
0.198906 -0.399808 
0.30686 -0.388352 
0.324036 -0.383974 
0.341034 -0.378779 
0.387333 -0.359436 
0.454588 -0.310901 
0.442353 -0.322373 
0.465212 -0.299494 
0.484237 -0.274332 
0.526 -0.138696 
0.516687 -0.199955 
0.525739 -0.107369 
0.52627 -0.123078 
0.511983 -0.215791 
0.503201 -0.238906 
0.516616 -0.0447631 
0.291118 -0.391661 
0.524452 -0.09174 
-0.0235086 -0.364533 
-0.366596 -0.278196 
0.492491 -0.260646 
-0.339144 -0.283501 
-0.353013 -0.280848 
-0.52278 -0.224178 
-0.544092 -0.209193 
-0.532648 -0.217644 
-0.582148 -0.171516 
-0.572304 -0.183077 
-0.617519 -0.107575 
-0.589735 -0.161372 
-0.605521 -0.135268 
-0.611901 -0.121789 
0.364284 -0.370109 
-0.142397 -0.329892 
-0.201667 -0.313461 
-0.182563 -0.318556 
-0.631281 -0.0447746 
-0.220101 -0.308767 
-0.0568364 -0.355124 
-0.078598 -0.348751 
-0.121518 -0.336016 
0.168445 -0.398945 
-0.622318 -0.0926531 
-0.512042 -0.230609 
-0.500458 -0.23685 
-0.271394 -0.296934 
-0.393729 -0.27255 
-0.237867 -0.304464 
-0.436338 -0.261787 
-0.558063 -0.197348 
0.409338 -0.346902 
-0.632629 -0.0108427 
-0.162816 -0.324038 
0.422848 -0.337823 
0.524036 -0.162115 
-0.291 -0.292858 
0.149066 -0.397611 
0.127924 -0.395505 
0.0342388 -0.379117 
0.0817138 -0.388748 
0.229741 -0.399011 
0.18853 -0.399691 
0.249832 -0.397503 
0.315473 -0.386261 
0.379666 -0.36324 
0.348846 -0.376079 
0.332567 -0.38148 
0.435968 -0.327776 
0.459995 -0.305285 
0.479755 -0.280948 
0.47023 -0.293531 
0.448569 -0.316743 
0.526103 -0.11522 
0.507855 -0.227448 
0.275534 -0.394327 
0.52354 -0.0839276 
0.514451 -0.207907 
-0.626228 -0.0771602 
0.521697 -0.177449 
0.525555 -0.146529 
0.518559 -0.192503 
0.525187 -0.0995472 
0.526237 -0.130889 
-0.313822 -0.288346 
-0.632418 -0.0279391 
-0.62922 -0.0611742 
0.299005 -0.390083 
0.394932 -0.355393 
-0.254966 -0.300529 
0.519811 -0.0603994 
0.057894 -0.384224 
0.209301 -0.399736 
-0.482671 -0.245229 
-0.458319 -0.254742 
0.0107442 -0.373508 
-0.0122367 -0.367578 
-0.100148 -0.342358 
-0.0347252 -0.361427 
-0.631938 0.00645933 
-0.416994 -0.267057 
-0.373379 -0.276838 
0.498115 -0.249908 
0.488483 -0.267561 
-0.346079 -0.282178 
-0.359807 -0.279531 
-0.59814 -0.148492 
-0.332208 -0.284822 
0.105065 -0.392515 
