ZONE T="boundary0"
-4 -0.590376 
-4 0.350865 
-4 0.425354 
-4 0.696399 
-4 0.848199 
-4 0.252411 
-4 0.301638 
-4 0.499843 
-4 1 
-4 -1 
-4 0.598121 
-4 0.170189 
-4 -0.0739932 
-4 0.00698753 
-4 -0.348023 
-4 -0.277547 
-4 -0.140532 
-4 0.0879683 
-4 -0.207071 
-4 -0.408611 
-4 -0.4692 
-4 0.38811 
-4 0.772299 
-4 0.277024 
-4 0.9241 
-4 -0.795188 
-4 0.548982 
-4 0.2113 
-4 -0.0335029 
-4 -0.312785 
-4 -0.107263 
-4 0.64726 
-4 0.129079 
-4 0.0474779 
-4 -0.173802 
-4 -0.242309 
-4 -0.378317 
-4 0.326252 
-4 0.462598 
-4 -0.529788 
-4 -0.438905 
ZONE T="boundary1"
-1.93374 1 
1.32518 1 
-1.65038 1 
-1.57859 1 
3.28033 1 
3.08717 1 
0.651619 1 
-3.03221 1 
-3.80039 1 
-4 1 
-2.43166 1 
-3.4004 1 
-3.60078 1 
-2.86441 1 
2.0068 1 
2.31961 1 
2.63242 1 
2.8598 1 
1.84309 1 
1.67938 1 
3.4735 1 
3.73675 1 
-0.0887273 1 
-0.155941 1 
-0.555821 1 
-0.651015 1 
0.204899 1 
-0.227613 1 
-0.460628 1 
-0.379957 1 
1.00346 1 
0.881892 1 
0.760325 1 
0.0644275 1 
-0.0215138 1 
0.542913 1 
0.368489 1 
0.455701 1 
0.259429 1 
-0.93317 1 
-1.02121 1 
1.10896 1 
-0.88915 1 
-1.25875 1 
-1.13998 1 
-0.748072 1 
-2.07353 1 
-1.38278 1 
-1.50681 1 
1.43589 1 
1.55763 1 
1.21446 1 
-1.79395 1 
-3.20002 1 
-2.64803 1 
-2.2526 1 
4 1 
0.150369 1 
-0.299285 1 
-0.84513 1 
-1.0806 1 
-1.61449 1 
3.18375 1 
-3.90019 1 
-3.50059 1 
2.16321 1 
2.47602 1 
2.74611 1 
1.76123 1 
3.60512 1 
-0.122334 1 
-0.603418 1 
-0.191777 1 
-0.420292 1 
0.942675 1 
0.821108 1 
0.0214569 1 
-0.508225 1 
0.597266 1 
0.412095 1 
0.499307 1 
0.705972 1 
-0.977189 1 
0.313959 1 
1.05621 1 
-1.19937 1 
-2.00364 1 
-1.32077 1 
-1.44479 1 
1.49676 1 
1.92494 1 
1.61851 1 
1.26982 1 
-1.86385 1 
-3.11611 1 
-2.94831 1 
-3.70058 1 
-2.16307 1 
2.97349 1 
-2.53985 1 
-2.34213 1 
3.86837 1 
-1.72217 1 
3.37692 1 
-3.30021 1 
0.107398 1 
-0.263449 1 
-0.339621 1 
-0.699544 1 
-0.796601 1 
-0.91116 1 
-0.86714 1 
0.177634 1 
-0.0551206 1 
-1.11029 1 
-1.0509 1 
1.38053 1 
1.16171 1 
-1.5427 1 
-2.75622 1 
0.232164 1 
ZONE T="boundary2"
4 -0.832483 
4 -0.664967 
4 -0.367462 
4 0.368449 
4 0.324604 
4 -0.0326232 
4 0.0455788 
4 -1 
4 0.280759 
4 0.227701 
4 0.25423 
4 0.110111 
4 0.174643 
4 -0.110825 
4 0.466682 
4 -0.223138 
4 -0.166982 
4 -0.2953 
4 -0.516214 
4 -0.441838 
4 0.782457 
4 0.564914 
4 1 
4 0.417565 
4 -0.748725 
4 0.346527 
4 0.00647781 
4 -0.916242 
4 0.302682 
4 0.0778448 
4 0.142377 
4 -0.0717242 
4 -0.19506 
4 -0.259219 
4 -0.331381 
4 -0.138903 
4 -0.40465 
4 -0.59059 
4 -0.479026 
4 0.673686 
4 0.891229 
4 0.267495 
4 0.240966 
4 0.201172 
4 0.442124 
4 0.393007 
4 0.515798 
ZONE T="boundary3"
-3.36801 -1 
-3.18301 -1 
-1.08931 -1 
0.857032 -1 
0.960189 -1 
0.777308 -1 
0.0480791 -1 
-0.0083293 -1 
-0.413021 -1 
-0.184705 -1 
0.559157 -1 
0.697583 -1 
-1.1939 -1 
-1.29849 -1 
-0.745049 -1 
-0.865833 -1 
-1.48031 -1 
-1.3894 -1 
3.7248 -1 
4 -1 
-1.99495 -1 
-1.82854 -1 
-2.5444 -1 
3.22752 -1 
3.44961 -1 
-2.74159 -1 
2.76099 -1 
3.00543 -1 
-4 -1 
-3.55302 -1 
-2.3472 -1 
1.86044 -1 
2.30519 -1 
2.09382 -1 
-0.0672386 -1 
0.178508 -1 
-0.126148 -1 
0.104488 -1 
-0.243262 -1 
-0.328142 -1 
-0.518643 -1 
0.42073 -1 
1.03651 -1 
1.11283 -1 
0.252528 -1 
0.336629 -1 
-0.977574 -1 
1.39612 -1 
-0.624265 -1 
1.51159 -1 
1.62706 -1 
2.51655 -1 
-3.77651 -1 
-2.9623 -1 
-1.66213 -1 
1.25447 -1 
-3.27551 -1 
0.908611 -1 
0.81717 -1 
0.0198749 -1 
0.62837 -1 
-1.2462 -1 
-0.805441 -1 
-1.43486 -1 
3.8624 -1 
-1.91175 -1 
3.33856 -1 
2.88321 -1 
-2.17108 -1 
2.1995 -1 
1.97713 -1 
-0.0966932 -1 
-0.0377839 -1 
-0.213984 -1 
0.0762833 -1 
-0.285702 -1 
-0.370582 -1 
0.141498 -1 
1.07467 -1 
-0.155426 -1 
0.215518 -1 
0.37868 -1 
-0.465832 -1 
-0.921704 -1 
0.489944 -1 
0.737445 -1 
-0.571454 -1 
-1.14161 -1 
1.56933 -1 
1.74375 -1 
3.5872 -1 
3.11648 -1 
-3.46052 -1 
2.41087 -1 
-3.88826 -1 
-3.66477 -1 
-2.85195 -1 
-2.4458 -1 
-1.57122 -1 
-2.64299 -1 
-1.34395 -1 
0.294579 -1 
-0.684657 -1 
2.63877 -1 
-3.07265 -1 
1.45386 -1 
-1.03344 -1 
1.3253 -1 
0.998349 -1 
1.18365 -1 
-1.74534 -1 
ZONE T="boundary4"
-0.270989 0.381247 
-0.629723 0.0175045 
-0.631993 0.0378578 
-0.633326 0.058348 
-0.631646 0.1176 
-0.579893 0.273562 
-0.63369 0.0789824 
-0.418898 0.385068 
-0.401829 0.387861 
-0.633048 0.0996196 
0.481647 0.28662 
0.50064 0.273172 
-0.605051 0.224759 
-0.291545 0.384603 
0.615015 0.101648 
0.619257 0.0802381 
-0.310848 0.387209 
-0.482482 0.363357 
-0.46719 0.37043 
-0.537174 0.325151 
-0.348854 0.390202 
-0.549144 0.313256 
-0.497082 0.355302 
-0.62946 0.135386 
-0.624152 0.164181 
-0.617146 0.190866 
-0.611106 0.209111 
0.57571 0.19167 
0.568039 0.202929 
-0.598303 0.240011 
-0.591913 0.252817 
-0.570453 0.287463 
-0.56015 0.300773 
0.51891 0.25803 
-0.250433 0.37747 
-0.52456 0.336091 
-0.511221 0.346137 
0.540187 0.237108 
0.550302 0.225713 
-0.45159 0.376355 
-0.435344 0.381273 
-0.228168 0.373112 
-0.366772 0.390373 
-0.38465 0.389599 
0.600364 0.145732 
0.559947 0.21382 
-0.33013 0.38913 
0.469432 0.294219 
0.619341 -0.00775641 
0.621782 0.0584201 
0.622586 0.0363113 
-0.205896 0.368681 
0.432013 0.313326 
0.380932 0.331504 
-0.1814 0.363945 
0.529781 0.247822 
0.0958046 0.34803 
-0.0755859 0.349021 
0.124478 0.349295 
0.153314 0.350465 
0.182234 0.351317 
0.0671014 0.346871 
0.297911 0.34729 
0.326354 0.343449 
0.269128 0.349821 
0.240364 0.3512 
0.211254 0.351636 
0.589726 0.167934 
0.621738 0.0143434 
0.60912 0.122482 
0.456894 0.301273 
-0.156895 0.359549 
-0.103686 0.351852 
-0.130279 0.355341 
0.35412 0.338201 
0.0383168 0.34602 
0.00942946 0.345672 
-0.0475705 0.347086 
-0.0190213 0.345985 
0.406603 0.323352 
-0.630974 0.0276682 
-0.633632 0.068663 
-0.410386 0.3866 
0.491269 0.280073 
-0.633496 0.089305 
0.617352 0.0909857 
-0.301187 0.385981 
-0.474899 0.367029 
-0.632779 0.0480951 
-0.632446 0.108618 
-0.627078 0.149834 
-0.630653 0.126505 
-0.614245 0.200028 
0.571933 0.197339 
-0.601769 0.232426 
-0.60817 0.21697 
-0.586114 0.263311 
-0.565407 0.294199 
0.509921 0.265777 
-0.575279 0.280585 
-0.595179 0.246449 
-0.543259 0.319304 
-0.260704 0.379398 
-0.517978 0.34123 
0.545308 0.231467 
-0.504233 0.350845 
-0.459441 0.373528 
-0.443509 0.378953 
-0.489853 0.359458 
-0.357812 0.390399 
-0.375717 0.390111 
-0.393252 0.388857 
0.564048 0.208415 
-0.53096 0.330729 
-0.239296 0.375312 
0.475581 0.290488 
-0.281257 0.382987 
-0.554748 0.307104 
0.622398 0.0473737 
-0.217032 0.370893 
-0.620894 0.177588 
-0.32048 0.388263 
-0.193654 0.366283 
0.535044 0.242524 
0.524405 0.25299 
-0.339486 0.389772 
0.138895 0.349906 
0.167772 0.350944 
0.312156 0.345546 
0.254752 0.350641 
0.225811 0.351526 
0.555191 0.21982 
-0.427152 0.383305 
0.620723 0.00327357 
0.612275 0.112124 
0.582981 0.179957 
0.62236 0.0253196 
0.605001 0.134205 
-0.169157 0.361695 
-0.116995 0.353503 
-0.1436 0.357364 
0.0238734 0.345772 
-0.0615858 0.347944 
-0.0896471 0.350326 
0.0814539 0.347424 
0.340274 0.341017 
0.367577 0.335055 
0.110141 0.348662 
-0.00479667 0.345738 
0.283533 0.348711 
0.196743 0.351557 
0.0527118 0.346394 
-0.0333004 0.34643 
0.419398 0.318567 
0.620737 0.0693542 
0.595279 0.156945 
0.463202 0.297813 
0.444572 0.307545 
0.393834 0.327636 
ZONE T="boundary5"
-0.590747 -0.117893 
-0.564025 -0.17053 
-0.57336 -0.153587 
-0.629723 0.0175045 
-0.622541 -0.0225105 
-0.626563 -0.00260638 
-0.605696 -0.0805472 
-0.612076 -0.0614849 
-0.582366 -0.135887 
0.58284 -0.139655 
-0.617705 -0.0421219 
-0.205526 -0.476096 
-0.228052 -0.466563 
-0.249476 -0.456751 
-0.270601 -0.446325 
-0.329645 -0.412813 
-0.310631 -0.424353 
-0.34831 -0.400728 
-0.134324 -0.501377 
-0.10854 -0.508847 
-0.158648 -0.493531 
-0.182726 -0.484968 
0.431284 -0.442484 
0.417848 -0.453325 
-0.554167 -0.187183 
-0.534415 -0.217619 
-0.383604 -0.37562 
-0.366143 -0.38843 
-0.400134 -0.362733 
-0.446269 -0.322226 
-0.460404 -0.308234 
-0.416276 -0.34937 
0.50179 -0.358384 
-0.431474 -0.336018 
-0.598577 -0.0993548 
-0.484458 -0.282292 
0.493884 -0.371148 
0.455024 -0.420168 
0.466187 -0.40796 
0.516502 -0.330871 
0.443421 -0.431633 
0.535539 -0.285171 
0.523272 -0.316148 
0.125192 -0.539769 
0.0628856 -0.53796 
0.0319859 -0.535288 
0.00237349 -0.531664 
-0.0825425 -0.515529 
0.244246 -0.527937 
0.271032 -0.521886 
0.155908 -0.538784 
0.216021 -0.53282 
0.186435 -0.536462 
0.296974 -0.514546 
0.377371 -0.480035 
0.349848 -0.494182 
0.323352 -0.505382 
0.485561 -0.383369 
0.476753 -0.39515 
0.390815 -0.472033 
0.619341 -0.00775641 
0.597818 -0.0953456 
0.509198 -0.345216 
0.566171 -0.189025 
0.574395 -0.164286 
0.559067 -0.211332 
0.544169 -0.259581 
0.590445 -0.117515 
0.615561 -0.0297223 
0.610575 -0.0516127 
-0.500173 -0.26364 
-0.517748 -0.240968 
0.604557 -0.0735641 
-0.290778 -0.435628 
0.552177 -0.233719 
0.0938339 -0.539473 
-0.0271153 -0.52703 
-0.0549164 -0.521721 
-0.568759 -0.162096 
-0.624659 -0.0125801 
-0.60898 -0.0710475 
-0.620225 -0.0323415 
-0.614989 -0.0518319 
-0.216824 -0.471412 
-0.260077 -0.451615 
-0.577938 -0.144775 
-0.32018 -0.418652 
-0.121461 -0.505211 
-0.146515 -0.497544 
-0.194158 -0.480615 
0.424636 -0.447992 
-0.544487 -0.202528 
-0.559159 -0.178894 
-0.374921 -0.382089 
-0.357271 -0.394644 
-0.453389 -0.315283 
-0.408254 -0.356111 
-0.602227 -0.0899851 
-0.339022 -0.406839 
-0.472612 -0.295431 
-0.423924 -0.34275 
0.460683 -0.414135 
0.449294 -0.425973 
0.529664 -0.300762 
-0.438923 -0.329177 
0.0474234 -0.536766 
0.0171641 -0.533603 
0.257679 -0.525085 
0.140555 -0.53944 
0.171185 -0.537797 
0.284054 -0.518395 
0.363752 -0.487386 
0.336696 -0.500012 
0.43742 -0.437134 
0.481222 -0.389308 
0.471552 -0.401622 
0.384136 -0.476107 
0.489789 -0.377304 
0.497905 -0.364808 
0.519958 -0.323542 
-0.594748 -0.10866 
0.505562 -0.351838 
-0.628254 0.00743168 
0.512924 -0.338081 
0.570245 -0.176643 
0.5786 -0.151965 
0.586655 -0.128589 
-0.391916 -0.369236 
-0.586636 -0.126927 
0.404553 -0.462999 
0.617611 -0.0187668 
0.613201 -0.0406979 
-0.492406 -0.273042 
-0.509079 -0.252396 
-0.526192 -0.229373 
-0.238799 -0.461734 
0.60126 -0.0844774 
0.594174 -0.106445 
-0.170719 -0.48934 
-0.300746 -0.430063 
0.562585 -0.200168 
0.555605 -0.22252 
-0.280728 -0.441049 
0.607671 -0.0626172 
0.548212 -0.246663 
0.539972 -0.272416 
0.0783526 -0.538864 
0.230164 -0.530555 
-0.0955668 -0.512287 
-0.0123906 -0.529471 
-0.0687543 -0.518735 
0.20125 -0.534818 
0.310234 -0.510169 
-0.0410371 -0.524486 
0.109511 -0.53978 
