ZONE T="boundary0"
-4 -0.418202 
-4 0.691677 
-4 1 
-4 0.507661 
-4 0.239995 
-4 0.301551 
-4 -0.251865 
-4 0.101188 
-4 -0.0310229 
-4 0.599669 
-4 -0.369538 
-4 -0.495969 
-4 -0.573735 
-4 -0.182855 
-4 -0.320875 
-4 -0.106939 
-4 0.170592 
-4 0.205294 
-4 0.13589 
-4 0.363106 
-4 -1 
-4 -0.786868 
-4 0.435384 
-4 0.845838 
-4 0.270773 
-4 0.0350826 
-4 -0.39387 
-4 -0.534852 
-4 -0.21736 
-4 -0.28637 
-4 -0.0689809 
-4 0.187943 
-4 0.118539 
-4 0.645673 
-4 0.553665 
-4 -0.144897 
-4 -0.457085 
-4 -0.680301 
-4 -0.893434 
-4 0.332329 
-4 0.399245 
-4 0.471522 
-4 0.153241 
-4 -0.345206 
-4 0.222645 
ZONE T="boundary1"
-4 1 
-3.68203 1 
1.33339 1 
1.45281 1 
0.713873 1 
0.833052 1 
0.938559 1 
-1.30459 1 
1.04549 1 
-0.302644 1 
-0.110938 1 
-0.181994 1 
-0.0398833 1 
2.7929 1 
-3.23214 1 
-2.95214 1 
-3.84102 1 
4 1 
3.77623 1 
-1.1898 1 
3.13779 1 
2.33192 1 
-2.19187 1 
-2.0087 1 
2.11996 1 
3.41424 1 
3.27601 1 
2.58623 1 
-2.69208 1 
-2.43201 1 
0.27463 1 
0.224068 1 
0.594694 1 
0.510505 1 
0.46841 1 
-0.623326 1 
-0.423294 1 
0.0278614 1 
-0.52331 1 
0.426316 1 
-0.242319 1 
0.375754 1 
0.325192 1 
0.0956061 1 
0.159837 1 
-0.790698 1 
-0.734907 1 
-0.960748 1 
-1.07501 1 
-1.54747 1 
-1.42603 1 
-1.82553 1 
-3.45709 1 
1.57222 1 
1.90801 1 
1.74012 1 
1.15242 1 
1.24291 1 
3.55246 1 
2.99956 1 
-0.846488 1 
1.3931 1 
0.773463 1 
0.885806 1 
0.992024 1 
-0.146466 1 
-3.09214 1 
-3.92051 1 
3.88811 1 
-2.10028 1 
3.34512 1 
-2.56204 1 
0.249349 1 
0.552599 1 
0.489458 1 
-0.362969 1 
-0.573318 1 
-0.272481 1 
0.350473 1 
0.654284 1 
0.127722 1 
-0.679117 1 
-0.473302 1 
-1.2472 1 
-1.01788 1 
-1.48675 1 
-1.1324 1 
-1.6865 1 
-3.34461 1 
-3.56956 1 
1.51251 1 
1.82406 1 
-1.91712 1 
-2.82211 1 
3.66434 1 
-2.31194 1 
3.2069 1 
3.06868 1 
2.45907 1 
-3.76153 1 
2.01399 1 
2.22594 1 
-0.903618 1 
-0.00601096 1 
0.447363 1 
0.0617337 1 
-0.212156 1 
0.401035 1 
-0.0754109 1 
0.299911 1 
0.191952 1 
-1.36531 1 
1.65617 1 
1.19766 1 
1.09895 1 
3.48335 1 
1.28815 1 
2.89623 1 
2.68957 1 
-0.762803 1 
-0.818593 1 
ZONE T="boundary2"
4 -0.401922 
4 -0.343366 
4 -0.272776 
4 0.180351 
4 0.228986 
4 0.114659 
4 0.0489668 
4 -0.202185 
4 -0.120107 
4 -0.0355702 
4 -0.460477 
4 0.622544 
4 1 
4 -0.657466 
4 -0.558972 
4 -0.828733 
4 -1 
4 0.277621 
4 0.253303 
4 0.519601 
4 0.455169 
4 0.725486 
4 0.390738 
4 0.334179 
4 0.3059 
4 -0.372644 
4 -0.308071 
4 0.204669 
4 0.0818129 
4 -0.23748 
4 -0.161146 
4 -0.608219 
4 -0.7431 
4 0.00669828 
4 0.265462 
4 -0.0778387 
4 0.487385 
4 0.147505 
4 0.674015 
4 0.571073 
4 -0.431199 
4 -0.509724 
4 0.862743 
4 -0.914367 
4 0.32004 
4 0.241145 
4 0.29176 
4 0.362458 
4 0.422953 
ZONE T="boundary3"
-1.37581 -1 
-0.264491 -1 
-0.885399 -1 
-0.952502 -1 
-1.01961 -1 
-1.16762 -1 
0.286979 -1 
0.0485362 -1 
3.25626 -1 
3.46852 -1 
-0.136087 -1 
-0.0724021 -1 
0.893755 -1 
0.786621 -1 
1.22221 -1 
2.31436 -1 
2.54048 -1 
-0.641079 -1 
-0.535919 -1 
-1.27172 -1 
0.679156 -1 
1.70928 -1 
-3.26832 -1 
-2.80599 -1 
2.79224 -1 
3.73426 -1 
-2.57966 -1 
4 -1 
1.89876 -1 
3.044 -1 
-3.03232 -1 
-3.50432 -1 
2.08824 -1 
-0.432565 -1 
0.138708 -1 
0.571691 -1 
0.458384 -1 
0.345076 -1 
-0.0119329 -1 
0.228881 -1 
-0.199771 -1 
-0.380888 -1 
-0.329211 -1 
1.00089 -1 
1.11155 -1 
1.32615 -1 
1.43009 -1 
-1.48997 -1 
-1.60413 -1 
-1.71829 -1 
-0.746238 -1 
-3.75216 -1 
-4 -1 
1.56969 -1 
-2.16312 -1 
-1.83245 -1 
-2.37139 -1 
0.183795 -1 
-0.918951 -1 
-1.09361 -1 
3.36239 -1 
-0.104244 -1 
0.840188 -1 
2.42742 -1 
-0.588499 -1 
-1.21967 -1 
0.732889 -1 
-2.69282 -1 
3.86713 -1 
-2.91915 -1 
-3.38632 -1 
-0.484242 -1 
0.40173 -1 
-0.167929 -1 
0.316027 -1 
0.25793 -1 
-0.232131 -1 
-0.355049 -1 
0.625424 -1 
0.515037 -1 
0.947322 -1 
1.16688 -1 
1.37812 -1 
1.05622 -1 
-1.43289 -1 
-1.66121 -1 
-1.32376 -1 
-0.815819 -1 
-3.87608 -1 
-3.62824 -1 
1.63949 -1 
3.60139 -1 
-0.986054 -1 
1.27418 -1 
1.49989 -1 
-1.99778 -1 
-2.26725 -1 
2.66636 -1 
2.91812 -1 
-1.77537 -1 
3.15013 -1 
2.2013 -1 
1.9935 -1 
1.80402 -1 
-3.15032 -1 
0.0183016 -1 
0.0936223 -1 
0.206338 -1 
-0.296851 -1 
-0.0421675 -1 
0.161252 -1 
-0.406726 -1 
-0.693659 -1 
-1.54705 -1 
-2.47552 -1 
ZONE T="boundary4"
-0.271047 0.442611 
-0.339588 0.406469 
-0.631417 0.0110677 
-0.317258 0.419245 
-0.294498 0.431248 
-0.461138 0.31488 
-0.442401 0.331994 
0.635333 0.0270735 
-0.496515 0.278318 
-0.479185 0.297001 
0.627634 0.0562896 
0.631833 0.0416745 
-0.626897 0.0347911 
-0.620981 0.0585227 
-0.613693 0.0821642 
-0.595124 0.128871 
-0.605064 0.105629 
-0.586111 0.147556 
-0.566909 0.182268 
-0.576373 0.165883 
-0.556923 0.198345 
-0.634543 -0.0126269 
-0.543948 0.217759 
-0.53031 0.236714 
-0.382443 0.37886 
-0.361262 0.393043 
-0.403007 0.363986 
-0.423005 0.348366 
-0.247224 0.45318 
-0.197847 0.472193 
-0.222693 0.463096 
-0.146481 0.488171 
-0.119938 0.495013 
-0.0931901 0.500975 
-0.0657004 0.506149 
-0.00968078 0.513756 
0.0187848 0.516115 
-0.0380646 0.510392 
-0.51386 0.257882 
0.61593 0.0889544 
0.606234 0.111469 
0.584029 0.156468 
0.546882 0.225899 
0.641428 -0.0167638 
0.640154 -0.00217223 
0.459717 0.359371 
0.409831 0.408209 
0.435531 0.385 
0.352835 0.448203 
0.382012 0.429472 
0.559959 0.201608 
0.595438 0.1341 
0.519044 0.275967 
0.572075 0.179052 
0.533688 0.250192 
0.501339 0.304376 
0.0480625 0.517464 
0.0773447 0.517691 
0.107526 0.516705 
0.137562 0.514428 
0.168524 0.510634 
0.291918 0.477984 
0.229991 0.498245 
0.260958 0.489206 
0.638115 0.0124549 
0.622839 0.0707246 
0.199158 0.505318 
-0.172294 0.480604 
0.322658 0.464364 
0.481222 0.332876 
-0.305929 0.425344 
-0.451855 0.32353 
-0.48795 0.287752 
0.629812 0.0490046 
-0.624103 0.0466978 
-0.617497 0.0703927 
-0.600242 0.117314 
-0.609532 0.0939535 
-0.590711 0.138259 
-0.571708 0.174114 
-0.58133 0.156766 
-0.561978 0.190345 
-0.633151 -0.000757094 
-0.550522 0.20811 
-0.470254 0.306033 
-0.371916 0.386046 
-0.392793 0.371517 
-0.282821 0.437029 
-0.350484 0.399851 
-0.432781 0.340273 
-0.413079 0.356269 
-0.259179 0.447995 
-0.210307 0.467747 
-0.133238 0.491702 
-0.0794669 0.503678 
0.00454148 0.515062 
-0.0519004 0.508387 
-0.522193 0.247382 
-0.537209 0.227295 
0.611206 0.100265 
-0.629325 0.0229614 
0.633666 0.0343941 
0.640886 -0.00945976 
0.422915 0.396864 
0.396141 0.419128 
-0.235 0.45824 
0.589791 0.145313 
0.566024 0.190334 
0.540313 0.23806 
0.578081 0.167775 
0.510371 0.290283 
0.0627025 0.51772 
0.0924404 0.517357 
-0.505302 0.268197 
0.153066 0.512718 
0.245544 0.493962 
0.636812 0.0197808 
0.619484 0.0798772 
0.625307 0.0635305 
0.639227 0.0051541 
0.600928 0.122828 
0.526462 0.263134 
-0.328478 0.412954 
-0.106589 0.498104 
0.0334173 0.516927 
0.183875 0.508173 
0.214624 0.501997 
-0.159419 0.484493 
-0.0238874 0.512198 
-0.185105 0.476504 
0.553422 0.213754 
0.447876 0.372423 
0.307411 0.471451 
0.337903 0.456574 
0.276531 0.483853 
0.470702 0.346312 
0.367613 0.439132 
0.122556 0.515732 
0.491507 0.318786 
ZONE T="boundary5"
-0.578236 -0.251453 
-0.567106 -0.267132 
-0.623597 -0.151429 
-0.635491 -0.0829703 
-0.636585 -0.0596925 
0.638737 -0.0745068 
0.636122 -0.0886737 
-0.629017 -0.128876 
-0.632973 -0.106058 
-0.608308 -0.195416 
-0.588473 -0.235016 
-0.313133 -0.389643 
-0.339467 -0.387432 
-0.365492 -0.383837 
-0.286444 -0.390679 
-0.205079 -0.388839 
-0.177743 -0.387287 
-0.150041 -0.385562 
-0.122393 -0.383836 
-0.510794 -0.323527 
-0.493987 -0.335368 
0.615954 -0.14867 
-0.554823 -0.282281 
-0.541649 -0.296496 
0.621099 -0.136926 
-0.526651 -0.310598 
-0.0943705 -0.382198 
-0.476469 -0.345972 
-0.414614 -0.372291 
-0.436515 -0.364702 
-0.456807 -0.356053 
-0.0664098 -0.380755 
-0.0381103 -0.379532 
0.56261 -0.230141 
-0.616695 -0.173639 
-0.636267 -0.0362227 
-0.634543 -0.0126269 
-0.598978 -0.215613 
-0.00988554 -0.378558 
0.0186035 -0.3778 
0.0470325 -0.377217 
0.104102 -0.376246 
0.0755862 -0.37673 
0.218882 -0.371862 
0.190119 -0.373601 
0.161364 -0.374815 
0.132745 -0.375649 
0.391243 -0.341091 
0.247779 -0.369433 
0.276642 -0.366159 
0.334323 -0.356366 
0.305534 -0.361859 
0.362917 -0.349506 
0.445916 -0.319166 
0.418854 -0.331066 
0.610315 -0.160191 
0.520473 -0.271645 
0.542591 -0.251579 
0.641927 -0.0312982 
0.641644 -0.0458362 
0.596602 -0.184242 
0.628654 -0.11645 
0.632744 -0.1027 
0.640582 -0.0602025 
0.641428 -0.0167638 
-0.390285 -0.378871 
-0.232456 -0.390063 
-0.25946 -0.390745 
0.484637 -0.297694 
0.581212 -0.206848 
0.471961 -0.305381 
0.496987 -0.289494 
0.531749 -0.261852 
-0.572792 -0.259379 
-0.636216 -0.0713398 
0.637525 -0.081608 
-0.62649 -0.140196 
-0.634412 -0.0945336 
-0.352505 -0.385822 
-0.19141 -0.388092 
-0.136218 -0.384691 
-0.583474 -0.243309 
-0.548354 -0.289498 
-0.561089 -0.274808 
-0.108384 -0.382997 
-0.42563 -0.368686 
-0.446736 -0.360553 
-0.485319 -0.340821 
-0.0522619 -0.380112 
-0.518836 -0.317202 
-0.612683 -0.184598 
-0.534275 -0.30368 
-0.603803 -0.205589 
-0.635579 -0.0244121 
-0.326314 -0.3887 
0.00435825 -0.378153 
0.0328176 -0.377491 
0.0898444 -0.376495 
0.204505 -0.372806 
-0.636602 -0.0479552 
0.175744 -0.374264 
0.118424 -0.375969 
0.262224 -0.367911 
0.319959 -0.35927 
0.432488 -0.325351 
-0.59388 -0.225398 
0.552811 -0.241056 
0.641884 -0.0385691 
0.60371 -0.17236 
0.61859 -0.142825 
0.630788 -0.109602 
0.625072 -0.12676 
0.613194 -0.154459 
0.634526 -0.0957094 
0.64121 -0.0530266 
0.639757 -0.0673672 
-0.023999 -0.379015 
-0.466729 -0.35119 
-0.218765 -0.389505 
-0.631176 -0.117498 
0.641774 -0.0240278 
-0.245956 -0.390483 
0.233339 -0.370742 
0.405127 -0.336295 
0.37714 -0.345499 
-0.163892 -0.386433 
-0.299794 -0.390297 
0.061309 -0.376967 
0.147055 -0.37527 
0.291108 -0.364146 
0.348663 -0.353115 
0.572136 -0.218674 
-0.272952 -0.39082 
-0.0803913 -0.381449 
-0.502494 -0.329595 
-0.377928 -0.38155 
-0.402507 -0.375793 
-0.620329 -0.162591 
0.58912 -0.19569 
0.459069 -0.31252 
0.508922 -0.280822 
0.478339 -0.301601 
0.490854 -0.293659 
0.526166 -0.266809 
0.537224 -0.256775 
