ZONE T="boundary0"
-4 -0.236629 
-4 -0.195468 
-4 -0.154307 
-4 0.619952 
-4 0.515759 
-4 0.297201 
-4 0.23168 
-4 0.354384 
-4 0.149483 
-4 0.0800309 
-4 -0.0718642 
-4 0.0105785 
-4 0.809976 
-4 -0.781312 
-4 -1 
-4 0.411567 
-4 -0.562623 
-4 -0.456063 
-4 1 
-4 -0.264847 
-4 -0.293066 
-4 -0.349503 
-4 -0.671967 
-4 -0.216049 
-4 -0.174887 
-4 0.567855 
-4 0.264441 
-4 0.325793 
-4 -0.113086 
-4 -0.0306428 
-4 -0.890656 
-4 0.190582 
-4 -0.509343 
-4 0.904988 
-4 0.714964 
-4 -0.278957 
-4 0.382976 
-4 0.463663 
-4 0.0453047 
-4 0.114757 
-4 -0.402783 
-4 -0.617295 
-4 -0.726639 
-4 -0.250738 
-4 -0.321284 
ZONE T="boundary1"
3.64615 1 
-0.0339703 1 
1.24892 1 
-1.29459 1 
1.0247 1 
-1.19191 1 
-1.08922 1 
-2.48904 1 
-1.60737 1 
-1.82941 1 
-0.869024 1 
3.29229 1 
-3.77534 1 
-1.37279 1 
-1.45098 1 
-1.99432 1 
-3.55068 1 
2.40952 1 
2.27548 1 
3.46922 1 
2.70346 1 
-2.93224 1 
3.07783 1 
0.405407 1 
0.344119 1 
-0.0954856 1 
-0.686049 1 
0.0275451 1 
0.0939008 1 
-0.19998 1 
-0.304475 1 
0.91612 1 
0.598106 1 
0.702822 1 
0.807538 1 
0.501757 1 
-0.480637 1 
0.282832 1 
0.221544 1 
-0.392556 1 
-0.583343 1 
-0.777537 1 
-0.979123 1 
1.13681 1 
0.160257 1 
-4 1 
-3.24146 1 
4 1 
-2.15922 1 
2.04895 1 
2.86337 1 
-2.71064 1 
1.66148 1 
1.82241 1 
2.54356 1 
1.50056 1 
1.37474 1 
-3.08685 1 
-1.14056 1 
-1.71839 1 
-1.41188 1 
-1.91186 1 
-3.66301 1 
2.3425 1 
3.38075 1 
0.374763 1 
0.0607229 1 
-0.147733 1 
-0.252228 1 
-0.0647279 1 
0.650464 1 
0.549932 1 
0.252188 1 
0.970411 1 
-0.634696 1 
-0.53199 1 
-0.82328 1 
-0.924073 1 
1.08076 1 
0.313475 1 
-0.436597 1 
-0.731793 1 
-3.88767 1 
-1.03417 1 
-1.24325 1 
-1.52918 1 
-1.33369 1 
-3.39607 1 
3.82307 1 
2.16221 1 
2.78342 1 
3.55768 1 
-2.59984 1 
-2.82144 1 
3.18506 1 
1.19287 1 
1.74195 1 
-2.32413 1 
2.62351 1 
2.9706 1 
1.58102 1 
-2.07677 1 
-0.348515 1 
-0.00321261 1 
0.127079 1 
0.861829 1 
0.75518 1 
0.1909 1 
0.453582 1 
1.93568 1 
2.47654 1 
1.31183 1 
1.43765 1 
-3.16415 1 
-3.00954 1 
ZONE T="boundary2"
4 -0.598833 
4 0.0524421 
4 0.103868 
4 0.155294 
4 -0.330014 
4 0.221319 
4 0.332846 
4 0.463025 
4 0.773047 
4 -0.160386 
4 -1 
4 -0.799417 
4 0.285737 
4 0.379956 
4 0.546094 
4 -0.0301405 
4 -0.208049 
4 -0.377348 
4 -0.299523 
4 -0.112723 
4 -0.511758 
4 -0.424682 
4 1 
4 -0.269032 
4 0.129581 
4 0.188306 
4 -0.899708 
4 0.253528 
4 0.356401 
4 0.309292 
4 0.0781551 
4 0.50456 
4 0.42149 
4 0.0111508 
4 -0.136554 
4 -0.184217 
4 -0.555296 
4 -0.46822 
4 -0.0714318 
4 -0.699125 
4 0.659571 
4 0.886524 
4 -0.284277 
4 -0.353681 
4 -0.23854 
4 -0.314769 
4 -0.401015 
ZONE T="boundary3"
-3.52954 -1 
-1.39459 -1 
-0.508387 -1 
0.371286 -1 
-1.28176 -1 
-0.936457 -1 
0.327821 -1 
0.527668 -1 
0.799066 -1 
0.9882 -1 
0.893633 -1 
-0.74564 -1 
1.26479 -1 
-1.16892 -1 
1.70469 -1 
1.85883 -1 
-3.76477 -1 
-4 -1 
2.36119 -1 
2.54915 -1 
-2.64376 -1 
-2.85142 -1 
-1.57779 -1 
2.01296 -1 
-3.29431 -1 
4 -1 
3.78863 -1 
2.73712 -1 
3.36588 -1 
0.223221 -1 
0.0351815 -1 
0.162088 -1 
0.0986346 -1 
-0.0966133 -1 
-0.0307159 -1 
-0.16593 -1 
-0.235246 -1 
-0.809245 -1 
0.449477 -1 
0.66657 -1 
-0.303531 -1 
0.284355 -1 
-0.371817 -1 
-0.440102 -1 
-0.59521 -1 
-0.682034 -1 
-1.05269 -1 
1.08092 -1 
1.17364 -1 
1.35593 -1 
1.53031 -1 
3.15451 -1 
3.57725 -1 
-1.87718 -1 
-3.05908 -1 
-2.09661 -1 
-2.31604 -1 
-2.4799 -1 
2.94581 -1 
0.349554 -1 
1.78176 -1 
-3.88238 -1 
2.45517 -1 
-2.74759 -1 
2.18707 -1 
3.89431 -1 
0.130361 -1 
-0.0636646 -1 
-0.200588 -1 
-0.131272 -1 
0.597119 -1 
-0.269389 -1 
0.306088 -1 
0.488573 -1 
0.192655 -1 
0.410382 -1 
0.0669081 -1 
-0.405959 -1 
0.732818 -1 
-0.551799 -1 
-0.872851 -1 
-0.713837 -1 
-0.337674 -1 
0.940916 -1 
0.846349 -1 
1.31036 -1 
1.44312 -1 
1.21922 -1 
3.26019 -1 
3.47157 -1 
-1.22534 -1 
-1.72749 -1 
-1.33817 -1 
-1.48619 -1 
-1.1108 -1 
-0.994572 -1 
1.93589 -1 
-3.64715 -1 
-3.41192 -1 
-3.17669 -1 
-2.20633 -1 
-2.39797 -1 
-2.56183 -1 
2.84147 -1 
3.05016 -1 
2.64313 -1 
3.68294 -1 
-2.95525 -1 
0.0022328 -1 
0.253788 -1 
-0.777443 -1 
-0.638622 -1 
-0.474244 -1 
1.12728 -1 
1.03456 -1 
1.6175 -1 
-1.98689 -1 
ZONE T="boundary4"
0.518555 0.330354 
0.501541 0.34603 
-0.616719 -0.00425388 
-0.614665 0.0142907 
0.601598 0.161849 
0.567615 0.264031 
0.57958 0.238461 
0.596384 0.187131 
0.589408 0.211689 
-0.547807 0.163437 
-0.557692 0.151026 
-0.475843 0.229177 
-0.48881 0.219492 
-0.247405 0.337881 
-0.52568 0.187399 
0.602389 0.0697306 
-0.228188 0.344651 
-0.208949 0.351289 
0.584744 0.225226 
-0.607171 0.0507921 
-0.601737 0.0685324 
0.553366 0.28802 
0.560772 0.276251 
-0.611485 0.0326738 
-0.595206 0.0858241 
-0.566961 0.138095 
-0.589295 0.0991194 
-0.575179 0.125293 
-0.582709 0.112127 
0.537049 0.310017 
-0.537113 0.175588 
0.605036 0.0923904 
-0.122897 0.379268 
-0.0989922 0.386463 
-0.513748 0.198664 
-0.501427 0.209359 
-0.371084 0.288961 
-0.3484 0.298974 
-0.316684 0.311991 
-0.29996 0.318504 
-0.393531 0.278283 
-0.18823 0.358288 
-0.265315 0.331434 
-0.167476 0.36514 
-0.0749597 0.393382 
-0.145222 0.3723 
-0.049496 0.400325 
-0.0238634 0.406865 
-0.617672 -0.0229122 
-0.283202 0.324842 
0.485069 0.359107 
0.467946 0.370943 
0.597789 0.0474004 
0.591273 0.0255691 
-0.332572 0.305593 
0.448501 0.382592 
0.428599 0.392854 
0.0579623 0.424169 
0.0861377 0.428678 
0.402137 0.40431 
0.528066 0.320396 
0.143317 0.435196 
0.172019 0.437014 
0.229781 0.437377 
0.25875 0.43573 
0.114633 0.432387 
0.317202 0.428117 
0.287942 0.432691 
0.604576 0.138711 
0.573895 0.251383 
-0.462701 0.238344 
0.605758 0.115283 
0.346387 0.421856 
0.375339 0.413749 
0.00296724 0.413175 
0.0300073 0.418924 
0.200846 0.437772 
-0.421831 0.263416 
-0.449287 0.247108 
0.510203 0.338359 
-0.615831 0.00503308 
0.593113 0.199472 
-0.552827 0.157292 
-0.482367 0.224389 
-0.218573 0.347985 
-0.604596 0.0597045 
0.557145 0.282183 
-0.613217 0.0235059 
-0.59861 0.0772295 
-0.56241 0.144619 
-0.592334 0.0925083 
-0.579029 0.118758 
0.545487 0.299224 
-0.571152 0.131745 
0.587143 0.21848 
-0.586084 0.105664 
-0.531466 0.181559 
-0.110955 0.382899 
-0.507641 0.204073 
-0.519775 0.193096 
-0.359772 0.29404 
-0.30833 0.31527 
-0.382347 0.283711 
-0.198596 0.354806 
-0.177859 0.361732 
-0.256365 0.334673 
-0.0869884 0.38996 
-0.134069 0.375809 
-0.036696 0.403651 
-0.609471 0.041766 
-0.617331 -0.0135767 
0.476603 0.365162 
-0.156357 0.368743 
0.594766 0.0364127 
-0.0622431 0.396902 
-0.324637 0.308816 
-0.291588 0.321692 
0.438629 0.387875 
0.0720315 0.426522 
0.415473 0.398825 
-0.237802 0.341282 
0.532622 0.315262 
0.493417 0.352709 
0.523371 0.325433 
0.157657 0.436233 
0.244273 0.436716 
0.302602 0.4306 
0.45832 0.376928 
0.603303 0.150307 
0.58223 0.23187 
0.564271 0.270184 
-0.542534 0.169576 
0.576809 0.244953 
0.570831 0.257745 
-0.274265 0.328156 
0.100369 0.430641 
0.128961 0.43391 
0.33184 0.425201 
0.360928 0.418037 
0.0164686 0.416125 
0.0439653 0.421636 
0.215313 0.437725 
0.273363 0.43439 
-0.0104665 0.410088 
0.186426 0.437532 
0.599232 0.17454 
-0.456026 0.242776 
-0.469307 0.233812 
-0.495165 0.214483 
0.603956 0.0810307 
0.600332 0.0585141 
0.605636 0.103828 
0.605403 0.127008 
-0.407768 0.271023 
-0.43567 0.255453 
0.388816 0.409252 
-0.340497 0.302312 
ZONE T="boundary5"
-0.458284 -0.373221 
-0.534945 -0.278442 
-0.522874 -0.296252 
-0.429077 -0.401036 
0.312432 -0.484972 
0.293964 -0.502415 
-0.611227 -0.0972579 
-0.61429 -0.0787912 
-0.616414 -0.0602256 
0.373103 -0.391391 
-0.596773 -0.15206 
-0.602431 -0.13391 
-0.590357 -0.169993 
-0.607261 -0.115642 
-0.576916 -0.202029 
-0.191374 -0.540025 
-0.215224 -0.531197 
-0.323745 -0.478295 
-0.303474 -0.48993 
-0.28282 -0.500901 
-0.617556 -0.0415762 
-0.0278882 -0.577709 
-0.0859891 -0.568724 
-0.166065 -0.548417 
-0.113344 -0.562827 
-0.140487 -0.555915 
-0.471559 -0.359357 
-0.484398 -0.345109 
-0.510129 -0.313618 
-0.497532 -0.329571 
-0.361713 -0.45396 
-0.37949 -0.441308 
-0.342934 -0.466431 
-0.413178 -0.414819 
-0.396837 -0.428102 
0.366946 -0.404985 
-0.443902 -0.387349 
0.495357 -0.123262 
0.582891 0.00425297 
0.572677 -0.0166287 
-0.549148 -0.255411 
0.00275477 -0.580461 
0.0333278 -0.581761 
0.207419 -0.553853 
0.0643979 -0.581499 
-0.617672 -0.0229122 
0.230674 -0.543684 
0.12589 -0.575644 
0.15432 -0.570135 
0.252812 -0.531829 
0.18185 -0.562773 
0.273999 -0.518069 
0.329452 -0.465591 
0.345782 -0.442959 
0.360365 -0.418104 
0.385022 -0.360839 
0.405115 -0.297953 
0.395362 -0.329684 
0.414806 -0.267317 
0.547385 -0.0570093 
0.591273 0.0255691 
0.513606 -0.100736 
-0.562241 -0.231819 
-0.238759 -0.521567 
-0.260965 -0.511598 
0.56079 -0.0370119 
0.531599 -0.0781841 
0.475973 -0.148323 
0.455583 -0.178128 
0.439188 -0.207164 
-0.0570047 -0.573812 
0.0954381 -0.579496 
0.425787 -0.236963 
-0.528995 -0.287404 
0.303396 -0.493911 
-0.612872 -0.0880435 
-0.615471 -0.0695223 
-0.599699 -0.143015 
-0.593655 -0.161058 
-0.609352 -0.106473 
-0.203336 -0.535712 
-0.313658 -0.484196 
-0.293192 -0.495499 
-0.178756 -0.544332 
-0.126946 -0.559496 
-0.478033 -0.352281 
-0.516582 -0.304993 
-0.491029 -0.337393 
-0.370653 -0.447705 
-0.333388 -0.47244 
-0.421183 -0.407991 
-0.40506 -0.421525 
-0.352375 -0.460272 
-0.604948 -0.124803 
-0.388217 -0.434775 
0.577985 -0.00628779 
-0.542185 -0.26701 
-0.503898 -0.321647 
-0.0125796 -0.57926 
0.0488683 -0.581838 
0.140154 -0.573127 
0.241863 -0.537983 
0.194721 -0.558555 
-0.451148 -0.38034 
0.263554 -0.52518 
0.284157 -0.510471 
0.321164 -0.475486 
0.353352 -0.430707 
0.370087 -0.39822 
0.379306 -0.376227 
0.400264 -0.313836 
0.40987 -0.28261 
-0.617111 -0.050909 
0.363722 -0.411581 
0.390334 -0.34532 
-0.555825 -0.243687 
0.587302 0.0148229 
-0.436543 -0.394249 
-0.464974 -0.366338 
0.337886 -0.454481 
0.219145 -0.548992 
-0.617745 -0.0322455 
-0.249903 -0.516674 
-0.227032 -0.526482 
0.554228 -0.0471051 
-0.271938 -0.506341 
0.522664 -0.0895066 
0.539606 -0.0676809 
0.504465 -0.11198 
0.485548 -0.135692 
0.465495 -0.163016 
-0.0424645 -0.575912 
-0.0715207 -0.571414 
0.110698 -0.577814 
-0.153308 -0.552278 
0.168154 -0.566704 
0.420073 -0.252056 
-0.0996926 -0.565903 
-0.569784 -0.217025 
0.0799369 -0.580725 
0.432163 -0.221906 
-0.583902 -0.186121 
0.566907 -0.0269223 
0.0180368 -0.581297 
0.44706 -0.192449 
