ZONE T="boundary0"
-4 -0.223686 
-4 -0.154307 
-4 -0.293066 
-4 0.535946 
-4 0.63682 
-4 0.0778849 
-4 -0.0718642 
-4 -0.374564 
-4 0.00408335 
-4 -0.456063 
-4 -0.564015 
-4 0.288863 
-4 0.81841 
-4 1 
-4 -0.415314 
-4 -0.671967 
-4 0.151687 
-4 0.254569 
-4 0.185981 
-4 0.361968 
-4 0.435072 
-4 -1 
-4 -0.753975 
-4 -0.835984 
-4 0.220275 
-4 0.325415 
-4 -0.188997 
-4 -0.258376 
-4 0.586383 
-4 -0.113086 
-4 -0.333815 
-4 0.0409841 
-4 -0.0338904 
-4 -0.510039 
-4 0.727615 
-4 -0.435688 
-4 -0.617991 
-4 -0.394939 
-4 0.114786 
-4 0.485509 
-4 -0.79498 
-4 -0.712971 
-4 -0.917992 
-4 0.909205 
-4 0.271716 
-4 0.237422 
-4 0.168834 
-4 0.203128 
-4 0.343691 
-4 0.39852 
-4 0.307139 
ZONE T="boundary1"
1.58102 1 
1.82241 1 
2.54356 1 
2.40952 1 
2.27548 1 
0.702822 1 
-0.19998 1 
1.37474 1 
-0.87833 1 
-0.979123 1 
-1.38099 1 
-1.55379 1 
-1.28645 1 
-3.77534 1 
-3.55068 1 
-4 1 
4 1 
3.73461 1 
3.07783 1 
3.27352 1 
-2.01594 1 
-2.21462 1 
2.81069 1 
-3.22471 1 
-2.94577 1 
-2.44073 1 
-2.66684 1 
-1.81726 1 
0.221544 1 
0.26751 1 
0.501757 1 
0.598106 1 
0.313475 1 
0.405407 1 
0.0939008 1 
-0.0339703 1 
0.157722 1 
-0.116975 1 
-0.252228 1 
0.0299653 1 
-0.304475 1 
-0.480637 1 
-0.629087 1 
-0.392556 1 
0.91612 1 
0.807538 1 
-0.777537 1 
1.13681 1 
-1.19191 1 
-1.08552 1 
1.02647 1 
1.25577 1 
1.47788 1 
2.04895 1 
3.46922 1 
1.70172 1 
2.3425 1 
-0.928726 1 
-1.46739 1 
-3.66301 1 
-3.88767 1 
3.8673 1 
3.17568 1 
-2.11528 1 
-3.3877 1 
-2.55378 1 
0.244527 1 
0.549932 1 
0.359441 1 
0.189633 1 
-0.158478 1 
-0.0754728 1 
0.290493 1 
-0.00200251 1 
-0.278351 1 
-0.226104 1 
0.453582 1 
0.650464 1 
-0.348515 1 
-0.436597 1 
0.861829 1 
-0.703312 1 
-0.554862 1 
-1.13871 1 
0.971293 1 
-0.827933 1 
1.19629 1 
1.08164 1 
1.42631 1 
-1.68553 1 
-1.33372 1 
2.67712 1 
1.93568 1 
3.60191 1 
-3.08524 1 
-1.9166 1 
-2.32768 1 
0.125812 1 
0.061933 1 
0.75518 1 
1.31526 1 
1.52945 1 
-1.03232 1 
-1.23918 1 
2.47654 1 
2.16221 1 
-2.80631 1 
2.94426 1 
3.37137 1 
ZONE T="boundary2"
4 -0.511758 
4 -0.24187 
4 -0.201128 
4 -0.160386 
4 0.103868 
4 1 
4 -0.605441 
4 -0.849563 
4 -1 
4 -0.0952632 
4 -0.0301405 
4 0.0368638 
4 -0.444553 
4 -0.377348 
4 0.147912 
4 -0.27574 
4 0.301121 
4 0.228344 
4 0.522519 
4 0.597269 
4 0.337509 
4 0.697952 
4 0.798634 
4 -0.699125 
4 0.191956 
4 0.169934 
4 0.264732 
4 -0.309609 
4 0.392639 
4 0.447769 
4 -0.221499 
4 -0.180757 
4 -0.5586 
4 -0.924781 
4 -0.0627018 
4 0.0703659 
4 -0.410951 
4 -0.258805 
4 0.559894 
4 0.00336164 
4 0.748293 
4 -0.774344 
4 0.899317 
4 0.180945 
4 0.12589 
4 0.246538 
4 0.158923 
4 0.21015 
4 0.319315 
4 -0.343479 
4 -0.292674 
4 0.282927 
4 0.365074 
4 -0.127825 
4 0.420204 
4 0.485144 
4 -0.478156 
4 0.64761 
4 -0.652283 
ZONE T="boundary3"
-3.52215 -1 
-3.76108 -1 
-0.371817 -1 
0.160928 -1 
-0.166527 -1 
-1.16722 -1 
-0.303274 -1 
-0.234731 -1 
-1.05269 -1 
0.883689 -1 
3.78863 -1 
3.57725 -1 
4 -1 
3.41939 -1 
2.76308 -1 
2.58034 -1 
-1.45882 -1 
-3.07286 -1 
-3.29751 -1 
-2.66566 -1 
-2.86926 -1 
-2.09661 -1 
-1.63589 -1 
-0.517656 -1 
-0.0983229 -1 
-0.0321817 -1 
0.442922 -1 
0.359222 -1 
-0.594041 -1 
0.0339594 -1 
0.0974437 -1 
0.275521 -1 
0.555992 -1 
0.669063 -1 
-0.444736 -1 
-0.670425 -1 
-0.755737 -1 
-4 -1 
0.776376 -1 
-0.946868 -1 
0.981878 -1 
1.08007 -1 
-0.841048 -1 
1.2852 -1 
1.18263 -1 
-1.28176 -1 
-1.86625 -1 
1.54606 -1 
1.72417 -1 
1.90229 -1 
2.08454 -1 
2.26678 -1 
2.94581 -1 
3.26153 -1 
-2.38114 -1 
2.42356 -1 
-3.64162 -1 
-0.269002 -1 
3.68294 -1 
3.49832 -1 
-3.18519 -1 
-2.76746 -1 
-0.0652523 -1 
-0.337545 -1 
-0.132425 -1 
0.000888809 -1 
0.129186 -1 
-0.200629 -1 
0.218225 -1 
0.317371 -1 
0.401072 -1 
0.499457 -1 
0.0657015 -1 
-0.408276 -1 
0.612527 -1 
-0.481196 -1 
-0.632233 -1 
-0.713081 -1 
-3.88054 -1 
0.830033 -1 
-0.999778 -1 
1.03097 -1 
-0.893958 -1 
1.23392 -1 
-1.22449 -1 
-1.37029 -1 
-3.40983 -1 
1.41563 -1 
1.63512 -1 
1.81323 -1 
1.99341 -1 
2.67171 -1 
3.89431 -1 
-1.75107 -1 
3.10367 -1 
-1.98143 -1 
-2.5234 -1 
2.34517 -1 
2.50195 -1 
2.85444 -1 
2.17566 -1 
-2.23887 -1 
-0.555848 -1 
-0.798392 -1 
-1.10995 -1 
1.13135 -1 
0.722719 -1 
-1.54735 -1 
3.34046 -1 
0.932783 -1 
-2.97106 -1 
ZONE T="boundary4"
-0.239534 0.36007 
-0.221372 0.368599 
-0.537151 0.125358 
0.617774 0.172739 
-0.450951 0.223346 
-0.4747 0.200885 
-0.592454 -0.0156891 
-0.566017 0.0729509 
-0.589095 0.00253386 
-0.579429 0.0383944 
-0.584748 0.0205879 
-0.573174 0.055861 
-0.559744 0.0861754 
-0.552949 0.0991387 
-0.333752 0.309577 
-0.42648 0.244415 
-0.375318 0.282896 
-0.354723 0.296547 
-0.401285 0.264253 
-0.288828 0.335088 
-0.304369 0.326593 
-0.273159 0.343337 
-0.25641 0.351831 
-0.183274 0.385407 
-0.163324 0.393642 
-0.120075 0.410181 
-0.096614 0.418399 
-0.141784 0.402104 
-0.203076 0.37685 
-0.0729609 0.426141 
-0.594826 -0.0340492 
-0.518512 0.151478 
-0.497446 0.176857 
0.615371 0.0755263 
0.609993 0.0521782 
0.549976 0.343506 
0.505962 0.385956 
0.488189 0.39896 
0.588804 0.282207 
0.594627 0.268561 
0.619806 0.148204 
0.599735 0.25465 
0.467903 0.411759 
0.447063 0.423032 
0.0607455 0.459255 
0.575128 0.308199 
0.567382 0.320395 
0.611161 0.212825 
0.613775 0.199652 
0.558997 0.332162 
0.540344 0.354407 
0.5823 0.295428 
0.178151 0.472208 
0.148334 0.470463 
0.268548 0.470274 
0.360612 0.454878 
0.299164 0.466848 
0.419274 0.435611 
-0.0476271 0.43382 
0.608128 0.225909 
0.604213 0.240427 
0.618727 0.0993242 
0.620169 0.123444 
-0.0220833 0.440912 
0.00496565 0.447694 
0.0322297 0.453759 
0.0894611 0.463892 
0.118819 0.467674 
0.329908 0.461775 
0.208052 0.47282 
0.238238 0.472213 
0.391083 0.445972 
0.602548 0.0295077 
0.52295 0.371597 
-0.230469 0.36437 
-0.462967 0.212265 
-0.590897 -0.00655493 
-0.569707 0.0644526 
-0.545308 0.112404 
-0.582209 0.029527 
-0.438831 0.234015 
-0.365073 0.289801 
-0.344283 0.303135 
-0.388403 0.273716 
-0.296615 0.330872 
-0.319132 0.31821 
-0.247987 0.355982 
-0.173316 0.389566 
-0.108365 0.414349 
-0.130948 0.406192 
-0.212239 0.37276 
-0.152573 0.397921 
-0.593762 -0.0248533 
-0.52808 0.138595 
-0.5082 0.164351 
0.612942 0.0637923 
0.497186 0.392609 
0.591806 0.275423 
0.618988 0.160488 
0.597267 0.261637 
0.478157 0.405536 
0.457574 0.417563 
-0.264801 0.347617 
0.571337 0.314349 
0.61252 0.20625 
0.563267 0.326334 
0.54523 0.349019 
0.55456 0.337893 
0.163234 0.471473 
-0.193192 0.381169 
0.283877 0.468751 
0.585642 0.288862 
0.606242 0.233187 
0.578801 0.301862 
0.602052 0.247563 
0.61968 0.11137 
-0.281009 0.339243 
0.433289 0.429588 
-0.0848077 0.422332 
-0.0603161 0.430054 
-0.0348765 0.437443 
-0.00858105 0.444392 
0.018577 0.45082 
0.0750853 0.461685 
0.104125 0.465904 
0.133564 0.469197 
0.31457 0.464521 
0.345312 0.458558 
0.0464672 0.456613 
0.223149 0.472675 
0.253404 0.471415 
0.193099 0.472661 
-0.413992 0.254474 
0.375922 0.450679 
-0.576418 0.0471693 
-0.587044 0.0115903 
-0.55641 0.0926907 
-0.562947 0.0795948 
0.617297 0.0873903 
0.606533 0.0407567 
0.620209 0.135828 
0.514586 0.37893 
0.531826 0.363183 
0.405268 0.441035 
0.609698 0.219378 
0.615995 0.186228 
-0.486255 0.189043 
ZONE T="boundary5"
-0.546049 -0.266824 
-0.511146 -0.326021 
-0.522688 -0.308324 
-0.0730404 -0.592896 
-0.101363 -0.588666 
-0.420612 -0.430204 
-0.463205 -0.387174 
-0.449691 -0.401763 
-0.592345 -0.125984 
-0.594682 -0.107652 
-0.59612 -0.0892924 
-0.557308 -0.242927 
-0.580226 -0.180479 
-0.589136 -0.144251 
-0.585078 -0.162449 
-0.353201 -0.483969 
-0.205002 -0.560666 
-0.228475 -0.551587 
-0.314895 -0.508555 
-0.251597 -0.541603 
-0.27337 -0.531215 
-0.294755 -0.520031 
-0.435707 -0.415908 
-0.334617 -0.49637 
-0.0447504 -0.595572 
-0.388425 -0.457747 
-0.128209 -0.583282 
-0.180087 -0.569178 
-0.154896 -0.576634 
-0.475591 -0.37291 
-0.487516 -0.358262 
-0.499614 -0.342347 
-0.371343 -0.470933 
-0.405047 -0.443992 
-0.533521 -0.290189 
0.204417 -0.516875 
0.187247 -0.53241 
0.147484 -0.559231 
0.124013 -0.570618 
0.234819 -0.480407 
0.486372 -0.109517 
-0.0152329 -0.596607 
0.0990701 -0.579955 
0.0716386 -0.587481 
0.220315 -0.499521 
-0.594826 -0.0340492 
0.168626 -0.546337 
-0.596214 -0.0524525 
0.259625 -0.437061 
0.247857 -0.459654 
0.281343 -0.382827 
0.316959 -0.284142 
0.303312 -0.318505 
0.29219 -0.350728 
0.377101 -0.193377 
0.353642 -0.22033 
0.270899 -0.411053 
0.510786 -0.0909411 
0.567538 -0.0335716 
0.5518 -0.0525955 
0.532909 -0.0717843 
0.592998 0.00760796 
0.581298 -0.0134867 
-0.575159 -0.196728 
-0.596639 -0.070889 
-0.569522 -0.212789 
0.0430496 -0.59273 
0.0138834 -0.595722 
0.45863 -0.129027 
0.430833 -0.148535 
0.403096 -0.169777 
0.333421 -0.251094 
0.602548 0.0295077 
-0.517003 -0.317228 
-0.0872292 -0.590966 
-0.456507 -0.394524 
-0.593624 -0.116832 
-0.595514 -0.0984811 
-0.590846 -0.135136 
-0.582747 -0.17149 
-0.216782 -0.55624 
-0.262531 -0.536509 
-0.304876 -0.514382 
-0.442756 -0.408892 
-0.32481 -0.50255 
-0.114818 -0.586133 
-0.192589 -0.56505 
-0.167531 -0.573038 
-0.14159 -0.580109 
-0.469454 -0.380091 
-0.505452 -0.334235 
-0.481612 -0.365633 
-0.343962 -0.49025 
-0.362328 -0.47753 
-0.284114 -0.525721 
-0.412887 -0.437162 
-0.396795 -0.45094 
-0.37994 -0.464412 
-0.240083 -0.546706 
-0.587208 -0.153373 
-0.528196 -0.299311 
0.196014 -0.524843 
0.135884 -0.565206 
-0.493633 -0.350357 
-0.0299999 -0.596322 
0.0854387 -0.584025 
0.111648 -0.57557 
-0.595641 -0.0432417 
0.178099 -0.53959 
0.158209 -0.553037 
0.21257 -0.508384 
0.227785 -0.490129 
-0.428219 -0.423119 
0.253956 -0.448469 
0.241558 -0.47017 
0.309851 -0.30121 
0.286818 -0.366793 
0.364931 -0.206473 
0.265474 -0.424148 
0.276272 -0.396996 
0.559877 -0.0432562 
0.542556 -0.0623894 
0.5874 -0.00307855 
-0.577766 -0.188628 
-0.539938 -0.278589 
-0.596546 -0.0616679 
-0.563643 -0.227951 
-0.596496 -0.080094 
-0.0589141 -0.594431 
-0.55183 -0.254947 
0.0284947 -0.594502 
0.472553 -0.119347 
-0.000667318 -0.596412 
0.0573985 -0.590402 
0.416796 -0.158935 
0.297648 -0.334581 
0.343019 -0.235365 
0.324768 -0.26741 
0.444683 -0.138712 
0.598033 0.0184449 
0.574652 -0.0236888 
0.522023 -0.0815667 
0.498699 -0.100387 
-0.57241 -0.204782 
0.389796 -0.181244 
