ZONE T="boundary0"
-4 -0.211625 
-4 -0.436975 
-4 -0.139812 
-4 0.191329 
-4 0.118656 
-4 0.264003 
-4 0.329954 
-4 -0.251404 
-4 0.0374723 
-4 -0.0437111 
-4 -0.0917617 
-4 -0.582733 
-4 -0.791367 
-4 -1 
-4 0.769132 
-4 1 
-4 -0.175719 
-4 -0.291182 
-4 -0.357464 
-4 0.538263 
-4 0.434108 
-4 0.382031 
-4 0.653697 
-4 0.154993 
-4 0.227666 
-4 0.296978 
-4 -0.00311937 
-4 -0.115787 
-4 -0.509854 
-4 -0.895683 
-4 -0.68705 
-4 0.884566 
-4 -0.193672 
-4 -0.324323 
-4 -0.271293 
-4 -0.231514 
-4 -0.397219 
-4 0.486186 
-4 0.0780641 
-4 0.355992 
-4 0.711414 
-4 0.59598 
-4 -0.157765 
-4 0.40807 
-4 -0.0677364 
ZONE T="boundary1"
1.85068 1 
4 1 
3.82432 1 
0.572986 1 
0.500925 1 
-1.93178 1 
-0.433876 1 
-3.84814 1 
-0.718454 1 
-0.829781 1 
-1.28762 1 
-1.16985 1 
3.64864 1 
3.29727 1 
-3.0475 1 
-3.39257 1 
3.0393 1 
2.78134 1 
-1.78165 1 
-2.70242 1 
-4 1 
-3.69629 1 
2.25392 1 
2.64948 1 
2.51763 1 
0.0240849 1 
-0.255318 1 
-0.189126 1 
0.397592 1 
0.163624 1 
0.228941 1 
-0.0494244 1 
-0.122934 1 
-0.344597 1 
-0.607128 1 
0.0938545 1 
0.294258 1 
-1.05209 1 
-0.940935 1 
0.645048 1 
0.717109 1 
1.02587 1 
0.907521 1 
1.26682 1 
1.14634 1 
-1.39517 1 
-1.50271 1 
0.789171 1 
1.393 1 
1.68494 1 
1.51919 1 
-2.08191 1 
-2.87496 1 
-2.38216 1 
2.0523 1 
0.848346 1 
-2.54229 1 
-3.54443 1 
3.91216 1 
0.536956 1 
-0.774118 1 
3.47295 1 
-3.22003 1 
2.91032 1 
3.16829 1 
2.58356 1 
-0.222222 1 
0.449258 1 
0.196283 1 
-0.086179 1 
-0.389236 1 
-0.520502 1 
-0.662791 1 
-0.996512 1 
0.681078 1 
-0.885358 1 
-1.11097 1 
-1.22874 1 
0.966697 1 
1.20658 1 
-1.44894 1 
-3.77221 1 
-1.64218 1 
1.60206 1 
1.32991 1 
1.4561 1 
1.76781 1 
-3.92407 1 
-2.00684 1 
-2.96123 1 
-2.23203 1 
-1.85671 1 
2.38577 1 
2.15311 1 
1.95149 1 
2.71541 1 
0.345925 1 
0.2616 1 
0.128739 1 
0.0589697 1 
0.609017 1 
0.818758 1 
0.877934 1 
-0.15603 1 
-0.0126697 1 
-2.46223 1 
-2.78869 1 
-0.299958 1 
-3.62036 1 
1.08611 1 
-1.34139 1 
-3.4685 1 
3.73648 1 
-2.62236 1 
0.75314 1 
ZONE T="boundary2"
4 -0.31723 
4 -0.368774 
4 -0.407193 
4 -0.265685 
4 0.300193 
4 0.23224 
4 1 
4 -1 
4 -0.857848 
4 -0.715696 
4 0.347362 
4 0.39453 
4 -0.291458 
4 0.130696 
4 -0.0196685 
4 -0.619071 
4 -0.522447 
4 0.574133 
4 0.0555138 
4 -0.211378 
4 -0.238532 
4 -0.15707 
4 -0.0883694 
4 -0.445611 
4 0.484332 
4 0.787067 
4 0.6806 
4 -0.387984 
4 0.266217 
4 -0.786772 
4 -0.278572 
4 0.181468 
4 -0.570759 
4 -0.928924 
4 -0.224955 
4 -0.304344 
4 -0.252109 
4 -0.184224 
4 -0.12272 
4 -0.054019 
4 -0.343002 
4 -0.426402 
4 -0.484029 
4 0.0179226 
4 0.370946 
4 0.323777 
4 0.439431 
4 0.529232 
4 0.093105 
4 0.627367 
4 0.733833 
4 -0.667383 
4 0.893533 
ZONE T="boundary3"
-2.42831 -1 
3.21692 -1 
-0.919946 -1 
-0.798861 -1 
-0.345832 -1 
0.234892 -1 
0.176879 -1 
-1.3725 -1 
0.118867 -1 
-0.545513 -1 
-2.72257 -1 
-2.57544 -1 
-3.77589 -1 
-4 -1 
-0.0797409 -1 
-0.0108067 -1 
0.315008 -1 
0.538837 -1 
3.54326 -1 
0.79141 -1 
1.01199 -1 
-1.68764 -1 
-1.47139 -1 
2.54895 -1 
2.40135 -1 
-2.24709 -1 
-2.95513 -1 
1.7688 -1 
-3.36973 -1 
-3.18768 -1 
3.77163 -1 
4 -1 
0.395125 -1 
-0.218317 -1 
-0.403704 -1 
0.0540299 -1 
-0.287959 -1 
0.682549 -1 
0.900271 -1 
-0.148675 -1 
-0.672187 -1 
-1.15377 -1 
1.12371 -1 
-1.09385 -1 
-1.03393 -1 
1.35326 -1 
1.23848 -1 
-1.27361 -1 
-3.55177 -1 
1.48267 -1 
1.92551 -1 
2.69656 -1 
2.95674 -1 
2.16343 -1 
-1.87675 -1 
-2.06586 -1 
-0.735524 -1 
-0.976937 -1 
1.61209 -1 
-0.859403 -1 
0.205885 -1 
-2.64901 -1 
-3.88794 -1 
-0.0452738 -1 
-1.57952 -1 
2.47515 -1 
-2.83885 -1 
-3.27871 -1 
3.88582 -1 
0.355067 -1 
0.27495 -1 
-0.474609 -1 
0.466981 -1 
-0.316895 -1 
-0.253138 -1 
0.610693 -1 
0.84584 -1 
-0.183496 -1 
0.736979 -1 
1.06785 -1 
-1.06389 -1 
0.95613 -1 
1.29587 -1 
-3.66383 -1 
1.41797 -1 
2.82665 -1 
3.08683 -1 
2.62276 -1 
2.28239 -1 
-3.07141 -1 
-2.50188 -1 
-1.7822 -1 
2.04447 -1 
-1.97131 -1 
-2.3377 -1 
-2.15647 -1 
1.84716 -1 
3.38009 -1 
0.147873 -1 
0.0216116 -1 
0.0864482 -1 
-0.114208 -1 
-0.767193 -1 
-0.703856 -1 
-0.374768 -1 
-0.60885 -1 
-1.42195 -1 
-1.21369 -1 
-1.00543 -1 
-1.12381 -1 
-3.46075 -1 
1.1811 -1 
1.69045 -1 
1.54738 -1 
-1.32306 -1 
3.65745 -1 
-0.948441 -1 
ZONE T="boundary4"
-0.193788 0.459309 
-0.216995 0.450458 
-0.262032 0.430977 
0.397469 0.435749 
0.418601 0.421436 
0.642711 0.00605394 
-0.626681 0.00238343 
-0.622164 0.0248801 
0.546967 0.268365 
-0.629964 -0.0201501 
0.531649 0.295921 
0.513343 0.324381 
0.640849 0.0226903 
0.638099 0.0393494 
-0.616406 0.0473373 
-0.609434 0.0696423 
-0.591969 0.113541 
-0.601276 0.0917304 
-0.574981 0.147414 
-0.583789 0.13063 
-0.565562 0.163914 
-0.383681 0.360229 
0.560697 0.240718 
-0.501981 0.252369 
-0.517023 0.234016 
-0.454424 0.302391 
-0.470799 0.286423 
-0.53144 0.215156 
-0.420052 0.33248 
-0.402144 0.346612 
-0.437475 0.317757 
-0.364796 0.373255 
-0.34531 0.385821 
-0.32545 0.397788 
-0.304809 0.409393 
-0.283829 0.420377 
0.45777 0.389055 
-0.145148 0.475436 
-0.119637 0.482649 
-0.16959 0.467731 
-0.0939193 0.489091 
-0.486715 0.269688 
-0.0400268 0.499975 
-0.0117046 0.504304 
-0.543806 0.197824 
0.630114 0.0727606 
-0.239928 0.440931 
-0.555589 0.180088 
0.489832 0.355116 
0.594948 0.165958 
0.351906 0.460785 
0.325694 0.472216 
0.43884 0.405764 
0.374974 0.449011 
0.503187 0.338372 
0.475757 0.370999 
0.0167317 0.507693 
0.0765909 0.511651 
0.0466377 0.510216 
0.266967 0.491553 
0.235663 0.498875 
0.297206 0.482589 
0.634507 0.0560225 
0.584744 0.188779 
0.612807 0.123335 
0.604815 0.143029 
0.62506 0.0893187 
0.643644 -0.0104972 
0.572842 0.214796 
-0.0670554 0.494953 
0.108064 0.511947 
0.139473 0.510947 
0.171876 0.508476 
0.204089 0.50446 
-0.205424 0.454968 
0.408146 0.428759 
-0.624572 0.0136604 
0.522749 0.31032 
0.639579 0.031037 
-0.628474 -0.00886281 
-0.619432 0.0361453 
-0.613064 0.0585337 
-0.596756 0.102692 
-0.579461 0.139062 
-0.587959 0.122124 
-0.570343 0.155704 
-0.462686 0.294482 
-0.411156 0.33962 
-0.428827 0.325193 
-0.355102 0.379613 
-0.335425 0.391879 
-0.392967 0.353495 
-0.29436 0.414962 
-0.315174 0.403668 
-0.27297 0.425758 
-0.13242 0.479139 
-0.106802 0.485967 
-0.494428 0.261099 
-0.0258828 0.502256 
-0.18172 0.46361 
-0.605494 0.0807368 
-0.537693 0.20654 
-0.228497 0.445779 
-0.446018 0.310149 
-0.560642 0.172042 
0.338889 0.466704 
0.428845 0.413764 
0.386324 0.442555 
-0.509582 0.243258 
0.363527 0.455069 
0.496616 0.346831 
0.448437 0.397563 
0.482897 0.363151 
-0.549775 0.189007 
0.0616092 0.511072 
-0.524311 0.224647 
-0.157397 0.471673 
0.282156 0.487297 
0.311532 0.477622 
0.508334 0.331428 
0.6364 0.0477065 
0.589876 0.17738 
0.641892 0.0143845 
0.643294 -0.00221502 
0.566811 0.227776 
0.599934 0.154513 
0.578819 0.201796 
0.466906 0.380174 
-0.478837 0.278131 
-0.374289 0.366816 
-0.251017 0.436035 
0.00250032 0.506117 
0.0316747 0.509088 
-0.0535602 0.497569 
0.553952 0.254604 
0.092328 0.511958 
0.123776 0.511613 
-0.0805099 0.492127 
0.5395 0.282254 
0.155691 0.509899 
0.251369 0.495436 
0.219915 0.501875 
0.188009 0.506667 
0.632399 0.0644166 
0.627664 0.0810604 
0.619185 0.106414 
0.608869 0.133204 
ZONE T="boundary5"
-0.627836 -0.131518 
-0.588083 -0.25175 
-0.578802 -0.268436 
-0.623709 -0.153352 
-0.291136 -0.421982 
-0.315306 -0.421861 
-0.632382 -0.0873459 
0.497121 -0.270217 
-0.63281 -0.0650524 
0.628944 -0.106764 
0.621514 -0.125793 
0.612256 -0.145077 
-0.596538 -0.234486 
-0.19218 -0.411244 
-0.217166 -0.415265 
-0.339322 -0.420315 
-0.36277 -0.417269 
0.637729 -0.0754863 
0.633795 -0.0913268 
-0.266674 -0.420817 
-0.242098 -0.41853 
0.601717 -0.163436 
-0.166648 -0.406577 
-0.632005 -0.0426371 
-0.629964 -0.0201501 
-0.532979 -0.328714 
-0.503504 -0.355518 
-0.518628 -0.342639 
-0.568784 -0.284322 
-0.557961 -0.299509 
-0.545859 -0.314548 
-0.449739 -0.38966 
-0.141064 -0.401547 
0.565719 -0.210922 
-0.486688 -0.367983 
-0.469141 -0.379176 
0.57511 -0.200116 
0.588969 -0.18235 
0.414802 -0.311632 
0.391493 -0.319614 
-0.630723 -0.109528 
-0.0883087 -0.390881 
-0.114712 -0.396206 
-0.0336337 -0.380566 
-0.0609758 -0.385562 
-0.618345 -0.174966 
0.0230908 -0.37156 
0.0523484 -0.367677 
0.141046 -0.35841 
0.171674 -0.35566 
0.111329 -0.3612 
0.0814808 -0.364281 
0.202198 -0.352854 
-0.611751 -0.196301 
0.264916 -0.345961 
0.233598 -0.349675 
0.555956 -0.221302 
0.457757 -0.293029 
0.477301 -0.282508 
0.437725 -0.302403 
0.360118 -0.328484 
0.516253 -0.256542 
0.535564 -0.240665 
0.642633 -0.0433449 
0.643625 -0.0269461 
0.545938 -0.231177 
0.640673 -0.0594838 
-0.604605 -0.21566 
0.643644 -0.0104972 
-0.385964 -0.412595 
-0.408059 -0.406444 
0.296736 -0.341356 
0.328448 -0.335639 
-0.00523421 -0.375813 
-0.429722 -0.398628 
-0.583554 -0.260157 
-0.303229 -0.42209 
-0.63275 -0.0762041 
0.625407 -0.116347 
0.617068 -0.135522 
-0.204665 -0.413334 
-0.351078 -0.418988 
0.635884 -0.0834363 
-0.278905 -0.42155 
-0.25438 -0.419801 
-0.631137 -0.0313813 
-0.51117 -0.349202 
0.631486 -0.0990818 
-0.573903 -0.276451 
-0.552022 -0.307121 
-0.153851 -0.404092 
-0.592418 -0.243173 
-0.495205 -0.361897 
0.607151 -0.15435 
-0.478013 -0.373733 
0.582187 -0.191349 
-0.459539 -0.384598 
-0.632561 -0.053841 
0.403195 -0.31577 
-0.525914 -0.335793 
-0.631707 -0.0984503 
-0.101511 -0.39353 
-0.0473079 -0.383018 
-0.621179 -0.164199 
0.0377181 -0.369556 
0.156362 -0.35703 
-0.179407 -0.408966 
-0.327333 -0.421275 
0.0964062 -0.362697 
0.186939 -0.354278 
-0.615198 -0.185682 
0.249266 -0.347901 
0.217903 -0.351316 
-0.563479 -0.291994 
0.467604 -0.287911 
0.447802 -0.297852 
0.375865 -0.324278 
0.526043 -0.248771 
0.643253 -0.0351526 
-0.127885 -0.398884 
-0.229624 -0.417003 
0.540796 -0.235969 
0.560887 -0.216159 
0.595514 -0.173009 
0.570468 -0.205566 
0.641776 -0.0514289 
0.639324 -0.0675072 
-0.600691 -0.225126 
-0.539526 -0.32173 
-0.608302 -0.206028 
-0.625926 -0.142466 
0.643755 -0.0187217 
-0.397071 -0.409721 
0.312616 -0.338654 
-0.629433 -0.120545 
-0.374415 -0.41514 
0.00892537 -0.373625 
-0.0194375 -0.378131 
0.0669144 -0.365925 
0.126189 -0.35978 
-0.0746439 -0.388188 
0.28084 -0.343779 
-0.418968 -0.40274 
-0.439815 -0.394328 
0.426325 -0.307178 
0.487308 -0.276523 
0.506799 -0.263539 
0.344321 -0.332255 
0.550991 -0.226288 
