ZONE T="boundary0"
-4 -0.19973 
-4 -0.315716 
-4 -0.140966 
-4 0.170894 
-4 0.226984 
-4 0.83011 
-4 1 
-4 0.66022 
-4 -0.258494 
-4 -0.0617242 
-4 0.536626 
-4 -1 
-4 -0.792091 
-4 -0.478561 
-4 0.0942059 
-4 0.0175177 
-4 -0.372938 
-4 -0.584183 
-4 -0.688137 
-4 0.348054 
-4 0.283074 
-4 0.413033 
-4 0.198939 
-4 0.915055 
-4 -0.229112 
-4 -0.101345 
-4 0.598423 
-4 -0.896046 
-4 0.0558618 
-4 -0.170348 
-4 -0.344327 
-4 -0.287105 
-4 -0.0221032 
-4 -0.63616 
-4 0.380543 
-4 -0.531372 
-4 -0.425749 
-4 0.47483 
-4 0.745165 
-4 0.13255 
-4 0.255029 
-4 0.315564 
-4 -0.740114 
ZONE T="boundary1"
-4 1 
3.62104 1 
4 1 
-1.24088 1 
-1.38754 1 
0.389785 1 
0.574488 1 
0.482137 1 
-0.221832 1 
-0.675203 1 
1.35662 1 
1.25795 1 
-2.76844 1 
-3.65994 1 
-0.779409 1 
3.33682 1 
3.02295 1 
-1.80495 1 
-1.97917 1 
-2.91159 1 
1.03521 1 
-2.46056 1 
-2.62529 1 
3.17988 1 
2.78134 1 
2.53974 1 
2.36274 1 
1.73102 1 
1.59316 1 
0.00801473 1 
0.800393 1 
0.68744 1 
0.0754253 1 
0.142836 1 
-0.162236 1 
0.25765 1 
0.200243 1 
0.323718 1 
-0.0345479 1 
-0.0771106 1 
-0.473294 1 
-0.574249 1 
-0.377361 1 
-0.281428 1 
-0.883615 1 
-0.988913 1 
-1.09421 1 
-1.16754 1 
-1.50914 1 
0.917803 1 
-3.82997 1 
-3.37224 1 
1.14658 1 
1.4553 1 
1.95838 1 
2.18573 1 
-3.02675 1 
-3.14192 1 
-2.29582 1 
-1.63073 1 
-3.51609 1 
3.81052 1 
-1.31421 1 
0.528312 1 
1.30729 1 
-0.727306 1 
-1.89206 1 
-2.84002 1 
-2.54292 1 
3.10142 1 
2.66054 1 
1.66209 1 
0.743917 1 
0.109131 1 
0.228947 1 
0.171539 1 
0.290684 1 
0.04172 1 
-0.0558293 1 
-0.119673 1 
0.435961 1 
-0.523771 1 
0.356752 1 
-0.192034 1 
-0.425327 1 
-0.329394 1 
-0.831512 1 
-1.13088 1 
-0.936264 1 
-1.20421 1 
-1.44834 1 
0.976509 1 
-3.74496 1 
1.0909 1 
3.25835 1 
1.40596 1 
3.47893 1 
1.8447 1 
-3.25708 1 
2.90215 1 
-2.1375 1 
-2.69686 1 
0.859098 1 
-3.08434 1 
-2.96917 1 
2.45124 1 
-2.37819 1 
-3.91499 1 
2.07205 1 
-0.25163 1 
-0.0132666 1 
-0.624726 1 
-1.04156 1 
1.52423 1 
-1.56994 1 
-1.71784 1 
0.630964 1 
-3.44417 1 
-3.58802 1 
1.20227 1 
2.27423 1 
ZONE T="boundary2"
4 -0.11176 
4 -1 
4 -0.68362 
4 -0.00496265 
4 0.262104 
4 0.103938 
4 0.1958 
4 0.335172 
4 0.298638 
4 1 
4 0.456167 
4 0.39567 
4 0.550553 
4 0.64494 
4 -0.584218 
4 0.82247 
4 0.228952 
4 -0.19706 
4 -0.231481 
4 -0.334743 
4 -0.372261 
4 -0.409779 
4 -0.484815 
4 -0.265902 
4 -0.15441 
4 -0.84181 
4 0.149869 
4 0.316905 
4 0.425918 
4 0.280371 
4 0.365421 
4 -0.0583614 
4 0.0494878 
4 -0.353502 
4 0.597746 
4 0.50336 
4 -0.447297 
4 0.911235 
4 -0.534516 
4 0.733705 
4 -0.300322 
4 -0.21427 
4 -0.175735 
4 -0.248691 
4 -0.133085 
4 -0.39102 
4 -0.633919 
4 0.245528 
4 0.212376 
ZONE T="boundary3"
-1.60117 -1 
4 -1 
1.32905 -1 
-0.871869 -1 
-0.173553 -1 
-0.211145 -1 
0.700844 -1 
-0.248738 -1 
0.805647 -1 
-0.317831 -1 
-0.627551 -1 
1.79657 -1 
-1.05121 -1 
2.47982 -1 
-2.31333 -1 
-2.11772 -1 
-1.92326 -1 
-1.72881 -1 
-4 -1 
-3.74597 -1 
3.75 -1 
3.56289 -1 
3.04872 -1 
3.37577 -1 
2.60074 -1 
2.72167 -1 
1.90692 -1 
-0.133597 -1 
-0.386924 -1 
0.247513 -1 
0.179203 -1 
0.584264 -1 
0.110892 -1 
0.0485809 -1 
-0.74971 -1 
-0.507237 -1 
-0.96154 -1 
0.357599 -1 
0.412642 -1 
0.467685 -1 
0.910451 -1 
1.01302 -1 
1.11559 -1 
-1.14747 -1 
-1.47353 -1 
-1.35863 -1 
1.22232 -1 
1.42508 -1 
1.52111 -1 
-1.24373 -1 
1.65884 -1 
-2.77874 -1 
2.23797 -1 
2.01727 -1 
-2.50894 -1 
-3.61896 -1 
-3.27508 -1 
-3.38351 -1 
-3.05822 -1 
-2.91848 -1 
-3.49194 -1 
-0.0936417 -1 
-0.0137308 -1 
3.21225 -1 
-2.64384 -1 
-0.192349 -1 
-0.283284 -1 
-2.21552 -1 
-1.82603 -1 
-3.87299 -1 
3.65644 -1 
3.46933 -1 
2.66121 -1 
-0.229941 -1 
-0.352378 -1 
0.213358 -1 
0.642554 -1 
0.0797367 -1 
-0.810789 -1 
-0.447081 -1 
-1.00638 -1 
0.302556 -1 
0.440163 -1 
1.0643 -1 
-0.68863 -1 
-0.567394 -1 
0.525974 -1 
-0.916704 -1 
-1.09934 -1 
-1.53735 -1 
1.27568 -1 
1.16895 -1 
1.4731 -1 
-1.30118 -1 
3.875 -1 
1.7277 -1 
-1.41608 -1 
2.88519 -1 
2.12762 -1 
-2.41114 -1 
-2.02049 -1 
1.96209 -1 
-3.3293 -1 
-2.98835 -1 
-2.84861 -1 
-3.55545 -1 
-3.16665 -1 
2.54028 -1 
-0.113619 -1 
0.145047 -1 
-0.153575 -1 
-0.0536862 -1 
0.017425 -1 
0.753245 -1 
0.858049 -1 
0.961735 -1 
0.38512 -1 
-3.43773 -1 
-3.68246 -1 
1.37706 -1 
3.13048 -1 
3.29401 -1 
-1.1956 -1 
1.85174 -1 
2.35889 -1 
-2.71129 -1 
-2.57639 -1 
-1.66499 -1 
1.58998 -1 
ZONE T="boundary4"
0.433528 0.305296 
0.601102 0.035572 
0.608536 0.0169701 
0.511121 0.175867 
-0.39559 0.412206 
-0.378378 0.424516 
-0.620597 0.0916907 
-0.625239 0.0711357 
-0.281524 0.48049 
-0.302532 0.470061 
-0.608133 0.132562 
-0.527235 0.281809 
-0.631149 0.0301768 
-0.632372 0.00990473 
-0.614879 0.112189 
-0.628767 0.050595 
-0.560986 0.231047 
-0.570965 0.21374 
-0.58022 0.19647 
-0.595454 0.164493 
-0.550481 0.24805 
-0.260182 0.490226 
-0.237463 0.499691 
-0.341832 0.448112 
-0.539157 0.265125 
-0.501522 0.314019 
-0.514667 0.298133 
-0.473797 0.344258 
-0.487915 0.329365 
-0.459196 0.358687 
-0.412398 0.399364 
-0.360296 0.436602 
-0.444132 0.372647 
-0.42848 0.386253 
-0.214439 0.508386 
-0.165127 0.524148 
-0.322362 0.459401 
0.622585 -0.0401618 
0.619325 -0.0209639 
0.370953 0.400843 
0.353559 0.421184 
0.292465 0.475418 
0.269662 0.490333 
0.314323 0.458673 
0.334646 0.440579 
0.496024 0.197927 
0.481862 0.220078 
0.468384 0.242784 
0.386705 0.380114 
-0.0252521 0.549309 
0.00486321 0.551008 
-0.0553802 0.54627 
0.098766 0.546997 
0.13002 0.542127 
0.244513 0.504207 
0.218497 0.516124 
0.160802 0.535303 
0.190049 0.526718 
0.592236 0.0542423 
0.542097 0.132904 
0.557297 0.111467 
0.570199 0.0921855 
0.582302 0.0724311 
0.614629 -0.00188551 
0.418055 0.331993 
0.401798 0.358069 
-0.189916 0.516698 
-0.138743 0.531061 
-0.0838365 0.542199 
-0.112144 0.536999 
0.450901 0.274039 
0.526591 0.154265 
0.0356649 0.551308 
0.0674116 0.550008 
0.604971 0.0263322 
-0.387032 0.418428 
-0.623049 0.0814426 
-0.292071 0.475362 
-0.631905 0.0200494 
-0.617863 0.101974 
-0.611625 0.122414 
-0.566042 0.222431 
-0.575662 0.205142 
-0.60207 0.148636 
-0.555798 0.239588 
-0.248862 0.495055 
-0.508163 0.306133 
-0.480917 0.336869 
-0.466555 0.351531 
-0.494783 0.321749 
-0.404045 0.405851 
-0.369385 0.430631 
-0.35111 0.44243 
-0.53327 0.27352 
-0.43636 0.379512 
-0.225987 0.504135 
-0.521023 0.290027 
-0.270893 0.485445 
-0.332143 0.453835 
-0.544891 0.256635 
-0.630099 0.0404022 
-0.45172 0.365727 
0.621132 -0.0305321 
0.362412 0.41115 
0.2812 0.483087 
-0.42049 0.392872 
0.344267 0.431045 
-0.627139 0.0608886 
0.48885 0.208941 
0.475037 0.231376 
0.378965 0.390585 
-0.0102028 0.550328 
0.114431 0.544801 
0.257218 0.49751 
0.231613 0.510403 
0.145468 0.538969 
0.20437 0.521681 
0.503498 0.186842 
0.59681 0.0449749 
0.549752 0.122223 
0.563828 0.101879 
0.61715 -0.0113816 
0.587387 0.0634017 
0.410054 0.345113 
0.394375 0.369179 
-0.31249 0.464811 
-0.202213 0.512649 
-0.177553 0.520531 
-0.151966 0.527726 
-0.0980151 0.539738 
-0.0696279 0.544377 
-0.0403316 0.547953 
0.303548 0.467252 
0.1755 0.531261 
-0.588092 0.180603 
0.425874 0.318694 
0.442253 0.289689 
0.518818 0.165035 
0.534351 0.143587 
-0.12547 0.534152 
0.0202635 0.551344 
0.0515483 0.550869 
0.324646 0.449812 
0.459578 0.258373 
0.0831114 0.548724 
0.611747 0.00759593 
0.576366 0.0823789 
ZONE T="boundary5"
-0.0860573 -0.381579 
-0.110806 -0.37629 
-0.0612671 -0.38672 
-0.552205 -0.20674 
-0.541128 -0.217892 
-0.562771 -0.194983 
0.435759 -0.369153 
-0.63242 -0.0101269 
-0.63129 -0.0298856 
-0.475562 -0.267314 
-0.490297 -0.258171 
0.543935 -0.286612 
0.557668 -0.269209 
0.484292 -0.340605 
0.496167 -0.331896 
0.472208 -0.348693 
0.4598 -0.356275 
-0.226479 -0.350368 
-0.248654 -0.345194 
-0.270037 -0.34009 
-0.312036 -0.329536 
-0.332615 -0.323972 
-0.134611 -0.371091 
-0.204334 -0.355452 
-0.181364 -0.360662 
-0.62549 -0.0683625 
-0.572935 -0.182401 
-0.582434 -0.169224 
-0.52932 -0.228686 
-0.517082 -0.238864 
-0.503883 -0.248848 
-0.409568 -0.298884 
-0.291427 -0.334824 
-0.390965 -0.30578 
-0.599869 -0.139942 
-0.607998 -0.122834 
-0.444108 -0.284 
-0.460474 -0.275755 
-0.591558 -0.154897 
-0.426978 -0.291762 
-0.632372 0.00990473 
0.23893 -0.416832 
0.214154 -0.417829 
-0.352443 -0.318258 
0.186996 -0.417983 
-0.614995 -0.105155 
-0.620829 -0.0869807 
0.617811 -0.136794 
-0.372175 -0.31213 
0.62441 -0.0594638 
0.624813 -0.0788983 
0.101697 -0.412944 
0.130736 -0.415517 
0.0445703 -0.405717 
0.159906 -0.417238 
0.361237 -0.397275 
0.263699 -0.414949 
0.31235 -0.408369 
0.287791 -0.412196 
0.621475 -0.117507 
0.623822 -0.0981947 
0.0174345 -0.401432 
-0.00958326 -0.396719 
-0.0354646 -0.391853 
0.336901 -0.403415 
0.385448 -0.389811 
0.410796 -0.380355 
0.507635 -0.322673 
0.622585 -0.0401618 
0.0730637 -0.409653 
0.604981 -0.179974 
0.526418 -0.305512 
0.570275 -0.250623 
0.612967 -0.155707 
0.595415 -0.203402 
-0.628982 -0.0492968 
-0.158425 -0.36581 
0.583559 -0.227654 
-0.0984349 -0.378951 
-0.0736669 -0.384171 
-0.546735 -0.212383 
-0.557563 -0.200928 
-0.632005 -0.0200148 
-0.482983 -0.262828 
0.550961 -0.278036 
0.490277 -0.336316 
0.466042 -0.352547 
-0.259349 -0.342658 
-0.322336 -0.326792 
-0.122711 -0.373702 
-0.215408 -0.352918 
-0.192851 -0.358064 
-0.577776 -0.175878 
-0.535289 -0.223359 
-0.510541 -0.243933 
-0.604077 -0.131455 
-0.452335 -0.279966 
-0.497143 -0.253587 
-0.418304 -0.295399 
-0.567938 -0.18876 
-0.52326 -0.233845 
-0.435582 -0.287966 
-0.587102 -0.162128 
0.226546 -0.417437 
0.200575 -0.418024 
-0.611644 -0.114052 
-0.618062 -0.0961156 
-0.632543 -0.000110691 
-0.301738 -0.332209 
-0.237569 -0.347793 
-0.381591 -0.309018 
0.624789 -0.0691768 
0.116207 -0.414331 
0.173447 -0.417718 
0.251323 -0.416005 
0.30009 -0.410414 
0.622813 -0.10787 
0.00391602 -0.399125 
-0.0483725 -0.389316 
0.447896 -0.362932 
0.398196 -0.38528 
0.478292 -0.344712 
0.501953 -0.32735 
0.623676 -0.0497954 
0.423373 -0.374965 
0.517201 -0.314283 
0.609196 -0.167913 
-0.280737 -0.33748 
0.6198 -0.12718 
0.615532 -0.146287 
-0.595826 -0.147481 
-0.623311 -0.0777092 
0.349107 -0.400497 
-0.630287 -0.0396088 
-0.342542 -0.321161 
0.373393 -0.393707 
-0.169896 -0.363243 
0.275757 -0.41369 
0.324654 -0.406034 
-0.14652 -0.368459 
0.0873693 -0.411386 
0.0588054 -0.407761 
-0.0225317 -0.394324 
0.145313 -0.41649 
0.0309921 -0.403634 
-0.468064 -0.271617 
-0.627388 -0.0588572 
-0.400294 -0.302406 
-0.362326 -0.315251 
0.624488 -0.0885548 
0.535377 -0.296247 
0.564135 -0.260027 
0.600393 -0.191768 
0.589694 -0.215629 
0.577125 -0.239259 
