ZONE T="boundary0"
-4 -1 
-4 -0.840151 
-4 -0.680301 
-4 -0.189755 
-4 0.141052 
-4 0.212007 
-4 0.372788 
-4 0.451361 
-4 0.638145 
-4 0.819072 
-4 0.294216 
-4 0.544753 
-4 -0.144897 
-4 1 
-4 0.0568997 
-4 -0.0272527 
-4 -0.399795 
-4 -0.471637 
-4 -0.234612 
-4 -0.281283 
-4 -0.575969 
-4 -0.327954 
-4 -0.304619 
-4 -0.760226 
-4 0.17653 
-4 0.412075 
-4 0.728608 
-4 0.333502 
-4 0.498057 
-4 0.909536 
-4 0.0148235 
-4 -0.0860748 
-4 0.591449 
-4 -0.435716 
-4 -0.167326 
-4 -0.257948 
-4 -0.628135 
-4 -0.920075 
-4 -0.212183 
-4 -0.316286 
-4 -0.292951 
-4 -0.363875 
-4 0.253111 
-4 0.098976 
-4 -0.523803 
ZONE T="boundary1"
-3.2096 1 
-2.82709 1 
2.14157 1 
1.95241 1 
-1.07527 1 
-0.17059 1 
1.47216 1 
1.35909 1 
0.323075 1 
0.161642 1 
0.202 1 
0.0938986 1 
0.46841 1 
0.591142 1 
0.708857 1 
0.826572 1 
-3.79641 1 
-4 1 
1.76325 1 
1.61771 1 
-1.52591 1 
3.77623 1 
3.55246 1 
-2.60327 1 
-3.59281 1 
-1.96401 1 
-2.37945 1 
0.242358 1 
0.395743 1 
0.0261553 1 
-0.109084 1 
-0.362101 1 
-0.405437 1 
-0.875723 1 
-0.0414641 1 
1.04173 1 
0.934153 1 
-0.615161 1 
-0.232096 1 
-0.318766 1 
-0.510299 1 
-0.745442 1 
-1.19159 1 
-1.30792 1 
-3.40121 1 
4 1 
3.29346 1 
3.03445 1 
-1.41691 1 
-1.67572 1 
1.24603 1 
1.14388 1 
-1.82553 1 
-2.10249 1 
2.573 1 
2.35728 1 
3.42296 1 
2.80373 1 
-3.01834 1 
2.04699 1 
1.41563 1 
0.181821 1 
0.529776 1 
0.649999 1 
0.767714 1 
-3.8982 1 
1.69048 1 
3.66434 1 
-2.71518 1 
0.432076 1 
0.222179 1 
0.12777 1 
-0.139837 1 
0.282717 1 
0.359409 1 
-0.383769 1 
-0.0752739 1 
0.987943 1 
-0.201343 1 
-0.56273 1 
-0.680302 1 
0.880362 1 
-0.457868 1 
-0.810583 1 
-0.975498 1 
-1.24976 1 
-3.69461 1 
-3.3054 1 
3.88811 1 
-3.49701 1 
3.16396 1 
-1.47141 1 
-1.60081 1 
1.30256 1 
-1.75063 1 
-2.03325 1 
2.46514 1 
2.24943 1 
1.85783 1 
-1.89477 1 
-2.24097 1 
-0.00765442 1 
0.060027 1 
-0.275431 1 
-0.340434 1 
3.35821 1 
1.19495 1 
1.09281 1 
-2.49136 1 
-1.13343 1 
3.48771 1 
1.54493 1 
2.91909 1 
2.68836 1 
-1.36241 1 
ZONE T="boundary2"
4 -0.343366 
4 -0.401922 
4 -0.308071 
4 -0.272776 
4 -0.23748 
4 0.858454 
4 -0.202185 
4 0.0848567 
4 -0.460477 
4 -0.657466 
4 -0.828733 
4 -1 
4 -0.152166 
4 -0.102147 
4 0.423369 
4 0.508609 
4 0.226703 
4 0.15578 
4 0.282416 
4 0.338128 
4 1 
4 0.716908 
4 0.380749 
4 0.612758 
4 -0.00864512 
4 -0.372644 
4 -0.290423 
4 -0.219832 
4 -0.7431 
4 -0.255128 
4 -0.177175 
4 -0.127156 
4 -0.325719 
4 -0.431199 
4 0.465989 
4 -0.558972 
4 0.120318 
4 0.254559 
4 -0.914367 
4 0.929227 
4 0.787681 
4 0.402059 
4 0.310272 
4 0.191241 
4 0.560684 
4 0.664833 
4 -0.055396 
4 0.0381058 
4 0.359439 
ZONE T="boundary3"
-3.50432 -1 
-4 -1 
-0.891422 -1 
-0.232649 -1 
-0.0119329 -1 
0.0521162 -1 
-0.65003 -1 
1.71994 -1 
-1.38084 -1 
3.7211 -1 
-2.57966 -1 
4 -1 
2.12516 -1 
3.44219 -1 
2.50048 -1 
-1.9407 -1 
-1.71829 -1 
-2.37139 -1 
-2.16312 -1 
0.677613 -1 
0.894554 -1 
0.786083 -1 
0.244275 -1 
0.286979 -1 
-0.763239 -1 
-0.0740098 -1 
-0.329211 -1 
-0.136087 -1 
0.32983 -1 
-1.01961 -1 
0.567998 -1 
0.458384 -1 
-0.536822 -1 
1.11075 -1 
1.00265 -1 
1.33339 -1 
1.22207 -1 
-0.433016 -1 
-0.184368 -1 
0.372681 -1 
-1.14566 -1 
1.42644 -1 
1.5195 -1 
-1.27172 -1 
-1.48997 -1 
-3.26832 -1 
-3.03232 -1 
-2.80599 -1 
3.23322 -1 
1.92039 -1 
2.32993 -1 
2.67104 -1 
3.02425 -1 
0.116165 -1 
0.158869 -1 
0.201572 -1 
3.33771 -1 
-3.75216 -1 
0.0200916 -1 
3.86055 -1 
-1.8295 -1 
-2.26725 -1 
0.840319 -1 
0.265627 -1 
-0.706635 -1 
0.308404 -1 
-0.955514 -1 
-0.827331 -1 
0.622806 -1 
0.513191 -1 
-0.593426 -1 
0.731848 -1 
1.0567 -1 
1.27773 -1 
0.948603 -1 
-0.484919 -1 
-0.208508 -1 
0.415532 -1 
3.58164 -1 
-1.08263 -1 
1.47297 -1 
-1.20869 -1 
-1.60413 -1 
-1.43541 -1 
-3.38632 -1 
-3.15032 -1 
1.37991 -1 
-2.91915 -1 
-2.69282 -1 
1.61972 -1 
-2.05191 -1 
-2.47552 -1 
1.82017 -1 
2.22755 -1 
2.41521 -1 
2.58576 -1 
2.84764 -1 
-0.0429714 -1 
-0.105048 -1 
-0.160227 -1 
0.0841408 -1 
0.351255 -1 
0.18022 -1 
-0.28093 -1 
-0.381114 -1 
0.137517 -1 
0.222924 -1 
3.38995 -1 
3.12873 -1 
3.28546 -1 
-1.32628 -1 
1.16641 -1 
2.02278 -1 
ZONE T="boundary4"
-0.625838 0.0815811 
-0.631952 0.0349253 
-0.62965 0.0581641 
0.632146 0.00962772 
0.635545 -0.00469844 
-0.533073 0.283324 
0.453469 0.258615 
0.475235 0.233747 
-0.547387 0.26306 
-0.560758 0.24221 
0.583031 0.109912 
0.568173 0.129517 
-0.62054 0.10505 
-0.613791 0.128487 
0.639868 -0.0336346 
-0.597999 0.17068 
-0.605632 0.151825 
-0.58127 0.205919 
-0.589961 0.18845 
-0.571329 0.22424 
-0.405921 0.40831 
-0.384964 0.422888 
-0.482867 0.342018 
-0.500196 0.323544 
-0.516711 0.304299 
-0.426252 0.392893 
-0.464742 0.359743 
-0.445854 0.376711 
-0.34099 0.44965 
-0.317951 0.461818 
-0.294442 0.473046 
-0.36325 0.436714 
-0.632741 0.0118802 
0.596723 0.0895253 
-0.220086 0.501428 
-0.141391 0.520907 
-0.114166 0.525294 
-0.0868389 0.528508 
-0.0589483 0.530554 
-0.167985 0.51547 
-0.00270927 0.530806 
0.025482 0.528904 
-0.245488 0.492885 
-0.27016 0.483461 
0.638119 -0.0191381 
0.551983 0.149003 
0.622883 0.0378945 
0.429786 0.285888 
0.330822 0.390308 
0.356437 0.365664 
0.497204 0.209368 
0.516256 0.188664 
0.535147 0.168031 
0.0825742 0.52057 
0.110899 0.51402 
-0.0310904 0.531337 
0.195745 0.483256 
0.16782 0.495383 
0.22345 0.469048 
0.608706 0.0687774 
0.627927 0.0238193 
0.617104 0.0516483 
-0.194377 0.508928 
0.139705 0.505552 
0.0537642 0.525554 
0.250891 0.452654 
0.278 0.434014 
0.304685 0.413168 
0.381472 0.339694 
0.405839 0.313017 
-0.630986 0.0465633 
0.633946 0.00248931 
0.464322 0.246146 
-0.554185 0.252707 
0.575726 0.11981 
-0.627925 0.0699022 
-0.617333 0.116816 
-0.623364 0.0933548 
-0.601915 0.161293 
-0.585693 0.197223 
-0.57638 0.215124 
-0.594065 0.179603 
-0.395517 0.415706 
-0.491632 0.332875 
-0.540347 0.273274 
-0.52502 0.29391 
-0.508562 0.314014 
-0.455387 0.368326 
-0.436137 0.384904 
-0.329532 0.455851 
-0.306253 0.467551 
-0.352186 0.443294 
-0.374178 0.429912 
-0.1278 0.523246 
-0.0729035 0.529687 
0.0113991 0.530029 
-0.56612 0.233271 
-0.473899 0.350977 
-0.257871 0.488298 
-0.282353 0.478377 
0.639095 -0.0263734 
-0.416166 0.400706 
0.590037 0.0998277 
0.343758 0.378127 
0.560172 0.139338 
0.52573 0.178368 
0.543623 0.158566 
0.0967824 0.517496 
0.181876 0.489543 
0.6029 0.0792604 
0.636934 -0.0118993 
0.630135 0.0167536 
0.625501 0.0308921 
0.620083 0.04481 
-0.632535 0.0234095 
0.61304 0.0602803 
-0.207269 0.505309 
-0.181214 0.512335 
-0.154715 0.518326 
-0.0450225 0.531104 
-0.0168955 0.531242 
0.125365 0.510004 
0.153839 0.500685 
0.486178 0.221509 
0.506722 0.199001 
-0.23283 0.497286 
-0.100518 0.527048 
0.0682037 0.52326 
0.209708 0.476378 
0.237298 0.461075 
0.0396456 0.527411 
0.264587 0.44355 
0.441641 0.272257 
0.317898 0.401911 
0.369058 0.352782 
0.417857 0.299489 
0.393728 0.326421 
0.29149 0.423791 
-0.609871 0.140211 
ZONE T="boundary5"
-0.605675 -0.118523 
-0.613955 -0.0979611 
-0.626002 -0.0552999 
-0.629762 -0.0332892 
-0.632011 -0.0108687 
0.640277 -0.0772928 
0.640931 -0.0627732 
0.435091 -0.375283 
0.46194 -0.360794 
-0.58469 -0.157799 
-0.620727 -0.0768886 
0.623734 -0.156439 
0.487527 -0.344292 
-0.572735 -0.175465 
-0.559734 -0.192236 
-0.547441 -0.206327 
-0.329456 -0.335955 
-0.30464 -0.344013 
-0.174593 -0.379248 
-0.148231 -0.385399 
-0.278933 -0.351788 
-0.227049 -0.366131 
-0.253145 -0.359114 
-0.015123 -0.411708 
-0.0419667 -0.407128 
-0.121775 -0.391285 
-0.0686554 -0.402177 
-0.0952648 -0.396883 
-0.506219 -0.244999 
-0.49026 -0.257332 
-0.473767 -0.268839 
-0.456596 -0.279646 
0.614373 -0.181143 
-0.534479 -0.219731 
-0.520627 -0.232719 
-0.354109 -0.327282 
0.602513 -0.207137 
0.589215 -0.232012 
-0.438955 -0.289681 
-0.399369 -0.30905 
-0.419383 -0.29974 
-0.376875 -0.31854 
0.633822 -0.120756 
0.630294 -0.135007 
0.534213 -0.30497 
0.639868 -0.0336346 
0.6408 -0.0481606 
-0.595909 -0.138492 
-0.632741 0.0118802 
0.121475 -0.427106 
0.149487 -0.428243 
0.0938234 -0.425231 
0.0662741 -0.422681 
0.0389943 -0.419541 
0.0118301 -0.415859 
0.177574 -0.428548 
0.321317 -0.413978 
0.292267 -0.419451 
0.206091 -0.427927 
0.263348 -0.423504 
0.234619 -0.426285 
0.379073 -0.398244 
0.407507 -0.387684 
0.350302 -0.406956 
0.4749 -0.3528 
0.499868 -0.335207 
0.523244 -0.315534 
0.511804 -0.325602 
0.544803 -0.29379 
0.638856 -0.0918324 
0.636697 -0.106319 
0.554846 -0.282141 
0.564161 -0.270273 
0.581324 -0.245168 
0.572934 -0.258009 
-0.200909 -0.372819 
-0.61 -0.108316 
-0.628075 -0.0443268 
0.6407 -0.0700367 
0.448652 -0.368291 
-0.623556 -0.0661403 
-0.566367 -0.183952 
-0.317069 -0.340052 
-0.16142 -0.382357 
-0.291803 -0.34796 
-0.135011 -0.388377 
-0.0819687 -0.39957 
-0.498315 -0.251264 
-0.482082 -0.263185 
0.61926 -0.168869 
-0.541044 -0.21311 
-0.513495 -0.238942 
-0.34181 -0.331701 
0.596057 -0.219677 
-0.365524 -0.322996 
-0.447829 -0.284758 
0.632138 -0.127901 
-0.388163 -0.313895 
0.640435 -0.0408904 
-0.600972 -0.128594 
-0.465244 -0.274342 
-0.632567 0.00049996 
-0.429221 -0.294813 
-0.0285544 -0.409469 
0.135476 -0.427774 
0.0800397 -0.424037 
0.0254019 -0.417764 
0.306824 -0.416893 
0.191833 -0.42836 
0.220361 -0.427239 
0.393375 -0.393193 
0.335856 -0.410662 
0.468459 -0.356861 
0.481257 -0.348611 
0.51758 -0.320632 
0.493746 -0.339815 
0.528789 -0.310314 
0.637866 -0.0990888 
0.549893 -0.288024 
0.559571 -0.27626 
0.577195 -0.251629 
0.568614 -0.264188 
0.635345 -0.113554 
0.539573 -0.299441 
-0.553681 -0.199362 
-0.590472 -0.148244 
-0.266052 -0.355501 
0.421406 -0.381723 
0.505888 -0.330469 
0.627184 -0.145774 
0.63966 -0.0845712 
0.640966 -0.0554653 
-0.187759 -0.376068 
-0.00165647 -0.41384 
0.163528 -0.428505 
0.277829 -0.421639 
0.364751 -0.402812 
-0.108528 -0.394121 
-0.240108 -0.362665 
-0.0553203 -0.404698 
0.0526243 -0.421183 
0.107642 -0.426258 
0.248996 -0.425041 
-0.213987 -0.369513 
-0.578859 -0.16673 
-0.527632 -0.226308 
-0.631079 -0.0220977 
-0.61753 -0.0874846 
-0.409419 -0.304488 
0.585329 -0.238627 
0.608654 -0.194237 
