ZONE T="boundary0"
-4 -1 
-4 -0.251404 
-4 -0.0917617 
-4 -0.0271447 
-4 0.329954 
-4 0.653697 
-4 -0.13374 
-4 0.0374723 
-4 1 
-4 0.543903 
-4 0.434108 
-4 -0.213561 
-4 -0.304434 
-4 -0.357464 
-4 -0.175719 
-4 -0.413782 
-4 0.114401 
-4 0.191329 
-4 0.152865 
-4 0.225985 
-4 0.382031 
-4 0.826849 
-4 -0.791367 
-4 -0.470099 
-4 -0.582733 
-4 -0.68705 
-4 0.260641 
-4 0.295297 
-4 -0.0594532 
-4 0.489006 
-4 -0.232482 
-4 -0.330949 
-4 -0.19464 
-4 -0.385623 
-4 0.00516383 
-4 0.0759366 
-4 0.172097 
-4 0.133633 
-4 0.208657 
-4 -0.277919 
-4 0.5988 
-4 0.913424 
-4 0.740273 
-4 -0.895683 
-4 -0.112751 
-4 -0.44194 
-4 -0.526416 
-4 -0.634891 
-4 -0.739208 
-4 0.277969 
-4 -0.154729 
-4 0.243313 
-4 0.355992 
-4 0.40807 
-4 0.312626 
ZONE T="boundary1"
-3.54443 1 
0.907521 1 
1.393 1 
1.46599 1 
1.14634 1 
1.26967 1 
0.397592 1 
0.789171 1 
1.53897 1 
-0.433876 1 
-0.576165 1 
3.82432 1 
3.64864 1 
4 1 
3.47295 1 
-1.28251 1 
-2.08191 1 
2.78134 1 
3.0393 1 
3.29727 1 
-2.87496 1 
-2.70863 1 
1.68494 1 
1.86862 1 
-3.39257 1 
-2.54229 1 
-3.13377 1 
-4 1 
-3.69629 1 
2.28496 1 
2.0523 1 
0.163624 1 
0.0938545 1 
0.500925 1 
-0.0494244 1 
-0.122934 1 
-0.189126 1 
-0.255318 1 
-0.344597 1 
0.0240849 1 
0.228941 1 
0.645048 1 
0.345925 1 
0.294258 1 
1.02693 1 
-0.718454 1 
-0.829695 1 
-0.940935 1 
-1.39517 1 
-1.16985 1 
-1.05539 1 
-1.49179 1 
-1.68503 1 
-1.93178 1 
-1.78165 1 
-2.3121 1 
2.51763 1 
-1.58841 1 
1.4295 1 
1.20801 1 
0.848346 1 
-0.50502 1 
3.73648 1 
3.91216 1 
3.56079 1 
3.16829 1 
-2.79179 1 
1.77678 1 
-3.84814 1 
2.16863 1 
1.96046 1 
0.128739 1 
0.449258 1 
-0.086179 1 
-0.222222 1 
-0.389236 1 
0.196283 1 
0.572986 1 
0.320092 1 
0.717109 1 
-0.0126697 1 
-0.64731 1 
-0.885315 1 
1.08664 1 
-0.774075 1 
1.33134 1 
0.967227 1 
-3.62036 1 
-1.33884 1 
-1.11262 1 
-1.22618 1 
-1.44348 1 
1.61195 1 
-2.00684 1 
-1.85671 1 
-3.26317 1 
-2.197 1 
-3.00436 1 
-2.62546 1 
-2.4272 1 
2.4013 1 
2.64948 1 
-3.4685 1 
2.91032 1 
-0.15603 1 
0.0589697 1 
0.371758 1 
-0.299958 1 
0.2616 1 
-0.998165 1 
-1.5401 1 
1.50248 1 
3.38511 1 
-1.63672 1 
-1.73334 1 
ZONE T="boundary2"
4 -1 
4 -0.857848 
4 -0.362211 
4 -0.31723 
4 -0.522447 
4 -0.265685 
4 0.0555138 
4 -0.211378 
4 -0.149874 
4 -0.0883694 
4 0.188058 
4 0.143877 
4 0.289801 
4 0.23224 
4 0.484332 
4 0.582466 
4 0.6806 
4 0.8403 
4 1 
4 -0.715696 
4 -0.619071 
4 -0.0164278 
4 -0.407193 
4 0.0996954 
4 0.347362 
4 -0.928924 
4 -0.339721 
4 -0.238532 
4 0.165968 
4 0.26102 
4 0.92015 
4 -0.667383 
4 -0.291458 
4 -0.119122 
4 -0.180626 
4 -0.0523986 
4 -0.46482 
4 -0.384702 
4 0.019543 
4 0.121786 
4 0.210149 
4 0.415847 
4 -0.570759 
4 0.631533 
4 0.533399 
4 0.76045 
4 0.318581 
4 0.0776046 
4 -0.786772 
ZONE T="boundary3"
-3.55177 -1 
-4 -1 
-0.0797409 -1 
4 -1 
2.95674 -1 
3.10337 -1 
-0.282074 -1 
-0.218317 -1 
-0.0128555 -1 
-1.03393 -1 
-1.15377 -1 
-1.53007 -1 
1.48267 -1 
2.54895 -1 
-2.95513 -1 
-2.72257 -1 
-0.919946 -1 
-0.149029 -1 
-0.827735 -1 
0.0540299 -1 
0.115455 -1 
-2.42831 -1 
-0.545513 -1 
0.665123 -1 
-3.18768 -1 
2.16343 -1 
1.96612 -1 
-1.87675 -1 
-1.68764 -1 
-2.24709 -1 
2.75285 -1 
-1.26314 -1 
-2.06586 -1 
0.176879 -1 
-0.345832 -1 
-0.445672 -1 
0.315008 -1 
0.426923 -1 
-0.735524 -1 
-0.640519 -1 
0.538837 -1 
0.79141 -1 
0.9017 -1 
-1.3725 -1 
1.23848 -1 
1.36058 -1 
3.25 -1 
3.54326 -1 
1.01199 -1 
1.12524 -1 
1.62574 -1 
1.7688 -1 
-1.45129 -1 
3.77163 -1 
-3.77589 -1 
3.03005 -1 
-0.250196 -1 
-0.0462982 -1 
-1.09385 -1 
-2.83885 -1 
-0.976937 -1 
0.0847422 -1 
-2.57544 -1 
-3.36973 -1 
2.06478 -1 
-1.7822 -1 
2.35619 -1 
-2.3377 -1 
2.85479 -1 
-1.20845 -1 
-1.97131 -1 
2.6509 -1 
0.146167 -1 
0.0205872 -1 
-0.313953 -1 
-0.395752 -1 
0.245944 -1 
0.370965 -1 
-0.495593 -1 
-0.593016 -1 
-0.78163 -1 
0.48288 -1 
0.60198 -1 
0.728267 -1 
-1.31782 -1 
3.39663 -1 
1.06861 -1 
1.55421 -1 
1.42163 -1 
1.69727 -1 
3.17669 -1 
-1.4119 -1 
-1.60886 -1 
-3.07141 -1 
1.86746 -1 
-2.15647 -1 
-0.114385 -1 
-0.183673 -1 
-0.688021 -1 
-0.87384 -1 
1.18186 -1 
0.956845 -1 
1.29953 -1 
3.65745 -1 
0.846555 -1 
-1.49068 -1 
3.88582 -1 
ZONE T="boundary4"
0.604633 0.11603 
0.640138 -0.0168151 
0.638736 -0.000279734 
0.518294 0.288463 
0.500314 0.317526 
0.628943 0.0494421 
0.623951 0.066034 
0.477534 0.349123 
0.533661 0.260476 
0.57294 0.182365 
-0.631347 0.00754273 
-0.627002 0.0300211 
-0.634458 -0.0149348 
-0.621421 0.0524973 
-0.589542 0.136183 
-0.606666 0.0970346 
-0.614633 0.0748568 
-0.597559 0.118969 
-0.571657 0.169769 
-0.580903 0.153107 
0.388615 0.433507 
-0.561861 0.186123 
-0.372509 0.382373 
-0.352996 0.395159 
-0.333085 0.407323 
-0.176203 0.477821 
-0.151548 0.485455 
-0.445061 0.325858 
-0.49399 0.276999 
-0.52394 0.240792 
-0.538123 0.221653 
-0.550282 0.20408 
-0.409837 0.355241 
-0.391396 0.369111 
-0.427702 0.340849 
-0.312366 0.419103 
-0.461925 0.310224 
-0.478199 0.293991 
-0.291284 0.430233 
-0.247108 0.450988 
-0.269359 0.440951 
-0.20061 0.469426 
-0.125807 0.492553 
-0.0998611 0.498834 
-0.0169846 0.513248 
-0.0455153 0.509244 
0.446685 0.38433 
0.409005 0.418324 
-0.509101 0.259422 
-0.224003 0.460564 
0.428487 0.401814 
0.366839 0.447688 
0.318876 0.472823 
0.344434 0.460382 
0.490446 0.331879 
0.463977 0.365553 
0.0116415 0.51626 
0.0717756 0.519244 
0.0417007 0.518326 
0.261251 0.494252 
0.290983 0.484242 
0.61827 0.0824224 
0.584925 0.158137 
0.595006 0.137156 
0.636376 0.0163087 
0.633097 0.0328847 
0.547363 0.2336 
0.560826 0.206631 
-0.0727659 0.504483 
0.103313 0.518926 
0.167028 0.513982 
0.134716 0.51724 
0.230346 0.50258 
0.19906 0.509099 
0.639557 -0.00853679 
0.50952 0.303136 
0.626539 0.0577651 
-0.629324 0.0188085 
-0.633054 -0.00367725 
-0.624358 0.0412935 
-0.610787 0.0859933 
-0.59363 0.127612 
-0.576351 0.161476 
-0.585298 0.144683 
-0.566825 0.177985 
-0.343089 0.401319 
-0.163905 0.481733 
-0.602244 0.108055 
-0.544271 0.212914 
-0.400674 0.362252 
-0.322772 0.413294 
-0.382006 0.375818 
-0.436447 0.333429 
-0.470138 0.302183 
-0.301869 0.424749 
-0.258272 0.446055 
-0.188439 0.473718 
-0.112858 0.495796 
-0.138705 0.489106 
-0.0312656 0.511369 
-0.280364 0.435677 
0.398926 0.426077 
-0.531112 0.231282 
-0.21234 0.465085 
-0.50163 0.268282 
-0.556147 0.19515 
-0.618169 0.0637184 
0.418873 0.410225 
-0.453563 0.318117 
0.377837 0.44077 
0.355732 0.454205 
-0.516605 0.250174 
0.495441 0.324747 
0.437718 0.393215 
0.470853 0.357422 
0.484087 0.340578 
0.0567363 0.518931 
-0.418831 0.34812 
0.276198 0.489481 
0.305023 0.478757 
0.62119 0.0742548 
0.590007 0.147663 
0.599888 0.126621 
0.637671 0.00803108 
0.634845 0.0246181 
0.578957 0.170258 
0.45547 0.375076 
0.331755 0.466807 
-0.486177 0.285571 
-0.362804 0.388844 
-0.235593 0.455866 
0.540572 0.247069 
-0.00268295 0.514879 
0.0266637 0.517434 
-0.059159 0.506975 
0.566886 0.194495 
0.611712 0.0993255 
0.0875489 0.519253 
0.150896 0.515809 
-0.0863358 0.501769 
0.526124 0.274556 
0.554101 0.220113 
0.245863 0.498647 
0.183079 0.51175 
0.119027 0.518259 
0.214751 0.506057 
0.63112 0.0411883 
ZONE T="boundary5"
0.302788 -0.357341 
0.334218 -0.351719 
-0.568775 -0.273167 
-0.557448 -0.287383 
0.63844 -0.0659633 
0.640138 -0.0168151 
0.640564 -0.033283 
-0.636324 -0.0373269 
-0.636946 -0.0596041 
0.635887 -0.0820899 
-0.579293 -0.258161 
-0.311512 -0.392751 
-0.33556 -0.39167 
-0.426031 -0.374855 
-0.404282 -0.381111 
-0.446217 -0.367498 
-0.287256 -0.392809 
-0.160572 -0.383724 
-0.262506 -0.392006 
-0.237695 -0.390533 
-0.212252 -0.388533 
-0.544827 -0.301301 
-0.500999 -0.33824 
-0.483766 -0.349116 
-0.589081 -0.242273 
-0.531435 -0.314254 
0.548758 -0.242033 
-0.516582 -0.326806 
0.632338 -0.098093 
-0.186777 -0.386229 
-0.465882 -0.358702 
-0.10732 -0.378828 
-0.134377 -0.381241 
-0.634458 -0.0149348 
0.62091 -0.133069 
0.481762 -0.295975 
0.501261 -0.283039 
-0.636319 -0.0817149 
-0.634437 -0.103662 
-0.60659 -0.207579 
-0.598034 -0.225729 
-0.61417 -0.188805 
0.419925 -0.326715 
0.396797 -0.335123 
-0.621167 -0.168004 
-0.626875 -0.146831 
-0.631296 -0.125358 
-0.0525213 -0.374779 
-0.080358 -0.376675 
-0.0248248 -0.373247 
0.0321377 -0.371137 
0.00373488 -0.372029 
0.061231 -0.370478 
0.0901672 -0.369977 
0.209306 -0.366641 
0.179154 -0.368005 
0.149001 -0.368901 
0.119637 -0.369496 
0.240276 -0.364552 
0.365649 -0.344392 
0.442646 -0.316968 
0.462468 -0.307069 
0.538746 -0.251998 
0.519986 -0.268672 
0.589987 -0.191095 
0.602143 -0.171583 
0.558453 -0.231605 
0.567752 -0.220812 
0.576742 -0.209539 
0.612161 -0.152751 
0.627863 -0.11373 
0.639996 -0.0497357 
-0.358992 -0.389442 
-0.382168 -0.385906 
0.271267 -0.361555 
0.31853 -0.354719 
-0.563222 -0.280364 
0.640474 -0.0250452 
-0.63679 -0.0484641 
0.637287 -0.0740452 
-0.323551 -0.39235 
-0.436193 -0.37135 
-0.274883 -0.392503 
-0.2501 -0.39134 
-0.492482 -0.343831 
-0.584301 -0.250289 
-0.574146 -0.265745 
-0.538237 -0.307888 
-0.551251 -0.294446 
-0.173672 -0.384983 
-0.456133 -0.363277 
-0.120845 -0.380008 
-0.474911 -0.354065 
-0.635545 -0.0261205 
0.491619 -0.289671 
-0.635536 -0.0927048 
-0.60244 -0.216716 
0.408415 -0.331076 
-0.629246 -0.136131 
-0.0664358 -0.375683 
-0.0386673 -0.373968 
0.0179427 -0.371547 
0.0757021 -0.370216 
0.19423 -0.367393 
-0.636789 -0.0706666 
0.164077 -0.3685 
0.104904 -0.369741 
-0.617827 -0.178461 
0.224793 -0.365696 
0.431355 -0.32201 
0.381292 -0.34001 
0.452626 -0.31216 
-0.524117 -0.320657 
0.543801 -0.247066 
0.529519 -0.260508 
0.472198 -0.301669 
0.596232 -0.181443 
0.553655 -0.236866 
-0.22497 -0.389582 
0.572301 -0.215218 
0.607313 -0.162252 
0.624564 -0.123461 
0.616715 -0.142988 
0.634235 -0.0901176 
0.630217 -0.105944 
0.639342 -0.0578606 
-0.624181 -0.157464 
-0.610513 -0.198248 
-0.147472 -0.382471 
-0.299391 -0.392897 
-0.508889 -0.332655 
-0.59367 -0.234064 
0.640406 -0.0415129 
-0.633025 -0.114536 
-0.370614 -0.387847 
-0.199511 -0.387407 
0.0466886 -0.370781 
-0.0938347 -0.377715 
-0.0105427 -0.372594 
0.134319 -0.369223 
0.287043 -0.359608 
-0.3473 -0.390711 
-0.415218 -0.378169 
0.510749 -0.27602 
0.583509 -0.200422 
-0.393271 -0.383684 
0.563152 -0.226253 
0.349978 -0.348277 
0.255778 -0.36318 
