ZONE T="boundary0"
-4 0.299793 
-4 0.231817 
-4 0.363106 
-4 0.794451 
-4 0.588902 
-4 0.42642 
-4 -0.149978 
-4 -0.285827 
-4 0.0221779 
-4 -1 
-4 0.180198 
-4 0.12858 
-4 0.507661 
-4 -0.573735 
-4 -0.666989 
-4 -0.355922 
-4 -0.418202 
-4 -0.0842238 
-4 -0.0310229 
-4 -0.480482 
-4 1 
-4 -0.320875 
-4 -0.182855 
-4 -0.215732 
-4 -0.250779 
-4 0.265805 
-4 0.33145 
-4 0.691677 
-4 0.154389 
-4 0.46704 
-4 0.206007 
-4 0.0753788 
-4 -0.387062 
-4 -0.0576234 
-4 -0.620362 
-4 -0.527108 
-4 -0.833494 
-4 0.897226 
-4 -0.303351 
-4 -0.338398 
-4 -0.166416 
-4 -0.199293 
-4 -0.117101 
-4 -0.449342 
-4 -0.00442251 
-4 -0.233256 
-4 -0.268303 
-4 0.394763 
-4 0.548281 
ZONE T="boundary1"
-3.68203 1 
4 1 
3.55246 1 
3.13734 1 
1.04407 1 
1.26077 1 
1.33339 1 
0.161997 1 
0.594694 1 
0.0956061 1 
0.833052 1 
0.510505 1 
0.426316 1 
1.40602 1 
-2.0087 1 
-2.19187 1 
-3.23214 1 
-0.623326 1 
-2.67215 1 
2.0776 1 
2.99956 1 
2.86179 1 
2.58623 1 
1.57222 1 
-2.43201 1 
-3.06019 1 
2.33192 1 
-0.181994 1 
-0.0398833 1 
-0.108982 1 
0.0292153 1 
0.286139 1 
0.356227 1 
0.722906 1 
0.938559 1 
-3.84102 1 
-0.52331 1 
0.224068 1 
-0.423294 1 
-0.33915 1 
1.15242 1 
3.77623 1 
-0.846488 1 
-0.960748 1 
-0.734907 1 
1.73843 1 
1.90801 1 
-1.07501 1 
-1.42603 1 
-1.1898 1 
-1.30459 1 
-3.40409 1 
-4 1 
-1.6865 1 
-1.82553 1 
-0.255005 1 
-1.54747 1 
3.3449 1 
1.29708 1 
0.46841 1 
1.36971 1 
-2.10028 1 
3.06845 1 
2.93068 1 
1.48912 1 
-2.55208 1 
-2.86617 1 
-3.14616 1 
2.20476 1 
-0.0744329 1 
0.0624107 1 
0.128801 1 
0.321183 1 
-0.00533399 1 
0.6588 1 
0.777979 1 
0.552599 1 
0.885806 1 
-3.76153 1 
-0.573318 1 
0.255103 1 
-0.381222 1 
1.09824 1 
-0.903618 1 
-0.473302 1 
1.65532 1 
-0.790698 1 
-1.01788 1 
-1.2472 1 
1.82322 1 
1.99281 1 
-3.31811 1 
-2.31194 1 
3.66434 1 
3.88811 1 
-3.54306 1 
-1.75602 1 
2.72401 1 
2.45907 1 
-3.92051 1 
-1.91712 1 
-0.297078 1 
0.193032 1 
-0.145488 1 
-0.2185 1 
0.991313 1 
0.391271 1 
-0.679117 1 
-1.48675 1 
-1.61699 1 
-1.1324 1 
-1.36531 1 
1.20659 1 
ZONE T="boundary2"
4 -0.401922 
4 -0.343366 
4 -0.272776 
4 -0.460477 
4 0.725486 
4 1 
4 -0.202185 
4 -0.123246 
4 -0.0380297 
4 0.22474 
4 -1 
4 0.0471868 
4 0.330502 
4 0.277621 
4 0.450973 
4 0.390738 
4 0.135963 
4 0.58823 
4 -0.657466 
4 -0.828733 
4 0.180351 
4 -0.558972 
4 -0.372644 
4 -0.308071 
4 0.862743 
4 -0.162715 
4 -0.23748 
4 0.00457856 
4 -0.0806379 
4 0.304061 
4 0.420855 
4 0.091575 
4 0.519601 
4 0.656858 
4 -0.431199 
4 -0.914367 
4 0.25118 
4 0.202545 
4 0.158157 
4 0.36062 
4 -0.608219 
4 -0.509724 
4 -0.7431 
ZONE T="boundary3"
-2.16312 -1 
-0.535919 -1 
-1.83245 -1 
-1.692 -1 
-1.06895 -1 
-1.16762 -1 
-0.395859 -1 
0.228881 -1 
-0.970266 -1 
1.52641 -1 
1.61298 -1 
0.347014 -1 
0.993573 -1 
1.11064 -1 
4 -1 
3.64568 -1 
-2.80599 -1 
2.79664 -1 
-3.75 -1 
-4 -1 
-3.50432 -1 
-3.25864 -1 
-2.57966 -1 
3.29135 -1 
3.044 -1 
2.28432 -1 
2.08824 -1 
0.68211 -1 
0.788691 -1 
-0.00782414 -1 
-0.0724021 -1 
0.0485362 -1 
0.104897 -1 
-0.13698 -1 
-0.329211 -1 
-0.262563 -1 
-0.199771 -1 
0.461272 -1 
0.57553 -1 
0.891132 -1 
1.22771 -1 
-0.691945 -1 
3.46852 -1 
-0.85711 -1 
-1.37581 -1 
-1.5339 -1 
-1.45486 -1 
1.89216 -1 
1.33378 -1 
1.43984 -1 
-1.27172 -1 
2.54048 -1 
-1.9729 -1 
-2.35333 -1 
-3.03232 -1 
-0.800532 -1 
-0.743954 -1 
-0.639936 -1 
-1.76222 -1 
-1.11828 -1 
1.5697 -1 
0.287947 -1 
1.05211 -1 
3.82284 -1 
-3.875 -1 
-3.38148 -1 
3.16768 -1 
2.18628 -1 
0.735401 -1 
-0.0401131 -1 
0.0767164 -1 
-0.104691 -1 
0.166889 -1 
-0.295887 -1 
-0.231167 -1 
-0.362535 -1 
-0.465889 -1 
0.404143 -1 
0.518401 -1 
-3.62716 -1 
1.16918 -1 
0.62882 -1 
3.37993 -1 
-1.01961 -1 
-1.61295 -1 
-1.41533 -1 
1.48312 -1 
1.38681 -1 
1.28075 -1 
3.5571 -1 
-1.21967 -1 
2.66856 -1 
2.92032 -1 
1.75257 -1 
2.4124 -1 
1.9902 -1 
-2.06801 -1 
-2.25822 -1 
-1.90268 -1 
-2.69282 -1 
-2.46649 -1 
0.020356 -1 
-0.168376 -1 
0.839912 -1 
0.942353 -1 
-0.772243 -1 
-0.828821 -1 
-0.665941 -1 
-0.717949 -1 
-0.913688 -1 
-0.587928 -1 
-1.32376 -1 
-2.91915 -1 
-3.14548 -1 
-1.49438 -1 
ZONE T="boundary4"
-0.261716 0.429812 
-0.329851 0.394247 
-0.16392 0.467772 
-0.189197 0.459283 
0.486313 0.354824 
0.497247 0.341841 
0.474901 0.367313 
0.462502 0.379794 
0.563233 0.234997 
0.574068 0.21281 
0.645048 -0.00875278 
0.644277 0.00585627 
-0.469814 0.287206 
-0.451613 0.304707 
0.64055 0.035243 
0.535668 0.286391 
0.517886 0.314183 
-0.614903 0.0519216 
-0.621096 0.0282346 
-0.588157 0.12183 
-0.607329 0.0754663 
-0.598404 0.0987857 
-0.55918 0.174579 
-0.568887 0.158424 
-0.548947 0.190406 
-0.535659 0.209487 
-0.57668 0.144463 
-0.629283 -0.0192513 
0.585084 0.189705 
-0.413265 0.337433 
-0.213795 0.450165 
-0.238091 0.44029 
-0.393211 0.352691 
-0.432753 0.321438 
-0.52171 0.228083 
-0.351468 0.381096 
-0.372627 0.367225 
-0.307621 0.406785 
-0.284993 0.418596 
0.61571 0.120044 
0.606087 0.143391 
-0.0584686 0.494269 
-0.0311019 0.498918 
-0.112137 0.482525 
-0.0029484 0.502771 
0.054441 0.50769 
0.0253048 0.505688 
-0.487333 0.268893 
-0.625887 0.00450506 
-0.504932 0.248844 
0.629948 0.0793622 
-0.13839 0.475478 
0.393629 0.433257 
0.422699 0.413519 
0.363268 0.450401 
0.332027 0.464968 
0.44961 0.391697 
0.143861 0.507159 
0.113765 0.508506 
0.0836097 0.508649 
0.174989 0.504425 
0.205906 0.50026 
0.552044 0.256998 
0.637645 0.0499669 
0.623931 0.0978696 
0.595838 0.166512 
0.64277 0.0205359 
-0.0856801 0.488754 
0.237155 0.494449 
0.268691 0.486784 
0.300385 0.477035 
-0.176592 0.463625 
0.491844 0.348388 
0.468768 0.373621 
0.568681 0.223918 
0.644754 -0.00144329 
-0.460804 0.296049 
0.527006 0.300437 
-0.618166 0.0401207 
-0.603023 0.0871854 
-0.564102 0.166542 
-0.542391 0.200007 
-0.572836 0.151472 
-0.59343 0.110374 
-0.554127 0.182533 
0.579602 0.201268 
-0.225981 0.445322 
-0.611278 0.0637454 
-0.249945 0.435143 
-0.442265 0.313165 
-0.528764 0.218844 
-0.423084 0.329527 
-0.340714 0.387762 
-0.362107 0.374251 
-0.296355 0.412781 
-0.318788 0.400607 
0.610991 0.131754 
-0.403307 0.345153 
-0.201531 0.454819 
-0.2734 0.424297 
-0.0448035 0.496703 
-0.0170405 0.50096 
0.0398649 0.506817 
-0.627756 -0.00734963 
-0.62366 0.016403 
-0.382983 0.360048 
-0.58256 0.133218 
-0.151184 0.471723 
0.48067 0.361127 
-0.513422 0.238545 
0.408371 0.423696 
0.347784 0.457977 
0.45612 0.385815 
-0.47867 0.278142 
0.128821 0.507987 
0.544052 0.271808 
0.63408 0.0647379 
0.5905 0.178125 
0.601024 0.154977 
0.619932 0.108997 
-0.49624 0.258962 
0.507831 0.328214 
0.643612 0.0132053 
0.639178 0.0426207 
0.641745 0.0279023 
0.557701 0.24603 
0.627034 0.0886461 
-0.0989327 0.485742 
-0.0720959 0.491619 
0.0690219 0.508302 
0.0986891 0.508725 
-0.125291 0.479103 
0.0111666 0.504347 
0.159442 0.505967 
0.190474 0.502527 
0.22157 0.497558 
0.252979 0.490842 
0.316311 0.471274 
0.37862 0.442134 
0.436385 0.402896 
0.284615 0.482158 
ZONE T="boundary5"
-0.567724 -0.280817 
-0.556104 -0.297204 
-0.631105 -0.0901292 
-0.628931 -0.113534 
-0.578198 -0.264049 
0.645069 -0.0232707 
0.644327 -0.0377569 
-0.265395 -0.425271 
-0.3187 -0.424402 
-0.344999 -0.421458 
0.637526 -0.0802305 
0.640557 -0.0662203 
-0.371007 -0.416634 
-0.419954 -0.401578 
-0.292126 -0.425617 
-0.614007 -0.182636 
-0.620391 -0.159809 
-0.238717 -0.423574 
-0.211947 -0.420732 
-0.631888 -0.0666098 
-0.158174 -0.412496 
-0.185131 -0.41697 
0.645048 -0.00875278 
-0.480823 -0.36926 
-0.497836 -0.356784 
-0.543589 -0.312783 
-0.529275 -0.328481 
0.633738 -0.0940619 
-0.514059 -0.343122 
-0.587774 -0.246627 
-0.597551 -0.226229 
-0.0766001 -0.39693 
-0.103892 -0.402274 
-0.131224 -0.407553 
-0.0487734 -0.391572 
-0.441634 -0.392017 
-0.4616 -0.381379 
-0.395754 -0.410072 
-0.629283 -0.0192513 
-0.625365 -0.136753 
-0.606221 -0.205171 
-0.631282 -0.0429627 
-0.0209701 -0.386439 
0.00739609 -0.381522 
0.0357058 -0.376985 
0.0644697 -0.372763 
0.093148 -0.36891 
0.209512 -0.355072 
0.18037 -0.358525 
0.122184 -0.365303 
0.151144 -0.361898 
0.238813 -0.351332 
0.268038 -0.347141 
0.326335 -0.336553 
0.297248 -0.342282 
0.355192 -0.32975 
0.439015 -0.300948 
0.411649 -0.312144 
0.465428 -0.288006 
0.515027 -0.256268 
0.490926 -0.273073 
0.537979 -0.237375 
0.629242 -0.107582 
0.609524 -0.150265 
0.594945 -0.17348 
0.621064 -0.127629 
0.642827 -0.0520373 
0.578641 -0.1951 
0.383773 -0.321646 
0.558993 -0.217176 
-0.562036 -0.289098 
-0.630192 -0.101849 
0.644795 -0.0305186 
-0.331879 -0.423156 
0.639137 -0.0732458 
-0.358051 -0.419288 
-0.61737 -0.171272 
-0.225322 -0.42228 
-0.171643 -0.414804 
-0.489434 -0.363165 
0.645153 -0.0160115 
-0.536559 -0.320749 
-0.549963 -0.305089 
-0.592808 -0.236499 
-0.090245 -0.3996 
-0.451714 -0.386879 
-0.471322 -0.375495 
-0.57308 -0.272509 
-0.506061 -0.350089 
-0.623051 -0.14832 
-0.627321 -0.125172 
-0.521787 -0.335927 
-0.383446 -0.413589 
-0.0348748 -0.388972 
-0.00679128 -0.383937 
0.0500847 -0.374827 
0.0788067 -0.370796 
0.194945 -0.35682 
0.107665 -0.367076 
0.165759 -0.360212 
-0.631759 -0.0547831 
0.253434 -0.349305 
0.311813 -0.339539 
0.425419 -0.306765 
0.452334 -0.294711 
0.503143 -0.264913 
0.526687 -0.247049 
-0.583104 -0.255404 
0.602495 -0.162036 
0.625352 -0.117686 
0.635725 -0.0871718 
0.63158 -0.100851 
0.641788 -0.0591441 
0.643673 -0.044907 
-0.407941 -0.406066 
0.587012 -0.184456 
-0.631671 -0.0783765 
-0.602033 -0.215762 
-0.430886 -0.397002 
-0.630455 -0.0310937 
-0.25205 -0.424577 
-0.278763 -0.425628 
-0.0626885 -0.394231 
0.224168 -0.353246 
0.397775 -0.317091 
0.36953 -0.325872 
-0.198528 -0.41895 
-0.305427 -0.425216 
-0.144692 -0.410068 
0.136664 -0.363584 
0.282657 -0.344806 
0.340796 -0.333299 
0.47832 -0.280787 
-0.117554 -0.404933 
0.0215482 -0.379206 
0.615546 -0.139075 
-0.610282 -0.193963 
0.56904 -0.206338 
0.548675 -0.227476 
