ZONE T="boundary0"
-4 -0.381186 
-4 -0.341919 
-4 0.16327 
-4 0.118979 
-4 0.271244 
-4 0.804058 
-4 0.608117 
-4 0.207561 
-4 -0.302653 
-4 0.046183 
-4 0.459376 
-4 -1 
-4 1 
-4 -0.510386 
-4 -0.174108 
-4 -0.10036 
-4 -0.23838 
-4 -0.0266127 
-4 0.334927 
-4 0.397152 
-4 -0.662387 
-4 -0.831193 
-4 -0.361553 
-4 0.141124 
-4 0.706088 
-4 0.0825808 
-4 0.533747 
-4 -0.445786 
-4 -0.322286 
-4 -0.137234 
-4 -0.206244 
-4 0.00978517 
-4 -0.0634865 
-4 0.239402 
-4 0.366039 
-4 -0.586386 
-4 0.428264 
-4 -0.915597 
-4 0.902029 
-4 0.185415 
-4 0.303085 
-4 -0.74679 
-4 -0.270517 
ZONE T="boundary1"
3.82985 1 
4 1 
1.22742 1 
1.06048 1 
0.124936 1 
0.0592356 1 
-1.33765 1 
0.661826 1 
0.728687 1 
0.858424 1 
0.793555 1 
-0.0073511 1 
-0.0739378 1 
-0.491981 1 
-0.421161 1 
-0.637116 1 
-2.95649 1 
-3.29806 1 
-0.280263 1 
-0.142062 1 
-0.210185 1 
-1.22244 1 
-1.12563 1 
-2.5441 1 
-2.7503 1 
-4 1 
-3.64903 1 
3.3194 1 
2.91326 1 
2.22704 1 
1.99333 1 
-2.02983 1 
-1.90086 1 
2.687 1 
1.57901 1 
0.594966 1 
0.390328 1 
0.322616 1 
-0.780889 1 
0.256626 1 
0.190637 1 
0.526503 1 
0.458041 1 
-0.564548 1 
-0.350341 1 
0.923323 1 
0.988223 1 
1.13274 1 
-0.860189 1 
-0.939489 1 
-1.03256 1 
-0.986025 1 
1.45056 1 
1.32211 1 
3.6597 1 
-1.61238 1 
-1.77188 1 
-2.41594 1 
-2.28777 1 
-2.1588 1 
2.46075 1 
1.78617 1 
-1.45287 1 
3.91492 1 
0.092086 1 
0.695257 1 
0.82599 1 
-0.0406444 1 
-0.456571 1 
-3.12727 1 
-0.176123 1 
0.761121 1 
-2.6472 1 
-3.82451 1 
3.11633 1 
-3.47354 1 
2.11018 1 
-1.96534 1 
0.628396 1 
0.356472 1 
-0.709002 1 
0.0259422 1 
0.560734 1 
0.424184 1 
-0.528264 1 
0.223632 1 
-0.315302 1 
-0.245224 1 
-0.108 1 
0.492272 1 
0.289621 1 
-0.385751 1 
0.157787 1 
0.890874 1 
-1.17403 1 
-0.600832 1 
1.02435 1 
-0.820539 1 
-1.0791 1 
-1.00929 1 
1.51479 1 
3.74477 1 
-1.69213 1 
-1.83637 1 
3.48955 1 
-2.48002 1 
-2.85339 1 
-2.22329 1 
2.57388 1 
2.34389 1 
-2.09431 1 
-2.35185 1 
2.80013 1 
1.88975 1 
0.955773 1 
-0.962757 1 
-0.899839 1 
1.09661 1 
1.18008 1 
1.27477 1 
-1.28005 1 
-1.39526 1 
1.38633 1 
1.68259 1 
-1.53262 1 
ZONE T="boundary2"
4 -0.484128 
4 -0.234932 
4 0.463779 
4 0.865945 
4 1 
4 0.597834 
4 0.731889 
4 0.391525 
4 0.355398 
4 -0.838693 
4 -0.677386 
4 -1 
4 -0.262503 
4 -0.290074 
4 -0.414672 
4 -0.345216 
4 -0.580757 
4 0.121776 
4 -0.15938 
4 0.269897 
4 0.220524 
4 0.018974 
4 0.195837 
4 -0.317645 
4 -0.197156 
4 -0.0838282 
4 0.17115 
4 0.319271 
4 0.932972 
4 0.664862 
4 0.373461 
4 -0.75804 
4 -0.919347 
4 -0.276288 
4 -0.4494 
4 -0.379944 
4 -0.532443 
4 -0.629072 
4 0.427652 
4 0.24521 
4 0.530807 
4 0.798917 
4 -0.331431 
4 -0.178268 
4 -0.216044 
4 -0.0324271 
4 -0.121604 
4 0.146463 
4 0.0703751 
4 -0.248717 
4 -0.303859 
4 0.337334 
4 0.294584 
4 0.20818 
4 0.183493 
ZONE T="boundary3"
-3.48847 -1 
3.58894 -1 
-0.398768 -1 
-0.48295 -1 
-0.135328 -1 
-0.334269 -1 
-0.769459 -1 
0.0136935 -1 
0.149219 -1 
0.25237 -1 
-0.656299 -1 
-1.10596 -1 
0.780951 -1 
-0.569625 -1 
3.45193 -1 
-4 -1 
-3.74423 -1 
2.34721 -1 
-0.994289 -1 
1.40003 -1 
4 -1 
3.72596 -1 
-1.84416 -1 
-1.66313 -1 
-1.4821 -1 
-2.62245 -1 
-2.25692 -1 
1.57707 -1 
-2.87796 -1 
-3.13347 -1 
-0.0608174 -1 
0.0814564 -1 
-0.269771 -1 
0.354418 -1 
-0.20255 -1 
-0.882619 -1 
1.22299 -1 
1.1244 -1 
1.31151 -1 
1.02581 -1 
-1.21463 -1 
1.73397 -1 
2.20252 -1 
2.05782 -1 
-1.4027 -1 
-1.32329 -1 
0.903381 -1 
3.13802 -1 
-3.31097 -1 
-2.05054 -1 
2.74439 -1 
2.5458 -1 
2.9412 -1 
1.89589 -1 
0.456466 -1 
0.618709 -1 
3.29497 -1 
-0.440859 -1 
0.200794 -1 
-0.526287 -1 
-0.712879 -1 
-3.87212 -1 
3.86298 -1 
-1.57262 -1 
-2.43968 -1 
-2.7502 -1 
-0.0980728 -1 
0.115338 -1 
-0.30202 -1 
-0.0235619 -1 
0.0475749 -1 
-0.168939 -1 
-0.612962 -1 
1.1737 -1 
1.35577 -1 
-0.826039 -1 
3.65745 -1 
1.26725 -1 
1.07511 -1 
-1.05012 -1 
-1.16029 -1 
1.48855 -1 
1.65552 -1 
2.13017 -1 
-1.363 -1 
0.842166 -1 
0.964596 -1 
-1.4424 -1 
-1.26896 -1 
-3.22222 -1 
-3.00571 -1 
-1.75364 -1 
-2.15373 -1 
-1.94735 -1 
2.27486 -1 
2.4465 -1 
2.8428 -1 
2.64509 -1 
-3.39972 -1 
-3.61635 -1 
1.81493 -1 
-0.366519 -1 
-0.23616 -1 
0.537587 -1 
0.303394 -1 
0.69983 -1 
1.97686 -1 
3.52044 -1 
-0.938454 -1 
3.2165 -1 
3.37345 -1 
3.03961 -1 
0.405442 -1 
ZONE T="boundary4"
-0.699424 0.098362 
0.643399 0.147309 
0.577226 0.103588 
0.600927 0.117519 
0.763235 0.351219 
0.762972 0.364328 
0.213786 0.0309614 
0.73197 0.244718 
0.75414 0.415568 
0.758769 0.397016 
0.662193 0.162962 
0.679257 0.178872 
-0.696201 0.0395489 
-0.554657 -0.155307 
-0.501329 -0.178094 
0.74856 0.43227 
-0.240265 0.140522 
-0.28501 0.155495 
0.741933 0.448251 
0.735569 0.461269 
0.741153 0.261368 
0.748203 0.276893 
-0.697857 0.0589666 
0.681906 0.533909 
0.663855 0.551033 
-0.698539 0.13861 
-0.695579 0.175075 
-0.680906 0.260438 
-0.195273 0.125186 
-0.609968 0.434378 
0.623673 0.132615 
-0.671155 0.296604 
-0.591557 0.462938 
-0.682188 0.04448 
-0.682873 0.0105868 
-0.676521 -0.0226854 
-0.674326 0.0773267 
-0.553451 0.51222 
-0.572311 0.489263 
-0.533238 0.534225 
-0.497608 0.194341 
-0.557488 0.183664 
-0.614468 0.155643 
-0.659641 0.107732 
-0.51282 0.55413 
-0.469619 0.589897 
-0.447064 0.605691 
-0.423249 0.620545 
-0.397373 0.634797 
-0.370755 0.647632 
-0.310786 0.670768 
-0.341061 0.660011 
-0.491264 0.572961 
-0.277347 0.680724 
0.758092 0.30803 
0.753939 0.292789 
0.342268 0.0328471 
0.309888 0.0303566 
0.552039 0.090532 
0.584519 0.60652 
0.374749 0.0368542 
0.407172 0.0424582 
0.437841 0.0493326 
0.512657 0.640048 
0.497472 0.0675101 
0.526046 0.0787288 
0.536549 0.630166 
0.560376 0.619122 
0.605863 0.593988 
0.627073 0.579994 
0.645447 0.566377 
0.7619 0.377355 
-0.00170064 0.712927 
0.0413383 0.712914 
0.0859627 0.711935 
0.130371 0.710025 
-0.0449449 0.711932 
0.152953 0.0367913 
0.176102 0.707073 
0.221614 0.703085 
0.437221 0.664989 
0.412445 0.671499 
0.268031 0.697826 
0.314191 0.691233 
0.35096 0.684854 
0.462413 0.657587 
0.7088 0.211601 
0.69529 0.195663 
0.721219 0.228194 
0.761024 0.323485 
0.728567 0.473838 
0.69809 0.516275 
0.713659 0.496526 
0.487689 0.649266 
-0.0931053 0.0920512 
-0.144534 0.108265 
0.468038 0.0577021 
-0.206407 0.69628 
0.277745 0.0292823 
0.0131361 0.0629597 
-0.0403937 0.0767849 
-0.169211 0.701954 
-0.12822 0.70661 
-0.692381 0.200102 
-0.243577 0.688987 
-0.644839 0.36735 
-0.647852 -0.0795335 
-0.659057 0.332447 
-0.328921 0.169175 
-0.604395 -0.123834 
-0.628518 0.401295 
-0.383762 0.183447 
-0.0865042 0.709895 
0.387507 0.677363 
0.0795589 0.0485484 
-0.438178 0.192627 
-0.688291 0.225006 
0.589174 0.110398 
0.763206 0.357784 
0.756644 0.406348 
0.670841 0.1708 
-0.528368 -0.167566 
0.7515 0.423976 
-0.26263 0.148084 
0.738839 0.454807 
0.744832 0.269069 
-0.697101 0.0492511 
0.673022 0.542627 
-0.697312 0.156862 
-0.217787 0.132854 
0.633637 0.139835 
-0.683436 0.0274696 
-0.680563 -0.00612706 
-0.679144 0.0611165 
-0.563039 0.500867 
-0.543501 0.523361 
-0.52787 0.190806 
-0.587102 0.171947 
-0.667796 0.0929226 
-0.523166 0.544314 
-0.435256 0.613277 
-0.410408 0.62785 
-0.325989 0.665587 
-0.699295 0.118491 
-0.480555 0.581572 
-0.294125 0.675965 
0.756168 0.300382 
-0.582128 0.476237 
0.326087 0.0314205 
0.745381 0.440323 
0.61241 0.124912 
0.390994 0.0394553 
0.652908 0.155008 
0.511838 0.0729315 
0.524651 0.635226 
0.548522 0.624776 
0.564723 0.0968962 
0.595267 0.600387 
0.636349 0.57331 
0.539122 0.0844661 
0.0198304 0.713039 
0.108181 0.711095 
0.198877 0.705214 
0.424855 0.668329 
0.3326 0.688174 
0.654765 0.558847 
0.687402 0.18715 
0.715143 0.219802 
0.726738 0.236367 
0.762606 0.33734 
0.702163 0.203536 
0.751236 0.28479 
0.736725 0.25296 
0.760555 0.387231 
-0.69894 0.0786504 
0.732149 0.467602 
0.706067 0.506561 
0.572524 0.612973 
0.721371 0.485364 
0.500215 0.644774 
0.616562 0.587139 
-0.118881 0.100034 
-0.458447 0.597943 
-0.35599 0.654028 
0.358529 0.0346584 
0.482823 0.0624166 
0.422549 0.0457072 
-0.676313 0.278593 
-0.502173 0.563692 
-0.384148 0.641393 
0.452996 0.0533268 
0.293815 0.0296506 
0.245714 0.029515 
-0.0137025 0.0696642 
0.183288 0.0334034 
-0.148724 0.704474 
-0.600976 0.44879 
-0.260503 0.685055 
-0.0668188 0.0842489 
-0.639413 0.133918 
-0.664647 -0.0523587 
-0.652216 0.350003 
-0.306928 0.162503 
-0.627623 -0.103164 
-0.61951 0.41798 
-0.0657191 0.711056 
-0.0233127 0.712563 
0.153253 0.708675 
-0.107362 0.708421 
-0.580281 -0.140764 
0.0636642 0.712544 
0.399996 0.674508 
0.116113 0.0420977 
0.244846 0.700613 
-0.169951 0.116655 
-0.356236 0.176781 
-0.410856 0.188772 
-0.46786 0.194756 
0.0462288 0.0553716 
0.762536 0.370852 
0.69015 0.525238 
0.75971 0.315731 
-0.665384 0.314616 
-0.636943 0.384445 
-0.225023 0.692846 
-0.187826 0.699302 
0.475086 0.653534 
-0.690445 0.212571 
-0.694095 0.187603 
0.369264 0.681257 
-0.684831 0.242767 
0.291141 0.694708 
0.449845 0.661384 
ZONE T="boundary5"
-0.565874 -0.313914 
-0.243899 -0.587789 
-0.536612 -0.356124 
-0.474687 -0.430673 
-0.551584 -0.335207 
-0.41109 -0.49138 
-0.636621 -0.181142 
-0.646748 -0.156989 
-0.65707 -0.12993 
-0.666403 -0.102492 
-0.0194739 -0.403516 
-0.684613 -0.0341912 
-0.0275096 -0.386524 
-0.688241 -0.0160519 
-0.603809 -0.249177 
-0.162831 -0.599814 
-0.181824 -0.599377 
-0.591979 -0.27086 
-0.0694547 -0.333042 
-0.625818 -0.204978 
-0.133361 -0.287652 
-0.115138 -0.298265 
-0.615062 -0.227216 
-0.505643 -0.395581 
-0.52103 -0.376571 
-0.356993 -0.532361 
-0.339271 -0.543765 
-0.321188 -0.554379 
-0.0143483 -0.41801 
-0.428176 -0.476458 
-0.443894 -0.461854 
-0.459211 -0.446782 
-0.14461 -0.598673 
-0.196536 -0.25956 
-0.174034 -0.268308 
-0.303305 -0.563853 
-0.284021 -0.572911 
-0.264508 -0.58083 
-0.057899 -0.564342 
-0.128827 -0.596323 
-0.696201 0.0395489 
-0.501329 -0.178094 
-0.475603 -0.186648 
-0.100733 -0.588513 
-0.271306 -0.236794 
-0.0673246 -0.571345 
-0.0778598 -0.5779 
-0.24526 -0.243888 
-0.219422 -0.251728 
-0.3279 -0.223125 
-0.0181477 -0.511626 
-0.299577 -0.229746 
-0.362183 -0.21538 
-0.694054 0.0208306 
-0.202449 -0.597175 
-0.223276 -0.593254 
-0.691378 0.00218792 
-0.579503 -0.292188 
-0.393558 -0.50569 
-0.423035 -0.201157 
-0.375495 -0.519396 
-0.489726 -0.414123 
-0.0980035 -0.309703 
-0.113968 -0.592821 
-0.0414879 -0.548708 
-0.0491532 -0.556651 
-0.00813172 -0.454171 
-0.088838 -0.583547 
-0.0347658 -0.540527 
-0.0230184 -0.522017 
-0.0127711 -0.495996 
-0.0289118 -0.53215 
-0.0143514 -0.501304 
-0.0114258 -0.490672 
-0.00972715 -0.481998 
-0.0823487 -0.321713 
-0.039597 -0.367085 
-0.057873 -0.344665 
-0.152631 -0.277834 
-0.0109357 -0.431549 
-0.0481552 -0.35582 
-0.00900702 -0.443475 
-0.00804838 -0.464081 
-0.00860147 -0.473189 
-0.449537 -0.194239 
-0.396351 -0.20758 
-0.676227 -0.0690137 
-0.641774 -0.169104 
-0.661865 -0.116256 
-0.686488 -0.0251334 
-0.172305 -0.599795 
-0.55881 -0.324615 
-0.597971 -0.26006 
-0.631299 -0.193098 
-0.124161 -0.292832 
-0.6095 -0.23823 
-0.513404 -0.386132 
-0.348183 -0.538154 
-0.330279 -0.549173 
-0.436087 -0.469215 
-0.419691 -0.48399 
-0.451604 -0.454373 
-0.185232 -0.263809 
-0.0167298 -0.410728 
-0.293711 -0.568511 
-0.274307 -0.577012 
-0.467004 -0.438783 
-0.0725137 -0.574726 
-0.232308 -0.247702 
-0.313732 -0.226396 
-0.345043 -0.219237 
-0.285427 -0.233204 
-0.695194 0.0301806 
-0.212876 -0.595418 
-0.689871 -0.00694401 
-0.692781 0.0115003 
-0.572774 -0.303104 
-0.258261 -0.240261 
-0.402382 -0.498613 
-0.620503 -0.216129 
-0.384585 -0.512629 
-0.497751 -0.404911 
-0.20794 -0.255538 
-0.107291 -0.590797 
-0.153681 -0.599442 
-0.136672 -0.597658 
-0.0832814 -0.580827 
-0.0947214 -0.586142 
-0.0534396 -0.560582 
-0.0452369 -0.552753 
-0.0380442 -0.544681 
-0.0625321 -0.567934 
-0.0258529 -0.52715 
-0.0161439 -0.506512 
-0.0105057 -0.486356 
-0.0317575 -0.536394 
-0.0135339 -0.49866 
-0.0332327 -0.376669 
-0.0635519 -0.338769 
-0.121339 -0.594724 
-0.075797 -0.327284 
-0.142922 -0.282618 
-0.106467 -0.303856 
-0.020471 -0.516879 
-0.0120714 -0.493343 
-0.0529107 -0.350175 
-0.0124822 -0.424764 
-0.00984612 -0.437511 
-0.163265 -0.272937 
-0.0437694 -0.361394 
-0.528896 -0.366407 
-0.0232447 -0.394947 
-0.0900591 -0.315587 
-0.00909253 -0.47761 
-0.00800174 -0.459136 
-0.00846778 -0.448827 
-0.00824934 -0.468649 
-0.544176 -0.345722 
-0.488514 -0.182508 
-0.254241 -0.58448 
-0.652029 -0.143506 
-0.312292 -0.55922 
-0.482262 -0.422451 
-0.366303 -0.525973 
-0.233616 -0.590706 
-0.192131 -0.598493 
-0.462603 -0.190549 
-0.585823 -0.281571 
-0.436309 -0.197775 
-0.409708 -0.204418 
-0.671513 -0.0858127 
-0.68064 -0.0516574 
-0.379279 -0.211513 
