ZONE T="boundary0"
-4 -0.306283 
-4 -0.35419 
-4 -1 
-4 1 
-4 0.724478 
-4 0.255611 
-4 0.33058 
-4 0.389768 
-4 -0.107764 
-4 -0.177317 
-4 -0.567615 
-4 -0.658995 
-4 -0.829498 
-4 0.586717 
-4 0.448957 
-4 -0.258376 
-4 -0.217847 
-4 0.202345 
-4 0.14908 
-4 -0.415212 
-4 -0.476234 
-4 -0.038211 
-4 0.0554345 
-4 0.862239 
-4 0.293095 
-4 0.360174 
-4 -0.142541 
-4 -0.613305 
-4 -0.914749 
-4 0.517837 
-4 -0.238111 
-4 0.175713 
-4 -0.330236 
-4 -0.197582 
-4 -0.384701 
-4 -0.282329 
-4 -0.445723 
-4 -0.521924 
-4 0.419363 
-4 0.655598 
-4 0.228978 
-4 -0.0729876 
-4 0.102257 
-4 0.00861175 
-4 -0.744246 
ZONE T="boundary1"
-4 1 
-2.97074 1 
-2.69325 1 
4 1 
3.81838 1 
0.52103 1 
0.758006 1 
0.810732 1 
0.43977 1 
0.180745 1 
0.102957 1 
0.24946 1 
0.318175 1 
0.0292577 1 
1.36352 1 
0.602289 1 
3.37283 1 
-0.75004 1 
0.904858 1 
0.863457 1 
3.10889 1 
-0.637238 1 
1.47307 1 
1.59375 1 
-0.975884 1 
-1.08469 1 
1.14152 1 
-2.47792 1 
-3.26071 1 
-3.4057 1 
2.95979 1 
2.81069 1 
-1.6507 1 
-1.52931 1 
-3.55068 1 
-0.114108 1 
-0.183775 1 
0.378972 1 
-0.0444419 1 
0.680148 1 
-0.321231 1 
-0.252503 1 
-0.422834 1 
-0.524436 1 
-0.862962 1 
0.946259 1 
1.08529 1 
1.02906 1 
1.25397 1 
-1.30072 1 
-1.1935 1 
-1.40793 1 
3.63676 1 
1.71443 1 
-1.77208 1 
-1.89347 1 
1.87691 1 
2.45318 1 
-2.26258 1 
-2.07802 1 
2.63194 1 
2.24628 1 
2.03939 1 
-2.832 1 
3.90919 1 
0.784369 1 
0.4804 1 
0.141851 1 
0.283818 1 
0.0661076 1 
0.884157 1 
-0.693639 1 
1.53341 1 
-1.03029 1 
-2.58558 1 
3.24086 1 
-3.11573 1 
-1.59001 1 
-3.77534 1 
-0.148942 1 
-0.0792751 1 
0.409371 1 
-0.00759207 1 
0.348574 1 
0.56166 1 
0.215103 1 
0.641219 1 
-0.473635 1 
-0.580837 1 
0.719077 1 
0.837094 1 
0.925558 1 
-0.919423 1 
-0.806501 1 
1.05717 1 
1.19775 1 
1.30875 1 
1.4183 1 
-1.1391 1 
-1.24711 1 
1.65409 1 
-1.46862 1 
-1.83277 1 
-1.35432 1 
1.79567 1 
-3.33321 1 
-3.47819 1 
3.72757 1 
-1.98575 1 
-2.1703 1 
-2.37025 1 
2.72131 1 
2.54256 1 
2.34973 1 
2.14284 1 
3.50479 1 
-0.286867 1 
-0.372032 1 
-0.218139 1 
0.98766 1 
1.1134 1 
1.95815 1 
-1.71139 1 
3.03434 1 
2.88524 1 
ZONE T="boundary2"
4 -0.678879 
4 -0.564035 
4 -0.282489 
4 -0.324165 
4 -0.193315 
4 -0.237902 
4 0.188653 
4 0.287612 
4 0.257978 
4 0.344921 
4 0.774867 
4 1 
4 -0.143533 
4 0.148962 
4 -1 
4 0.402229 
4 0.0820491 
4 -0.0937517 
4 0.0151361 
4 -0.36584 
4 0.549734 
4 0.475982 
4 -0.449192 
4 0.6623 
4 0.228344 
4 -0.621457 
4 -0.303327 
4 -0.215608 
4 0.272795 
4 0.316266 
4 0.887433 
4 -0.83944 
4 0.373575 
4 0.115506 
4 -0.118642 
4 -0.0393078 
4 -0.168424 
4 -0.345002 
4 0.512858 
4 0.0485926 
4 -0.506614 
4 0.243161 
4 0.208499 
4 0.168808 
4 0.439106 
4 -0.407516 
4 -0.260195 
4 0.606017 
4 0.718584 
ZONE T="boundary3"
-4 -1 
-3.73924 -1 
-2.12369 -1 
-1.93001 -1 
-0.75115 -1 
-0.98661 -1 
-0.902738 -1 
-0.826944 -1 
0.666184 -1 
-1.25065 -1 
0.0855809 -1 
1.15196 -1 
-1.07048 -1 
-3.19657 -1 
-3.47849 -1 
0.213027 -1 
0.371234 -1 
0.457607 -1 
0.561896 -1 
-1.44792 -1 
-2.91464 -1 
0.772655 -1 
0.879127 -1 
1.01554 -1 
1.88918 -1 
2.05405 -1 
4 -1 
3.54021 -1 
2.67574 -1 
2.37864 -1 
-2.72379 -1 
-2.53294 -1 
-2.32832 -1 
3.1799 -1 
2.92782 -1 
-0.100244 -1 
-0.0351372 -1 
-0.634465 -1 
-0.511527 -1 
-0.572996 -1 
0.0299701 -1 
0.141192 -1 
0.284862 -1 
-0.43913 -1 
-0.366733 -1 
-0.301262 -1 
-0.23579 -1 
-0.168017 -1 
-1.16057 -1 
1.34075 -1 
1.24636 -1 
1.54388 -1 
1.44231 -1 
1.72431 -1 
2.21634 -1 
-1.73634 -1 
-1.59213 -1 
-3.86962 -1 
-2.02685 -1 
-0.944674 -1 
-0.789047 -1 
-3.33753 -1 
0.414421 -1 
0.61404 -1 
1.97161 -1 
3.77011 -1 
-3.60886 -1 
2.52719 -1 
-2.43063 -1 
-2.226 -1 
-0.0676908 -1 
-0.692807 -1 
-0.542262 -1 
-0.864841 -1 
-0.00258355 -1 
0.113386 -1 
0.177109 -1 
0.0577755 -1 
0.248944 -1 
-0.475329 -1 
-0.402932 -1 
-0.268526 -1 
-0.134131 -1 
-0.60373 -1 
-1.02855 -1 
-1.11552 -1 
0.509751 -1 
0.71942 -1 
0.825891 -1 
0.947335 -1 
1.08375 -1 
0.328048 -1 
-1.34928 -1 
1.29355 -1 
1.4931 -1 
1.39153 -1 
1.63409 -1 
1.80674 -1 
3.36006 -1 
2.29749 -1 
2.80178 -1 
2.13519 -1 
3.05386 -1 
-2.81922 -1 
-3.0556 -1 
-2.62837 -1 
-1.83318 -1 
-0.201904 -1 
-0.333997 -1 
-1.52002 -1 
-1.66423 -1 
1.19916 -1 
-1.20561 -1 
ZONE T="boundary4"
-0.119226 0.487421 
-0.208945 0.448949 
0.433369 0.505025 
0.590734 0.364918 
0.620184 0.222675 
0.620739 0.196011 
0.582975 0.379531 
0.501415 0.467704 
0.522741 0.451227 
0.574294 0.393608 
0.464117 0.490506 
0.477425 0.483113 
0.566343 0.404949 
0.490388 0.475148 
0.597541 0.349819 
0.619026 0.249244 
0.448782 0.49816 
0.608359 0.31802 
0.6034 0.334241 
-0.597551 -0.0351817 
-0.594276 -0.0160121 
-0.590258 0.00302841 
-0.579978 0.0408278 
-0.58548 0.0220229 
-0.573775 0.059415 
-0.265455 0.418245 
-0.247359 0.428685 
-0.504921 0.193897 
-0.44226 0.274698 
-0.419495 0.298906 
-0.398442 0.31932 
-0.376566 0.338844 
-0.356453 0.355482 
-0.33578 0.371425 
-0.317325 0.384759 
-0.298493 0.397564 
-0.282099 0.408099 
-0.229004 0.438679 
-0.188616 0.458701 
-0.166367 0.468654 
-0.0943348 0.496137 
-0.0400508 0.512492 
-0.0673237 0.504717 
0.61236 0.301334 
0.610139 -0.015745 
-0.554686 0.106215 
0.615425 0.284236 
-0.566889 0.0777645 
0.417673 0.511253 
0.540956 0.434429 
0.0187075 0.526357 
0.0498615 0.532171 
0.179524 0.545168 
0.2128 0.545481 
0.246608 0.544409 
0.314965 0.537426 
0.349436 0.53106 
0.383772 0.522432 
0.280609 0.541796 
0.617596 0.266926 
0.620274 0.0747296 
0.621032 0.105531 
0.618526 0.0444684 
0.621058 0.166207 
0.621192 0.136322 
-0.540299 0.135193 
-0.143842 0.478003 
-0.463989 0.249155 
-0.5236 0.164647 
-0.0107871 0.519879 
0.615306 0.0142511 
0.113678 0.540838 
0.146275 0.54358 
0.081198 0.536969 
-0.484878 0.222203 
0.55781 0.415847 
0.620509 0.209347 
0.586972 0.372288 
0.512259 0.4597 
0.578747 0.38664 
0.470811 0.486881 
0.570394 0.399331 
0.483951 0.479203 
0.594258 0.357424 
0.619715 0.235967 
0.441112 0.501674 
0.606005 0.32617 
-0.582818 0.0314511 
-0.58796 0.0125483 
-0.592359 -0.00647296 
-0.576963 0.0501501 
-0.25644 0.423521 
-0.431029 0.286944 
-0.387603 0.329192 
-0.366582 0.34725 
-0.326601 0.378158 
-0.290328 0.40288 
-0.307955 0.391228 
-0.346184 0.363541 
-0.409077 0.309224 
-0.238212 0.433738 
-0.177526 0.463754 
-0.219008 0.443879 
-0.0537165 0.508706 
-0.596007 -0.0255815 
-0.198812 0.453891 
-0.273807 0.413221 
0.614012 0.292808 
-0.560986 0.0920744 
0.456494 0.494421 
0.49594 0.471483 
0.196161 0.545488 
0.229711 0.545126 
0.332249 0.534499 
0.425553 0.508217 
0.600593 0.342078 
0.618397 0.258094 
0.610484 0.309708 
0.616617 0.275596 
0.620752 0.0901286 
0.62115 0.151267 
0.620924 0.181112 
-0.570416 0.068621 
-0.547693 0.120804 
-0.131568 0.4828 
-0.106812 0.491867 
-0.080862 0.500528 
-0.155136 0.473405 
-0.532149 0.150034 
-0.514446 0.17939 
-0.0254482 0.5163 
0.0039347 0.523232 
0.61713 0.0293373 
0.0342606 0.52939 
0.129965 0.542352 
0.06551 0.534698 
-0.45328 0.262058 
0.0974217 0.539043 
0.263625 0.543303 
-0.495058 0.208163 
0.549596 0.425332 
0.53203 0.443024 
0.562148 0.410454 
0.612993 -0.000792794 
0.619553 0.05959 
0.621164 0.120927 
0.366679 0.527036 
0.400832 0.517169 
0.297817 0.539837 
-0.474577 0.23579 
0.162893 0.544529 
ZONE T="boundary5"
-0.60182 -0.0734813 
-0.550471 -0.340528 
-0.566663 -0.303069 
-0.465252 -0.463631 
-0.478222 -0.450019 
-0.60283 -0.0925717 
0.0845599 -0.259425 
0.0658758 -0.263573 
-0.0474262 -0.324582 
-0.0668981 -0.343864 
-0.55892 -0.321986 
-0.590833 -0.22149 
-0.599623 -0.168732 
-0.601491 -0.149756 
0.561923 -0.129859 
0.551593 -0.143607 
-0.597078 -0.1876 
-0.532476 -0.374701 
-0.54178 -0.357819 
0.540429 -0.156672 
-0.522937 -0.39055 
-0.490634 -0.435602 
-0.388358 -0.519003 
-0.335976 -0.535718 
-0.353728 -0.53181 
-0.40524 -0.510186 
-0.371241 -0.526202 
0.585801 -0.0889391 
-0.248122 -0.528117 
-0.31771 -0.537883 
-0.299988 -0.538168 
-0.216572 -0.513009 
-0.232181 -0.521431 
-0.201964 -0.503285 
-0.512839 -0.405946 
0.592167 -0.074621 
-0.436731 -0.4889 
-0.421204 -0.500211 
-0.187588 -0.49181 
-0.265011 -0.533266 
-0.282109 -0.536595 
-0.451262 -0.476787 
-0.148177 -0.449761 
-0.16099 -0.465142 
-0.123297 -0.416373 
-0.135701 -0.433452 
-0.0970883 -0.380272 
-0.110445 -0.39843 
-0.602657 -0.130739 
-0.603107 -0.111668 
-0.600058 -0.0542969 
-0.597551 -0.0351817 
-0.502012 -0.421073 
0.513871 -0.182188 
0.49899 -0.19386 
0.262426 -0.255733 
0.332582 -0.253551 
0.465965 -0.214747 
-0.174108 -0.4792 
0.162164 -0.252918 
0.182123 -0.25312 
0.142202 -0.253294 
0.122859 -0.254398 
0.447998 -0.223741 
0.429794 -0.231428 
0.0472385 -0.269032 
0.0287557 -0.27592 
0.202683 -0.25372 
-0.0825334 -0.361771 
0.35604 -0.250674 
0.103195 -0.25645 
0.22329 -0.254502 
0.242805 -0.255217 
0.285798 -0.255855 
-0.575494 -0.27838 
-0.583088 -0.253194 
0.374783 -0.247365 
0.48344 -0.204471 
0.309384 -0.255195 
0.602572 -0.0454067 
0.610139 -0.015745 
0.527568 -0.169882 
0.570678 -0.116623 
0.578667 -0.102912 
0.000512411 -0.289727 
-0.025957 -0.30695 
0.411299 -0.237926 
-0.471822 -0.456913 
0.0751901 -0.261349 
-0.0573643 -0.334011 
-0.562883 -0.312568 
-0.600644 -0.159254 
0.556866 -0.136813 
-0.598433 -0.178178 
-0.537207 -0.366308 
0.546114 -0.150227 
-0.52778 -0.382674 
-0.554785 -0.331301 
-0.344893 -0.533978 
-0.39688 -0.51477 
-0.362541 -0.529207 
-0.308849 -0.538251 
-0.224285 -0.517414 
-0.240077 -0.524974 
-0.429059 -0.494693 
-0.194669 -0.497708 
-0.27352 -0.535151 
-0.458348 -0.470314 
-0.291028 -0.537617 
-0.1545 -0.457545 
-0.129473 -0.424949 
-0.14188 -0.441671 
-0.103821 -0.389319 
-0.116884 -0.407406 
-0.209173 -0.508317 
-0.602163 -0.140254 
-0.602972 -0.121206 
-0.598897 -0.0447277 
-0.4964 -0.428404 
0.506529 -0.188149 
-0.507502 -0.41357 
-0.517962 -0.398301 
-0.413306 -0.50535 
-0.167452 -0.472288 
-0.601032 -0.0638812 
0.172143 -0.252959 
0.132528 -0.253744 
0.438955 -0.227728 
0.0379401 -0.272302 
0.15218 -0.253022 
0.192401 -0.253384 
-0.074847 -0.352698 
0.0938608 -0.257805 
0.113015 -0.255297 
0.212982 -0.254102 
0.274105 -0.255875 
0.252609 -0.255511 
0.233042 -0.254874 
-0.579448 -0.265838 
-0.256505 -0.530912 
0.47479 -0.20976 
0.457055 -0.219393 
0.320986 -0.254509 
0.606675 -0.0306564 
-0.602417 -0.0830224 
0.520822 -0.176148 
0.57477 -0.109823 
0.566396 -0.123303 
0.53411 -0.163384 
-0.484513 -0.442891 
0.589079 -0.0818215 
0.597729 -0.0601402 
0.58233 -0.0959735 
0.344325 -0.252276 
0.491302 -0.199293 
0.0565151 -0.266139 
0.365428 -0.249137 
-0.60306 -0.10212 
-0.37987 -0.522788 
-0.571234 -0.290784 
-0.546205 -0.349217 
-0.444085 -0.482961 
-0.326866 -0.537034 
0.0144412 -0.282384 
-0.0129674 -0.297926 
0.297588 -0.255638 
-0.0899116 -0.370948 
-0.0369054 -0.315494 
-0.587181 -0.2374 
-0.59421 -0.204596 
0.420593 -0.234817 
0.393157 -0.243143 
-0.180746 -0.485639 
