ZONE T="boundary0"
-4 -0.0391084 
-4 -0.308087 
-4 -0.277904 
-4 -0.14879 
-4 -0.115813 
-4 0.224732 
-4 0.283118 
-4 0.359762 
-4 -0.247721 
-4 -0.214744 
-4 0.0375961 
-4 0.413738 
-4 0.575667 
-4 -1 
-4 1 
-4 0.787833 
-4 0.68175 
-4 -0.368453 
-4 -0.181767 
-4 -0.460634 
-4 0.175473 
-4 0.126215 
-4 -0.664612 
-4 -0.562623 
-4 0.467714 
-4 -0.832306 
-4 -0.292996 
-4 -0.132301 
-4 0.253925 
-4 0.32144 
-4 -0.231233 
-4 -0.000756104 
-4 0.38675 
-4 0.893917 
-4 0.734792 
-4 -0.33827 
-4 -0.262813 
-4 -0.198256 
-4 -0.414544 
-4 -0.165279 
-4 0.150844 
-4 -0.0774606 
-4 -0.613617 
-4 0.440726 
-4 0.52169 
-4 0.200103 
-4 -0.511629 
-4 0.628708 
-4 -0.916153 
-4 0.0819057 
-4 -0.748459 
ZONE T="boundary1"
1.68809 1 
1.86227 1 
3.82189 1 
3.64379 1 
-0.633519 1 
-0.33357 1 
-0.453839 1 
-0.38305 1 
-0.0357855 1 
-0.0970285 1 
-1.80495 1 
0.264133 1 
1.32611 1 
1.234 1 
-0.742409 1 
1.1419 1 
-0.986016 1 
-1.07823 1 
0.474836 1 
0.58427 1 
-4 1 
3.15851 1 
3.02944 1 
-1.27754 1 
0.805556 1 
0.693705 1 
2.76914 1 
2.03646 1 
2.50883 1 
2.27264 1 
3.46568 1 
3.28758 1 
-3.08039 1 
-2.67696 1 
-2.81143 1 
-2.29658 1 
-0.524629 1 
-0.284091 1 
-0.158272 1 
0.0216755 1 
0.0791364 1 
0.163383 1 
-0.221181 1 
0.369484 1 
-0.893803 1 
-3.76459 1 
-3.52918 1 
-1.17789 1 
0.917407 1 
1.02965 1 
1.47512 1 
4 1 
-1.39334 1 
-1.50914 1 
-1.65705 1 
-3.30479 1 
-2.05068 1 
2.15455 1 
-2.54248 1 
3.73284 1 
-0.418445 1 
-0.066407 1 
1.28006 1 
-0.687964 1 
1.18795 1 
-1.03212 1 
0.529553 1 
3.09398 1 
0.749631 1 
2.39074 1 
3.37663 1 
-2.7442 1 
-0.35831 1 
-0.489234 1 
-0.308831 1 
-0.12765 1 
-0.579074 1 
0.121259 1 
-0.252636 1 
-0.00705498 1 
-0.818106 1 
0.42216 1 
-3.64689 1 
-1.12806 1 
-0.939909 1 
-3.8823 1 
0.861482 1 
-1.22771 1 
0.638988 1 
1.08578 1 
0.97353 1 
1.40061 1 
3.91095 1 
-1.33544 1 
-1.45124 1 
-1.731 1 
-3.19259 1 
-3.41698 1 
1.5816 1 
-1.92782 1 
-2.94591 1 
1.77518 1 
1.94937 1 
2.0955 1 
-2.41953 1 
2.89929 1 
2.63898 1 
2.2136 1 
-2.17363 1 
-2.60972 1 
3.55474 1 
3.22304 1 
-0.189726 1 
0.050406 1 
0.316808 1 
0.213758 1 
-1.58309 1 
ZONE T="boundary2"
4 -0.345415 
4 -0.384084 
4 -0.306746 
4 0.274652 
4 -0.229319 
4 0.044733 
4 0.31654 
4 0.358428 
4 0.41808 
4 0.184166 
4 -0.175133 
4 -0.120948 
4 -0.694436 
4 -1 
4 0.477731 
4 -0.488332 
4 0.114449 
4 -0.0381076 
4 -0.592581 
4 0.570681 
4 0.663632 
4 -0.79629 
4 0.831816 
4 1 
4 -0.364749 
4 -0.32608 
4 0.337484 
4 0.388254 
4 -0.148041 
4 -0.268032 
4 0.447905 
4 -0.436208 
4 0.295596 
4 0.229409 
4 0.149308 
4 0.0795912 
4 0.0033127 
4 -0.540457 
4 0.617156 
4 -0.202226 
4 -0.0795278 
4 -0.898145 
4 0.915908 
4 -0.745363 
4 -0.643508 
4 0.747724 
4 0.524206 
ZONE T="boundary3"
-1.63721 -1 
-1.78065 -1 
0.555271 -1 
1.11559 -1 
1.22232 -1 
0.973719 -1 
-0.508387 -1 
-0.631276 -1 
-0.385497 -1 
-0.848557 -1 
-3.86076 -1 
-4 -1 
-3.44304 -1 
-3.72152 -1 
3.32821 -1 
3.55214 -1 
-1.49376 -1 
3.77607 -1 
4 -1 
2.59353 -1 
2.30861 -1 
2.72122 -1 
2.8489 -1 
2.16615 -1 
1.4084 -1 
1.84242 -1 
2.0237 -1 
-2.93109 -1 
-2.70788 -1 
-2.48466 -1 
0.203015 -1 
0.156933 -1 
-0.174757 -1 
0.0421989 -1 
0.110851 -1 
0.375769 -1 
0.456359 -1 
-0.280127 -1 
-0.100605 -1 
-0.0264535 -1 
0.654182 -1 
-0.227442 -1 
1.31536 -1 
1.66114 -1 
0.831848 -1 
0.249097 -1 
0.295179 -1 
0.743015 -1 
-0.739917 -1 
-1.05442 -1 
-0.951489 -1 
-1.37694 -1 
-1.26012 -1 
-1.15727 -1 
-2.12087 -1 
-2.30276 -1 
-3.05908 -1 
-3.18707 -1 
3.10428 -1 
2.97659 -1 
-1.95076 -1 
0.335474 -1 
1.53477 -1 
-1.70893 -1 
1.16895 -1 
1.04465 -1 
-0.569832 -1 
-3.93038 -1 
-3.58228 -1 
3.44018 -1 
3.88804 -1 
2.45107 -1 
2.78506 -1 
1.93306 -1 
-2.81948 -1 
-2.59627 -1 
0.179974 -1 
0.0765252 -1 
0.416064 -1 
-0.332812 -1 
-0.0635293 -1 
0.604727 -1 
0.505815 -1 
-0.253784 -1 
-0.137681 -1 
-0.446942 -1 
1.36188 -1 
0.902783 -1 
0.272138 -1 
0.787432 -1 
-0.794237 -1 
-0.685597 -1 
-1.00295 -1 
-0.900023 -1 
3.66411 -1 
-1.43535 -1 
-1.56549 -1 
-2.21182 -1 
-2.99508 -1 
3.04044 -1 
3.21625 -1 
-2.39371 -1 
-1.86571 -1 
-2.03581 -1 
-3.31506 -1 
1.75178 -1 
2.09493 -1 
2.23738 -1 
-3.79114 -1 
-3.12307 -1 
0.00787269 -1 
0.133892 -1 
0.698599 -1 
0.355621 -1 
0.315326 -1 
-0.201099 -1 
0.226056 -1 
1.26884 -1 
2.91275 -1 
-1.31853 -1 
-1.10585 -1 
-1.2087 -1 
1.47159 -1 
1.59795 -1 
2.65737 -1 
ZONE T="boundary4"
0.636881 0.0149241 
-0.338955 0.491549 
-0.60967 0.0304851 
0.513152 0.211798 
0.491318 0.225276 
-0.611952 0.0508217 
-0.613272 0.0713884 
-0.613607 0.0921791 
-0.612934 0.113095 
0.416354 0.258276 
0.436406 0.251089 
-0.512909 0.374741 
-0.58082 0.257678 
-0.318964 0.495835 
-0.148304 0.472387 
-0.170243 0.481134 
-0.573473 0.275371 
-0.565208 0.293065 
0.62135 0.0786604 
0.628287 0.0575939 
0.454437 0.243696 
0.47225 0.235404 
-0.42798 0.452081 
-0.411532 0.462096 
-0.611247 0.134061 
-0.608551 0.155009 
-0.602251 0.188043 
-0.59811 0.204777 
-0.500407 0.389404 
-0.59309 0.222323 
-0.587453 0.239641 
-0.556162 0.310396 
-0.546378 0.32728 
-0.524734 0.359488 
-0.535906 0.343639 
-0.376333 0.479224 
-0.357941 0.486009 
-0.487294 0.40337 
-0.473444 0.416727 
-0.459017 0.429271 
-0.443941 0.441024 
-0.125527 0.461733 
0.57186 0.160799 
-0.0799405 0.436471 
-0.102996 0.449809 
-0.394434 0.47112 
0.588417 0.140055 
-0.298915 0.498585 
-0.278447 0.499831 
-0.257097 0.49948 
0.601446 0.120162 
0.580363 0.150665 
0.553562 0.179712 
-0.235959 0.497493 
-0.214073 0.493737 
0.533835 0.196743 
0.543849 0.188471 
-0.192537 0.488378 
0.612785 0.0988499 
-0.0309854 0.406147 
0.638785 -0.00682266 
0.396135 0.264572 
0.284751 0.288769 
0.313842 0.283452 
0.342759 0.277717 
0.369547 0.27165 
0.0210669 0.37475 
0.135719 0.323103 
0.225226 0.299907 
0.25507 0.294144 
0.165326 0.314109 
0.195515 0.306391 
0.633405 0.03643 
0.639217 -0.0286498 
-0.0558012 0.42169 
-0.00570508 0.390518 
0.048433 0.359902 
0.0770459 0.346031 
0.106076 0.33378 
0.50235 0.218741 
-0.612735 0.0610986 
-0.613397 0.102643 
0.426413 0.254798 
-0.613565 0.0817834 
-0.610932 0.0406411 
-0.328998 0.493879 
-0.159226 0.476936 
-0.569437 0.284267 
0.625037 0.0681992 
0.463387 0.23966 
-0.419827 0.457214 
-0.605701 0.17159 
-0.610023 0.144553 
-0.600255 0.19643 
-0.590349 0.23101 
-0.59568 0.213575 
-0.560779 0.301783 
-0.551361 0.318895 
-0.584225 0.248695 
-0.530407 0.35163 
-0.518907 0.367186 
-0.541231 0.335521 
-0.367192 0.482774 
-0.48045 0.41014 
-0.451556 0.435253 
-0.436036 0.446671 
-0.466309 0.423097 
-0.0914341 0.443242 
-0.403049 0.466745 
-0.308965 0.497398 
-0.267774 0.499865 
0.595154 0.130256 
-0.348494 0.488948 
0.576172 0.155784 
0.562928 0.170471 
-0.224992 0.495825 
0.538885 0.192661 
-0.203272 0.491253 
0.548753 0.184146 
-0.246517 0.498688 
0.60736 0.109637 
0.638024 0.00406783 
-0.493932 0.39647 
-0.612216 0.12359 
0.406271 0.261526 
0.299303 0.286141 
0.481849 0.230479 
0.356172 0.274792 
0.382872 0.268255 
0.523637 0.204479 
-0.288695 0.499403 
0.445457 0.247496 
-0.506741 0.38215 
0.240144 0.296956 
0.150486 0.318423 
0.180401 0.310091 
0.269913 0.291437 
0.617277 0.0888448 
0.584455 0.14541 
-0.577239 0.266566 
0.639177 -0.0177322 
-0.385447 0.475325 
-0.136862 0.467225 
-0.114216 0.455904 
-0.181344 0.484953 
-0.0678567 0.429147 
-0.0183748 0.398291 
0.0346818 0.367182 
-0.0434001 0.413932 
0.0626698 0.352779 
0.120849 0.328237 
0.328314 0.280663 
0.210357 0.303036 
0.631054 0.0470625 
0.635345 0.0257099 
0.0076262 0.382536 
0.0914991 0.339703 
ZONE T="boundary5"
-0.342799 -0.359459 
-0.560836 -0.120482 
-0.569633 -0.102779 
-0.60967 0.0304851 
-0.478033 -0.240008 
-0.602366 -0.00926127 
-0.606465 0.0104583 
-0.597415 -0.0286282 
-0.577722 -0.0847322 
-0.250162 -0.414082 
-0.229788 -0.424103 
-0.325423 -0.370964 
-0.269648 -0.403877 
-0.359867 -0.347502 
-0.376085 -0.335484 
-0.119242 -0.468127 
-0.524782 -0.179982 
-0.543262 -0.151576 
-0.094585 -0.475779 
-0.0697083 -0.482756 
-0.165612 -0.45167 
-0.187506 -0.442917 
-0.209156 -0.433608 
-0.142545 -0.460202 
0.633061 -0.0944557 
0.629047 -0.116453 
-0.46338 -0.256398 
-0.448209 -0.272296 
-0.491751 -0.22372 
-0.406888 -0.310664 
-0.288863 -0.393184 
-0.391974 -0.32303 
-0.505006 -0.20703 
-0.435013 -0.285281 
-0.421452 -0.297882 
0.624317 -0.138528 
-0.307286 -0.382308 
-0.585064 -0.0663646 
0.509486 -0.392613 
0.497806 -0.403844 
0.435772 -0.449136 
0.409189 -0.463197 
0.584768 -0.274884 
0.548335 -0.345216 
0.461453 -0.432842 
0.485606 -0.414488 
0.162731 -0.513603 
0.131794 -0.51312 
0.100888 -0.51148 
0.0402683 -0.505049 
0.0117177 -0.500578 
-0.016668 -0.495223 
0.221948 -0.511062 
0.303869 -0.498883 
-0.591633 -0.0476784 
0.192374 -0.512924 
0.277217 -0.504081 
0.250371 -0.508075 
-0.0432868 -0.489371 
0.357264 -0.484208 
0.330646 -0.49229 
0.473726 -0.423929 
0.383434 -0.474572 
0.540111 -0.356872 
0.52075 -0.380654 
0.574799 -0.298239 
0.531407 -0.368133 
0.638308 -0.050545 
0.636194 -0.0725658 
0.563453 -0.320518 
0.594836 -0.246494 
0.619072 -0.160489 
0.639217 -0.0286498 
0.611709 -0.188826 
0.603835 -0.217 
0.0705209 -0.508782 
-0.565321 -0.111674 
-0.604529 0.000575957 
-0.6 -0.0189718 
-0.240008 -0.419158 
-0.334148 -0.365268 
-0.259938 -0.409041 
-0.368016 -0.341547 
-0.534227 -0.165914 
-0.106941 -0.472037 
-0.0821713 -0.479353 
-0.198362 -0.438332 
0.631149 -0.105471 
-0.552309 -0.136176 
-0.399473 -0.316898 
-0.515066 -0.193634 
-0.441658 -0.278836 
-0.428277 -0.291629 
-0.47077 -0.248261 
-0.298109 -0.387804 
-0.581489 -0.0755864 
-0.414216 -0.304325 
-0.455861 -0.264411 
0.503714 -0.3983 
0.422614 -0.456418 
0.448779 -0.441253 
0.147261 -0.51351 
0.116334 -0.512442 
-0.384072 -0.329312 
0.0259752 -0.502925 
-0.588449 -0.0570563 
0.207172 -0.512145 
0.236177 -0.509719 
0.626756 -0.127506 
-0.0299992 -0.492393 
0.344013 -0.488434 
0.467637 -0.428451 
0.396406 -0.469096 
0.491769 -0.409239 
0.515193 -0.386705 
0.479718 -0.419274 
-0.316391 -0.376695 
-0.0565222 -0.486159 
0.544286 -0.35109 
0.57997 -0.286646 
0.53582 -0.362551 
0.526157 -0.374462 
-0.608185 0.0204541 
0.637391 -0.061568 
0.56932 -0.309482 
0.590007 -0.260767 
0.62175 -0.149521 
0.634744 -0.0835268 
-0.351373 -0.353537 
-0.498439 -0.215424 
-0.594629 -0.0381846 
-0.484949 -0.231913 
-0.573769 -0.0937965 
-0.27929 -0.398592 
-0.13092 -0.464241 
-0.154107 -0.456012 
-0.219502 -0.42892 
0.615459 -0.174676 
-0.00249629 -0.49801 
-0.176588 -0.447363 
0.556158 -0.333034 
0.607836 -0.202933 
0.599451 -0.231785 
0.177557 -0.513407 
0.317301 -0.495758 
0.290575 -0.501637 
0.370423 -0.479587 
0.0553789 -0.507043 
0.263817 -0.506223 
0.0856933 -0.510263 
0.638921 -0.0396034 
