ZONE T="boundary0"
-4 -1 
-4 0.204453 
-4 0.159695 
-4 0.252456 
-4 0.61301 
-4 0.710002 
-4 0.329327 
-4 0.516018 
-4 0.087646 
-4 0.422673 
-4 -0.0613621 
-4 -0.513286 
-4 -0.432096 
-4 0.0131419 
-4 -0.177435 
-4 -0.148417 
-4 -0.199119 
-4 -0.220803 
-4 0.855001 
-4 1 
-4 -0.666447 
-4 -0.119399 
-4 -0.307539 
-4 -0.264171 
-4 -0.350907 
-4 0.182074 
-4 0.228454 
-4 0.290892 
-4 0.12367 
-4 0.469346 
-4 -0.472691 
-4 0.376 
-4 0.050394 
-4 -0.0241101 
-4 -0.162926 
-4 0.564514 
-4 -0.209961 
-4 0.927501 
-4 0.661506 
-4 -0.589866 
-4 -0.833224 
-4 0.782502 
-4 -0.242487 
-4 -0.133908 
-4 -0.0903804 
-4 -0.188277 
-4 -0.391501 
-4 -0.329223 
-4 -0.285855 
ZONE T="boundary1"
-0.232947 1 
0.0280983 1 
0.386508 1 
-0.889935 1 
-0.979711 1 
-1.78815 1 
-1.98713 1 
-3.10384 1 
-3.3169 1 
1.17021 1 
-3.48768 1 
-1.58918 1 
2.83102 1 
3.04 1 
2.62938 1 
2.42773 1 
2.24275 1 
-2.89078 1 
-2.41995 1 
3.24898 1 
-0.543343 1 
-0.0384127 1 
0.586758 1 
0.0959106 1 
-0.369278 1 
-0.456311 1 
-0.301112 1 
-0.104924 1 
0.284838 1 
0.163723 1 
0.488179 1 
-0.829182 1 
-1.06949 1 
-3.875 1 
-4 1 
-0.768428 1 
-0.655886 1 
-1.15655 1 
-1.24362 1 
0.804134 1 
0.685338 1 
0.922929 1 
1.04657 1 
4 1 
3.81225 1 
-1.33001 1 
-1.4164 1 
-1.50279 1 
-3.65845 1 
3.62449 1 
3.43674 1 
2.05777 1 
1.38458 1 
1.27739 1 
1.47432 1 
1.56407 1 
1.76236 1 
-2.65537 1 
-2.20354 1 
1.91006 1 
-0.168936 1 
-0.934823 1 
-1.88764 1 
-3.21037 1 
-3.40229 1 
2.93551 1 
2.52855 1 
2.33524 1 
0.0620045 1 
-0.412794 1 
-0.335195 1 
-0.499827 1 
-0.00515728 1 
0.22428 1 
0.537468 1 
0.437343 1 
-1.0246 1 
-3.9375 1 
-0.0716684 1 
-0.599615 1 
-1.11302 1 
0.636048 1 
0.863531 1 
0.984749 1 
0.744736 1 
3.90612 1 
-1.3732 1 
-1.20009 1 
-1.28681 1 
-1.45959 1 
-1.54598 1 
2.7302 1 
3.14449 1 
2.15026 1 
1.33099 1 
1.42945 1 
1.66321 1 
1.5192 1 
3.53061 1 
-2.53766 1 
-2.09533 1 
-2.99731 1 
1.83621 1 
-2.77308 1 
-3.76673 1 
1.98392 1 
3.34286 1 
-2.31175 1 
-3.57307 1 
3.71837 1 
-1.68867 1 
-0.200941 1 
0.129817 1 
-0.26703 1 
-0.13693 1 
0.335673 1 
-0.712157 1 
-0.859558 1 
-0.798805 1 
1.10839 1 
1.2238 1 
ZONE T="boundary2"
4 -0.513099 
4 -0.70799 
4 -1 
4 -0.360126 
4 -0.291805 
4 -0.257644 
4 0.0854622 
4 -0.124887 
4 -0.00327947 
4 -0.610544 
4 0.757164 
4 0.42123 
4 0.244269 
4 0.272223 
4 0.150888 
4 0.514328 
4 0.328132 
4 -0.0920211 
4 -0.190618 
4 -0.157752 
4 -0.223483 
4 -0.436612 
4 0.635746 
4 1 
4 0.183601 
4 0.216314 
4 -0.853995 
4 -0.274724 
4 0.0410914 
4 0.258246 
4 0.467779 
4 0.374681 
4 -0.174185 
4 -0.240564 
4 -0.474856 
4 -0.398369 
4 -0.659267 
4 -0.561822 
4 0.696455 
4 0.878582 
4 0.300177 
4 0.167245 
4 0.199958 
4 0.118175 
4 -0.207051 
4 -0.108454 
4 -0.141319 
4 -0.0476503 
4 -0.325965 
4 0.575037 
4 0.230292 
ZONE T="boundary3"
-3.51528 -1 
-4 -1 
-3.75764 -1 
4 -1 
2.65935 -1 
2.86287 -1 
0.347059 -1 
0.410737 -1 
0.228021 -1 
0.283382 -1 
0.695492 -1 
-0.443029 -1 
-1.07044 -1 
-0.216854 -1 
0.795337 -1 
0.895616 -1 
-0.0485914 -1 
0.0442803 -1 
-0.367637 -1 
-0.292246 -1 
3.65415 -1 
1.64412 -1 
1.80863 -1 
3.06639 -1 
2.15111 -1 
1.97314 -1 
-2.12637 -1 
2.49421 -1 
-2.4884 -1 
-2.29018 -1 
-1.73519 -1 
-1.96256 -1 
-3.12465 -1 
-2.90564 -1 
-2.68663 -1 
0.503192 -1 
0.595647 -1 
0.172659 -1 
0.10847 -1 
-0.542653 -1 
-0.642278 -1 
-0.0950272 -1 
-0.141463 -1 
-0.835933 -1 
-0.739106 -1 
0.945755 -1 
1.29542 -1 
1.39835 -1 
0.995894 -1 
1.09419 -1 
-0.953186 -1 
1.52124 -1 
-1.1582 -1 
3.36027 -1 
-1.62151 -1 
-1.50783 -1 
-1.37689 -1 
-1.24596 -1 
2.32908 -1 
-3.01515 -1 
1.19249 -1 
-3.87882 -1 
2.76111 -1 
0.378898 -1 
0.255701 -1 
0.845476 -1 
-0.00215554 -1 
-0.329942 -1 
3.82708 -1 
2.06212 -1 
2.57678 -1 
-2.38929 -1 
-1.84887 -1 
-3.31996 -1 
-2.79613 -1 
0.315221 -1 
0.20034 -1 
0.0763749 -1 
0.745415 -1 
0.456964 -1 
0.140564 -1 
-0.0718093 -1 
-0.118245 -1 
0.645569 -1 
-0.405333 -1 
-0.492841 -1 
0.549419 -1 
-0.25455 -1 
-0.787519 -1 
-0.592466 -1 
1.34688 -1 
1.04504 -1 
-0.89456 -1 
-1.01181 -1 
-1.11432 -1 
1.89088 -1 
3.50721 -1 
1.72638 -1 
-1.67835 -1 
3.21333 -1 
-1.31143 -1 
2.96463 -1 
-2.04446 -1 
-2.20827 -1 
-3.63646 -1 
-2.58751 -1 
-0.179159 -1 
0.970824 -1 
0.920685 -1 
1.24395 -1 
1.14334 -1 
-2.96039 -1 
-3.0699 -1 
-0.690692 -1 
-1.20208 -1 
-1.56467 -1 
1.45979 -1 
1.58268 -1 
2.24009 -1 
-1.44236 -1 
2.41164 -1 
ZONE T="boundary4"
0.512153 0.242675 
0.485937 0.259048 
-0.475062 0.394204 
-0.453531 0.408928 
-0.632162 0.0752152 
-0.631614 0.0502602 
0.116496 0.361932 
0.14628 0.354939 
0.177273 0.348226 
-0.631122 0.100451 
-0.629528 0.0256259 
-0.383779 0.442104 
-0.359242 0.449318 
-0.0782934 0.420944 
-0.0518475 0.412287 
0.578953 0.185504 
-0.30901 0.457957 
-0.130104 0.436759 
-0.15577 0.443573 
-0.628453 0.125854 
-0.624128 0.151325 
-0.598804 0.233131 
-0.589585 0.253666 
-0.566104 0.295879 
-0.578463 0.275172 
-0.618141 0.176755 
-0.550248 0.318818 
-0.532841 0.340469 
-0.0252917 0.403512 
-0.431046 0.421874 
-0.495513 0.377815 
0.635192 0.0968869 
0.641012 0.0806261 
-0.181323 0.449395 
-0.407772 0.432941 
0.653395 -0.0186383 
-0.283591 0.459479 
-0.258027 0.459255 
-0.232464 0.457404 
-0.334295 0.454588 
-0.206872 0.454062 
0.00205041 0.394608 
-0.51482 0.359845 
0.651102 0.0367041 
-0.104219 0.429125 
-0.610533 0.201981 
0.0294773 0.385992 
0.0580316 0.377499 
0.429472 0.286265 
0.458838 0.273325 
0.336352 0.315333 
0.304101 0.322734 
0.399436 0.297311 
0.535796 0.225381 
0.0866599 0.369561 
0.271651 0.329477 
0.625169 0.119213 
0.618924 0.130879 
0.648794 0.0503923 
0.645801 0.0638472 
0.612178 0.142163 
0.6527 0.0229405 
0.653604 0.00911352 
0.597295 0.163591 
0.208108 0.341965 
0.239976 0.335719 
0.368068 0.306997 
0.558382 0.206125 
0.499191 0.251111 
-0.464435 0.401774 
-0.632084 0.0627359 
0.131381 0.358363 
0.161776 0.351519 
-0.631842 0.0878443 
-0.630762 0.0379291 
-0.371584 0.445951 
-0.0650664 0.416639 
-0.14292 0.44027 
-0.629989 0.113177 
-0.626491 0.138627 
-0.594325 0.24346 
-0.572441 0.285624 
-0.621333 0.164091 
-0.584183 0.264505 
-0.55838 0.307495 
-0.541738 0.329806 
-0.0385697 0.407896 
-0.485438 0.386203 
-0.442413 0.415621 
0.638235 0.088804 
-0.419517 0.427637 
-0.296322 0.458942 
-0.245242 0.458524 
-0.346823 0.452192 
-0.194082 0.451881 
-0.219657 0.455908 
-0.011626 0.399033 
-0.505328 0.369009 
-0.321689 0.456507 
-0.117148 0.43302 
-0.604952 0.21767 
-0.270816 0.459579 
0.0437429 0.381681 
-0.614528 0.18943 
0.444259 0.280045 
-0.168529 0.446613 
-0.524 0.350321 
0.32025 0.319139 
0.414529 0.292006 
0.472509 0.266431 
-0.395867 0.43776 
0.524123 0.234246 
0.101571 0.365667 
0.287891 0.326167 
-0.0912479 0.425084 
0.622116 0.125084 
0.647385 0.0571392 
0.630435 0.108164 
0.615617 0.136561 
0.650037 0.043563 
0.653238 0.016035 
0.653829 -0.00476448 
0.604974 0.153044 
0.0723378 0.373457 
0.0157554 0.390253 
0.192692 0.345054 
0.255823 0.332618 
0.352246 0.311312 
0.224049 0.338827 
0.383806 0.302344 
0.58837 0.174758 
0.56888 0.196034 
0.54727 0.215977 
0.651989 0.0298301 
0.643545 0.0722761 
ZONE T="boundary5"
0.379038 -0.442229 
0.351847 -0.453756 
0.295836 -0.471858 
0.324063 -0.463606 
-0.575718 -0.135576 
-0.587354 -0.113781 
-0.391838 -0.333239 
-0.620945 -0.0225046 
-0.625955 0.00136523 
-0.597723 -0.0915764 
-0.606791 -0.0689798 
-0.629528 0.0256259 
0.267279 -0.478603 
0.238555 -0.483922 
-0.188682 -0.436868 
-0.270378 -0.403122 
-0.322504 -0.376459 
-0.347611 -0.361943 
-0.296919 -0.390097 
-0.0489841 -0.475461 
-0.105286 -0.462609 
-0.133186 -0.454912 
-0.216225 -0.426495 
-0.161078 -0.446308 
-0.0771557 -0.469474 
-0.614547 -0.0459457 
-0.533562 -0.198533 
-0.508726 -0.22868 
-0.517273 -0.218714 
-0.562854 -0.156953 
-0.54879 -0.177932 
-0.410558 -0.319686 
-0.462432 -0.276494 
-0.428825 -0.30551 
-0.445883 -0.291302 
-0.369966 -0.347973 
0.430943 -0.413942 
0.40546 -0.428971 
-0.243423 -0.415269 
0.650647 -0.0463906 
0.6456 -0.0739797 
0.642294 -0.0877328 
0.653395 -0.0186383 
-0.481737 -0.257763 
0.0938543 -0.492234 
0.0650817 -0.49071 
-0.0206375 -0.480599 
0.0363712 -0.48824 
0.00780562 -0.484862 
0.12279 -0.492773 
0.209693 -0.487919 
0.151713 -0.492276 
0.180757 -0.490677 
0.537874 -0.313902 
0.455297 -0.397141 
0.478161 -0.378759 
0.519525 -0.337074 
0.499719 -0.358598 
0.554535 -0.289443 
0.569591 -0.263842 
0.583342 -0.237284 
0.619517 -0.156012 
0.608319 -0.183016 
0.59616 -0.210298 
0.629755 -0.12866 
0.634324 -0.115088 
0.638531 -0.101404 
0.652329 -0.0324916 
-0.49999 -0.238477 
0.365533 -0.448204 
0.310007 -0.467923 
-0.581679 -0.124754 
-0.62363 -0.0106057 
-0.602416 -0.0803408 
0.25295 -0.481431 
-0.335121 -0.369311 
-0.309769 -0.383386 
-0.119266 -0.458865 
-0.202494 -0.431789 
-0.283703 -0.39672 
-0.174916 -0.441693 
-0.610835 -0.0575176 
-0.513023 -0.223719 
-0.52552 -0.208707 
-0.569421 -0.146345 
-0.555947 -0.167526 
-0.401253 -0.326539 
-0.437415 -0.29848 
-0.358846 -0.355052 
0.418332 -0.421679 
-0.229869 -0.420989 
-0.419752 -0.312677 
-0.627928 0.0134703 
-0.0912471 -0.466147 
0.0794624 -0.491593 
-0.25695 -0.409305 
0.0220754 -0.486664 
0.10832 -0.49263 
-0.0348304 -0.478137 
0.224148 -0.486079 
0.137255 -0.492657 
0.166244 -0.491617 
0.338028 -0.458883 
0.281602 -0.475411 
-0.380966 -0.340703 
0.392359 -0.435819 
0.466897 -0.388163 
0.50982 -0.348023 
0.443271 -0.405763 
0.52891 -0.325659 
0.644006 -0.0808701 
-0.147165 -0.450715 
0.050717 -0.489592 
-0.54129 -0.188317 
0.546416 -0.301821 
0.576612 -0.250642 
-0.617919 -0.034271 
0.614019 -0.169554 
0.602321 -0.196692 
-0.00643216 -0.48284 
0.632082 -0.121887 
0.640466 -0.0945829 
-0.59269 -0.102749 
-0.0630926 -0.472573 
0.64839 -0.0602324 
0.651562 -0.0394498 
0.652939 -0.0255708 
-0.490961 -0.248213 
0.195241 -0.489447 
0.489128 -0.368884 
0.56226 -0.276762 
0.58984 -0.223834 
-0.454225 -0.283973 
-0.472188 -0.267236 
-0.504381 -0.233599 
0.624776 -0.142386 
0.636475 -0.108262 
