ZONE T="boundary0"
-4 -0.239956 
-4 -0.491413 
-4 -0.567615 
-4 -0.306283 
-4 -0.190326 
-4 -0.149045 
-4 0.30592 
-4 0.254133 
-4 0.397617 
-4 0.512862 
-4 0.60145 
-4 0.690038 
-4 0.845019 
-4 1 
-4 -0.783807 
-4 -1 
-4 -0.415212 
-4 -0.360747 
-4 -0.107764 
-4 -0.0261649 
-4 0.351769 
-4 0.165618 
-4 0.12889 
-4 0.280026 
-4 0.0554345 
-4 0.202345 
-4 -0.675711 
-4 -0.529514 
-4 -0.273119 
-4 -0.169686 
-4 0.455239 
-4 0.557156 
-4 0.767529 
-4 -0.891904 
-4 -0.38798 
-4 -0.0669646 
-4 0.147254 
-4 0.267079 
-4 0.0921622 
-4 0.0146348 
-4 0.645744 
-4 0.92251 
-4 0.228239 
-4 0.183982 
-4 0.292973 
-4 0.328844 
-4 0.374693 
-4 -0.128405 
-4 -0.215141 
-4 -0.333515 
-4 -0.453313 
-4 -0.621663 
-4 -0.729759 
ZONE T="boundary1"
-3.58415 1 
2.24628 1 
1.87691 1 
0.680148 1 
-1.30386 1 
-0.183306 1 
4 1 
-0.53696 1 
0.81763 1 
0.748889 1 
0.52103 1 
-3.72277 1 
3.52962 1 
-1.66037 1 
-1.78788 1 
-4 1 
3.10889 1 
3.31926 1 
2.63194 1 
-2.10151 1 
-2.30133 1 
-3.2009 1 
-2.72871 1 
-2.95627 1 
1.59375 1 
0.378972 1 
0.314216 1 
0.105002 1 
0.24946 1 
0.177231 1 
0.0312881 1 
-0.0424253 1 
-0.112866 1 
-0.260487 1 
-0.433852 1 
-0.34717 1 
0.450001 1 
0.600589 1 
0.878623 1 
0.939615 1 
1.03354 1 
-0.640068 1 
-0.695542 1 
-0.80649 1 
-0.861964 1 
-0.917289 1 
-0.972615 1 
-1.08327 1 
-1.19356 1 
-1.41836 1 
-1.53286 1 
1.12746 1 
1.24549 1 
1.47864 1 
1.36352 1 
-3.44553 1 
-3.32322 1 
-1.94469 1 
3.76481 1 
2.87041 1 
-2.50115 1 
2.43911 1 
-1.02794 1 
-0.751016 1 
2.0616 1 
0.783259 1 
-1.72412 1 
-3.86138 1 
3.21408 1 
-2.20142 1 
0.346594 1 
0.281838 1 
-0.00556861 1 
-0.0776454 1 
-0.221896 1 
-0.390511 1 
0.485515 1 
0.213346 1 
0.640368 1 
0.714518 1 
-0.303828 1 
0.414487 1 
0.848126 1 
0.986577 1 
-0.588514 1 
-0.485406 1 
-0.834227 1 
-0.944952 1 
-1.13841 1 
-1.47561 1 
-1.24871 1 
1.0805 1 
-1.59661 1 
1.42108 1 
1.30451 1 
1.18648 1 
-3.38438 1 
-3.65346 1 
-3.51484 1 
-2.0231 1 
-3.07859 1 
-2.84249 1 
2.98965 1 
-1.86629 1 
-2.40124 1 
2.53552 1 
2.3427 1 
3.88241 1 
1.73533 1 
1.53619 1 
-3.26206 1 
2.75118 1 
3.42444 1 
3.64722 1 
0.0681448 1 
0.141116 1 
-0.148086 1 
-0.889627 1 
-1.0556 1 
-1.00028 1 
0.560809 1 
0.909119 1 
-1.36111 1 
-0.778753 1 
-2.61493 1 
-0.667805 1 
-0.723279 1 
ZONE T="boundary2"
4 -1 
4 -0.836513 
4 -0.324165 
4 -0.237902 
4 -0.281033 
4 0.00747422 
4 0.0647499 
4 0.196665 
4 0.257978 
4 0.135351 
4 0.489796 
4 -0.190718 
4 -0.143533 
4 -0.0498015 
4 0.784571 
4 1 
4 -0.673027 
4 0.410451 
4 0.334215 
4 0.569141 
4 -0.394551 
4 -0.464938 
4 -0.568982 
4 -0.918257 
4 -0.259468 
4 0.0361121 
4 0.227321 
4 0.166008 
4 0.100051 
4 -0.0966673 
4 0.892285 
4 -0.75477 
4 0.372333 
4 -0.0211636 
4 0.529469 
4 0.296096 
4 -0.167125 
4 -0.21431 
4 0.450124 
4 -0.429745 
4 0.676856 
4 -0.51696 
4 -0.302599 
4 -0.359358 
4 -0.621004 
ZONE T="boundary3"
4 -1 
3.79497 -1 
3.58995 -1 
-0.858657 -1 
-0.730704 -1 
-0.98661 -1 
0.185221 -1 
0.0855809 -1 
-0.634465 -1 
0.0252219 -1 
1.24636 -1 
-0.0351372 -1 
3.38492 -1 
-3.86962 -1 
-3.73924 -1 
-1.44792 -1 
-1.30424 -1 
0.321414 -1 
1.15196 -1 
-1.14543 -1 
-2.4749 -1 
1.90396 -1 
2.09139 -1 
2.44604 -1 
3.1799 -1 
-2.91464 -1 
-4 -1 
2.80178 -1 
-1.68896 -1 
-0.43913 -1 
-0.168017 -1 
-0.234639 -1 
-0.101577 -1 
-0.301262 -1 
-0.370196 -1 
0.666184 -1 
0.772655 -1 
0.457607 -1 
-0.536797 -1 
0.561896 -1 
0.879127 -1 
1.01554 -1 
1.52864 -1 
1.43469 -1 
-3.47849 -1 
-3.33753 -1 
-3.19657 -1 
1.34075 -1 
1.71653 -1 
2.99084 -1 
-2.12369 -1 
-1.90633 -1 
-2.69477 -1 
3.89749 -1 
-0.794681 -1 
0.135401 -1 
-0.682584 -1 
3.48744 -1 
-3.80443 -1 
-1.37608 -1 
0.253318 -1 
-1.22483 -1 
1.99767 -1 
-3.93481 -1 
2.62391 -1 
-0.201328 -1 
-0.0683572 -1 
-0.335729 -1 
0.0554014 -1 
-0.922634 -1 
0.71942 -1 
0.389511 -1 
-0.585631 -1 
0.61404 -1 
-1.06602 -1 
1.08375 -1 
1.48167 -1 
-3.60886 -1 
-3.26705 -1 
1.29355 -1 
1.62258 -1 
1.81024 -1 
2.26871 -1 
3.28241 -1 
-2.29929 -1 
-1.56844 -1 
-1.79765 -1 
2.89631 -1 
-2.01501 -1 
3.69246 -1 
-0.487964 -1 
-0.00495766 -1 
-0.26795 -1 
-0.134797 -1 
-0.404663 -1 
0.509751 -1 
0.825891 -1 
1.19916 -1 
1.38772 -1 
-2.80471 -1 
3.08537 -1 
-3.0556 -1 
0.947335 -1 
-2.58483 -1 
-3.40801 -1 
ZONE T="boundary4"
-0.256227 0.469761 
-0.235348 0.480467 
-0.627939 -0.0193333 
0.475544 0.506232 
0.487914 0.497378 
0.568639 0.393084 
0.562114 0.408212 
0.574043 0.377455 
0.498309 0.489126 
0.518015 0.470942 
0.534315 0.452516 
0.400132 0.544379 
0.416992 0.537713 
0.582703 0.274341 
0.447749 0.523027 
-0.624413 -0.000274198 
-0.620218 0.0186932 
-0.615316 0.0377234 
-0.609756 0.0566109 
-0.596694 0.0939489 
-0.584628 0.122902 
-0.429936 0.344221 
-0.407805 0.364777 
0.581411 0.344886 
-0.516208 0.242689 
-0.535803 0.213206 
-0.451149 0.322778 
-0.473993 0.297438 
-0.366299 0.399124 
-0.347408 0.41318 
-0.387372 0.38232 
-0.328079 0.426656 
-0.311189 0.437736 
-0.29401 0.448382 
-0.275268 0.459323 
0.432573 0.530718 
-0.190903 0.500888 
-0.141515 0.520165 
-0.1154 0.529043 
-0.167339 0.510508 
-0.214163 0.490587 
-0.603539 0.0753735 
0.382967 0.550314 
0.564155 -0.0313448 
0.572294 0.199858 
0.568282 0.167726 
0.462703 0.514473 
0.5783 0.361388 
0.555812 0.420457 
0.548788 0.432269 
-0.058333 0.545566 
0.0691756 0.569738 
0.103267 0.573414 
0.137441 0.575919 
0.348106 0.560094 
0.312798 0.567379 
0.242135 0.575649 
0.206959 0.57717 
0.584232 0.310276 
0.564872 0.0345433 
0.565112 0.00152154 
0.580595 0.255908 
0.583395 0.327789 
0.583967 0.292397 
-0.570471 0.152565 
-0.495647 0.270796 
-0.554088 0.182898 
-0.0869982 0.537742 
0.564331 0.0677108 
-0.0275368 0.552953 
0.0034799 0.559375 
0.0362477 0.565085 
0.277374 0.572471 
0.564343 0.101512 
0.565597 0.135293 
0.172207 0.577214 
0.576508 0.227974 
-0.245826 0.475188 
0.481787 0.501885 
0.565516 0.400709 
0.571486 0.385321 
0.493161 0.493314 
0.508395 0.480285 
0.526397 0.461933 
0.4086 0.541141 
-0.62626 -0.0097904 
-0.61785 0.0282278 
-0.612617 0.0471893 
-0.622398 0.00922586 
-0.590845 0.108499 
-0.418979 0.354614 
-0.526163 0.228051 
-0.462731 0.310249 
-0.356908 0.406224 
-0.376912 0.390816 
-0.319671 0.43225 
-0.337795 0.419992 
-0.440658 0.333612 
-0.284676 0.453916 
-0.265783 0.464605 
-0.302634 0.443114 
-0.128491 0.524701 
-0.154464 0.515435 
-0.202572 0.495823 
-0.600193 0.0846881 
0.391582 0.547437 
0.570145 0.183816 
-0.606727 0.0660169 
0.469175 0.510432 
0.440209 0.526965 
0.424823 0.534304 
0.455283 0.518848 
0.576319 0.369462 
0.55239 0.426417 
0.559057 0.414384 
0.541822 0.442586 
0.0862063 0.571719 
0.120344 0.574815 
0.330514 0.564023 
0.224558 0.576604 
0.565086 0.0180277 
0.564838 -0.0149241 
0.581735 0.265117 
0.582552 0.336357 
0.583448 0.283363 
0.583957 0.319042 
0.580003 0.353167 
-0.484995 0.284255 
-0.179156 0.505783 
-0.224791 0.485601 
-0.397669 0.373641 
-0.577738 0.13782 
-0.562467 0.16783 
-0.101233 0.533503 
-0.0726956 0.541763 
0.564583 0.0511223 
-0.0429642 0.549381 
-0.0120534 0.556284 
0.0526932 0.567544 
0.259777 0.574278 
0.295125 0.570175 
0.566755 0.151531 
0.564218 0.0846097 
0.0198409 0.562362 
0.189585 0.577365 
-0.5061 0.256866 
0.154819 0.576728 
0.365632 0.555531 
0.578627 0.241937 
0.584232 0.301337 
0.57436 0.213929 
-0.545119 0.198155 
0.564785 0.118407 
ZONE T="boundary5"
0.199958 -0.331756 
0.180516 -0.330249 
-0.627939 -0.0193333 
-0.630753 -0.0382169 
-0.578878 -0.317043 
0.515537 -0.192556 
-0.619411 -0.228439 
-0.612355 -0.251073 
-0.631508 -0.167454 
-0.633424 -0.149465 
-0.559292 -0.340408 
-0.569227 -0.329467 
-0.537639 -0.359171 
-0.548788 -0.350289 
-0.488626 -0.383285 
-0.38782 -0.379866 
-0.520079 -0.370338 
-0.526125 -0.36685 
-0.462891 -0.388304 
-0.450158 -0.389161 
-0.437328 -0.389014 
-0.424848 -0.387947 
-0.501481 -0.378978 
-0.513883 -0.373553 
-0.400255 -0.38335 
-0.412512 -0.38604 
0.219567 -0.332619 
-0.375672 -0.375787 
-0.36317 -0.370968 
-0.350755 -0.365652 
-0.331238 -0.356484 
-0.310639 -0.346195 
-0.262728 -0.322854 
-0.244974 -0.315256 
-0.587784 -0.30363 
-0.183197 -0.295869 
-0.204629 -0.301271 
-0.225803 -0.308006 
-0.160019 -0.291622 
-0.635229 -0.112943 
-0.635124 -0.0944729 
-0.596292 -0.288577 
-0.634661 -0.131323 
-0.632895 -0.0571284 
-0.475879 -0.386344 
-0.112741 -0.287801 
0.161398 -0.328195 
-0.603911 -0.272624 
-0.634344 -0.0758149 
0.124417 -0.322854 
0.106534 -0.31975 
0.0722368 -0.313164 
0.05519 -0.309718 
0.546238 -0.128932 
0.551238 -0.112943 
0.555369 -0.0967294 
-0.280169 -0.331001 
0.335247 -0.320846 
0.142472 -0.325666 
0.0893189 -0.316526 
0.239047 -0.332762 
0.46391 -0.25381 
0.478461 -0.239678 
0.310862 -0.326116 
0.286869 -0.329709 
0.262699 -0.331892 
0.0382234 -0.306274 
-0.00719792 -0.297587 
0.373773 -0.30868 
0.354727 -0.31533 
0.411269 -0.291297 
0.392443 -0.300802 
0.429513 -0.280344 
0.447155 -0.267816 
0.540284 -0.144807 
0.558644 -0.0804842 
0.504324 -0.20891 
0.524985 -0.176713 
0.533424 -0.160335 
0.561159 -0.0640748 
0.564155 -0.0313448 
0.492076 -0.224507 
-0.0361294 -0.293013 
0.0155235 -0.301778 
-0.295442 -0.338528 
-0.0889781 -0.288091 
-0.136825 -0.28897 
-0.626338 -0.199275 
-0.0623203 -0.289919 
0.190227 -0.331079 
-0.629428 -0.028765 
-0.616067 -0.239823 
-0.632552 -0.158472 
-0.564362 -0.335036 
-0.574168 -0.323351 
-0.554137 -0.345456 
-0.543304 -0.354849 
-0.52312 -0.368627 
-0.456538 -0.38886 
-0.443747 -0.389211 
-0.431085 -0.388592 
-0.507743 -0.376402 
-0.394022 -0.381695 
-0.418671 -0.387095 
-0.381729 -0.3779 
-0.531963 -0.363134 
-0.369403 -0.373444 
-0.406371 -0.384788 
-0.356947 -0.368363 
-0.34097 -0.361158 
-0.495103 -0.381275 
-0.253884 -0.318971 
-0.583449 -0.310421 
-0.193948 -0.2984 
-0.215258 -0.30448 
-0.235428 -0.311514 
-0.171635 -0.293546 
-0.63526 -0.103711 
-0.32093 -0.351379 
-0.631908 -0.0476655 
-0.634127 -0.140404 
-0.634818 -0.0851433 
0.115466 -0.321336 
0.0637095 -0.311447 
0.548847 -0.120972 
-0.271476 -0.326867 
0.151924 -0.326986 
0.170946 -0.329288 
0.0979185 -0.318161 
0.209755 -0.332274 
0.229303 -0.332783 
0.471309 -0.246871 
0.298891 -0.328095 
0.250874 -0.332476 
0.323097 -0.323687 
-0.608336 -0.26194 
0.0467052 -0.307993 
0.364301 -0.312152 
0.401941 -0.296217 
0.438458 -0.274252 
0.420495 -0.285991 
0.520383 -0.184707 
0.510063 -0.200825 
0.133434 -0.324303 
0.536965 -0.152621 
0.543373 -0.136912 
-0.592169 -0.296184 
0.529332 -0.16859 
0.0807713 -0.31486 
0.557106 -0.088628 
0.559993 -0.0722949 
0.345027 -0.318231 
0.553409 -0.104864 
-0.633702 -0.0664679 
0.498325 -0.216808 
-0.63503 -0.122139 
-0.0216456 -0.295174 
-0.600231 -0.28067 
0.0268735 -0.304 
0.00417041 -0.299633 
0.383172 -0.304893 
-0.303047 -0.342355 
-0.100851 -0.287777 
0.274796 -0.330971 
-0.124785 -0.288192 
-0.623137 -0.213932 
-0.148434 -0.290103 
-0.0492065 -0.291324 
-0.629208 -0.183424 
-0.0756325 -0.288822 
-0.482289 -0.384951 
-0.469411 -0.387461 
-0.517 -0.37198 
0.455671 -0.260977 
0.485396 -0.232207 
-0.28782 -0.334737 
0.562959 -0.0477434 
