ZONE T="boundary0"
-4 -0.165917 
-4 -0.209555 
-4 -0.321539 
-4 -0.268349 
-4 -0.12228 
-4 0.380162 
-4 0.322098 
-4 0.578989 
-4 0.789494 
-4 -0.0598328 
-4 1 
-4 0.139413 
-4 0.0710137 
-4 0.264033 
-4 0.201723 
-4 -1 
-4 -0.555985 
-4 -0.363258 
-4 -0.404978 
-4 0.00261424 
-4 -0.777993 
-4 0.479576 
-4 -0.480482 
-4 -0.187736 
-4 -0.238952 
-4 0.35113 
-4 0.684242 
-4 -0.0910564 
-4 0.105213 
-4 0.232878 
-4 -0.294944 
-4 -0.384118 
-4 -0.144099 
-4 -0.0286093 
-4 -0.666989 
-4 0.170568 
-4 0.293065 
-4 0.529282 
-4 0.429869 
-4 -0.888996 
-4 0.894747 
-4 -0.342398 
-4 -0.44273 
-4 -0.518233 
-4 0.0368139 
ZONE T="boundary1"
-3.70107 1 
-4 1 
-0.277188 1 
0.305594 1 
0.395776 1 
1.15566 1 
1.26965 1 
1.04166 1 
0.92777 1 
-0.102522 1 
-0.163248 1 
-0.0430278 1 
4 1 
3.70902 1 
0.0164661 1 
-0.738835 1 
-1.43682 1 
-0.859486 1 
-2.49236 1 
-2.67673 1 
2.98156 1 
2.83607 1 
2.58623 1 
3.12705 1 
-1.30481 1 
-3.04801 1 
1.88509 1 
-2.28711 1 
-3.46799 1 
1.61699 1 
1.52762 1 
2.11074 1 
1.70635 1 
-1.63517 1 
-2.08186 1 
-1.97019 1 
0.494557 1 
0.237158 1 
0.703607 1 
0.593338 1 
0.168723 1 
0.0925944 1 
-0.223973 1 
0.813876 1 
-0.330404 1 
-0.491405 1 
-1.1728 1 
-1.07647 1 
-0.980138 1 
-0.61512 1 
-1.85852 1 
-3.23491 1 
3.41804 1 
1.39864 1 
-2.86111 1 
2.33639 1 
1.99791 1 
-3.85053 1 
0.350685 1 
1.21266 1 
0.984717 1 
-0.132885 1 
3.85451 1 
-2.58455 1 
2.90882 1 
-3.58453 1 
1.57231 1 
1.79572 1 
-2.02602 1 
0.445166 1 
0.543948 1 
0.271376 1 
-0.0727747 1 
0.202941 1 
0.0545302 1 
-0.19361 1 
-0.0132808 1 
-0.303796 1 
-0.410904 1 
-0.250581 1 
0.648473 1 
-1.12464 1 
-1.0283 1 
-0.553262 1 
1.09866 1 
-1.536 1 
-1.74684 1 
-3.35145 1 
3.27255 1 
-2.95456 1 
-3.14146 1 
1.66167 1 
-1.91435 1 
-2.76892 1 
-2.38974 1 
-2.18448 1 
2.46131 1 
3.05431 1 
3.56353 1 
2.71115 1 
0.130658 1 
-0.676977 1 
0.870823 1 
0.758742 1 
-0.79916 1 
-0.919812 1 
-1.37082 1 
-1.23881 1 
1.33415 1 
1.46313 1 
2.22357 1 
1.9415 1 
2.05433 1 
ZONE T="boundary2"
4 -0.543289 
4 -0.309068 
4 -0.343366 
4 -0.244733 
4 -0.202185 
4 0.208565 
4 0.256948 
4 0.305332 
4 0.364489 
4 0.473181 
4 0.108901 
4 0.604886 
4 0.736591 
4 -0.0638004 
4 1 
4 0.0538619 
4 0.163941 
4 -0.159636 
4 -0.460477 
4 -0.377665 
4 -0.2769 
4 -0.111718 
4 -0.657466 
4 -0.771644 
4 -1 
4 -0.223459 
4 0.232757 
4 0.28114 
4 0.33491 
4 0.418835 
4 0.539034 
4 0.670738 
4 0.868295 
4 0.0813816 
4 0.186253 
4 -0.18091 
4 -0.419071 
4 -0.260817 
4 -0.292984 
4 -0.360516 
4 -0.326217 
4 0.136421 
4 -0.00496925 
4 -0.600378 
4 -0.885822 
4 -0.0877594 
4 -0.135677 
4 -0.501883 
4 -0.714555 
ZONE T="boundary3"
-3.42103 -1 
-1.54904 -1 
-1.63272 -1 
-1.17203 -1 
-1.46536 -1 
-1.27685 -1 
1.4191 -1 
1.09208 -1 
-0.746385 -1 
-0.639623 -1 
-0.180032 -1 
-0.851654 -1 
0.989085 -1 
-1.98654 -1 
-2.17474 -1 
0.166889 -1 
-3.09626 -1 
-4 -1 
-3.71052 -1 
-1.7164 -1 
-2.7009 -1 
3.45018 -1 
-2.53192 -1 
3.2819 -1 
3.06676 -1 
2.41185 -1 
2.21086 -1 
-0.128686 -1 
-0.00782414 -1 
0.104897 -1 
-0.231378 -1 
0.0485362 -1 
-0.276864 -1 
0.228881 -1 
0.290873 -1 
0.352865 -1 
-0.526473 -1 
-0.413322 -1 
-0.32235 -1 
0.470409 -1 
0.587954 -1 
3.61846 -1 
3.80923 -1 
-1.06448 -1 
-0.956922 -1 
0.891456 -1 
0.793827 -1 
-1.38167 -1 
1.62075 -1 
1.51992 -1 
1.19508 -1 
1.30709 -1 
0.690891 -1 
1.81531 -1 
2.00987 -1 
-2.36294 -1 
4 -1 
2.63173 -1 
2.85162 -1 
-3.25864 -1 
-2.89858 -1 
-1.59088 -1 
-1.22444 -1 
-0.693004 -1 
-0.799019 -1 
-2.08064 -1 
-3.85526 -1 
-1.85147 -1 
3.17433 -1 
2.31135 -1 
-0.0682551 -1 
-0.154359 -1 
0.0767164 -1 
-0.254121 -1 
-0.205705 -1 
0.197885 -1 
0.135893 -1 
0.020356 -1 
-0.583048 -1 
-0.367836 -1 
-0.299607 -1 
0.529182 -1 
-0.469897 -1 
0.411637 -1 
3.71384 -1 
-1.11825 -1 
-0.904288 -1 
0.94027 -1 
0.842642 -1 
-1.32926 -1 
-1.0107 -1 
-1.5072 -1 
1.57034 -1 
1.04058 -1 
1.14358 -1 
1.36309 -1 
1.25108 -1 
0.742359 -1 
1.71803 -1 
1.91259 -1 
-2.26884 -1 
3.90461 -1 
2.52179 -1 
2.74167 -1 
2.11037 -1 
-2.44743 -1 
-2.61641 -1 
3.53432 -1 
3.36604 -1 
-1.42351 -1 
2.95919 -1 
0.321869 -1 
0.259877 -1 
-3.33984 -1 
-2.99742 -1 
1.46951 -1 
-1.67456 -1 
-3.56577 -1 
-2.79974 -1 
-3.17745 -1 
0.639422 -1 
ZONE T="boundary4"
-0.142244 0.408609 
0.632936 0.135492 
0.625453 0.160426 
-0.375412 0.313816 
-0.331475 0.3364 
-0.620008 0.0253271 
-0.438064 0.275065 
-0.417668 0.288732 
0.637218 0.117772 
0.502843 0.350939 
0.490175 0.361041 
-0.49643 0.228378 
-0.51509 0.210548 
0.52688 0.328966 
-0.353693 0.325357 
-0.614334 0.048266 
-0.606979 0.0709038 
0.557984 0.293223 
0.548349 0.305385 
-0.566787 0.148654 
-0.587325 0.114808 
-0.575156 0.135838 
0.620788 0.17379 
-0.545108 0.177512 
-0.557883 0.161166 
0.575783 0.267363 
0.567204 0.28044 
-0.530474 0.194411 
-0.477035 0.245285 
0.598232 0.226617 
0.591296 0.240288 
0.642597 0.0856127 
-0.396807 0.3016 
-0.309026 0.346876 
-0.262978 0.366543 
-0.239388 0.375782 
-0.286094 0.356956 
-0.624006 0.00220365 
-0.626359 -0.0210375 
-0.167054 0.400994 
-0.215632 0.384566 
-0.0918117 0.422482 
-0.0661881 0.428691 
0.013187 0.444174 
-0.117267 0.415751 
0.040253 0.448094 
-0.191424 0.393006 
0.643748 0.0289991 
0.642259 0.0151269 
0.640618 0.0998078 
0.644519 0.0430191 
0.644575 0.0571353 
0.370957 0.423852 
0.402555 0.41164 
0.43336 0.397036 
0.538167 0.317112 
0.515046 0.340287 
0.462405 0.380324 
0.476503 0.370987 
-0.457845 0.260603 
0.0960054 0.453839 
0.124871 0.455511 
0.0680637 0.451362 
0.213861 0.454477 
0.244398 0.451729 
0.307057 0.441604 
0.338978 0.433789 
0.64393 0.0713338 
0.61577 0.18696 
0.60478 0.212752 
0.275484 0.447508 
-0.0400399 0.434428 
-0.013724 0.439577 
0.153822 0.456238 
0.183838 0.455932 
-0.597966 0.0931126 
0.629383 0.148015 
-0.427932 0.282 
0.635183 0.126657 
0.496564 0.356059 
-0.505866 0.219574 
-0.617377 0.0368454 
-0.61086 0.059649 
0.553235 0.299358 
-0.571037 0.142289 
0.62317 0.167125 
-0.551598 0.169419 
-0.562397 0.154954 
0.571564 0.273948 
-0.537897 0.186053 
-0.342618 0.330951 
0.594815 0.233478 
-0.407294 0.29526 
-0.251206 0.37122 
-0.297587 0.351979 
-0.386157 0.307795 
-0.625385 -0.00939826 
-0.154669 0.40486 
-0.27456 0.361808 
-0.227531 0.38023 
-0.0790182 0.425654 
0.026705 0.446222 
-0.104558 0.419181 
-0.179259 0.397056 
-0.522874 0.202567 
-0.129775 0.412241 
-0.203548 0.388843 
0.641686 0.0927203 
-0.581418 0.125425 
0.562666 0.286884 
0.644636 0.0500757 
0.643095 0.0220519 
0.386864 0.418025 
0.418098 0.404635 
0.543324 0.311306 
0.509004 0.345681 
0.521028 0.334695 
0.532593 0.323106 
0.469504 0.375732 
0.110429 0.454789 
0.229143 0.453268 
-0.32028 0.341704 
0.323074 0.437929 
0.643347 0.0784799 
0.618324 0.180392 
0.644339 0.0642374 
-0.622212 0.0137989 
0.483394 0.36609 
0.610436 0.199926 
0.644224 0.0360029 
0.639036 0.108811 
-0.364592 0.319665 
0.0541447 0.449825 
0.0820231 0.452702 
0.259965 0.449803 
0.291309 0.444763 
-0.026899 0.437079 
-0.000285221 0.441958 
0.16883 0.456224 
0.198855 0.455353 
-0.0531321 0.431632 
0.139341 0.455996 
0.355047 0.429078 
0.448053 0.388976 
-0.60267 0.0820866 
-0.592835 0.104052 
-0.486825 0.23694 
-0.46752 0.253047 
-0.448029 0.267939 
0.601553 0.219707 
0.583792 0.253971 
ZONE T="boundary5"
-0.559078 -0.26499 
-0.54782 -0.282513 
-0.614802 -0.136825 
-0.620082 -0.113857 
-0.590656 -0.204985 
-0.58059 -0.226233 
-0.507863 -0.334312 
-0.6271 -0.0443095 
0.640052 0.00142622 
-0.626272 -0.0675732 
-0.62392 -0.0907534 
0.637111 -0.0121585 
0.629118 -0.0385972 
-0.608107 -0.159691 
-0.600041 -0.182418 
-0.182881 -0.515527 
-0.211416 -0.509948 
-0.239716 -0.502823 
-0.26788 -0.49411 
-0.295605 -0.483886 
-0.0418115 -0.519965 
-0.069581 -0.522159 
-0.097693 -0.522828 
-0.125942 -0.521954 
-0.154428 -0.519518 
-0.440011 -0.399358 
0.0127719 -0.511058 
-0.522541 -0.316832 
-0.492438 -0.351159 
-0.476131 -0.367521 
-0.535551 -0.299928 
-0.34929 -0.459088 
-0.420155 -0.414666 
-0.398563 -0.429787 
-0.374304 -0.445064 
-0.459149 -0.383185 
0.624065 -0.0514905 
0.618322 -0.0641452 
-0.626359 -0.0210375 
-0.01431 -0.516254 
0.116747 -0.475994 
0.0394471 -0.504398 
0.0914594 -0.486816 
0.0657072 -0.496296 
0.166006 -0.450559 
0.141583 -0.463886 
0.237834 -0.403859 
0.261375 -0.386567 
0.190108 -0.43607 
0.213983 -0.420496 
0.285284 -0.368344 
0.309013 -0.349836 
0.333321 -0.330666 
0.406681 -0.272803 
0.38216 -0.292102 
0.357538 -0.311523 
0.431511 -0.253282 
0.550275 -0.155453 
0.528152 -0.175841 
0.586613 -0.114981 
0.56915 -0.135869 
0.642259 0.0151269 
0.611957 -0.07645 
0.601085 -0.0945936 
-0.569586 -0.247022 
-0.322762 -0.472202 
0.50512 -0.195249 
0.480831 -0.214651 
0.456187 -0.233946 
-0.553542 -0.273811 
-0.617614 -0.125382 
-0.585743 -0.215667 
-0.625283 -0.0791839 
0.633466 -0.0254909 
-0.622181 -0.102336 
-0.611619 -0.148307 
-0.604229 -0.17111 
-0.197183 -0.51293 
-0.22561 -0.506575 
-0.281808 -0.489183 
-0.111822 -0.522584 
-0.140199 -0.52093 
-0.515297 -0.325652 
-0.484371 -0.359426 
-0.529134 -0.308448 
-0.541779 -0.291286 
-0.430168 -0.407124 
-0.409447 -0.422354 
-0.38653 -0.437581 
-0.449671 -0.391379 
-0.626928 -0.0326691 
-0.000736323 -0.513844 
0.0261512 -0.507912 
0.104164 -0.481568 
0.0786389 -0.491728 
-0.467722 -0.375442 
0.15386 -0.457361 
0.249647 -0.395277 
0.178122 -0.443438 
0.225961 -0.412265 
0.273361 -0.3775 
0.297168 -0.359113 
0.369853 -0.301802 
0.419103 -0.263033 
0.539349 -0.165797 
0.559866 -0.145815 
0.394426 -0.282445 
0.578079 -0.125598 
0.606687 -0.0856259 
0.621275 -0.0578569 
0.626676 -0.0450788 
0.615217 -0.0703393 
0.641246 0.00826045 
0.638672 -0.0053874 
-0.564424 -0.25606 
0.594052 -0.104936 
-0.50024 -0.342818 
-0.168679 -0.517714 
-0.0280366 -0.5183 
-0.0556813 -0.521254 
-0.309259 -0.478224 
-0.336111 -0.465821 
0.12923 -0.470092 
0.516722 -0.185645 
-0.083632 -0.522687 
-0.361885 -0.452236 
0.0526264 -0.500527 
0.202105 -0.428389 
0.321179 -0.340256 
0.345435 -0.321088 
0.493022 -0.204999 
0.468524 -0.224302 
-0.595493 -0.193763 
-0.626879 -0.0559499 
-0.575202 -0.236689 
-0.253854 -0.498655 
0.443853 -0.243599 
