ZONE T="boundary0"
-4 -0.336505 
-4 0.343573 
-4 -0.0335659 
-4 1 
-4 0.11319 
-4 0.0393565 
-4 0.22616 
-4 0.468592 
-4 0.658565 
-4 -1 
-4 -0.438277 
-4 -0.770024 
-4 -0.232769 
-4 -0.169629 
-4 -0.284637 
-4 -0.106488 
-4 0.304435 
-4 0.187023 
-4 -0.387391 
-4 0.265298 
-4 -0.540048 
-4 0.0762732 
-4 0.829282 
-4 -0.138059 
-4 -0.201199 
-4 0.0028953 
-4 -0.0700272 
-4 0.406082 
-4 0.324004 
-4 0.206592 
-4 0.563579 
-4 -0.412834 
-4 -0.885012 
-4 0.150106 
-4 0.284867 
-4 0.245729 
-4 -0.489163 
-4 -0.310571 
-4 -0.361948 
-4 -0.258703 
-4 -0.655036 
ZONE T="boundary1"
-2.69987 1 
-3.6048 1 
-4 1 
-0.819122 1 
-0.910358 1 
0.190725 1 
0.147949 1 
0.0262172 1 
1.5343 1 
1.44505 1 
-1.00128 1 
-0.64194 1 
-1.18369 1 
-1.27517 1 
-0.727885 1 
-3.13787 1 
-3.37133 1 
4 1 
3.58648 1 
-1.55902 1 
-1.67572 1 
1.14525 1 
3.40759 1 
3.22871 1 
2.36768 1 
-1.88246 1 
-2.84587 1 
-2.08921 1 
-2.32154 1 
-0.186186 1 
-0.330041 1 
-0.266345 1 
-0.393736 1 
-0.474865 1 
-0.555994 1 
-0.146107 1 
0.0870833 1 
0.2335 1 
-0.0399048 1 
0.319873 1 
-1.09221 1 
-0.106027 1 
0.406246 1 
-1.35875 1 
-1.44233 1 
0.558787 1 
0.635057 1 
0.930261 1 
0.820794 1 
0.711327 1 
1.03776 1 
1.25053 1 
3.07484 1 
2.92097 1 
2.15485 1 
1.95582 1 
1.75679 1 
2.75074 1 
2.58051 1 
-2.55386 1 
1.35581 1 
-3.8024 1 
-0.86474 1 
0.169337 1 
-0.95582 1 
-0.684912 1 
-3.2546 1 
3.79324 1 
3.31815 1 
3.49704 1 
-1.77909 1 
-2.99187 1 
-2.20537 1 
-0.298193 1 
-0.434301 1 
-0.51543 1 
-0.598967 1 
-0.361889 1 
-0.166146 1 
0.117516 1 
0.0566503 1 
-0.0068438 1 
0.212112 1 
0.276687 1 
-1.04674 1 
-0.773503 1 
-0.226266 1 
-0.126067 1 
0.36306 1 
-1.22943 1 
-1.40054 1 
-1.13795 1 
0.482516 1 
0.596922 1 
-3.48807 1 
0.875527 1 
-1.61737 1 
-1.31696 1 
-1.50068 1 
-1.98583 1 
0.673192 1 
0.76606 1 
0.984008 1 
1.19789 1 
3.15177 1 
2.9979 1 
2.26126 1 
2.05533 1 
2.83585 1 
2.66562 1 
1.85631 1 
2.47409 1 
1.64554 1 
-2.4377 1 
-2.77287 1 
-2.62687 1 
-0.0729659 1 
1.48968 1 
1.30317 1 
1.40043 1 
1.0915 1 
ZONE T="boundary2"
4 -0.674116 
4 -0.0580291 
4 -0.11935 
4 -0.177557 
4 0.508609 
4 0.331582 
4 0.380749 
4 -0.148454 
4 0.147639 
4 0.754305 
4 1 
4 -0.583384 
4 -0.430684 
4 -0.368715 
4 0.00329192 
4 -0.30224 
4 -0.235764 
4 -0.269002 
4 -0.492653 
4 -0.837058 
4 -1 
4 0.215027 
4 0.282416 
4 0.356165 
4 0.631457 
4 0.877152 
4 0.444679 
4 -0.399699 
4 0.0754654 
4 -0.335477 
4 -0.538019 
4 -0.755587 
4 -0.918529 
4 -0.206661 
4 -0.133902 
4 -0.252383 
4 -0.285621 
4 0.248721 
4 0.306999 
4 0.181333 
4 -0.62875 
4 -0.163006 
4 -0.0886897 
4 -0.0273686 
4 -0.461668 
ZONE T="boundary3"
-3.45124 -1 
-1.63171 -1 
-1.50461 -1 
0.481546 -1 
-1.01777 -1 
0.00960412 -1 
0.159118 -1 
-0.0547527 -1 
0.677613 -1 
0.79975 -1 
-0.456189 -1 
1.01639 -1 
1.11088 -1 
0.546902 -1 
-0.3669 -1 
-3.02856 -1 
-1.96386 -1 
2.94566 -1 
1.94125 -1 
2.30249 -1 
-2.59264 -1 
-2.37237 -1 
3.25879 -1 
3.42491 -1 
3.75 -1 
-4 -1 
-3.72562 -1 
-2.81292 -1 
2.55057 -1 
0.11654 -1 
0.219145 -1 
0.073961 -1 
-0.0978826 -1 
-0.277611 -1 
-0.209312 -1 
-0.141013 -1 
0.279173 -1 
0.347682 -1 
-0.656125 -1 
0.416191 -1 
0.921888 -1 
1.32099 -1 
1.21594 -1 
1.53512 -1 
1.42805 -1 
1.73818 -1 
1.63665 -1 
4 -1 
-1.1409 -1 
-0.894634 -1 
-0.775379 -1 
-1.2592 -1 
-1.3775 -1 
-1.79779 -1 
-3.2442 -1 
3.09267 -1 
-2.16811 -1 
2.79865 -1 
-1.56816 -1 
1.06363 -1 
0.612257 -1 
-0.411544 -1 
2.12187 -1 
-2.4825 -1 
3.58746 -1 
-3.86281 -1 
2.42653 -1 
0.137829 -1 
0.0952502 -1 
0.189132 -1 
-0.0763177 -1 
0.0417825 -1 
-0.0225743 -1 
-0.243461 -1 
-0.119448 -1 
0.738682 -1 
0.313427 -1 
-0.322255 -1 
-0.175162 -1 
-0.556157 -1 
0.381936 -1 
0.860819 -1 
0.969136 -1 
1.26846 -1 
1.16341 -1 
1.48159 -1 
1.37452 -1 
1.68742 -1 
3.875 -1 
1.83972 -1 
-1.07933 -1 
-0.9562 -1 
-1.20005 -1 
-1.44105 -1 
-1.71475 -1 
-3.34772 -1 
-3.13638 -1 
-1.88082 -1 
3.01917 -1 
-2.70278 -1 
-2.92074 -1 
-2.27024 -1 
3.17573 -1 
3.34185 -1 
2.67461 -1 
2.87216 -1 
-2.06599 -1 
-3.58843 -1 
0.249159 -1 
-0.835007 -1 
0.514224 -1 
-0.715752 -1 
0.448869 -1 
-1.31835 -1 
1.58588 -1 
ZONE T="boundary4"
-0.254442 0.481063 
-0.230155 0.481518 
-0.53999 0.322783 
-0.371721 0.455364 
-0.349099 0.463614 
-0.2787 0.479042 
-0.393574 0.44571 
-0.617742 0.143535 
-0.621492 0.119639 
0.384363 0.288034 
-0.624635 0.0720824 
-0.623786 0.0957949 
0.649546 0.00672865 
0.65032 -0.00860788 
0.609415 0.127939 
-0.594545 0.22345 
-0.586957 0.241621 
0.483429 0.242964 
0.449327 0.26099 
-0.62212 0.0254576 
-0.624067 0.0486371 
-0.156193 0.47395 
-0.131517 0.468689 
-0.524952 0.341985 
-0.612539 0.167395 
-0.601386 0.204936 
-0.607255 0.18671 
-0.578348 0.259975 
-0.567058 0.281174 
-0.508906 0.360193 
-0.491881 0.377377 
-0.205524 0.480447 
-0.106524 0.462134 
-0.455053 0.408428 
-0.435321 0.422175 
-0.414861 0.434593 
-0.473899 0.39349 
-0.326122 0.470291 
-0.181004 0.477917 
0.647933 0.0219745 
-0.0816283 0.454509 
-0.302499 0.475469 
0.580153 0.166574 
0.595721 0.147704 
-0.554588 0.301682 
0.428323 0.270629 
0.406489 0.279681 
0.291975 0.31776 
0.338346 0.303532 
0.361455 0.296004 
0.563283 0.18402 
0.46994 0.25048 
0.07771 0.391688 
0.106502 0.380115 
0.137407 0.368246 
0.0219482 0.414851 
0.0489848 0.403568 
-0.0562271 0.445764 
0.263286 0.326394 
0.315244 0.310714 
0.168358 0.35703 
0.234416 0.335243 
0.201439 0.345788 
0.642112 0.0521042 
0.645463 0.0370987 
0.637929 0.0667609 
0.650279 -0.0239732 
0.621452 0.106817 
0.631403 0.0849566 
-0.0306027 0.436148 
0.496698 0.235024 
-0.00497752 0.425948 
0.522557 0.217753 
0.543444 0.201663 
-0.242307 0.481482 
-0.360478 0.459678 
-0.619794 0.131618 
-0.624388 0.0839472 
0.650036 -0.000933983 
-0.590844 0.232577 
-0.623266 0.0370346 
-0.143832 0.471472 
-0.532608 0.332495 
-0.622818 0.107737 
-0.615315 0.155506 
-0.604417 0.195856 
-0.610009 0.177085 
-0.572851 0.270657 
-0.598062 0.214231 
-0.500517 0.368913 
-0.118995 0.465551 
-0.445292 0.415457 
-0.425187 0.428548 
-0.464588 0.401105 
-0.337666 0.467144 
-0.404306 0.440326 
-0.266591 0.48025 
-0.0940506 0.458441 
-0.168581 0.476102 
-0.582755 0.250848 
-0.193255 0.479359 
-0.517059 0.351208 
-0.382724 0.450717 
-0.483008 0.385571 
0.588129 0.157302 
-0.314355 0.473079 
-0.560968 0.291519 
0.43887 0.265914 
0.417444 0.275251 
-0.217838 0.481171 
0.395456 0.283938 
0.372932 0.292085 
0.459687 0.255848 
0.0920928 0.385854 
0.121937 0.374108 
0.0354676 0.409211 
-0.0689035 0.450239 
0.277639 0.322068 
0.303617 0.314249 
-0.547447 0.312347 
0.152868 0.362557 
0.248852 0.330785 
0.217921 0.340446 
0.326807 0.307152 
-0.290632 0.477452 
0.648846 0.0143632 
0.643897 0.0446263 
0.640127 0.0594636 
0.646806 0.0295547 
0.650399 -0.0162904 
0.626676 0.0960022 
-0.624526 0.0603573 
0.349918 0.299815 
-0.0433949 0.441035 
0.00849307 0.420429 
0.0633402 0.397602 
0.184885 0.351321 
-0.0177776 0.431102 
0.602777 0.13797 
0.61567 0.117516 
0.490092 0.239048 
0.476712 0.246774 
0.509767 0.226617 
0.634834 0.0759202 
0.533127 0.209885 
0.553524 0.193031 
0.57188 0.17546 
ZONE T="boundary5"
-0.583773 -0.105725 
-0.573261 -0.126211 
-0.53698 -0.183023 
-0.525158 -0.198565 
-0.618836 0.00262807 
-0.614258 -0.0198372 
-0.608431 -0.0419005 
-0.59316 -0.084839 
-0.601381 -0.0635843 
-0.549687 -0.164956 
-0.153462 -0.443315 
-0.406226 -0.314813 
-0.387742 -0.328235 
-0.179087 -0.43456 
-0.204446 -0.425099 
-0.229398 -0.414981 
-0.278096 -0.39276 
-0.254047 -0.404158 
-0.301802 -0.380656 
-0.0203861 -0.476592 
-0.0477162 -0.471374 
-0.127455 -0.4514 
-0.0745657 -0.465444 
-0.101219 -0.458763 
-0.367455 -0.341985 
0.606643 -0.195714 
-0.486314 -0.243458 
-0.47185 -0.258269 
-0.456913 -0.272587 
-0.51284 -0.213708 
-0.499791 -0.228784 
-0.62212 0.0254576 
-0.346752 -0.355076 
-0.32447 -0.368212 
-0.424268 -0.300779 
-0.440831 -0.286968 
0.482295 -0.380507 
-0.561663 -0.146285 
0.629212 -0.135231 
0.635056 -0.116079 
0.506116 -0.358498 
0.494395 -0.369799 
0.12072 -0.490288 
0.0919608 -0.489346 
0.00709987 -0.481012 
0.0632525 -0.487438 
0.0351213 -0.484659 
0.597802 -0.216411 
0.588309 -0.23732 
0.179381 -0.489038 
0.150065 -0.490212 
0.208919 -0.486677 
0.238639 -0.48302 
0.298469 -0.47129 
0.268437 -0.477954 
0.328485 -0.462888 
0.358224 -0.452621 
0.387488 -0.440354 
0.416096 -0.425939 
0.443495 -0.409462 
0.469768 -0.390685 
0.538187 -0.321751 
0.517355 -0.346686 
0.547917 -0.308464 
0.64562 -0.0701077 
0.642691 -0.0854598 
0.528032 -0.334448 
0.557086 -0.294774 
0.615033 -0.174831 
0.622403 -0.155129 
0.573496 -0.266854 
0.647885 -0.0547812 
0.649458 -0.0393425 
0.650279 -0.0239732 
-0.578647 -0.116035 
-0.531134 -0.190844 
-0.61671 -0.00863642 
-0.611501 -0.0309093 
-0.597414 -0.0742667 
-0.397037 -0.321598 
-0.166305 -0.439027 
-0.216958 -0.420128 
-0.241761 -0.409658 
-0.605057 -0.0527905 
-0.289995 -0.386797 
-0.0340707 -0.474082 
-0.0879168 -0.462197 
-0.114364 -0.455172 
-0.479141 -0.250922 
-0.519058 -0.206185 
-0.493106 -0.236171 
-0.313183 -0.37452 
-0.415307 -0.307873 
-0.377654 -0.335193 
-0.432608 -0.293944 
-0.567584 -0.136319 
-0.543426 -0.174055 
-0.357154 -0.348611 
-0.555778 -0.155687 
0.500316 -0.364212 
0.106337 -0.48994 
-0.335662 -0.361731 
0.0491758 -0.486159 
0.0210963 -0.482942 
0.593121 -0.226896 
0.164729 -0.489766 
0.194163 -0.488009 
0.283498 -0.474818 
0.401923 -0.433406 
0.313538 -0.467303 
-0.464441 -0.265492 
-0.506371 -0.221296 
0.456821 -0.400342 
0.476084 -0.385662 
0.511799 -0.352653 
0.488401 -0.375218 
0.63222 -0.125681 
0.602277 -0.206086 
0.644233 -0.077798 
0.522758 -0.340625 
0.543122 -0.31516 
0.552572 -0.301667 
-0.448935 -0.279849 
0.533176 -0.328155 
0.618781 -0.165003 
0.581107 -0.252193 
0.610897 -0.185296 
-0.588604 -0.0953432 
-0.620646 0.0140203 
0.648762 -0.0470706 
0.649963 -0.0316625 
0.646836 -0.0624563 
0.625885 -0.145206 
0.63914 -0.100834 
0.56555 -0.280971 
-0.140487 -0.447448 
-0.00665988 -0.478903 
0.135393 -0.490384 
0.25357 -0.480665 
-0.266113 -0.398546 
-0.0611627 -0.468504 
0.0775988 -0.48851 
0.2238 -0.485012 
0.343435 -0.457985 
-0.1918 -0.429918 
0.37296 -0.446733 
0.429953 -0.417964 
