ZONE T="boundary0"
-4 -0.418202 
-4 0.691677 
-4 1 
-4 0.507661 
-4 0.239995 
-4 0.301551 
-4 -0.251865 
-4 0.101188 
-4 -0.0310229 
-4 0.599669 
-4 -0.369538 
-4 -0.495969 
-4 -0.573735 
-4 -0.182855 
-4 -0.320875 
-4 -0.106939 
-4 0.170592 
-4 0.205294 
-4 0.13589 
-4 0.363106 
-4 -1 
-4 -0.786868 
-4 0.435384 
-4 0.845838 
-4 0.270773 
-4 0.0350826 
-4 -0.39387 
-4 -0.534852 
-4 -0.21736 
-4 -0.28637 
-4 -0.0689809 
-4 0.187943 
-4 0.118539 
-4 0.645673 
-4 0.553665 
-4 -0.144897 
-4 -0.457085 
-4 -0.680301 
-4 -0.893434 
-4 0.332329 
-4 0.399245 
-4 0.471522 
-4 0.153241 
-4 -0.345206 
-4 0.222645 
ZONE T="boundary1"
-4 1 
-3.68203 1 
1.33339 1 
1.45281 1 
0.713873 1 
0.833052 1 
0.938559 1 
-1.30459 1 
1.04549 1 
-0.302644 1 
-0.110938 1 
-0.181994 1 
-0.0398833 1 
2.7929 1 
-3.23214 1 
-2.95214 1 
-3.84102 1 
4 1 
3.77623 1 
-1.1898 1 
3.13779 1 
2.33192 1 
-2.19187 1 
-2.0087 1 
2.11996 1 
3.41424 1 
3.27601 1 
2.58623 1 
-2.69208 1 
-2.43201 1 
0.27463 1 
0.224068 1 
0.594694 1 
0.510505 1 
0.46841 1 
-0.623326 1 
-0.423294 1 
0.0278614 1 
-0.52331 1 
0.426316 1 
-0.242319 1 
0.375754 1 
0.325192 1 
0.0956061 1 
0.159837 1 
-0.790698 1 
-0.734907 1 
-0.960748 1 
-1.07501 1 
-1.54747 1 
-1.42603 1 
-1.82553 1 
-3.45709 1 
1.57222 1 
1.90801 1 
1.74012 1 
1.15242 1 
1.24291 1 
3.55246 1 
2.99956 1 
-0.846488 1 
1.3931 1 
0.773463 1 
0.885806 1 
0.992024 1 
-0.146466 1 
-3.09214 1 
-3.92051 1 
3.88811 1 
-2.10028 1 
3.34512 1 
-2.56204 1 
0.249349 1 
0.552599 1 
0.489458 1 
-0.362969 1 
-0.573318 1 
-0.272481 1 
0.350473 1 
0.654284 1 
0.127722 1 
-0.679117 1 
-0.473302 1 
-1.2472 1 
-1.01788 1 
-1.48675 1 
-1.1324 1 
-1.6865 1 
-3.34461 1 
-3.56956 1 
1.51251 1 
1.82406 1 
-1.91712 1 
-2.82211 1 
3.66434 1 
-2.31194 1 
3.2069 1 
3.06868 1 
2.45907 1 
-3.76153 1 
2.01399 1 
2.22594 1 
-0.903618 1 
-0.00601096 1 
0.447363 1 
0.0617337 1 
-0.212156 1 
0.401035 1 
-0.0754109 1 
0.299911 1 
0.191952 1 
-1.36531 1 
1.65617 1 
1.19766 1 
1.09895 1 
3.48335 1 
1.28815 1 
2.89623 1 
2.68957 1 
-0.762803 1 
-0.818593 1 
ZONE T="boundary2"
4 -0.401922 
4 -0.343366 
4 -0.272776 
4 0.180351 
4 0.228986 
4 0.114659 
4 0.0489668 
4 -0.202185 
4 -0.120107 
4 -0.0355702 
4 -0.460477 
4 0.622544 
4 1 
4 -0.657466 
4 -0.558972 
4 -0.828733 
4 -1 
4 0.277621 
4 0.253303 
4 0.519601 
4 0.455169 
4 0.725486 
4 0.390738 
4 0.334179 
4 0.3059 
4 -0.372644 
4 -0.308071 
4 0.204669 
4 0.0818129 
4 -0.23748 
4 -0.161146 
4 -0.608219 
4 -0.7431 
4 0.00669828 
4 0.265462 
4 -0.0778387 
4 0.487385 
4 0.147505 
4 0.674015 
4 0.571073 
4 -0.431199 
4 -0.509724 
4 0.862743 
4 -0.914367 
4 0.32004 
4 0.241145 
4 0.29176 
4 0.362458 
4 0.422953 
ZONE T="boundary3"
-1.37581 -1 
-0.264491 -1 
-0.885399 -1 
-0.952502 -1 
-1.01961 -1 
-1.16762 -1 
0.286979 -1 
0.0485362 -1 
3.25626 -1 
3.46852 -1 
-0.136087 -1 
-0.0724021 -1 
0.893755 -1 
0.786621 -1 
1.22221 -1 
2.31436 -1 
2.54048 -1 
-0.641079 -1 
-0.535919 -1 
-1.27172 -1 
0.679156 -1 
1.70928 -1 
-3.26832 -1 
-2.80599 -1 
2.79224 -1 
3.73426 -1 
-2.57966 -1 
4 -1 
1.89876 -1 
3.044 -1 
-3.03232 -1 
-3.50432 -1 
2.08824 -1 
-0.432565 -1 
0.138708 -1 
0.571691 -1 
0.458384 -1 
0.345076 -1 
-0.0119329 -1 
0.228881 -1 
-0.199771 -1 
-0.380888 -1 
-0.329211 -1 
1.00089 -1 
1.11155 -1 
1.32615 -1 
1.43009 -1 
-1.48997 -1 
-1.60413 -1 
-1.71829 -1 
-0.746238 -1 
-3.75216 -1 
-4 -1 
1.56969 -1 
-2.16312 -1 
-1.83245 -1 
-2.37139 -1 
0.183795 -1 
-0.918951 -1 
-1.09361 -1 
3.36239 -1 
-0.104244 -1 
0.840188 -1 
2.42742 -1 
-0.588499 -1 
-1.21967 -1 
0.732889 -1 
-2.69282 -1 
3.86713 -1 
-2.91915 -1 
-3.38632 -1 
-0.484242 -1 
0.40173 -1 
-0.167929 -1 
0.316027 -1 
0.25793 -1 
-0.232131 -1 
-0.355049 -1 
0.625424 -1 
0.515037 -1 
0.947322 -1 
1.16688 -1 
1.37812 -1 
1.05622 -1 
-1.43289 -1 
-1.66121 -1 
-1.32376 -1 
-0.815819 -1 
-3.87608 -1 
-3.62824 -1 
1.63949 -1 
3.60139 -1 
-0.986054 -1 
1.27418 -1 
1.49989 -1 
-1.99778 -1 
-2.26725 -1 
2.66636 -1 
2.91812 -1 
-1.77537 -1 
3.15013 -1 
2.2013 -1 
1.9935 -1 
1.80402 -1 
-3.15032 -1 
0.0183016 -1 
0.0936223 -1 
0.206338 -1 
-0.296851 -1 
-0.0421675 -1 
0.161252 -1 
-0.406726 -1 
-0.693659 -1 
-1.54705 -1 
-2.47552 -1 
ZONE T="boundary4"
-0.274522 0.44726 
-0.343203 0.410969 
-0.633036 0.0140735 
-0.320839 0.423811 
-0.298032 0.435864 
-0.464652 0.318762 
-0.445966 0.335993 
0.633632 0.0240587 
-0.499889 0.281978 
-0.482634 0.30077 
0.62553 0.0531244 
0.629939 0.0385927 
-0.628686 0.0377556 
-0.622935 0.0614671 
-0.615805 0.0851095 
-0.597544 0.131876 
-0.607331 0.108595 
-0.588654 0.150607 
-0.569681 0.185437 
-0.579037 0.168991 
-0.559804 0.201584 
-0.635982 -0.00955694 
-0.546962 0.221094 
-0.533455 0.240151 
-0.386081 0.383186 
-0.364896 0.397462 
-0.406635 0.36821 
-0.426608 0.352479 
-0.250628 0.457842 
-0.201084 0.476817 
-0.226018 0.46775 
-0.149533 0.492662 
-0.122895 0.499398 
-0.0960571 0.505228 
-0.0684836 0.51024 
-0.0123335 0.517431 
0.0161704 0.519533 
-0.0407759 0.514293 
-0.517134 0.261432 
0.61328 0.0855435 
0.603141 0.107841 
0.579888 0.152329 
0.540933 0.221083 
0.64022 -0.0196677 
0.638794 -0.00509925 
0.452969 0.355203 
0.403895 0.404976 
0.429145 0.381262 
0.347917 0.446169 
0.376582 0.426816 
0.554627 0.196978 
0.591843 0.130223 
0.512218 0.271094 
0.567344 0.174652 
0.527222 0.245289 
0.494342 0.299638 
0.0454639 0.520584 
0.0747325 0.520479 
0.104865 0.519113 
0.134813 0.516418 
0.165638 0.512153 
0.287918 0.477235 
0.226673 0.498706 
0.25733 0.489079 
0.636591 0.00949158 
0.620507 0.0674618 
0.196084 0.50633 
-0.17544 0.485174 
0.318224 0.462974 
0.474261 0.32838 
-0.309488 0.429937 
-0.455395 0.327471 
-0.491363 0.291466 
0.627815 0.045883 
-0.625976 0.0496499 
-0.619531 0.0733352 
-0.602586 0.120297 
-0.611723 0.0969066 
-0.593192 0.141285 
-0.574426 0.177252 
-0.583933 0.159844 
-0.564805 0.193548 
-0.634681 0.00227791 
-0.553469 0.211396 
-0.473736 0.309859 
-0.375554 0.39042 
-0.396428 0.375793 
-0.286326 0.441664 
-0.35411 0.404312 
-0.436367 0.34433 
-0.416697 0.360439 
-0.26262 0.452653 
-0.213589 0.472388 
-0.136242 0.496143 
-0.0822909 0.507853 
0.00191052 0.518613 
-0.054646 0.512387 
-0.525407 0.250877 
-0.54029 0.23068 
0.608341 0.0967501 
-0.63103 0.0259439 
0.631871 0.0313476 
0.639604 -0.0123735 
0.416746 0.393369 
0.390455 0.416176 
-0.238365 0.462901 
0.585928 0.141306 
0.560992 0.185814 
0.534086 0.233188 
0.573647 0.163504 
0.503433 0.285465 
0.0601008 0.520679 
0.0898084 0.519959 
-0.508629 0.271802 
0.150254 0.514478 
0.242078 0.494132 
0.635202 0.0167935 
0.616997 0.0765432 
0.623091 0.0603184 
0.637787 0.00221061 
0.597591 0.119079 
0.519789 0.258232 
-0.332078 0.417489 
-0.1095 0.502427 
0.030814 0.5202 
0.180901 0.509443 
0.211435 0.502738 
-0.162517 0.489026 
-0.0265673 0.51599 
-0.188297 0.481104 
0.547773 0.209023 
0.441295 0.368458 
0.3032 0.470381 
0.333231 0.45486 
0.272725 0.483416 
0.463829 0.341968 
0.36244 0.436782 
0.119856 0.517936 
0.484504 0.314156 
ZONE T="boundary5"
-0.576443 -0.245367 
-0.564991 -0.260579 
-0.623592 -0.147347 
-0.636306 -0.0795504 
-0.637625 -0.0564175 
0.638068 -0.0774532 
0.63558 -0.0916637 
-0.629313 -0.125055 
-0.633539 -0.102458 
-0.607615 -0.190646 
-0.587023 -0.229373 
-0.309174 -0.378318 
-0.335559 -0.375799 
-0.361618 -0.372112 
-0.282409 -0.379878 
-0.2007 -0.380811 
-0.173243 -0.380502 
-0.145448 -0.380136 
-0.117743 -0.379828 
-0.507605 -0.314767 
-0.490602 -0.326018 
0.616009 -0.15203 
-0.552407 -0.275227 
-0.538957 -0.288913 
0.621025 -0.140186 
-0.523694 -0.302431 
-0.0897086 -0.379648 
-0.472927 -0.336061 
-0.410804 -0.360951 
-0.432762 -0.353757 
-0.453139 -0.345586 
-0.0617886 -0.379641 
-0.0335815 -0.379814 
0.563844 -0.234676 
-0.616362 -0.169241 
-0.637514 -0.033064 
-0.635982 -0.00955694 
-0.597915 -0.210431 
-0.00548743 -0.380147 
0.0228268 -0.380597 
0.0510653 -0.381091 
0.107719 -0.381862 
0.079407 -0.381547 
0.221805 -0.379325 
0.193183 -0.380791 
0.164594 -0.381612 
0.136157 -0.381925 
0.393711 -0.348226 
0.250587 -0.377059 
0.279355 -0.373849 
0.336901 -0.36392 
0.308172 -0.369521 
0.36544 -0.356882 
0.448235 -0.325677 
0.421258 -0.337911 
0.610506 -0.163664 
0.522327 -0.277013 
0.544172 -0.256538 
0.640863 -0.034193 
0.640716 -0.0487351 
0.597107 -0.188006 
0.628372 -0.11957 
0.632331 -0.105748 
0.639785 -0.0631183 
0.64022 -0.0196677 
-0.386438 -0.36725 
-0.228198 -0.380927 
-0.255322 -0.380681 
0.486773 -0.30365 
0.582058 -0.210958 
0.474167 -0.311528 
0.499042 -0.295256 
0.533478 -0.267018 
-0.570836 -0.253063 
-0.637146 -0.067996 
0.63692 -0.0845745 
-0.626639 -0.136251 
-0.635106 -0.0910279 
-0.348616 -0.374117 
-0.186968 -0.380671 
-0.131592 -0.37997 
-0.581852 -0.237449 
-0.545797 -0.282183 
-0.558821 -0.268007 
-0.103722 -0.379719 
-0.421844 -0.357528 
-0.443021 -0.349837 
-0.48185 -0.331186 
-0.0476811 -0.379705 
-0.515758 -0.308739 
-0.612173 -0.18002 
-0.531446 -0.295807 
-0.602929 -0.20062 
-0.636923 -0.0213009 
-0.322383 -0.377194 
0.00867248 -0.380361 
0.0369475 -0.380843 
0.0935625 -0.381729 
0.207496 -0.380147 
-0.637748 -0.0447418 
0.178888 -0.381273 
0.121937 -0.381933 
0.264982 -0.375581 
0.322566 -0.366888 
0.434853 -0.332033 
-0.592625 -0.219992 
0.554227 -0.245805 
0.640889 -0.0414645 
0.604054 -0.17597 
0.618579 -0.146134 
0.63044 -0.112684 
0.624892 -0.129946 
0.613316 -0.157874 
0.634049 -0.0987268 
0.640348 -0.0559324 
0.639024 -0.0702967 
-0.0195312 -0.379963 
-0.463119 -0.340993 
-0.214447 -0.380904 
-0.631611 -0.113793 
0.640639 -0.0269255 
-0.24176 -0.380861 
0.236202 -0.378301 
0.407565 -0.34329 
0.379636 -0.352761 
-0.159342 -0.380318 
-0.2958 -0.379207 
0.0652365 -0.38133 
0.150375 -0.381823 
0.293782 -0.371832 
0.351213 -0.360588 
0.573177 -0.222992 
-0.268868 -0.380362 
-0.075744 -0.379622 
-0.499202 -0.320538 
-0.374067 -0.369853 
-0.398676 -0.364292 
-0.620164 -0.158357 
0.589793 -0.19962 
0.461336 -0.318852 
0.510884 -0.286388 
0.480512 -0.307653 
0.492951 -0.299519 
0.52796 -0.272077 
0.538881 -0.261838 
