ZONE T="boundary0"
-4 -0.124543 
-4 0.246119 
-4 0.299536 
-4 0.484448 
-4 0.613336 
-4 0.871112 
-4 0.742224 
-4 1 
-4 0.202598 
-4 0.418701 
-4 0.352953 
-4 0.159076 
-4 -0.18762 
-4 -0.233015 
-4 -0.156082 
-4 -0.0614666 
-4 -0.462232 
-4 -0.555263 
-4 -0.666447 
-4 -0.777631 
-4 -1 
-4 0.00528322 
-4 0.0720331 
-4 -0.27841 
-4 -0.369201 
-4 -0.323806 
-4 0.272828 
-4 0.548892 
-4 0.806668 
-4 0.935556 
-4 0.224358 
-4 0.326244 
-4 0.385827 
-4 0.451574 
-4 0.180837 
-4 0.67778 
-4 -0.210317 
-4 -0.140312 
-4 -0.508747 
-4 -0.722039 
-4 -0.888816 
-4 -0.171851 
-4 -0.0930049 
-4 -0.0280917 
-4 0.0386581 
-4 -0.346503 
-4 -0.415716 
-4 0.115555 
-4 -0.610855 
-4 -0.255713 
-4 -0.301108 
ZONE T="boundary1"
-3.53036 1 
-3.3169 1 
-2.68945 1 
-2.5536 1 
3.30895 1 
3.48171 1 
-0.039988 1 
0.0280983 1 
0.301603 1 
0.231262 1 
-0.442522 1 
-0.369278 1 
-2.00206 1 
-2.14063 1 
-0.543343 1 
-4 1 
-3.875 1 
1.93131 1 
-1.01592 1 
-1.13707 1 
-1.58737 1 
-3.00318 1 
2.8563 1 
2.38311 1 
2.15721 1 
1.42241 1 
1.56132 1 
-0.232947 1 
-0.296034 1 
-0.644165 1 
-0.16986 1 
-0.104924 1 
-0.894767 1 
0.0961841 1 
0.163723 1 
-0.706815 1 
-0.769466 1 
0.464182 1 
0.371945 1 
0.676627 1 
0.55642 1 
3.82724 1 
-1.35187 1 
-1.24447 1 
0.796835 1 
1.28351 1 
3.08262 1 
3.65447 1 
4 1 
-3.76518 1 
-1.46962 1 
1.051 1 
1.16726 1 
1.74631 1 
-1.8635 1 
0.923917 1 
-2.41776 1 
-2.84631 1 
-3.42363 1 
-2.62153 1 
3.39533 1 
-0.00594498 1 
0.266433 1 
-0.4059 1 
-2.07134 1 
-3.9375 1 
-3.16004 1 
2.61971 1 
2.27016 1 
1.49186 1 
-0.26449 1 
-0.332656 1 
-0.492933 1 
-0.201403 1 
-0.137392 1 
0.0621411 1 
0.129954 1 
-0.73814 1 
-1.07649 1 
0.418064 1 
0.616524 1 
-0.593754 1 
-1.29817 1 
-0.832116 1 
-0.955342 1 
0.736731 1 
1.35296 1 
3.19578 1 
3.56809 1 
3.74085 1 
3.91362 1 
-3.64777 1 
-1.52849 1 
1.22538 1 
1.10913 1 
-1.72543 1 
0.860376 1 
-2.27919 1 
-3.82009 1 
1.83881 1 
1.65381 1 
-1.93278 1 
-2.48568 1 
-2.76788 1 
2.04426 1 
2.96946 1 
-0.072456 1 
0.197492 1 
0.336774 1 
-0.67549 1 
0.510301 1 
-1.19077 1 
0.987457 1 
-1.41074 1 
-2.92475 1 
ZONE T="boundary2"
4 -0.805327 
4 -0.360126 
4 -0.200994 
4 -0.259196 
4 -0.135485 
4 0.575009 
4 -0.0697681 
4 0.194472 
4 0.108572 
4 0.277859 
4 0.665979 
4 -0.00405087 
4 -0.304707 
4 0.151522 
4 0.367741 
4 0.42589 
4 0.484039 
4 -0.415545 
4 -0.513099 
4 -0.610653 
4 0.83299 
4 1 
4 -1 
4 -0.230095 
4 -0.16824 
4 -0.0369095 
4 -0.102627 
4 -0.332417 
4 0.0522608 
4 0.172997 
4 0.236165 
4 0.3228 
4 0.396816 
4 0.454964 
4 0.620494 
4 -0.464322 
4 0.529524 
4 -0.70799 
4 0.749484 
4 0.916495 
4 -0.561876 
4 -0.902663 
4 0.130047 
4 -0.281952 
4 -0.387835 
ZONE T="boundary3"
-1.62033 -1 
-0.451099 -1 
-0.581456 -1 
0.0582735 -1 
-0.711814 -1 
-0.190345 -1 
-1.44135 -1 
-0.960052 -1 
-0.835933 -1 
-0.304601 -1 
-0.12852 -1 
-0.0666951 -1 
3.09156 -1 
3.30831 -1 
1.39572 -1 
1.50592 -1 
1.78233 -1 
3.52506 -1 
3.76253 -1 
-3.7328 -1 
-3.4656 -1 
2.37935 -1 
-1.9165 -1 
-2.12757 -1 
-1.76842 -1 
-1.31109 -1 
2.81637 -1 
-2.71974 -1 
-2.33863 -1 
-3.18277 -1 
-2.95126 -1 
0.764594 -1 
-0.37785 -1 
0.490829 -1 
0.696153 -1 
0.172092 -1 
-0.00421081 -1 
0.315054 -1 
0.402941 -1 
0.627711 -1 
1.01375 -1 
-1.07044 -1 
1.21803 -1 
1.11589 -1 
-3.32418 -1 
-4 -1 
-1.18083 -1 
-1.24596 -1 
1.94854 -1 
1.61612 -1 
4 -1 
0.243573 -1 
0.889174 -1 
-1.53084 -1 
2.16394 -1 
-0.516278 -1 
-0.897992 -1 
-0.0976073 -1 
-0.773873 -1 
3.19993 -1 
1.45082 -1 
3.64379 -1 
-2.02204 -1 
-1.84246 -1 
2.59786 -1 
-2.52919 -1 
-3.06701 -1 
-0.414475 -1 
0.730373 -1 
0.115183 -1 
-0.159433 -1 
-0.0354529 -1 
-0.247473 -1 
0.0270314 -1 
-0.341226 -1 
0.55927 -1 
0.661932 -1 
1.16696 -1 
1.06482 -1 
1.30687 -1 
-3.25348 -1 
-3.39489 -1 
-3.8664 -1 
-1.21339 -1 
-1.12563 -1 
1.86543 -1 
1.69922 -1 
-2.8355 -1 
3.88126 -1 
2.95396 -1 
3.41668 -1 
0.207833 -1 
0.826884 -1 
0.951464 -1 
0.279313 -1 
0.358998 -1 
0.446885 -1 
-0.646635 -1 
-1.01525 -1 
-1.27852 -1 
-1.37622 -1 
-1.4861 -1 
-1.57559 -1 
-1.69437 -1 
-3.5992 -1 
1.56102 -1 
2.05624 -1 
2.27165 -1 
-2.2331 -1 
ZONE T="boundary4"
-0.0565653 0.531582 
-0.0287448 0.529826 
0.280169 0.38827 
0.305281 0.366948 
0.588566 0.113431 
0.648726 -0.0351648 
0.645472 -0.00908125 
0.60393 0.0924139 
0.61642 0.0720129 
0.630901 0.0417134 
0.624118 0.0571256 
-0.553216 0.262666 
-0.00121603 0.52652 
0.0261311 0.521636 
-0.602496 0.165655 
0.482237 0.213957 
-0.627616 0.0662786 
-0.623862 0.0910257 
-0.6184 0.115896 
0.529486 0.174174 
-0.611261 0.1408 
-0.5922 0.190335 
-0.566156 0.241223 
-0.539311 0.283523 
-0.577304 0.220928 
-0.521966 0.306939 
-0.0844522 0.531789 
-0.352498 0.454584 
-0.503384 0.329489 
-0.443899 0.388999 
-0.399756 0.423917 
-0.376499 0.439801 
-0.422244 0.406963 
-0.629644 0.041763 
-0.250052 0.501768 
-0.223102 0.510348 
-0.302467 0.480655 
-0.276513 0.491861 
-0.62995 0.017529 
-0.140358 0.527634 
-0.168167 0.523317 
-0.112443 0.530465 
-0.195793 0.51754 
0.255957 0.407898 
0.0530282 0.515208 
0.432001 0.256066 
0.330114 0.345263 
0.457079 0.234822 
0.571652 0.133244 
0.50606 0.194231 
0.551471 0.153937 
0.156859 0.473865 
0.181928 0.45963 
0.105748 0.497647 
0.131504 0.486528 
0.079543 0.507224 
0.20664 0.443923 
-0.484528 0.350212 
-0.464678 0.370066 
0.231216 0.426707 
-0.327801 0.46822 
0.639525 0.0166294 
0.63553 0.0293035 
0.596456 0.103084 
0.355521 0.322829 
0.380864 0.300486 
0.406422 0.278149 
-0.0426427 0.530899 
0.292775 0.377667 
0.647432 -0.0220814 
0.610385 0.082342 
0.627632 0.0494735 
0.0124928 0.524275 
-0.621332 0.103505 
-0.615022 0.128403 
-0.597515 0.178064 
-0.607059 0.153291 
-0.559803 0.252015 
-0.546384 0.273175 
-0.571827 0.231129 
-0.530793 0.295345 
-0.512818 0.318332 
-0.388221 0.431995 
-0.411099 0.415571 
-0.433176 0.398107 
-0.628841 0.0540382 
-0.236631 0.506228 
-0.289559 0.486418 
-0.364586 0.447335 
-0.154291 0.525658 
-0.263344 0.496979 
-0.0984566 0.531317 
-0.209494 0.514118 
-0.0149569 0.528369 
-0.0705074 0.531877 
-0.630012 0.0296487 
0.268128 0.398165 
-0.182017 0.520608 
-0.126419 0.529235 
0.317723 0.356135 
0.469638 0.224365 
0.494166 0.204114 
0.169486 0.466909 
0.118705 0.492269 
0.0396264 0.518617 
0.0663432 0.511408 
0.144268 0.480369 
0.194377 0.451923 
-0.474719 0.360255 
0.24367 0.417413 
-0.315209 0.474591 
0.580282 0.123485 
0.642832 0.00385139 
0.633295 0.0355381 
0.600249 0.097788 
0.63761 0.0229924 
0.561722 0.143747 
0.620383 0.0646284 
-0.454398 0.379653 
0.592562 0.108296 
0.092715 0.502624 
-0.584986 0.205745 
-0.494078 0.339962 
-0.340231 0.46155 
0.342824 0.334051 
0.368184 0.311648 
0.44451 0.245408 
0.419191 0.267085 
0.393629 0.2893 
-0.625946 0.0786835 
0.540593 0.16418 
0.517839 0.18428 
0.219018 0.435445 
ZONE T="boundary5"
-0.557524 -0.178814 
-0.541596 -0.197454 
-0.62543 -0.0298258 
-0.628542 -0.00634864 
0.524281 -0.327142 
0.502934 -0.344939 
0.647471 -0.0876856 
0.645637 -0.100792 
-0.596286 -0.118658 
-0.606045 -0.097285 
0.648726 -0.0351648 
-0.620633 -0.0528311 
0.562498 -0.28653 
-0.39195 -0.307645 
-0.205276 -0.378488 
-0.177388 -0.386503 
-0.149377 -0.394057 
-0.261236 -0.360798 
-0.233332 -0.369901 
0.044521 -0.43207 
0.0169037 -0.428336 
-0.0107887 -0.42398 
-0.0383664 -0.419069 
-0.0661136 -0.413581 
-0.0937408 -0.407598 
-0.121618 -0.401057 
-0.343306 -0.329961 
-0.316499 -0.340813 
-0.475769 -0.256667 
-0.486094 -0.248773 
-0.505788 -0.232444 
-0.524316 -0.215332 
-0.288971 -0.351125 
-0.443155 -0.278969 
-0.465237 -0.264285 
-0.571985 -0.159455 
-0.369795 -0.318288 
0.636873 -0.139722 
0.62855 -0.165382 
0.479989 -0.361257 
0.455984 -0.375809 
-0.413737 -0.29623 
-0.62995 0.017529 
0.323267 -0.424839 
0.099987 -0.437575 
0.127811 -0.439247 
0.155708 -0.440126 
-0.584918 -0.1394 
0.0722461 -0.435169 
0.2676 -0.434382 
0.239635 -0.437356 
-0.614162 -0.0753418 
0.211652 -0.439251 
0.183644 -0.440151 
0.4047 -0.400144 
0.295507 -0.430239 
0.377996 -0.409879 
0.350803 -0.418083 
-0.428575 -0.287819 
0.430758 -0.388805 
0.544258 -0.307586 
0.553596 -0.297246 
0.64936 -0.0482589 
0.593638 -0.240391 
0.570935 -0.275477 
0.618467 -0.190777 
0.578921 -0.264092 
0.649352 -0.0614377 
0.643246 -0.113818 
0.606794 -0.215845 
-0.549708 -0.188261 
-0.627201 -0.0181157 
0.513781 -0.336249 
0.646625 -0.094249 
-0.601362 -0.108061 
-0.623245 -0.0413728 
-0.163398 -0.390337 
-0.247306 -0.365416 
0.0030461 -0.42623 
-0.0522527 -0.416389 
-0.107693 -0.404387 
-0.32994 -0.33548 
-0.480957 -0.252755 
-0.515169 -0.224014 
-0.533088 -0.20652 
-0.302766 -0.346053 
-0.454291 -0.27177 
-0.380916 -0.313056 
-0.356598 -0.324233 
0.63293 -0.152623 
0.468116 -0.368747 
-0.402897 -0.302038 
-0.629462 0.00557757 
-0.0245896 -0.421592 
0.113893 -0.438507 
0.141756 -0.43979 
0.030702 -0.43028 
0.0583743 -0.433702 
-0.219323 -0.374256 
0.253632 -0.436008 
-0.617607 -0.0641466 
0.225652 -0.438433 
0.169676 -0.440249 
-0.191349 -0.382554 
0.309419 -0.427701 
0.39142 -0.405207 
0.337078 -0.421634 
-0.435899 -0.28345 
-0.578628 -0.149541 
0.443481 -0.38252 
0.54898 -0.302464 
0.417819 -0.39468 
0.558102 -0.291934 
0.281576 -0.432461 
0.566774 -0.281046 
0.623701 -0.178156 
0.574984 -0.269825 
0.644509 -0.107318 
-0.275129 -0.356036 
0.197652 -0.439821 
-0.0799402 -0.41065 
0.640308 -0.126831 
0.649124 -0.0417079 
0.649436 -0.0548484 
0.648714 -0.0745834 
0.491615 -0.353314 
-0.135512 -0.397614 
0.534468 -0.317567 
0.364455 -0.414166 
0.0861089 -0.436461 
-0.610307 -0.0863887 
-0.590789 -0.129132 
-0.564918 -0.169256 
0.586488 -0.252371 
-0.496049 -0.240738 
-0.470529 -0.260511 
0.600394 -0.228213 
-0.421186 -0.292077 
0.612805 -0.203393 
