ZONE T="boundary0"
-4 -0.381186 
-4 -0.445786 
-4 -0.302653 
-4 -0.341919 
-4 0.207561 
-4 0.167509 
-4 0.397152 
-4 0.334927 
-4 0.533747 
-4 0.459376 
-4 0.706088 
-4 0.608117 
-4 0.0704482 
-4 -0.0266127 
-4 1 
-4 0.804058 
-4 -1 
-4 -0.510386 
-4 0.247612 
-4 -0.586386 
-4 -0.174108 
-4 -0.10036 
-4 -0.23838 
-4 -0.662387 
-4 -0.831193 
-4 0.118979 
-4 -0.413486 
-4 -0.361553 
-4 0.187535 
-4 0.366039 
-4 0.496561 
-4 0.657102 
-4 0.0219178 
-4 0.902029 
-4 -0.478086 
-4 0.291269 
-4 0.428264 
-4 -0.548386 
-4 -0.322286 
-4 -0.137234 
-4 0.227586 
-4 -0.206244 
-4 -0.624387 
-4 -0.915597 
-4 -0.74679 
-4 0.570932 
-4 -0.0634865 
-4 0.143244 
-4 0.0947134 
-4 0.755073 
-4 -0.270517 
ZONE T="boundary1"
-0.14104 1 
-0.210185 1 
0.458041 1 
0.728687 1 
0.322616 1 
0.255968 1 
0.389264 1 
-0.00683551 1 
0.0592356 1 
1.32211 1 
1.21162 1 
-0.0739378 1 
1.13274 1 
0.858424 1 
0.922587 1 
-4 1 
4 1 
3.73627 1 
0.988223 1 
3.47255 1 
-1.33765 1 
-1.22244 1 
-3.74018 1 
-3.29806 1 
-2.7503 1 
3.3194 1 
-2.41594 1 
-2.95649 1 
2.91326 1 
1.99333 1 
2.26122 1 
1.72544 1 
1.57901 1 
0.526817 1 
0.190637 1 
0.125307 1 
-0.421351 1 
-0.637116 1 
0.79426 1 
0.594966 1 
0.663114 1 
-0.279331 1 
-0.350341 1 
-0.491981 1 
-0.56261 1 
1.05386 1 
-0.939489 1 
-1.02882 1 
-0.780889 1 
-1.45287 1 
1.43259 1 
-1.17403 1 
-1.77188 1 
-1.61238 1 
3.16624 1 
-2.03144 1 
-3.12727 1 
-2.5441 1 
2.66028 1 
2.46075 1 
-0.850156 1 
-0.711621 1 
-1.12563 1 
-2.28777 1 
-0.175613 1 
0.289292 1 
0.423652 1 
0.0262 1 
1.26686 1 
0.890506 1 
3.86814 1 
0.955405 1 
1.17218 1 
-1.28005 1 
-3.51912 1 
-2.85339 1 
2.12727 1 
1.65223 1 
0.223302 1 
0.157972 1 
0.761474 1 
-0.244758 1 
-0.385846 1 
-0.527295 1 
0.826342 1 
-0.107489 1 
-0.0403866 1 
-0.314836 1 
1.02104 1 
1.0933 1 
0.0922711 1 
0.560892 1 
0.492429 1 
-0.599863 1 
0.35594 1 
-0.984156 1 
-1.39526 1 
3.60441 1 
-1.69213 1 
1.5058 1 
3.24282 1 
-1.53262 1 
-1.90166 1 
3.39597 1 
-3.04188 1 
-3.21266 1 
2.78677 1 
3.03975 1 
1.85938 1 
-2.6472 1 
2.36098 1 
0.6959 1 
-0.815523 1 
-0.456666 1 
-0.746255 1 
-1.07723 1 
-0.894823 1 
-0.674368 1 
0.62904 1 
1.37735 1 
-3.87009 1 
-2.48002 1 
-2.1596 1 
-2.35185 1 
2.56051 1 
-1.19824 1 
-1.14983 1 
ZONE T="boundary2"
4 -1 
4 -0.398408 
4 -0.345216 
4 0.121776 
4 0.0101824 
4 0.319271 
4 0.216389 
4 1 
4 -0.677386 
4 0.391525 
4 0.463779 
4 0.597834 
4 -0.292024 
4 -0.234932 
4 -0.177839 
4 -0.0838282 
4 -0.569848 
4 -0.484128 
4 0.731889 
4 -0.784924 
4 -0.371812 
4 0.0659793 
4 0.169082 
4 0.26783 
4 0.355398 
4 0.427652 
4 0.530807 
4 -0.206385 
4 -0.130833 
4 -0.263478 
4 -0.0368229 
4 -0.441268 
4 0.664862 
4 0.865945 
4 -0.526988 
4 -0.892462 
4 -0.731155 
4 -0.623617 
4 -0.31862 
ZONE T="boundary3"
-3.48847 -1 
-1.32329 -1 
-1.10596 -1 
4 -1 
3.72596 -1 
0.0136935 -1 
0.0814564 -1 
0.557412 -1 
3.29497 -1 
0.25237 -1 
0.35552 -1 
2.20252 -1 
-4 -1 
-3.74423 -1 
-0.656299 -1 
-0.769459 -1 
0.903381 -1 
1.42018 -1 
1.57707 -1 
1.89589 -1 
-2.77847 -1 
-1.84416 -1 
-1.64091 -1 
2.9412 -1 
3.13802 -1 
-3.31097 -1 
-3.13347 -1 
-0.269771 -1 
-0.224957 -1 
-0.135328 -1 
-0.398768 -1 
-0.0608174 -1 
-0.569625 -1 
-0.48295 -1 
-0.440859 -1 
0.200794 -1 
-0.314585 -1 
-0.882619 -1 
0.149219 -1 
0.456466 -1 
-0.994289 -1 
-1.21463 -1 
0.780951 -1 
-1.4027 -1 
-2.0474 -1 
1.02581 -1 
1.65552 -1 
1.73397 -1 
-1.4821 -1 
3.45193 -1 
1.22299 -1 
2.74439 -1 
2.5458 -1 
2.34721 -1 
2.05782 -1 
-2.46643 -1 
-2.25692 -1 
-2.62245 -1 
1.1244 -1 
3.86298 -1 
0.0475749 -1 
0.303945 -1 
-3.87212 -1 
-0.712879 -1 
-1.74253 -1 
3.03961 -1 
-0.247364 -1 
-0.180142 -1 
-0.0980728 -1 
-0.612962 -1 
-0.461905 -1 
-0.526287 -1 
-0.826039 -1 
0.506939 -1 
-0.419813 -1 
0.115338 -1 
-0.292178 -1 
-1.05012 -1 
0.669182 -1 
-1.363 -1 
0.405993 -1 
-1.94578 -1 
-1.16029 -1 
0.964596 -1 
1.69474 -1 
-1.56151 -1 
3.58894 -1 
1.32159 -1 
2.8428 -1 
2.4465 -1 
2.13017 -1 
2.27486 -1 
-3.39972 -1 
-3.22222 -1 
1.97686 -1 
-2.36167 -1 
1.81493 -1 
-0.938454 -1 
3.2165 -1 
3.37345 -1 
1.49862 -1 
-2.95597 -1 
-3.61635 -1 
-0.0235619 -1 
-0.356677 -1 
0.226582 -1 
0.175007 -1 
-2.15216 -1 
2.64509 -1 
-2.70046 -1 
-1.26896 -1 
-1.4424 -1 
1.1737 -1 
1.07511 -1 
1.6163 -1 
0.842166 -1 
-2.54444 -1 
ZONE T="boundary4"
0.758172 0.33451 
0.529577 0.0962405 
0.554606 0.10683 
0.599439 0.13013 
0.640105 0.157205 
-0.660015 0.0610753 
-0.661732 0.0993701 
0.751097 0.421763 
0.758397 0.38521 
0.755429 0.403949 
0.759817 0.360507 
-0.439912 -0.146108 
-0.389618 -0.169089 
0.67378 0.185434 
0.657357 0.17088 
0.577375 0.117912 
-0.658284 0.0421977 
-0.661005 0.13848 
-0.655106 0.198187 
-0.658195 0.173897 
-0.651126 0.222354 
-0.634456 0.291716 
-0.622722 0.326366 
-0.643927 0.256704 
-0.608963 0.360069 
-0.593223 0.392814 
-0.575411 0.42471 
0.620191 0.143133 
-0.463164 0.558919 
-0.44292 0.575584 
-0.557816 0.452246 
-0.551132 0.0777868 
-0.558441 0.0465668 
-0.537533 0.10682 
0.539051 0.635502 
0.515245 0.645424 
-0.521642 0.499831 
-0.483373 0.540511 
-0.502571 0.521152 
-0.539507 0.477645 
-0.495531 0.153253 
-0.44205 0.181481 
-0.421857 0.591254 
-0.399634 0.606142 
-0.35062 0.633846 
-0.322823 0.646855 
-0.294391 0.65842 
-0.26286 0.66942 
-0.15979 0.694539 
-0.120267 0.700675 
-0.19544 0.687493 
0.477318 0.0788322 
0.745878 0.437913 
0.739661 0.453465 
0.50379 0.0869044 
0.72502 0.245941 
0.734158 0.261262 
0.646742 0.571051 
0.450413 0.0720721 
0.607804 0.598969 
0.628706 0.584813 
0.490008 0.654748 
0.586695 0.611644 
0.562747 0.624373 
0.727042 0.478564 
0.688667 0.200211 
0.71433 0.230563 
-0.0392841 0.708754 
0.00204184 0.71097 
0.088691 0.712224 
0.0454373 0.712135 
0.316784 0.695401 
0.439884 0.670207 
0.270239 0.701444 
0.465074 0.662904 
0.66473 0.555572 
0.70262 0.215791 
0.741856 0.276723 
0.733666 0.466205 
0.712847 0.501013 
0.697909 0.520689 
0.364732 0.0591105 
-0.375487 0.620611 
0.682274 0.53835 
0.421929 0.0663835 
0.393327 0.0620853 
-0.0538323 0.121926 
-0.182267 0.162295 
-0.140477 0.149313 
-0.328603 0.193621 
-0.385303 0.19347 
-0.553393 -0.0172727 
-0.00173442 0.106511 
0.336243 0.0573773 
0.0966475 0.0816963 
0.307691 0.0567951 
0.279182 0.057294 
-0.0973503 0.135565 
0.251731 0.0587295 
0.224388 0.0610307 
-0.230858 0.678847 
-0.527005 -0.071781 
-0.0806867 0.705304 
-0.486573 -0.114914 
0.35357 0.689424 
0.39014 0.682262 
0.157618 0.0699564 
0.133528 0.711252 
-0.224111 0.174243 
-0.27654 0.186407 
0.178201 0.709218 
0.224318 0.70596 
0.0512262 0.092347 
0.752417 0.305915 
0.747698 0.291142 
0.542165 0.101369 
-0.661173 0.0802081 
0.75711 0.394618 
0.759405 0.347499 
-0.415146 -0.158423 
0.665673 0.178044 
0.566065 0.112225 
-0.659222 0.0516296 
-0.656765 0.186056 
-0.653224 0.210287 
-0.628858 0.30913 
-0.639464 0.274281 
0.588492 0.123875 
-0.601342 0.376559 
0.609906 0.136493 
-0.453146 0.567375 
-0.56681 0.4386 
-0.555583 0.0624486 
0.527198 0.640589 
-0.473387 0.549843 
-0.493095 0.530951 
-0.530718 0.488851 
-0.545119 0.0925815 
-0.518759 0.132053 
-0.469903 0.169484 
-0.432485 0.583548 
-0.410838 0.598835 
-0.336806 0.640533 
-0.278693 0.664123 
-0.140052 0.697808 
-0.548839 0.46507 
0.753436 0.412904 
0.742896 0.445744 
0.490606 0.0827008 
0.729731 0.253522 
0.759461 0.372892 
0.63025 0.15003 
0.618354 0.592042 
0.502672 0.650213 
0.574802 0.618167 
0.516746 0.0914051 
-0.0186213 0.710005 
0.0670711 0.712308 
0.293539 0.698616 
0.477577 0.658937 
0.695763 0.207897 
0.68133 0.192719 
0.719805 0.238165 
0.708586 0.223091 
0.738161 0.268922 
0.463907 0.0752877 
0.730432 0.472429 
0.736747 0.459878 
0.70557 0.511004 
0.720198 0.489958 
0.648825 0.163929 
0.748626 0.429888 
-0.659852 0.156208 
-0.387653 0.613531 
0.59733 0.605444 
0.673647 0.547116 
0.436205 0.0690526 
0.407651 0.0640669 
0.379043 0.0604395 
-0.16136 0.155883 
-0.308678 0.652816 
-0.661682 0.11893 
-0.356958 0.19477 
-0.363136 0.627384 
-0.559162 0.0143866 
-0.512247 0.510615 
-0.0278446 0.114081 
0.350492 0.0580956 
0.293432 0.0569141 
0.238047 0.0597761 
-0.213195 0.683379 
-0.177646 0.691203 
-0.584566 0.408898 
-0.542499 -0.0456457 
-0.246911 0.674324 
-0.059991 0.707193 
-0.616098 0.343319 
-0.463989 -0.131626 
0.0237438 0.711693 
0.371886 0.686 
-0.0756215 0.128695 
-0.118926 0.142447 
-0.508229 -0.0946999 
0.127036 0.0754527 
-0.100489 0.703163 
0.111119 0.711871 
-0.20315 0.16844 
-0.30248 0.190733 
-0.250229 0.180793 
0.201275 0.70774 
0.0738825 0.086847 
0.247298 0.703868 
0.0246735 0.099233 
0.155877 0.710368 
-0.414034 0.189177 
0.655853 0.563453 
0.550962 0.630076 
0.755815 0.320126 
0.637817 0.578058 
0.690245 0.529662 
0.744916 0.283887 
0.750199 0.298483 
-0.647751 0.239574 
0.415094 0.676578 
0.452508 0.666658 
0.321961 0.0569462 
0.265444 0.0578992 
0.190897 0.0649514 
0.335201 0.692551 
ZONE T="boundary5"
-0.419264 -0.429047 
-0.433892 -0.414259 
-0.300194 -0.525042 
-0.496377 -0.341721 
-0.185325 -0.580812 
-0.586602 -0.195247 
-0.59719 -0.173025 
-0.60788 -0.148736 
-0.206158 -0.573383 
-0.539644 -0.279683 
-0.526166 -0.300366 
-0.511592 -0.321271 
-0.0241895 -0.286308 
-0.0418255 -0.276464 
-0.57544 -0.217172 
-0.564194 -0.238032 
-0.552462 -0.258606 
-0.449667 -0.397454 
-0.282859 -0.535733 
-0.265217 -0.545793 
-0.372258 -0.471861 
-0.142407 -0.592075 
-0.163971 -0.587116 
-0.335717 -0.500616 
-0.318137 -0.51313 
-0.354204 -0.48654 
-0.388453 -0.457882 
-0.122064 -0.595385 
-0.0840405 -0.597691 
-0.0211373 -0.588112 
-0.226772 -0.564832 
-0.246151 -0.555733 
-0.404275 -0.443453 
-0.389618 -0.169089 
-0.365315 -0.177811 
-0.172517 -0.228729 
-0.0806989 -0.258592 
-0.0603107 -0.267395 
-0.123642 -0.243096 
-0.145985 -0.236204 
-0.315621 -0.192704 
-0.199149 -0.221772 
-0.258165 -0.207288 
-0.101515 -0.250643 
-0.658284 0.0421977 
-0.65331 0.00587477 
-0.340659 -0.185596 
0.065596 -0.373432 
-0.0665682 -0.596875 
0.019054 -0.569725 
-0.0504691 -0.594946 
-0.0354599 -0.592026 
0.00635664 -0.576916 
-0.00686765 -0.582968 
0.0305208 -0.561814 
0.0409047 -0.553195 
0.0743233 -0.507802 
0.0770822 -0.501356 
0.0794775 -0.494857 
0.0501567 -0.544005 
0.0848578 -0.473455 
0.0826096 -0.484235 
0.00814125 -0.308377 
0.0211628 -0.31926 
0.084193 -0.42359 
0.0804072 -0.408039 
-0.101988 -0.597264 
0.0523743 -0.353131 
0.043243 -0.341706 
0.0330669 -0.330611 
0.0861509 -0.437597 
0.0867427 -0.450365 
0.0862488 -0.462353 
-0.617757 -0.124088 
-0.627849 -0.0958471 
-0.00741011 -0.297007 
0.0746081 -0.391835 
-0.464987 -0.38022 
0.0678404 -0.520209 
0.0597306 -0.532437 
-0.480961 -0.361201 
-0.637842 -0.0633285 
-0.29039 -0.199311 
-0.646389 -0.0294886 
-0.225809 -0.215149 
-0.426624 -0.421699 
-0.591972 -0.184173 
-0.195782 -0.577238 
-0.518961 -0.310876 
-0.532986 -0.290077 
-0.0329325 -0.281266 
-0.581089 -0.206245 
-0.558393 -0.248356 
-0.274079 -0.540843 
-0.153215 -0.589771 
-0.326975 -0.506944 
-0.363287 -0.479272 
-0.441837 -0.405911 
-0.380403 -0.464928 
-0.132249 -0.593899 
-0.236505 -0.560389 
-0.21651 -0.569236 
-0.411815 -0.436298 
-0.0704502 -0.262876 
-0.291569 -0.530461 
-0.185822 -0.225198 
-0.377516 -0.173583 
-0.353022 -0.181807 
-0.504063 -0.331554 
-0.112546 -0.246778 
-0.255729 -0.550861 
-0.396412 -0.450721 
-0.0910663 -0.254517 
-0.0752828 -0.59744 
-0.0429263 -0.593622 
-0.000181542 -0.580075 
-0.0282499 -0.590202 
0.0127946 -0.573455 
0.0248815 -0.565892 
0.0358142 -0.557616 
0.075744 -0.504598 
0.0783208 -0.498123 
-0.0139376 -0.585683 
-0.134791 -0.239577 
0.0825069 -0.415785 
-0.0930038 -0.597632 
0.0593259 -0.363105 
0.0382557 -0.336083 
0.0479156 -0.347349 
0.0865898 -0.443986 
0.0838414 -0.478873 
0.0856651 -0.467925 
-0.622948 -0.110021 
0.0866237 -0.456374 
-0.569876 -0.227635 
0.000468816 -0.302571 
-0.0584877 -0.596055 
0.070385 -0.382528 
0.0147476 -0.313722 
0.0853416 -0.430584 
-0.457385 -0.388889 
-0.159231 -0.23239 
-0.112028 -0.596503 
0.0272194 -0.324844 
-0.0510066 -0.271816 
-0.309213 -0.519163 
-0.612925 -0.136456 
-0.0157096 -0.291534 
-0.602633 -0.160924 
0.0456363 -0.5487 
0.0550986 -0.538345 
0.0712394 -0.514091 
0.0639473 -0.52643 
0.0811511 -0.489581 
-0.345016 -0.493655 
-0.473042 -0.370769 
-0.633044 -0.0796501 
-0.328164 -0.189227 
-0.303021 -0.196059 
-0.48874 -0.351517 
-0.174683 -0.584123 
-0.546134 -0.269193 
-0.642337 -0.0464656 
-0.212474 -0.218431 
-0.24199 -0.211213 
-0.274291 -0.203338 
0.0777299 -0.399883 
-0.650097 -0.0118565 
-0.656062 0.0239988 
