ZONE T="boundary0"
-4 -0.468734 
-4 -0.399344 
-4 -0.329954 
-4 -0.275783 
-4 -0.221611 
-4 0.279954 
-4 0.400412 
-4 -0.0017853 
-4 -0.148968 
-4 -0.0753767 
-4 -1 
-4 1 
-4 0.594863 
-4 0.0720211 
-4 -0.568592 
-4 -0.668451 
-4 0.310069 
-4 -0.834226 
-4 0.340183 
-4 0.497638 
-4 0.212891 
-4 0.246422 
-4 0.145827 
-4 0.179359 
-4 -0.434039 
-4 -0.302868 
-4 -0.038581 
-4 0.797431 
-4 -0.364649 
-4 -0.248697 
-4 0.0351179 
-4 -0.618522 
-4 0.295011 
-4 -0.751338 
-4 -0.917113 
-4 0.449025 
-4 -0.18529 
-4 0.370298 
-4 0.229657 
-4 0.325126 
-4 0.263188 
-4 0.162593 
-4 0.108924 
-4 0.196125 
-4 -0.518663 
-4 -0.112172 
-4 0.54625 
ZONE T="boundary1"
1.85654 1 
2.02307 1 
3.75396 1 
4 1 
0.825799 1 
0.707544 1 
0.384473 1 
1.42093 1 
0.0292165 1 
0.115305 1 
-0.0256514 1 
-1.14996 1 
-1.33189 1 
0.478934 1 
2.38177 1 
2.1896 1 
-1.95472 1 
-2.1665 1 
-1.74294 1 
-3.10549 1 
-3.00677 1 
-2.35059 1 
-4 1 
-3.65145 1 
2.79885 1 
2.57394 1 
-3.30291 1 
3.50791 1 
3.26584 1 
-0.0805192 1 
-0.146957 1 
-0.213395 1 
-0.287107 1 
-0.36082 1 
-0.453039 1 
0.593239 1 
0.202659 1 
0.290013 1 
0.337243 1 
-0.545258 1 
-0.651134 1 
-0.75701 1 
0.944053 1 
1.49071 1 
-0.949273 1 
-0.853141 1 
-1.04962 1 
-1.54084 1 
-1.43637 1 
1.29958 1 
1.56049 1 
1.70852 1 
1.06114 1 
3.02377 1 
-2.53467 1 
-2.72137 1 
1.17823 1 
-2.90806 1 
1.9398 1 
3.87698 1 
0.766671 1 
0.0722609 1 
-1.24093 1 
2.28569 1 
-2.06061 1 
-1.84883 1 
-3.05613 1 
-2.25855 1 
-3.82573 1 
2.6864 1 
-3.47718 1 
3.63093 1 
3.38687 1 
-0.0530853 1 
0.00178259 1 
-0.180176 1 
-0.113738 1 
-0.250251 1 
-0.323963 1 
-0.406929 1 
0.650392 1 
0.158982 1 
0.313628 1 
-0.499148 1 
-0.704072 1 
1.45582 1 
-0.901207 1 
-1.09979 1 
-0.598196 1 
-0.999446 1 
-1.48861 1 
-1.38413 1 
1.36026 1 
1.6345 1 
1.5256 1 
-0.805075 1 
-1.64189 1 
1.0026 1 
-2.44263 1 
-2.62802 1 
2.47786 1 
2.91131 1 
-3.2042 1 
0.246336 1 
0.360858 1 
0.536087 1 
0.431704 1 
0.884926 1 
1.78253 1 
1.11969 1 
1.23891 1 
2.10634 1 
3.1448 1 
-2.81472 1 
-2.95742 1 
ZONE T="boundary2"
4 -0.396444 
4 -0.457267 
4 -0.279154 
4 -0.222687 
4 0.358946 
4 0.259852 
4 0.530465 
4 1 
4 0.441388 
4 0.109123 
4 0.184488 
4 0.058346 
4 0.00756859 
4 -1 
4 -0.728633 
4 0.714657 
4 -0.0939863 
4 -0.158336 
4 -0.335621 
4 -0.59295 
4 0.619542 
4 0.809771 
4 0.22217 
4 -0.426855 
4 -0.25092 
4 0.309399 
4 0.146806 
4 0.0837347 
4 -0.864317 
4 0.400167 
4 0.0329573 
4 -0.0432088 
4 -0.307387 
4 -0.525109 
4 -0.660792 
4 0.575004 
4 0.667099 
4 0.904886 
4 0.203329 
4 0.241011 
4 -0.366032 
4 -0.126161 
4 -0.190512 
4 0.762214 
4 0.485926 
ZONE T="boundary3"
-0.693792 -1 
3.32773 -1 
3.5103 -1 
-0.30148 -1 
1.18239 -1 
1.31049 -1 
0.952782 -1 
1.06759 -1 
1.92699 -1 
-1.05791 -1 
-4 -1 
-3.55309 -1 
-1.59407 -1 
-1.17883 -1 
4 -1 
2.14311 -1 
-1.36358 -1 
-3.1482 -1 
-2.7815 -1 
-2.54976 -1 
3.75515 -1 
-1.9744 -1 
-1.78424 -1 
2.88369 -1 
2.62221 -1 
2.38266 -1 
-3.01323 -1 
-2.26208 -1 
0.21369 -1 
-0.155692 -1 
0.289279 -1 
0.375373 -1 
0.461467 -1 
-0.228586 -1 
-0.00776643 -1 
-0.476537 -1 
-0.389008 -1 
-0.0817291 -1 
0.0651678 -1 
0.620416 -1 
-0.585165 -1 
0.77142 -1 
0.862101 -1 
-0.936979 -1 
-0.815386 -1 
1.43858 -1 
1.57473 -1 
1.71087 -1 
-1.2712 -1 
-3.28316 -1 
3.01443 -1 
3.14517 -1 
0.138102 -1 
-2.40592 -1 
3.41901 -1 
1.24644 -1 
-3.77654 -1 
2.03505 -1 
-1.47882 -1 
-2.66563 -1 
-1.68915 -1 
2.50244 -1 
2.26288 -1 
0.332326 -1 
0.251485 -1 
0.41842 -1 
-0.432773 -1 
-0.192139 -1 
-0.11871 -1 
-0.0447478 -1 
-0.345244 -1 
0.0287007 -1 
0.540942 -1 
-0.530851 -1 
0.81676 -1 
-0.639478 -1 
-0.876183 -1 
1.12499 -1 
0.907442 -1 
1.01018 -1 
1.37453 -1 
3.63272 -1 
1.50666 -1 
1.6428 -1 
-1.22502 -1 
0.695918 -1 
3.0798 -1 
3.23645 -1 
-1.11837 -1 
-0.997442 -1 
-3.41812 -1 
-3.08071 -1 
-2.89736 -1 
-3.21568 -1 
1.81893 -1 
3.87757 -1 
2.94906 -1 
-1.87932 -1 
-2.11824 -1 
0.175896 -1 
0.101635 -1 
-0.265033 -1 
-2.47784 -1 
-0.754589 -1 
-2.334 -1 
2.75295 -1 
-1.31739 -1 
ZONE T="boundary4"
-0.252112 0.333281 
0.599883 0.0413768 
-0.626293 0.00412952 
-0.624905 0.0239963 
-0.488507 0.240829 
-0.502994 0.230728 
-0.378665 0.294332 
-0.395167 0.28814 
-0.42747 0.274526 
0.569197 0.244112 
-0.517201 0.219791 
-0.411525 0.281525 
-0.61827 0.0632016 
-0.622239 0.0437333 
-0.626455 -0.015795 
0.606073 0.101262 
0.605517 0.0811095 
-0.473683 0.25022 
-0.458593 0.258915 
-0.61299 0.0822749 
-0.608022 0.0966675 
-0.595342 0.125304 
-0.587042 0.140301 
-0.602276 0.110749 
-0.544076 0.195527 
-0.556537 0.182168 
-0.567808 0.16851 
-0.577906 0.154629 
-0.53094 0.208054 
-0.361711 0.300283 
-0.344682 0.305923 
-0.44318 0.267003 
0.602717 0.141849 
0.599856 0.157637 
0.605119 0.121656 
-0.326847 0.311546 
-0.308989 0.316953 
0.603444 0.061085 
-0.232584 0.338718 
-0.271671 0.327772 
-0.212015 0.3444 
0.596187 0.173289 
-0.169682 0.355987 
-0.147902 0.361885 
-0.191476 0.350039 
-0.0770947 0.380444 
-0.052584 0.386504 
-0.101527 0.374184 
0.472487 0.352598 
0.491536 0.338649 
0.59482 0.0218193 
-0.290323 0.322429 
0.453813 0.364357 
0.434633 0.374794 
0.414194 0.384361 
0.000250923 0.398551 
0.0273783 0.40405 
0.0546998 0.409018 
0.0812137 0.413222 
0.557459 0.264981 
0.528546 0.303812 
0.543743 0.285179 
0.393496 0.392634 
0.510663 0.322163 
0.218246 0.422829 
0.190016 0.422749 
0.134821 0.419601 
0.161889 0.421613 
0.278953 0.418971 
0.367114 0.401386 
0.340653 0.408398 
0.248475 0.421637 
0.107913 0.416775 
0.586739 0.203656 
0.591795 0.188638 
-0.124725 0.368086 
-0.0262399 0.392708 
0.309705 0.414633 
0.578538 0.224305 
-0.625756 0.0140735 
-0.495809 0.235861 
-0.386933 0.291284 
-0.419524 0.278088 
-0.62042 0.0535004 
0.605984 0.0911797 
-0.466182 0.254644 
-0.615797 0.0727833 
-0.610605 0.0895045 
-0.59131 0.132867 
-0.605247 0.103747 
-0.598917 0.118077 
-0.550408 0.188941 
-0.572964 0.161646 
-0.562278 0.175424 
-0.537598 0.201883 
-0.353207 0.303137 
-0.481146 0.245604 
-0.450925 0.263032 
0.60139 0.149761 
0.604094 0.131772 
-0.435357 0.270833 
-0.370202 0.29735 
-0.335772 0.308764 
-0.317923 0.314272 
-0.403367 0.284889 
0.604671 0.0710767 
-0.261893 0.330536 
-0.2223 0.341564 
-0.158794 0.358943 
-0.064848 0.383503 
-0.0893173 0.377336 
-0.18058 0.353018 
-0.242348 0.336006 
0.482142 0.345801 
-0.280999 0.325113 
-0.29966 0.319709 
0.463247 0.358631 
0.424485 0.37973 
0.0137991 0.401364 
0.0679417 0.411198 
0.536348 0.294659 
0.403903 0.38864 
0.501274 0.330606 
0.444303 0.369723 
0.204128 0.422927 
0.148345 0.420714 
0.263729 0.420495 
0.353934 0.405085 
-0.201746 0.347224 
-0.524149 0.214013 
0.598119 0.165485 
0.594081 0.180989 
0.601849 0.0511967 
0.605783 0.111467 
0.597531 0.0315506 
-0.11313 0.37115 
-0.0394241 0.389647 
0.380375 0.397222 
-0.136316 0.364996 
-0.0130081 0.39568 
0.041023 0.406607 
0.519811 0.313187 
0.325226 0.411755 
0.0945492 0.415086 
0.121354 0.418285 
0.233365 0.422405 
0.175945 0.422307 
0.294358 0.417016 
-0.582585 0.147534 
-0.510165 0.225346 
-0.623734 0.0338862 
-0.626524 -0.00583157 
0.574026 0.234284 
0.582798 0.214044 
0.563536 0.254663 
0.550824 0.27523 
0.589351 0.196176 
ZONE T="boundary5"
-0.522658 -0.289481 
0.561432 -0.0530255 
0.261618 -0.529579 
0.580554 -0.0162193 
-0.563613 -0.225182 
-0.553887 -0.242095 
-0.620122 -0.0753274 
-0.623311 -0.0555884 
-0.604676 -0.13382 
-0.61076 -0.114462 
-0.597742 -0.152951 
-0.572831 -0.208003 
-0.61592 -0.0949724 
-0.41542 -0.403166 
-0.230433 -0.514124 
-0.253884 -0.503963 
-0.361364 -0.443849 
-0.320685 -0.469471 
-0.34125 -0.457001 
-0.49966 -0.318991 
-0.380191 -0.430615 
-0.101642 -0.554697 
-0.15518 -0.540775 
-0.446766 -0.375342 
-0.205931 -0.523764 
-0.181113 -0.532566 
-0.128989 -0.548085 
-0.533446 -0.274201 
-0.511377 -0.304429 
-0.543923 -0.258298 
-0.43183 -0.389039 
-0.398551 -0.416772 
-0.487497 -0.333203 
-0.625442 -0.0357198 
-0.626455 -0.015795 
-0.461263 -0.361206 
-0.474594 -0.347395 
0.397379 -0.392921 
0.38168 -0.42068 
0.450369 -0.249842 
0.441945 -0.274929 
0.276623 -0.521506 
0.389747 -0.407154 
0.29111 -0.512688 
0.31575 -0.494944 
-0.590026 -0.171805 
0.0434034 -0.572656 
0.013429 -0.571362 
0.523235 -0.112099 
0.538554 -0.0893588 
-0.0740992 -0.560325 
-0.581747 -0.190043 
-0.0165687 -0.568769 
-0.0453935 -0.5651 
0.104607 -0.570908 
0.0741602 -0.572553 
0.230659 -0.543338 
0.136618 -0.56735 
0.199344 -0.553945 
0.338724 -0.474489 
0.373072 -0.433658 
0.404508 -0.378157 
0.425702 -0.324299 
0.417045 -0.348174 
0.356637 -0.455068 
0.433808 -0.300032 
0.588343 0.00260872 
0.59482 0.0218193 
0.46355 -0.215728 
0.507916 -0.135034 
0.550277 -0.0713374 
0.57149 -0.0348401 
-0.276967 -0.493015 
-0.299034 -0.481612 
0.493136 -0.158493 
0.479269 -0.182939 
0.167909 -0.561831 
-0.558812 -0.233673 
-0.621845 -0.0654783 
-0.607825 -0.124174 
-0.601309 -0.143421 
-0.618143 -0.0851753 
-0.242202 -0.509142 
-0.33102 -0.463323 
-0.370833 -0.43731 
-0.193559 -0.52827 
-0.218223 -0.519049 
-0.528113 -0.281884 
-0.517077 -0.296999 
-0.505574 -0.311754 
-0.538748 -0.266291 
-0.548966 -0.250233 
-0.423682 -0.396168 
-0.389429 -0.42377 
-0.626091 -0.0257647 
-0.46798 -0.354349 
-0.481099 -0.340347 
-0.439351 -0.382247 
-0.493632 -0.326142 
0.446087 -0.262364 
0.269173 -0.525641 
0.39364 -0.400083 
0.303652 -0.504129 
-0.568287 -0.216626 
-0.613454 -0.104747 
0.0284116 -0.572175 
0.530919 -0.100741 
-0.0878947 -0.557634 
-0.0309972 -0.567075 
0.0893974 -0.571931 
0.215118 -0.548977 
0.246306 -0.536835 
-0.624512 -0.0456686 
-0.40704 -0.410036 
0.283925 -0.517195 
0.377454 -0.427224 
0.385791 -0.413967 
0.421472 -0.336277 
0.401017 -0.385577 
0.36509 -0.444553 
0.429807 -0.312186 
-0.585969 -0.18096 
0.411012 -0.363278 
0.591749 0.0121569 
0.456666 -0.232663 
0.515533 -0.123532 
-0.577364 -0.199059 
0.544468 -0.0803799 
0.584599 -0.00686797 
0.576155 -0.0255943 
0.555938 -0.0622316 
0.327503 -0.485024 
-0.593977 -0.162415 
-0.454069 -0.36833 
0.566568 -0.0439917 
-0.265473 -0.498587 
-0.309912 -0.475634 
-0.351364 -0.450511 
0.347897 -0.464985 
0.50042 -0.14669 
0.437876 -0.287483 
-0.288049 -0.487406 
-0.115344 -0.551512 
-0.142116 -0.544542 
0.0587853 -0.572792 
0.486039 -0.170616 
-0.0597675 -0.562848 
-0.168182 -0.536782 
-0.00158122 -0.570223 
0.120643 -0.569373 
0.183704 -0.558185 
0.152313 -0.564851 
0.471076 -0.199162 
