ZONE T="boundary0"
-4 -1 
-4 -0.348349 
-4 -0.391519 
-4 0.0395568 
-4 0.449526 
-4 0.348965 
-4 0.288125 
-4 0.232685 
-4 0.70408 
-4 0.399246 
-4 0.157626 
-4 0.60544 
-4 -0.787343 
-4 0.80272 
-4 0.0985913 
-4 -0.109843 
-4 -0.0351431 
-4 -0.483103 
-4 -0.574686 
-4 -0.305179 
-4 -0.278291 
-4 -0.197626 
-4 -0.251403 
-4 -0.153735 
-4 -0.681015 
-4 1 
-4 -0.369934 
-4 0.318545 
-4 0.260405 
-4 0.374105 
-4 0.195155 
-4 -0.893672 
-4 0.069074 
-4 -0.0724931 
-4 0.128108 
-4 -0.528894 
-4 -0.326764 
-4 -0.224515 
-4 -0.131789 
-4 0.00220684 
-4 0.424386 
-4 0.527483 
-4 -0.734179 
-4 0.65476 
-4 -0.62785 
-4 -0.437311 
-4 0.90136 
-4 -0.175681 
-4 -0.291735 
-4 -0.264847 
-4 0.7534 
ZONE T="boundary1"
3.50549 1 
0.536693 1 
0.213058 1 
0.265233 1 
0.324972 1 
0.160884 1 
0.834409 1 
-0.217913 1 
-0.356522 1 
-0.506887 1 
-0.431704 1 
0.38471 1 
-0.884045 1 
3.875 1 
-1.3792 1 
-1.54008 1 
-0.795039 1 
-1.19221 1 
-1.70732 1 
-1.87457 1 
-2.12862 1 
-3.32967 1 
-3.493 1 
1.67599 1 
1.49413 1 
3.31798 1 
2.89049 1 
2.65051 1 
1.27835 1 
1.20642 1 
-2.56262 1 
-2.34562 1 
0.654223 1 
0.773036 1 
0.460702 1 
0.595458 1 
0.0972918 1 
0.0337 1 
-0.656887 1 
-0.581887 1 
-0.725963 1 
-0.0906924 1 
-0.0284962 1 
-0.154303 1 
-0.287217 1 
1.35027 1 
0.962045 1 
0.895783 1 
1.02831 1 
1.11736 1 
-0.97305 1 
-1.08263 1 
2.03445 1 
1.85785 1 
-3.65634 1 
-2.94615 1 
-3.13791 1 
3.13047 1 
2.43078 1 
2.21105 1 
-2.0016 1 
-2.75438 1 
-3.82817 1 
-4 1 
3.75275 1 
4 1 
0.295103 1 
0.186971 1 
-0.469296 1 
0.354841 1 
-1.45964 1 
-1.28571 1 
-1.79095 1 
-3.41134 1 
1.58506 1 
3.41174 1 
2.7705 1 
1.24238 1 
0.71363 1 
0.422706 1 
0.624841 1 
0.239146 1 
0.129088 1 
0.0654959 1 
-0.619387 1 
-0.760501 1 
-0.544387 1 
-0.691425 1 
-0.0595943 1 
-0.122497 1 
0.566075 1 
0.498697 1 
0.00260193 1 
-0.186108 1 
-0.321869 1 
0.803723 1 
0.928914 1 
0.865096 1 
-1.02784 1 
1.31431 1 
1.76692 1 
1.16189 1 
-3.57467 1 
-1.13742 1 
-3.04203 1 
-3.23379 1 
3.01048 1 
2.54065 1 
2.32091 1 
-2.06511 1 
-2.45412 1 
-2.6585 1 
-2.85026 1 
-2.23712 1 
-3.74225 1 
2.12275 1 
3.22422 1 
-3.91408 1 
1.94615 1 
-1.6237 1 
-1.93808 1 
0.995175 1 
1.07283 1 
-0.839542 1 
-0.928547 1 
-0.252565 1 
3.62912 1 
3.81387 1 
1.4222 1 
3.9375 1 
-0.394113 1 
ZONE T="boundary2"
4 -1 
4 -0.844948 
4 -0.176877 
4 -0.148785 
4 -0.204969 
4 0.177714 
4 0.0822837 
4 0.129999 
4 -0.00515906 
4 0.231484 
4 0.334816 
4 0.384379 
4 0.884475 
4 -0.359073 
4 -0.423592 
4 -0.689896 
4 0.285253 
4 0.653424 
4 -0.0926018 
4 -0.320547 
4 -0.282021 
4 -0.488112 
4 -0.589004 
4 -0.243495 
4 0.768949 
4 1 
4 0.461139 
4 0.537898 
4 -0.922474 
4 -0.162831 
4 0.106141 
4 0.0385623 
4 0.359598 
4 -0.391333 
4 -0.767422 
4 0.258369 
4 0.204599 
4 -0.0488804 
4 -0.301284 
4 -0.63945 
4 -0.224232 
4 -0.120694 
4 -0.262758 
4 -0.190923 
4 0.153857 
4 0.310035 
4 0.711186 
4 0.826712 
4 0.942237 
4 0.422759 
4 -0.33981 
4 0.499518 
4 -0.455852 
4 -0.538558 
4 0.595661 
ZONE T="boundary3"
-3.74885 -1 
-4 -1 
4 -1 
3.73903 -1 
-1.2646 -1 
0.311924 -1 
0.25128 -1 
-1.14697 -1 
-0.35315 -1 
1.25225 -1 
1.5913 -1 
1.75826 -1 
2.90663 -1 
2.70529 -1 
-3.49771 -1 
-3.07832 -1 
-2.89967 -1 
-2.72102 -1 
-2.40583 -1 
-2.0202 -1 
2.42087 -1 
0.12537 -1 
0.0601042 -1 
0.190635 -1 
0.402726 -1 
0.493528 -1 
-0.00800816 -1 
-0.286632 -1 
-0.220114 -1 
-0.0761205 -1 
0.580998 -1 
0.762212 -1 
0.668467 -1 
0.855957 -1 
-0.471382 -1 
-0.148117 -1 
1.08015 -1 
0.968055 -1 
-0.589614 -1 
-0.696717 -1 
-0.803819 -1 
-1.02935 -1 
-0.916582 -1 
3.47805 -1 
-1.36618 -1 
1.42434 -1 
1.33829 -1 
-1.67093 -1 
1.94736 -1 
2.13646 -1 
3.29301 -1 
3.10796 -1 
-1.56935 -1 
-1.46777 -1 
-1.84557 -1 
-2.56343 -1 
-3.87443 -1 
3.86951 -1 
0.281602 -1 
1.67478 -1 
2.80596 -1 
-3.28801 -1 
-2.81034 -1 
-2.21302 -1 
2.56308 -1 
0.092737 -1 
0.448127 -1 
0.220958 -1 
0.158003 -1 
-0.253373 -1 
-0.319891 -1 
-0.0420643 -1 
0.537263 -1 
0.624732 -1 
0.809084 -1 
-0.412266 -1 
-0.184115 -1 
-0.112119 -1 
-0.530498 -1 
-0.750268 -1 
-0.643165 -1 
-0.972964 -1 
-3.62328 -1 
-0.860201 -1 
1.1662 -1 
3.60854 -1 
-1.31539 -1 
1.50782 -1 
2.04191 -1 
1.0241 -1 
3.38553 -1 
3.20048 -1 
-1.51856 -1 
2.27866 -1 
-1.93288 -1 
1.85281 -1 
-1.20579 -1 
-1.08816 -1 
-2.64222 -1 
-2.48463 -1 
-1.75825 -1 
-2.98899 -1 
0.357325 -1 
0.026048 -1 
0.715339 -1 
0.912006 -1 
1.38132 -1 
1.29527 -1 
-1.62014 -1 
-1.41698 -1 
3.00729 -1 
ZONE T="boundary4"
0.594162 0.254998 
0.615402 0.272976 
-0.489941 0.427884 
-0.509269 0.396094 
0.622901 0.571502 
0.593448 0.601524 
-0.579705 0.0465563 
-0.327114 0.592515 
-0.306043 0.605977 
0.674094 0.37298 
0.416023 0.188057 
0.382614 0.184427 
0.658996 0.331835 
0.648475 0.535506 
0.636147 0.554484 
0.449537 0.193774 
0.00371758 0.220751 
-0.174254 -0.10256 
-0.211849 -0.0810142 
-0.134325 -0.118979 
-0.0941335 -0.131313 
0.63271 0.291489 
0.647249 0.311227 
-0.0528216 -0.141304 
-0.583077 0.0841607 
-0.583252 0.139938 
-0.583812 0.122575 
-0.580671 0.172942 
0.676343 0.462184 
-0.576161 0.205842 
-0.573016 0.22327 
-0.565028 0.258662 
-0.541593 0.329334 
-0.522433 0.37145 
0.479743 0.668951 
0.501526 0.659765 
0.348914 0.182565 
-0.461355 0.46789 
-0.431355 0.503288 
-0.476074 0.448185 
0.523227 0.649215 
-0.293206 0.0333959 
-0.276007 -0.0128228 
-0.38379 0.549384 
-0.347587 0.578183 
-0.415912 0.519444 
-0.24767 -0.0509235 
-0.216948 0.195615 
-0.250369 0.170105 
-0.279735 0.130559 
-0.140872 0.222555 
-0.179123 0.212889 
-0.10171 0.226785 
-0.281899 0.619949 
-0.25711 0.632838 
-0.229867 0.645467 
-0.202025 0.656879 
-0.17103 0.667988 
-0.104932 0.686845 
-0.0312054 0.701504 
-0.0687684 0.694781 
0.577501 0.6147 
0.0465197 0.711194 
0.0865743 0.714243 
-0.139519 0.677738 
-0.55453 0.294316 
0.465857 0.197418 
0.561204 0.626535 
0.668033 0.353023 
0.217849 0.188505 
0.179673 0.193199 
0.482036 0.201652 
0.669214 0.489756 
0.0433386 0.214907 
0.65943 0.514581 
0.498053 0.206512 
0.544571 0.637218 
0.678808 0.445859 
0.680002 0.429379 
0.280835 0.711989 
0.305363 0.70949 
0.128413 0.716145 
0.457778 0.676995 
0.432096 0.685069 
0.678016 0.393037 
0.679816 0.411274 
0.286118 0.183124 
0.380992 0.697603 
0.406368 0.691912 
0.570687 0.239186 
0.315867 0.182263 
0.256433 0.184928 
0.00655213 0.706872 
0.170261 0.716774 
0.21329 0.716074 
0.256255 0.713927 
0.0830947 0.208359 
0.155362 0.196674 
-0.0357021 0.225138 
0.131109 0.200429 
-0.294839 0.0829942 
0.608777 0.586993 
0.543067 0.224369 
0.557059 0.231439 
0.513873 0.212031 
0.330449 0.706295 
0.355435 0.702403 
0.605046 0.263681 
-0.499858 0.412142 
-0.316649 0.599356 
0.399341 0.186006 
0.642522 0.545135 
-0.193456 -0.0924928 
-0.114346 -0.125521 
0.640272 0.301149 
-0.154518 -0.111324 
-0.581718 0.065329 
-0.583601 0.131259 
-0.582207 0.156459 
-0.569285 0.241026 
-0.532433 0.350583 
0.490692 0.664496 
-0.574651 0.214567 
0.365772 0.183286 
-0.446712 0.48589 
-0.515998 0.383851 
-0.483115 0.438108 
0.51245 0.654644 
-0.286392 0.00962049 
-0.337427 0.585458 
-0.365977 0.564145 
-0.423712 0.511441 
-0.263065 -0.0327878 
-0.230542 -0.0668996 
-0.266629 0.151505 
-0.160188 0.218477 
-0.121356 0.225269 
-0.294051 0.613101 
-0.269576 0.626531 
-0.216009 0.651326 
-0.186591 0.66261 
-0.0500179 0.698319 
0.0665362 0.712872 
-0.155326 0.673031 
-0.468819 0.458115 
0.457714 0.195524 
0.56944 0.620739 
0.671322 0.362927 
0.198741 0.190726 
0.673222 0.47609 
0.0235427 0.217956 
0.654207 0.525181 
0.490068 0.204002 
0.663818 0.342305 
0.679565 0.437639 
0.293106 0.710813 
0.585582 0.608243 
0.107487 0.715354 
0.444984 0.681184 
0.432825 0.190642 
0.55296 0.631991 
0.676307 0.382962 
0.679119 0.402138 
0.680106 0.420327 
0.629696 0.563128 
0.468806 0.673098 
-0.243562 0.639309 
0.393706 0.694875 
-0.0868894 0.690995 
0.332389 0.182238 
-0.122273 0.682476 
-0.548352 0.311932 
-0.583785 0.103361 
0.271266 0.183916 
0.237121 0.186557 
-0.073539 -0.136549 
0.0265189 0.709198 
0.191779 0.716599 
0.234782 0.715189 
0.0632191 0.211676 
-0.0123488 0.704349 
-0.01597 0.223173 
-0.0686832 0.227075 
0.149335 0.716618 
0.107087 0.204348 
-0.198477 0.20522 
-0.234431 0.183873 
-0.289327 0.107425 
-0.296113 0.0581258 
0.601241 0.594395 
0.653424 0.321365 
0.550107 0.227822 
0.563921 0.235225 
0.528604 0.217881 
0.624327 0.281985 
0.533992 0.643384 
0.66468 0.502314 
0.473964 0.199459 
0.677733 0.454041 
0.615983 0.57938 
0.582629 0.246791 
0.505992 0.209188 
-0.560082 0.276578 
-0.400138 0.534721 
0.143228 0.198522 
0.16751 0.194897 
0.342954 0.704441 
0.300987 0.182568 
0.317919 0.707976 
0.268552 0.713026 
0.368233 0.700109 
0.419268 0.688625 
-0.578649 0.189424 
ZONE T="boundary5"
-0.0969355 -0.539398 
-0.118551 -0.530072 
-0.421596 -0.298884 
-0.40678 -0.316424 
-0.235999 -0.46536 
-0.376915 -0.348862 
-0.39145 -0.333522 
-0.361987 -0.363824 
-0.5389 -0.105217 
-0.550834 -0.0742468 
0.0168089 -0.576211 
0.0423803 -0.581643 
-0.556329 -0.058045 
-0.436072 -0.280638 
-0.573984 0.0104646 
-0.579705 0.0465563 
-0.52868 -0.128511 
-0.474988 -0.225169 
-0.486598 -0.206706 
-0.507924 -0.169816 
-0.517595 -0.151396 
-0.497756 -0.187959 
-0.462705 -0.243721 
-0.269751 -0.44189 
-0.180892 -0.498804 
-0.161029 -0.50949 
-0.20045 -0.48759 
-0.286347 -0.429437 
-0.218366 -0.476692 
-0.0304514 -0.563401 
-0.00692992 -0.570221 
-0.139944 -0.520086 
-0.0750439 -0.548075 
-0.0528691 -0.556089 
-0.333204 -0.390656 
-0.318072 -0.403801 
-0.302632 -0.41659 
-0.347753 -0.377407 
-0.0528216 -0.141304 
-0.253019 -0.453826 
0.403724 -0.37713 
0.398163 -0.354408 
0.065992 -0.164831 
0.0681283 -0.586011 
0.0949919 -0.58934 
0.123038 -0.591398 
0.292057 -0.562934 
0.243547 -0.580193 
0.226234 -0.58421 
0.30742 -0.555146 
0.260007 -0.575414 
0.276044 -0.569743 
0.335377 -0.536964 
0.206712 -0.20088 
0.23252 -0.210202 
0.180576 -0.192559 
0.264708 -0.223794 
0.321811 -0.546524 
0.332549 -0.264251 
0.343157 -0.273101 
0.363962 -0.294205 
0.280135 -0.231294 
0.294362 -0.238929 
0.308227 -0.247182 
-0.44996 -0.261954 
0.405072 -0.418519 
0.358103 -0.516756 
0.347177 -0.527243 
0.373734 -0.498257 
0.381302 -0.487109 
0.387957 -0.475431 
0.373711 -0.306602 
0.393779 -0.462938 
0.208651 -0.587341 
-0.566092 -0.0245097 
0.353159 -0.282516 
0.402579 -0.434561 
0.398548 -0.449902 
0.405808 -0.398428 
0.105123 -0.173112 
0.388434 -0.330779 
-0.0130931 -0.149492 
0.0269363 -0.157198 
0.195158 -0.589152 
0.181605 -0.590492 
0.320619 -0.255398 
0.393756 -0.342415 
0.154579 -0.591844 
0.142958 -0.182149 
-0.107778 -0.534815 
-0.414254 -0.307709 
-0.384232 -0.341239 
0.0295679 -0.579055 
-0.553639 -0.0661654 
-0.428905 -0.289817 
-0.577143 0.0284632 
-0.533903 -0.116913 
-0.480847 -0.215972 
-0.512824 -0.16064 
-0.492237 -0.197368 
-0.170997 -0.504214 
-0.278087 -0.435714 
-0.227217 -0.47108 
-0.523242 -0.140004 
-0.209442 -0.482196 
-0.0187198 -0.566912 
0.00491307 -0.573322 
-0.150525 -0.514864 
-0.0860224 -0.543819 
-0.325677 -0.397273 
-0.310389 -0.410241 
-0.0416894 -0.559835 
-0.369499 -0.356391 
-0.340517 -0.384073 
-0.35491 -0.370657 
-0.294528 -0.423063 
-0.244544 -0.459644 
-0.129284 -0.525157 
-0.0639876 -0.552168 
0.401363 -0.365675 
-0.468901 -0.234481 
-0.190709 -0.493262 
0.0815415 -0.587834 
0.109003 -0.590555 
0.0552319 -0.583964 
0.234919 -0.582317 
0.299807 -0.559172 
0.268069 -0.572697 
0.284107 -0.566468 
0.219665 -0.205406 
-0.399177 -0.325028 
0.314694 -0.550964 
0.337918 -0.268601 
0.328686 -0.541872 
0.272458 -0.22747 
0.301343 -0.242973 
0.352742 -0.522105 
0.377626 -0.492756 
0.366224 -0.507764 
0.341368 -0.532213 
0.384746 -0.481337 
0.368965 -0.300306 
0.390999 -0.469246 
0.217463 -0.585885 
-0.56146 -0.0413502 
0.348232 -0.277732 
0.400757 -0.442284 
0.405767 -0.408489 
0.396304 -0.456472 
-0.261421 -0.447908 
0.251811 -0.577918 
0.405133 -0.387748 
0.358676 -0.288258 
-0.443089 -0.27135 
-0.456394 -0.25288 
-0.5029 -0.178921 
-0.545072 -0.0898113 
-0.0329828 -0.145508 
0.00691353 -0.153367 
0.0464698 -0.160967 
0.188389 -0.589879 
0.326644 -0.25974 
0.396075 -0.348366 
0.404035 -0.426575 
0.391208 -0.336553 
0.168105 -0.591379 
0.138808 -0.59188 
0.314478 -0.251215 
0.381558 -0.318408 
-0.570314 -0.00708514 
0.248727 -0.216736 
0.124072 -0.177485 
0.0855759 -0.168867 
0.161818 -0.187163 
0.193682 -0.196605 
0.201912 -0.588307 
0.287291 -0.23504 
