ZONE T="boundary0"
-4 0.12569 
-4 0.0720211 
-4 -0.185053 
-4 -0.0753767 
-4 -0.130215 
-4 -0.329954 
-4 -0.468734 
-4 -0.568592 
-4 -1 
-4 0.370129 
-4 0.310069 
-4 -0.0016778 
-4 1 
-4 0.662732 
-4 0.550309 
-4 -0.216875 
-4 -0.248697 
-4 -0.289325 
-4 -0.399344 
-4 -0.668451 
-4 -0.834226 
-4 0.244714 
-4 0.179359 
-4 0.430189 
-4 0.490249 
-4 0.775155 
-4 0.0988556 
-4 -0.157634 
-4 -0.518663 
-4 0.340099 
-4 0.606521 
-4 -0.232786 
-4 -0.30964 
-4 -0.269011 
-4 -0.364649 
-4 -0.434039 
-4 -0.751338 
-4 -0.102796 
-4 -0.0385272 
-4 0.0351716 
-4 0.152525 
-4 0.212036 
-4 0.277391 
-4 -0.618522 
-4 -0.917113 
-4 0.460219 
-4 0.520279 
-4 0.718943 
-4 0.887577 
-4 -0.200964 
-4 0.400159 
ZONE T="boundary1"
-2.72137 1 
-2.57919 1 
1.49071 1 
0.158982 1 
1.18036 1 
0.768007 1 
0.290013 1 
0.101905 1 
0.943471 1 
-3.15484 1 
-4 1 
-3.82573 1 
4 1 
3.75809 1 
2.59031 1 
2.20242 1 
-3.47718 1 
-3.65145 1 
-3.30291 1 
1.86579 1 
-2.15265 1 
-1.95022 1 
-1.74778 1 
3.03235 1 
3.27426 1 
2.81133 1 
-2.43701 1 
-0.202736 1 
-0.258515 1 
0.224497 1 
-0.0990112 1 
0.384473 1 
0.0448269 1 
0.488856 1 
-0.0510652 1 
-0.370073 1 
0.651379 1 
-0.652112 1 
-0.552086 1 
-0.46108 1 
1.06192 1 
-0.752137 1 
1.41313 1 
1.33554 1 
0.826495 1 
3.63713 1 
3.51617 1 
-1.19076 1 
-1.07107 1 
1.67825 1 
-3.00677 1 
-2.86407 1 
-0.851759 1 
-0.95138 1 
-1.43637 1 
-1.31356 1 
-1.59208 1 
-0.146957 1 
0.593239 1 
0.541048 1 
0.709519 1 
-2.65028 1 
-3.91286 1 
3.87904 1 
2.39637 1 
-3.56432 1 
-2.05144 1 
-1.849 1 
3.1533 1 
2.70082 1 
-2.5081 1 
-0.230626 1 
0.257255 1 
0.19174 1 
0.337243 1 
0.0733657 1 
0.130443 1 
0.436665 1 
-0.00311912 1 
-0.314294 1 
-0.506583 1 
-0.415576 1 
1.12114 1 
1.00269 1 
-0.702125 1 
-0.602099 1 
1.37433 1 
0.884983 1 
-3.73859 1 
-2.29483 1 
3.57665 1 
-3.39005 1 
-1.13091 1 
3.39522 1 
1.58448 1 
1.25795 1 
-2.93542 1 
-2.79272 1 
-0.901569 1 
-1.01122 1 
-3.22888 1 
-3.08081 1 
1.77202 1 
-1.66993 1 
2.92184 1 
2.03411 1 
-0.122984 1 
-0.0750382 1 
0.567143 1 
0.514952 1 
0.738763 1 
0.797251 1 
-0.174847 1 
3.69761 1 
-1.51422 1 
-1.37497 1 
-1.25216 1 
1.45192 1 
-0.801948 1 
0.622309 1 
0.680449 1 
ZONE T="boundary2"
4 -0.796475 
4 -0.59295 
4 -0.158336 
4 -0.218745 
4 0.165647 
4 0.307655 
4 0.256364 
4 0.00756859 
4 0.0866077 
4 -0.0753839 
4 -0.494697 
4 1 
4 -1 
4 0.444705 
4 0.530465 
4 0.358946 
4 -0.11686 
4 -0.396444 
4 -0.337799 
4 -0.279154 
4 0.765232 
4 0.647849 
4 -0.694713 
4 -0.188541 
4 0.211005 
4 0.0470881 
4 -0.0339077 
4 -0.543824 
4 0.487585 
4 0.3333 
4 0.282009 
4 0.126127 
4 -0.0961221 
4 -0.44557 
4 -0.367121 
4 -0.308476 
4 -0.898238 
4 0.882616 
4 -0.248949 
4 -0.137598 
4 0.401825 
4 0.589157 
4 0.706541 
ZONE T="boundary3"
-1.9037 -1 
-1.05791 -1 
-1.17883 -1 
-1.46874 -1 
3.17108 -1 
3.32773 -1 
-0.815386 -1 
-0.936979 -1 
-0.00776643 -1 
-0.0817291 -1 
-0.228586 -1 
0.693931 -1 
0.77142 -1 
-4 -1 
-3.64158 -1 
1.57473 -1 
-0.476537 -1 
-0.432773 -1 
-3.46237 -1 
2.62221 -1 
3.4958 -1 
3.66387 -1 
4 -1 
-3.15774 -1 
2.14311 -1 
2.38266 -1 
-0.30148 -1 
0.21369 -1 
0.138102 -1 
0.461467 -1 
0.289279 -1 
-0.155692 -1 
0.0651678 -1 
0.616443 -1 
-0.389008 -1 
-0.693792 -1 
-0.585165 -1 
-3.28316 -1 
0.375373 -1 
-1.32379 -1 
-1.57391 -1 
-1.39626 -1 
0.952782 -1 
0.862101 -1 
1.18239 -1 
1.06759 -1 
1.31049 -1 
1.43858 -1 
1.71087 -1 
1.92699 -1 
-2.54976 -1 
-2.7815 -1 
2.81832 -1 
3.01443 -1 
-1.67907 -1 
-2.08289 -1 
-2.40592 -1 
-2.26208 -1 
-3.03233 -1 
-1.11837 -1 
3.24941 -1 
-0.876183 -1 
-0.0447478 -1 
0.732676 -1 
-3.82079 -1 
-0.454655 -1 
3.41177 -1 
3.83193 -1 
2.26288 -1 
-0.265033 -1 
0.175896 -1 
0.251485 -1 
-0.11871 -1 
0.0287007 -1 
-0.192139 -1 
0.538955 -1 
-0.345244 -1 
0.655187 -1 
-0.639478 -1 
0.41842 -1 
0.332326 -1 
-1.25131 -1 
-1.52132 -1 
-0.997442 -1 
-1.36002 -1 
0.907442 -1 
-3.55197 -1 
1.12499 -1 
1.24644 -1 
1.01018 -1 
1.6428 -1 
1.37453 -1 
1.81893 -1 
1.50666 -1 
-2.66563 -1 
2.72027 -1 
2.91638 -1 
2.50244 -1 
3.09275 -1 
-1.79139 -1 
2.03505 -1 
3.57983 -1 
-2.334 -1 
-0.41089 -1 
0.101635 -1 
-0.530851 -1 
-0.754589 -1 
0.81676 -1 
-2.90691 -1 
-2.47784 -1 
-2.17249 -1 
-1.99329 -1 
-3.09504 -1 
-3.37276 -1 
-3.22045 -1 
-1.62649 -1 
-1.4325 -1 
ZONE T="boundary4"
-0.605906 -0.0092821 
0.609243 0.0703211 
-0.607753 -0.0287161 
0.606309 0.18604 
0.609263 0.169738 
-0.403701 0.267235 
-0.38884 0.276389 
-0.461048 0.226579 
-0.474804 0.215324 
0.611458 0.153346 
-0.202212 0.36478 
-0.221623 0.35706 
-0.488478 0.203382 
-0.59866 0.0291582 
-0.60288 0.0100302 
-0.593254 0.0479856 
-0.586692 0.0664126 
-0.538144 0.150576 
-0.548435 0.136799 
-0.446978 0.237424 
-0.432789 0.247756 
-0.566767 0.108084 
-0.55793 0.122718 
-0.57436 0.0939517 
-0.580856 0.0803224 
-0.342492 0.302159 
-0.326608 0.310218 
-0.526848 0.1643 
-0.258379 0.341713 
-0.240041 0.349493 
-0.514539 0.177933 
-0.418352 0.257697 
-0.358256 0.293807 
-0.373629 0.285272 
-0.310004 0.31831 
-0.293307 0.326147 
-0.275882 0.334043 
-0.182706 0.372279 
-0.161958 0.379971 
0.6133 0.111448 
-0.141096 0.387406 
-0.0963344 0.402293 
-0.0725272 0.409585 
-0.501714 0.190959 
0.61204 0.0907735 
0.598938 0.0305788 
0.00370887 0.429694 
-0.0225218 0.423361 
0.0581912 0.440723 
0.0849934 0.445027 
-0.0485328 0.416464 
0.516486 0.352628 
0.525932 0.34354 
0.448503 0.400447 
0.506649 0.361295 
0.406072 0.419899 
0.139425 0.451316 
0.167015 0.453165 
0.195901 0.454069 
0.224866 0.453849 
0.319332 0.444176 
0.287514 0.449105 
0.351381 0.437227 
0.378777 0.429495 
0.256029 0.452258 
0.111985 0.448569 
0.558696 0.303969 
0.571914 0.282517 
0.61308 0.132458 
0.60267 0.202084 
0.582888 0.260449 
0.591283 0.239556 
0.427445 0.410865 
0.543761 0.323859 
-0.118791 0.39501 
0.468197 0.38911 
0.0308374 0.435556 
0.604898 0.0503025 
0.487289 0.376368 
0.598394 0.217833 
-0.606975 -0.0189865 
0.607877 0.177906 
-0.396297 0.271858 
-0.467969 0.221004 
0.610458 0.161555 
-0.211928 0.360948 
-0.600919 0.0196257 
-0.604541 0.000395807 
-0.543371 0.143748 
-0.590117 0.0572489 
-0.439917 0.242638 
-0.562442 0.115457 
-0.577688 0.0871748 
-0.583857 0.0734016 
-0.570651 0.101064 
-0.334566 0.306222 
-0.532576 0.157503 
-0.249221 0.34563 
-0.520771 0.171186 
-0.425602 0.252775 
-0.481692 0.209411 
-0.365963 0.289579 
-0.454051 0.232052 
-0.318321 0.314297 
-0.350393 0.29802 
-0.411056 0.262514 
-0.230842 0.353303 
-0.301668 0.322258 
-0.172345 0.376157 
-0.15154 0.383722 
-0.0844488 0.40599 
-0.508194 0.184513 
0.610837 0.0805192 
-0.284607 0.330124 
-0.00942778 0.426602 
0.071574 0.442968 
-0.267142 0.337904 
0.521258 0.348137 
-0.19247 0.368557 
0.153209 0.452357 
0.210382 0.454105 
0.303456 0.446866 
0.365136 0.433566 
0.271789 0.450883 
0.392503 0.424923 
0.612859 0.101098 
0.565555 0.293395 
-0.0355488 0.419981 
0.612437 0.142915 
-0.495155 0.197233 
0.613373 0.121954 
-0.553269 0.129816 
-0.381258 0.280874 
0.58727 0.250076 
0.604575 0.194082 
0.416823 0.415535 
0.438055 0.405819 
-0.0605483 0.41308 
-0.107578 0.398695 
0.45844 0.394935 
0.551454 0.314082 
-0.129959 0.391248 
0.0984731 0.446898 
0.125691 0.450051 
0.240454 0.453235 
0.0444936 0.438231 
0.181451 0.453753 
0.0172512 0.43271 
0.33541 0.440955 
0.607267 0.0602674 
-0.596105 0.0386128 
0.602116 0.0403789 
0.477852 0.382902 
0.497116 0.369019 
0.577644 0.271602 
0.595005 0.22875 
0.535076 0.333907 
0.511616 0.357013 
0.600614 0.209981 
ZONE T="boundary5"
-0.590304 -0.164333 
-0.595786 -0.145245 
0.426867 -0.183186 
-0.543546 -0.270086 
-0.600349 -0.125981 
-0.60393 -0.106642 
-0.607753 -0.0287161 
0.243875 -0.513276 
0.231231 -0.523285 
-0.533958 -0.286086 
-0.576978 -0.201476 
-0.569298 -0.219492 
-0.523976 -0.301513 
-0.583971 -0.183186 
-0.422136 -0.417229 
-0.240663 -0.531568 
-0.263899 -0.521111 
-0.329812 -0.485496 
-0.349976 -0.472628 
-0.608016 -0.0677414 
0.389601 -0.23988 
0.403901 -0.214968 
-0.369656 -0.459057 
-0.0853033 -0.57772 
-0.139825 -0.565991 
-0.216337 -0.541455 
-0.165885 -0.558713 
-0.19167 -0.550425 
-0.11266 -0.572424 
-0.49104 -0.345791 
-0.502492 -0.331372 
-0.513478 -0.316611 
-0.552563 -0.253772 
-0.606499 -0.0872075 
-0.405829 -0.431189 
-0.387992 -0.445433 
-0.478815 -0.360233 
-0.437957 -0.402742 
-0.45228 -0.38874 
-0.46614 -0.374299 
0.377254 -0.266001 
0.559958 -0.0425333 
-0.608446 -0.0482209 
0.29402 -0.457733 
0.275875 -0.481454 
0.327078 -0.397211 
0.546629 -0.0595045 
0.532359 -0.075724 
-0.0284439 -0.584848 
0.0302241 -0.586304 
-0.561216 -0.23677 
-0.0568981 -0.581948 
0.0599532 -0.584468 
0.119239 -0.574629 
0.0890579 -0.580753 
0.00100057 -0.586374 
0.148232 -0.566218 
0.176785 -0.555058 
0.204531 -0.54087 
0.255885 -0.502549 
0.307872 -0.435644 
0.320456 -0.411639 
0.34843 -0.342245 
0.339516 -0.366553 
0.582372 -0.00718616 
0.414962 -0.198674 
0.357211 -0.317641 
0.439288 -0.168655 
0.452222 -0.154768 
0.59141 0.0113866 
0.571805 -0.0252491 
0.598938 0.0305788 
0.366792 -0.291725 
0.522836 -0.0857703 
0.51309 -0.0956019 
0.493151 -0.114876 
-0.286736 -0.509813 
-0.308498 -0.498042 
0.472558 -0.134523 
-0.593155 -0.15482 
-0.602262 -0.116335 
0.237625 -0.518376 
-0.538823 -0.278128 
-0.57322 -0.210519 
-0.598184 -0.135641 
-0.587239 -0.173793 
-0.252328 -0.526446 
-0.339952 -0.479152 
0.396486 -0.227253 
-0.228545 -0.536625 
-0.178816 -0.554694 
-0.496822 -0.338626 
-0.580564 -0.192365 
-0.548125 -0.261968 
-0.607391 -0.0774857 
-0.378884 -0.452324 
-0.396973 -0.438388 
-0.459269 -0.381575 
-0.472532 -0.367314 
-0.414041 -0.424276 
-0.484984 -0.353059 
-0.518789 -0.309105 
-0.508044 -0.324035 
0.383205 -0.252826 
-0.608369 -0.0579852 
0.285243 -0.469845 
0.553422 -0.0511227 
-0.608242 -0.0384646 
0.539594 -0.0677048 
-0.556961 -0.245307 
-0.0426839 -0.583567 
-0.0711205 -0.579995 
0.0451093 -0.585618 
0.104215 -0.577988 
-0.0137263 -0.585804 
0.13383 -0.570732 
0.162643 -0.560977 
0.218127 -0.532463 
0.249957 -0.508005 
0.314371 -0.423773 
-0.605343 -0.0969423 
0.344025 -0.354432 
0.352814 -0.329949 
0.323827 -0.404459 
0.445692 -0.161648 
-0.565329 -0.228165 
0.587071 0.00201007 
0.409314 -0.206726 
0.420808 -0.190844 
0.432998 -0.175839 
0.361929 -0.304662 
0.566027 -0.0339944 
0.577256 -0.0163183 
-0.529032 -0.293841 
-0.430108 -0.410051 
0.595366 0.020905 
0.26615 -0.492279 
-0.445174 -0.395798 
0.50317 -0.105288 
-0.275369 -0.515567 
-0.319213 -0.491866 
-0.359878 -0.465931 
-0.29767 -0.504025 
0.371886 -0.278807 
0.482839 -0.12468 
-0.0990066 -0.575216 
-0.126273 -0.569347 
0.015619 -0.586544 
-0.204044 -0.546055 
-0.152889 -0.562479 
0.190842 -0.548328 
0.517986 -0.0907101 
0.527629 -0.0807771 
0.0745436 -0.582857 
0.333484 -0.381984 
0.46231 -0.144547 
0.301163 -0.446844 
