ZONE T="boundary0"
-4 -0.455501 
-4 -0.409672 
-4 -0.333703 
-4 -0.303564 
-4 -0.275444 
-4 0.187008 
-4 0.252225 
-4 0.342383 
-4 -0.191082 
-4 -0.219203 
-4 0.564444 
-4 -0.00465133 
-4 -0.547159 
-4 0.782222 
-4 0.134262 
-4 0.0815163 
-4 -0.660369 
-4 -1 
-4 -0.144475 
-4 0.453413 
-4 -0.77358 
-4 -0.0978668 
-4 1 
-4 -0.247323 
-4 -0.363842 
-4 -0.432586 
-4 -0.289504 
-4 0.219616 
-4 0.297304 
-4 -0.205143 
-4 -0.50133 
-4 0.107889 
-4 0.0384325 
-4 -0.167778 
-4 0.508929 
-4 -0.603764 
-4 -0.716974 
-4 -0.88679 
-4 -0.0512591 
-4 0.673333 
-4 0.891111 
-4 -0.233263 
-4 -0.121171 
-4 -0.348773 
-4 -0.318634 
-4 -0.386757 
-4 0.160635 
-4 0.397898 
-4 -0.261384 
ZONE T="boundary1"
1.73072 1 
3.82816 1 
4 1 
-0.0125393 1 
-0.145664 1 
0.708093 1 
0.826582 1 
-1.20846 1 
-1.27691 1 
-1.45533 1 
1.62788 1 
0.942795 1 
-3.44474 1 
-3.61474 1 
1.41779 1 
-3.80737 1 
3.48447 1 
3.31263 1 
2.61932 1 
1.9364 1 
-3.27474 1 
-2.81818 1 
2.77077 1 
-2.38798 1 
-2.53138 1 
-1.81434 1 
-2.02946 1 
-0.540279 1 
-0.213106 1 
-0.648456 1 
-0.0782218 1 
-0.402704 1 
-0.594368 1 
-0.284976 1 
-0.356845 1 
-0.448562 1 
0.115431 1 
0.0531433 1 
0.471195 1 
0.352787 1 
-1.09147 1 
0.589604 1 
0.177719 1 
0.265253 1 
-1.34537 1 
1.31053 1 
-1.5653 1 
-2.24458 1 
1.05901 1 
1.18477 1 
3.01983 1 
2.1264 1 
1.52504 1 
-2.67478 1 
2.3164 1 
-0.920027 1 
3.65632 1 
3.11743 1 
-4 1 
-0.756634 1 
-0.702545 1 
-0.865563 1 
-0.811098 1 
-0.974492 1 
2.92223 1 
3.91408 1 
0.767338 1 
-1.24268 1 
-3.52974 1 
3.39855 1 
-3.04646 1 
2.69504 1 
-2.45968 1 
-1.9219 1 
-0.179385 1 
-0.0453805 1 
-0.621412 1 
-0.32091 1 
-0.425633 1 
0.0842873 1 
0.020302 1 
0.648848 1 
0.221486 1 
0.411991 1 
0.30902 1 
0.5304 1 
-1.31114 1 
-1.14996 1 
0.884689 1 
-1.51031 1 
-1.40035 1 
1.24765 1 
-2.13702 1 
-1.68982 1 
1.83356 1 
1.47141 1 
1.6793 1 
1.57646 1 
1.36416 1 
-2.74648 1 
2.0314 1 
2.46786 1 
2.2214 1 
3.74224 1 
3.21503 1 
-2.31628 1 
-3.71106 1 
-3.90369 1 
-3.35974 1 
0.146575 1 
-0.494421 1 
-0.111943 1 
-0.249041 1 
-0.379774 1 
1.0009 1 
-0.729589 1 
-0.567323 1 
-0.675501 1 
-0.838331 1 
-0.947259 1 
-0.783866 1 
3.06863 1 
2.8465 1 
2.97103 1 
3.57039 1 
1.12189 1 
-0.892795 1 
-1.03298 1 
-2.60308 1 
ZONE T="boundary2"
4 -0.380399 
4 -0.437975 
4 -0.253049 
4 -0.322824 
4 -0.506038 
4 0.235907 
4 1 
4 0.30926 
4 0.185226 
4 -0.574102 
4 0.0505521 
4 -0.787051 
4 -0.194895 
4 -0.033441 
4 -0.114168 
4 0.360854 
4 0.412447 
4 0.493786 
4 0.575124 
4 0.681343 
4 0.787562 
4 -1 
4 0.134545 
4 -0.409187 
4 -0.287936 
4 -0.351612 
4 0.272584 
4 0.210567 
4 -0.680576 
4 -0.223972 
4 -0.0738045 
4 0.386651 
4 0.453117 
4 -0.154532 
4 -0.54007 
4 -0.472007 
4 0.534455 
4 0.734453 
4 -0.893525 
4 0.159886 
4 0.00855552 
4 0.335057 
4 0.0925486 
4 0.628234 
4 0.893781 
ZONE T="boundary3"
-1.19039 -1 
0.395924 -1 
0.444005 -1 
-0.467925 -1 
1.39295 -1 
3.81194 -1 
-2.76026 -1 
-2.5412 -1 
2.81184 -1 
-2.33926 -1 
1.46698 -1 
2.12372 -1 
3.0298 -1 
-1.74302 -1 
-1.94017 -1 
3.24777 -1 
3.62388 -1 
2.39023 -1 
0.729363 -1 
0.666298 -1 
0.347843 -1 
0.281797 -1 
-0.181593 -1 
0.215752 -1 
-4 -1 
-3.77654 -1 
-0.57679 -1 
-0.284642 -1 
-0.0785437 -1 
-0.376283 -1 
-0.810795 -1 
0.540168 -1 
0.792428 -1 
-0.130068 -1 
-3.55309 -1 
-0.685656 -1 
-0.0066298 -1 
0.853412 -1 
1.16288 -1 
1.03864 -1 
1.541 -1 
1.62005 -1 
4 -1 
1.27792 -1 
1.85721 -1 
1.69911 -1 
-1.2945 -1 
-1.3986 -1 
-1.4847 -1 
-1.57081 -1 
-1.06316 -1 
-0.935934 -1 
-2.13732 -1 
2.25698 -1 
-3.26621 -1 
-3.40965 -1 
2.60104 -1 
0.914397 -1 
0.0652841 -1 
0.140518 -1 
-2.97933 -1 
0.419965 -1 
-2.65073 -1 
-1.84159 -1 
3.43583 -1 
0.69783 -1 
0.31482 -1 
0.248774 -1 
-3.88827 -1 
-0.522358 -1 
0.492087 -1 
0.760895 -1 
-0.631223 -1 
-0.422104 -1 
-0.748225 -1 
0.603233 -1 
1.10076 -1 
1.50399 -1 
3.90597 -1 
1.33544 -1 
1.77816 -1 
1.42997 -1 
-1.24245 -1 
-1.44165 -1 
-1.34655 -1 
-1.12678 -1 
-0.999549 -1 
-0.873364 -1 
3.71791 -1 
2.92082 -1 
-1.65691 -1 
-2.44023 -1 
-2.23829 -1 
2.32361 -1 
1.99047 -1 
2.49563 -1 
2.19035 -1 
2.70644 -1 
-2.03875 -1 
-3.66481 -1 
0.883905 -1 
0.82292 -1 
0.976518 -1 
0.0293271 -1 
-0.0425867 -1 
0.102901 -1 
0.371883 -1 
-0.104306 -1 
-0.15583 -1 
0.178135 -1 
-0.233117 -1 
-0.330462 -1 
-3.12277 -1 
-3.48137 -1 
1.2204 -1 
-1.52776 -1 
-2.86979 -1 
1.65958 -1 
1.58053 -1 
-3.33793 -1 
3.13879 -1 
ZONE T="boundary4"
0.510934 0.220482 
0.529448 0.207075 
0.636828 0.0147452 
-0.238056 0.483932 
-0.216977 0.479407 
-0.612195 0.0295202 
0.388651 0.274835 
0.40948 0.268685 
-0.58701 0.248159 
-0.579397 0.267486 
0.448771 0.25412 
-0.381873 0.471165 
-0.400607 0.463333 
-0.570561 0.287104 
0.490286 0.23338 
0.46915 0.244719 
0.638112 -0.00468698 
-0.615934 0.0726424 
-0.613337 0.138805 
-0.615324 0.116666 
-0.616187 0.0945844 
-0.614592 0.0509457 
-0.59924 0.210266 
-0.604175 0.191074 
-0.608058 0.172973 
-0.560791 0.306187 
-0.593551 0.229192 
-0.52619 0.359696 
-0.513089 0.375972 
-0.538506 0.342641 
-0.550079 0.324749 
-0.484607 0.405969 
-0.499236 0.3914 
-0.469284 0.419554 
-0.453125 0.432221 
-0.436372 0.443724 
0.605673 0.118319 
0.598092 0.131433 
0.625197 0.0722135 
0.618644 0.0905845 
-0.362287 0.477699 
-0.342481 0.482674 
-0.301428 0.48803 
-0.321979 0.486165 
-0.259445 0.486938 
-0.130123 0.446056 
-0.152496 0.456651 
0.547227 0.192164 
0.563478 0.176301 
-0.19533 0.473204 
-0.174015 0.465638 
0.630438 0.0532485 
-0.0848175 0.4218 
-0.0602353 0.407871 
-0.28036 0.488291 
-0.418727 0.454198 
0.634286 0.0341224 
0.341041 0.285865 
0.367686 0.280143 
0.429236 0.261896 
0.0441651 0.354018 
0.0173274 0.366283 
-0.0354732 0.393914 
-0.00928639 0.379717 
-0.107448 0.434275 
0.156922 0.317547 
0.282768 0.295809 
0.31428 0.29075 
0.187783 0.311129 
0.128139 0.32471 
0.0714534 0.342995 
0.577183 0.160748 
0.612556 0.104652 
0.589853 0.143987 
0.638226 -0.0243367 
0.0997837 0.333108 
0.251183 0.300585 
0.219532 0.30554 
0.520304 0.213938 
-0.22748 0.481852 
0.399096 0.27187 
-0.583314 0.257867 
-0.39131 0.467418 
-0.5751 0.277351 
0.479806 0.239219 
0.637621 0.00503916 
-0.61447 0.127749 
-0.615895 0.105631 
-0.613526 0.0402185 
-0.601806 0.200696 
-0.606207 0.182043 
-0.565795 0.296708 
-0.596489 0.219758 
-0.519746 0.367922 
-0.544406 0.33377 
-0.532457 0.351249 
-0.555551 0.315536 
-0.492024 0.398789 
-0.461302 0.426014 
-0.44484 0.438107 
-0.477045 0.412876 
0.601976 0.12493 
0.622089 0.081459 
-0.352432 0.480375 
-0.311723 0.487297 
-0.248726 0.485634 
-0.372141 0.474617 
-0.141258 0.451475 
0.555504 0.184389 
-0.184623 0.469578 
0.627989 0.0627785 
-0.0725188 0.414852 
-0.332265 0.48462 
-0.290898 0.488366 
-0.590377 0.238709 
0.459025 0.249565 
-0.427637 0.449111 
-0.409746 0.458924 
0.635718 0.024455 
-0.269892 0.487812 
0.354387 0.283126 
-0.506267 0.383782 
-0.206106 0.476485 
0.43905 0.258131 
0.0306858 0.360006 
-0.0224197 0.386738 
-0.615399 0.0617861 
0.298534 0.293345 
0.172331 0.314198 
0.327675 0.288394 
0.615702 0.0976626 
0.594061 0.137768 
0.609214 0.111535 
0.638311 -0.0145109 
-0.616199 0.0836123 
0.632528 0.0437189 
0.583679 0.152489 
-0.118743 0.440255 
-0.0961073 0.428091 
-0.163202 0.461282 
-0.0478716 0.400864 
0.00396444 0.372884 
0.0577477 0.348345 
0.0855658 0.337875 
-0.611025 0.155941 
0.113915 0.328745 
0.142497 0.320979 
0.203638 0.308234 
0.235351 0.303014 
0.378191 0.277584 
0.570473 0.16865 
0.419395 0.265404 
0.538475 0.199785 
0.500718 0.227109 
0.266976 0.298204 
ZONE T="boundary5"
0.624821 -0.122538 
-0.504896 -0.212649 
-0.538535 -0.164978 
-0.549188 -0.147609 
-0.604378 -0.0123879 
-0.608779 0.00840695 
-0.612195 0.0295202 
-0.516401 -0.197341 
-0.59904 -0.0328052 
-0.5592 -0.129859 
-0.481026 -0.241947 
-0.585651 -0.0726287 
-0.592784 -0.0528982 
-0.568827 -0.111119 
-0.57766 -0.0920295 
-0.20916 -0.438064 
-0.186729 -0.447603 
-0.231315 -0.427921 
-0.252694 -0.417418 
-0.294042 -0.394955 
-0.313987 -0.383018 
-0.273771 -0.406336 
-0.332881 -0.370984 
-0.0906738 -0.480837 
-0.139917 -0.465282 
-0.0648435 -0.487816 
-0.163449 -0.456761 
-0.115409 -0.4734 
0.628982 -0.102826 
-0.456167 -0.269408 
-0.468703 -0.255939 
-0.52772 -0.181336 
-0.492991 -0.22764 
-0.368607 -0.346085 
-0.351431 -0.358426 
-0.443249 -0.282515 
-0.415828 -0.308031 
-0.429721 -0.295468 
-0.385432 -0.333268 
-0.400806 -0.320863 
0.498947 -0.40014 
0.520764 -0.376913 
0.319133 -0.496451 
0.301479 -0.500742 
0.57143 -0.296729 
0.549078 -0.338311 
0.557053 -0.324948 
0.564537 -0.311019 
0.134431 -0.515867 
0.10392 -0.514539 
0.0734669 -0.512118 
-0.0115803 -0.499751 
0.0158179 -0.504629 
0.0445825 -0.508837 
-0.0388159 -0.494057 
0.266314 -0.507526 
0.232128 -0.512102 
0.198915 -0.51484 
0.166693 -0.516028 
0.336612 -0.491561 
0.367564 -0.48116 
0.461187 -0.431679 
0.474168 -0.421852 
0.540509 -0.351279 
0.486821 -0.411298 
0.398084 -0.4684 
0.447776 -0.440898 
0.635312 -0.0636017 
0.637254 -0.0439942 
0.607395 -0.190563 
0.613983 -0.166409 
0.583281 -0.267909 
0.593529 -0.237672 
0.632505 -0.0832669 
0.620197 -0.142156 
0.638226 -0.0243367 
0.600638 -0.214178 
0.435671 -0.448496 
0.423288 -0.455631 
-0.543939 -0.156341 
-0.606703 -0.00201643 
-0.610615 0.0189432 
-0.510701 -0.205035 
-0.601829 -0.0226274 
-0.554277 -0.138781 
-0.589327 -0.0628029 
-0.573344 -0.101621 
-0.58176 -0.0823723 
-0.197977 -0.44291 
-0.24204 -0.422742 
-0.304057 -0.389057 
-0.283946 -0.400715 
-0.0777837 -0.484419 
-0.151712 -0.461102 
-0.175121 -0.452262 
-0.103067 -0.477204 
-0.462482 -0.262718 
-0.522121 -0.189381 
-0.487053 -0.234831 
-0.360062 -0.352315 
-0.342201 -0.364771 
0.626967 -0.112696 
-0.422819 -0.301799 
-0.393162 -0.327118 
-0.449755 -0.276008 
-0.377065 -0.339736 
-0.564108 -0.120538 
0.510136 -0.388791 
0.310324 -0.498671 
0.560872 -0.318025 
-0.474911 -0.248984 
0.0886828 -0.513463 
0.00210039 -0.502293 
0.0301836 -0.506847 
-0.498992 -0.220183 
0.28395 -0.504403 
0.182811 -0.515608 
0.150562 -0.516111 
-0.0518521 -0.49103 
0.327894 -0.494083 
0.352178 -0.486624 
0.467735 -0.426841 
0.530951 -0.36434 
0.48056 -0.41665 
0.454533 -0.436364 
0.544868 -0.344845 
0.553141 -0.331675 
0.636396 -0.053809 
0.610729 -0.178497 
0.577621 -0.28243 
0.588594 -0.252856 
0.568059 -0.303911 
0.617145 -0.154296 
0.622559 -0.132359 
0.634006 -0.0734481 
-0.596027 -0.0428871 
-0.533194 -0.173201 
0.630824 -0.0930607 
-0.436532 -0.289041 
0.637869 -0.0341717 
-0.408363 -0.314501 
-0.220273 -0.433069 
0.382945 -0.475068 
0.597139 -0.225942 
-0.323476 -0.377066 
0.604053 -0.202381 
-0.263271 -0.41195 
-0.127691 -0.469427 
0.119169 -0.515342 
-0.0252194 -0.497005 
0.0590114 -0.510595 
0.215539 -0.51367 
0.492951 -0.405795 
0.429514 -0.45212 
0.410798 -0.462236 
0.249253 -0.510044 
0.441759 -0.444755 
