ZONE T="boundary0"
-4 -0.681157 
-4 -0.430011 
-4 -0.346295 
-4 -0.286486 
-4 -0.126695 
-4 -0.201096 
-4 0.273589 
-4 0.345808 
-4 0.398216 
-4 -0.0553697 
-4 0.450625 
-4 0.519297 
-4 0.199031 
-4 0.122979 
-4 0.0694674 
-4 0.0159557 
-4 0.587969 
-4 -0.388153 
-4 -0.555584 
-4 -0.492797 
-4 0.793984 
-4 1 
-4 -1 
-4 -0.316391 
-4 -0.163896 
-4 0.309699 
-4 0.372012 
-4 0.484961 
-4 0.161005 
-4 0.0427116 
-4 -0.409082 
-4 -0.61837 
-4 0.23631 
-4 -0.019707 
-4 -0.0910324 
-4 0.0962232 
-4 -0.243791 
-4 0.690977 
-4 0.553633 
-4 0.896992 
-4 -0.840578 
-4 0.424421 
-4 -0.52419 
-4 -0.461404 
-4 -0.367224 
ZONE T="boundary1"
-2.17187 1 
3.69909 1 
1.31812 1 
-1.29193 1 
-0.526342 1 
-1.38164 1 
4 1 
3.42676 1 
-0.274254 1 
-0.340096 1 
-1.6659 1 
3.15444 1 
0.493154 1 
-3.51002 1 
-2.71418 1 
-3.01275 1 
0.953646 1 
1.08238 1 
1.76737 1 
1.95175 1 
-1.97896 1 
-3.26139 1 
2.66955 1 
2.91199 1 
2.13613 1 
1.62433 1 
2.40284 1 
-0.457607 1 
-0.595078 1 
-0.673476 1 
-0.147766 1 
-0.208412 1 
-0.0871193 1 
0.591672 1 
0.708294 1 
-0.0256261 1 
0.103847 1 
0.0358671 1 
0.394635 1 
-0.809051 1 
-0.980579 1 
-0.866227 1 
0.283231 1 
0.171827 1 
-4 1 
-1.20221 1 
-1.0914 1 
1.20025 1 
-1.46369 1 
-1.54574 1 
1.3997 1 
0.824915 1 
-3.75501 1 
-1.78605 1 
1.48128 1 
-2.44303 1 
-0.751874 1 
-2.86346 1 
3.84954 1 
3.56293 1 
-0.307175 1 
3.2906 1 
1.01801 1 
1.85956 1 
-2.07542 1 
-3.13707 1 
2.79077 1 
-0.634277 1 
-0.178089 1 
-0.117443 1 
0.649983 1 
-0.398852 1 
-0.56071 1 
-0.0563727 1 
0.0698571 1 
-0.491975 1 
-0.923403 1 
-0.241333 1 
0.338933 1 
0.227529 1 
-1.1468 1 
1.14131 1 
-1.03599 1 
1.25918 1 
-1.33678 1 
-1.50471 1 
-1.24707 1 
1.35891 1 
0.889281 1 
0.766604 1 
0.443895 1 
0.542413 1 
-3.63252 1 
-3.87751 1 
-1.72598 1 
-1.42267 1 
1.44049 1 
-1.60582 1 
1.69585 1 
2.04394 1 
-2.5786 1 
3.03321 1 
2.53619 1 
-3.3857 1 
-2.30745 1 
2.26949 1 
-1.88251 1 
-0.712675 1 
0.00512049 1 
0.137837 1 
-0.780463 1 
-0.837639 1 
-2.78882 1 
-2.93811 1 
1.5528 1 
ZONE T="boundary2"
4 -0.0702453 
4 0.308936 
4 0.588913 
4 0.794457 
4 0.263367 
4 0.223789 
4 1 
4 0.184212 
4 0.354505 
4 0.413107 
4 0.471709 
4 0.00902403 
4 0.0966179 
4 -0.288234 
4 -0.218874 
4 -0.325159 
4 -0.564566 
4 -0.693198 
4 -0.846599 
4 -1 
4 -0.362084 
4 -0.149515 
4 -0.435933 
4 0.243578 
4 0.897228 
4 0.331721 
4 0.286152 
4 0.383806 
4 0.442408 
4 0.530311 
4 0.691685 
4 0.052821 
4 -0.253554 
4 -0.628882 
4 -0.769898 
4 -0.923299 
4 -0.184194 
4 -0.10988 
4 0.204001 
4 0.140415 
4 -0.0306106 
4 -0.500249 
4 -0.343621 
4 -0.306696 
4 -0.399008 
ZONE T="boundary3"
3.625 -1 
3.27731 -1 
-1.3374 -1 
-1.22209 -1 
1.25242 -1 
-1.10678 -1 
0.610404 -1 
1.60689 -1 
-0.674667 -1 
0.23477 -1 
0.0460683 -1 
-0.781587 -1 
1.9565 -1 
2.94387 -1 
-2.05061 -1 
-1.86869 -1 
-3.65322 -1 
-3.30643 -1 
-1.47022 -1 
-3.03808 -1 
-2.76973 -1 
-2.50113 -1 
-2.23253 -1 
0.372341 -1 
0.491372 -1 
0.303555 -1 
0.107775 -1 
0.171273 -1 
-0.223271 -1 
-0.574874 -1 
-0.475082 -1 
-0.081621 -1 
-0.147603 -1 
-0.0156388 -1 
-0.29894 -1 
-0.888508 -1 
-0.387011 -1 
0.794539 -1 
0.905554 -1 
1.01657 -1 
1.13449 -1 
1.34103 -1 
1.42965 -1 
1.77145 -1 
-4 -1 
-1.60304 -1 
-0.997643 -1 
3.8125 -1 
4 -1 
3.11059 -1 
2.61043 -1 
2.37598 -1 
2.14154 -1 
2.77715 -1 
-1.73587 -1 
3.45116 -1 
-1.27975 -1 
-1.16444 -1 
-0.728127 -1 
-1.95965 -1 
-3.47982 -1 
-3.17226 -1 
-2.63543 -1 
-2.36683 -1 
0.431856 -1 
0.139524 -1 
-0.624771 -1 
-0.524978 -1 
0.337948 -1 
-0.114612 -1 
0.0152146 -1 
-0.0486299 -1 
-0.185437 -1 
-0.261106 -1 
-0.342975 -1 
0.702471 -1 
-0.835048 -1 
0.850047 -1 
0.961061 -1 
1.07553 -1 
1.19345 -1 
1.38534 -1 
1.51827 -1 
1.68917 -1 
-3.82661 -1 
-1.53663 -1 
3.71875 -1 
3.90625 -1 
3.02723 -1 
3.19395 -1 
2.25876 -1 
2.69379 -1 
2.49321 -1 
2.86051 -1 
-2.90391 -1 
-1.40381 -1 
1.86397 -1 
2.04902 -1 
-2.14157 -1 
-1.80228 -1 
0.0769218 -1 
0.203021 -1 
0.269163 -1 
-0.431046 -1 
-1.05221 -1 
-0.943076 -1 
1.29673 -1 
-1.66945 -1 
0.550888 -1 
ZONE T="boundary4"
-0.108492 0.388115 
-0.480299 0.374608 
-0.458467 0.386364 
0.121561 0.359258 
0.151746 0.357254 
-0.635808 0.12141 
-0.638255 0.0961958 
-0.616208 0.202671 
-0.638341 0.0462241 
-0.636101 0.0216225 
-0.364533 0.414009 
-0.340022 0.416375 
-0.63908 0.0711005 
-0.501175 0.360922 
0.462672 0.294852 
-0.622278 0.184321 
-0.435847 0.396152 
-0.41255 0.403994 
0.182709 0.355194 
-0.631694 0.146613 
-0.627466 0.165553 
-0.60073 0.239766 
-0.586498 0.266536 
0.630671 0.114574 
0.622263 0.134394 
-0.607996 0.22367 
0.539225 0.242857 
-0.572763 0.287938 
-0.0813256 0.383122 
-0.0533398 0.378349 
-0.188349 0.403357 
-0.214087 0.407803 
-0.521137 0.345209 
-0.539839 0.327684 
0.588811 0.189403 
0.58 0.200574 
0.642568 0.0738926 
0.639337 0.0875747 
-0.557265 0.308322 
0.646851 -0.00998238 
0.515376 0.262273 
0.489556 0.279792 
-0.290302 0.416503 
-0.265142 0.4146 
-0.388734 0.409921 
0.5972 0.177799 
-0.31527 0.417153 
0.645071 0.0600866 
0.612499 0.153334 
0.605112 0.165774 
-0.16202 0.398426 
-0.239772 0.411637 
0.560262 0.222694 
0.43346 0.308247 
0.403532 0.319367 
0.64685 0.0461566 
0.648245 0.0181037 
0.570331 0.211856 
0.527497 0.252828 
0.00342067 0.370158 
0.0321092 0.366826 
0.0912842 0.361447 
0.0617687 0.363907 
0.276793 0.346604 
0.308804 0.342017 
0.213601 0.352918 
0.635393 0.101077 
0.647889 0.00410168 
-0.0253716 0.374048 
-0.135636 0.393323 
0.340689 0.33613 
0.372274 0.328681 
0.245218 0.350123 
-0.469511 0.38072 
0.136656 0.358245 
-0.637235 0.108826 
-0.352304 0.4154 
-0.638866 0.0836575 
-0.424283 0.400312 
0.167229 0.356237 
-0.633957 0.134049 
-0.624989 0.174972 
-0.629698 0.156112 
-0.593896 0.253307 
0.626658 0.124564 
-0.604454 0.231761 
-0.619355 0.193536 
-0.579837 0.277373 
-0.0673366 0.380682 
-0.201211 0.40564 
-0.530674 0.336647 
0.584462 0.195034 
0.641042 0.0807544 
-0.511327 0.353282 
-0.447263 0.391497 
-0.490885 0.36799 
0.502658 0.271318 
-0.0949107 0.385582 
-0.277717 0.415694 
-0.400706 0.407191 
0.593067 0.183646 
-0.32766 0.416953 
-0.376678 0.412188 
0.64391 0.0670056 
0.608879 0.159597 
-0.17518 0.400925 
-0.25245 0.413235 
-0.565219 0.298289 
-0.226922 0.409809 
-0.302789 0.416995 
-0.637407 0.0339087 
0.448194 0.301838 
0.647905 0.0321467 
0.575223 0.206265 
0.533413 0.247905 
0.565349 0.217325 
0.0177647 0.368426 
0.106425 0.360319 
0.0469401 0.365304 
-0.638903 0.0586592 
-0.612251 0.213232 
0.292815 0.344454 
0.198157 0.354097 
0.637453 0.0943512 
0.617553 0.143952 
0.63312 0.107856 
0.646051 0.0531329 
0.601224 0.171831 
0.647453 -0.00294655 
0.648152 0.0111004 
0.549935 0.23298 
-0.0393571 0.376136 
-0.548755 0.318189 
-0.148827 0.395881 
-0.122065 0.390702 
-0.0109792 0.372034 
0.0765284 0.362628 
0.324774 0.339252 
0.356526 0.332617 
0.261014 0.34847 
0.418589 0.31407 
0.229414 0.351595 
0.387971 0.32427 
0.521487 0.257616 
0.476267 0.287601 
ZONE T="boundary5"
-0.61328 -0.0732734 
-0.582771 -0.140622 
-0.59416 -0.11852 
-0.620969 -0.0500946 
-0.62736 -0.0265619 
-0.636101 0.0216225 
-0.632424 -0.00263762 
-0.60434 -0.0960667 
-0.0576464 -0.491483 
-0.0862641 -0.485587 
-0.226923 -0.441871 
-0.19922 -0.452534 
-0.254421 -0.43019 
-0.281488 -0.417555 
-0.38421 -0.357599 
-0.359509 -0.373976 
-0.447775 -0.308041 
-0.114679 -0.478768 
-0.511981 -0.242514 
-0.171169 -0.462261 
-0.143061 -0.470976 
-0.570215 -0.162359 
-0.481543 -0.27602 
-0.496661 -0.259984 
-0.429083 -0.323883 
-0.40698 -0.341187 
-0.465851 -0.291502 
0.466744 -0.378082 
0.487332 -0.356623 
-0.526701 -0.224525 
-0.541994 -0.204444 
0.561426 -0.244046 
0.547251 -0.270984 
0.646851 -0.00998238 
0.628167 -0.0931816 
0.618137 -0.120496 
0.606789 -0.14779 
0.0869236 -0.506562 
0.0577942 -0.505528 
-0.0289603 -0.496429 
0.0287942 -0.503475 
-0.00013872 -0.500433 
0.116044 -0.506529 
0.23224 -0.494545 
0.260864 -0.48822 
0.145258 -0.505375 
0.20338 -0.499458 
0.174369 -0.503042 
-0.556498 -0.183782 
0.594419 -0.175338 
0.539749 -0.284132 
0.31702 -0.470977 
0.289206 -0.480379 
0.344361 -0.459872 
0.370976 -0.44703 
0.396698 -0.432412 
0.421379 -0.415992 
0.523728 -0.30961 
0.506202 -0.333906 
0.444854 -0.397789 
0.642856 -0.0379567 
0.639965 -0.0518482 
0.571611 -0.223435 
0.581568 -0.202735 
0.636527 -0.0656762 
-0.308102 -0.403953 
-0.334194 -0.389385 
-0.588601 -0.12964 
-0.634441 0.00946732 
-0.0719788 -0.488651 
-0.213117 -0.44732 
-0.268011 -0.423992 
-0.37194 -0.365909 
-0.157151 -0.466734 
-0.185235 -0.457515 
-0.576621 -0.151564 
-0.395675 -0.349503 
-0.473767 -0.283832 
-0.60896 -0.0847279 
-0.456893 -0.299859 
-0.438503 -0.316048 
-0.504398 -0.251317 
-0.418119 -0.332647 
-0.100499 -0.482292 
0.477231 -0.367543 
-0.53444 -0.214556 
0.554469 -0.257583 
0.623321 -0.106899 
-0.240723 -0.43615 
0.0723557 -0.506176 
0.0143159 -0.502076 
-0.0433229 -0.494073 
0.246594 -0.491563 
0.130659 -0.506096 
0.159828 -0.50436 
-0.549351 -0.194186 
0.303182 -0.475879 
0.357774 -0.453669 
0.27509 -0.484491 
0.409184 -0.424424 
-0.519415 -0.233581 
0.496963 -0.345432 
-0.489175 -0.26807 
-0.599393 -0.107357 
-0.630064 -0.0146343 
0.531929 -0.296995 
0.64148 -0.0449167 
-0.624329 -0.0383714 
0.543543 -0.277584 
0.576611 -0.213094 
0.566555 -0.233759 
0.63831 -0.0587777 
0.612583 -0.13419 
0.217841 -0.497172 
0.588037 -0.189054 
-0.617282 -0.061735 
0.383962 -0.439943 
-0.563476 -0.173147 
0.645161 -0.0240132 
0.632567 -0.0794941 
0.101485 -0.506682 
-0.321216 -0.39679 
-0.0145654 -0.49855 
-0.128902 -0.474988 
0.0432865 -0.504627 
0.188896 -0.50141 
0.330777 -0.465636 
0.455977 -0.388138 
-0.346925 -0.381801 
-0.294857 -0.410875 
0.60068 -0.161595 
0.433282 -0.407107 
0.515164 -0.321907 
