ZONE T="boundary0"
-4 -0.425791 
-4 -0.347015 
-4 -0.285938 
-4 0.225527 
-4 -0.600487 
-4 -0.504567 
-4 -0.696406 
-4 -0.848203 
-4 -1 
-4 0.118841 
-4 0.0150216 
-4 0.172184 
-4 0.313834 
-4 0.254963 
-4 -0.0887979 
-4 0.412648 
-4 -0.255399 
-4 -0.156829 
-4 0.620785 
-4 0.482027 
-4 1 
-4 0.810393 
-4 0.284398 
-4 0.343269 
-4 0.377959 
-4 -0.224861 
-4 0.715589 
-4 -0.316476 
-4 -0.552527 
-4 -0.924102 
-4 0.0669313 
-4 0.145513 
-4 0.198855 
-4 0.240245 
-4 -0.0368882 
-4 -0.386403 
-4 -0.465179 
-4 -0.648446 
-4 -0.270669 
-4 -0.122814 
-4 0.551406 
-4 0.905196 
-4 -0.772305 
-4 0.26968 
-4 0.328552 
-4 0.299116 
-4 0.447338 
-4 0.360614 
-4 0.395304 
-4 -0.190845 
-4 0.668187 
-4 0.762991 
-4 -0.24013 
ZONE T="boundary1"
0.0478244 1 
-0.0135767 1 
1.05144 1 
0.93488 1 
0.452813 1 
0.383945 1 
-0.386747 1 
-0.329031 1 
3.82004 1 
-1.51207 1 
-1.41618 1 
1.30844 1 
1.17994 1 
-1.73209 1 
-2.19049 1 
-2.40168 1 
-1.97931 1 
2.88718 1 
-2.62934 1 
-2.857 1 
1.40929 1 
-3.70336 1 
1.71183 1 
2.48911 1 
2.29646 1 
2.10381 1 
0.119135 1 
-0.144288 1 
-0.213599 1 
-0.271315 1 
0.540829 1 
0.315076 1 
0.190445 1 
-0.0749777 1 
0.252761 1 
-0.642221 1 
-0.543342 1 
-0.858687 1 
-0.970733 1 
-0.750454 1 
0.723584 1 
-1.08278 1 
-1.20153 1 
-1.32029 1 
-1.62208 1 
4 1 
-4 1 
1.51014 1 
3.46012 1 
3.64008 1 
3.28017 1 
0.818321 1 
0.876601 1 
1.90782 1 
-3.85168 1 
-3.40672 1 
-3.13186 1 
-0.444463 1 
0.628846 1 
-0.493903 1 
-3.26929 1 
0.0171239 1 
0.993159 1 
-0.357889 1 
-1.46413 1 
1.24419 1 
-2.29609 1 
1.35887 1 
2.68815 1 
2.20013 1 
-0.178943 1 
-0.300173 1 
0.496821 1 
0.0834795 1 
0.15479 1 
-0.0442772 1 
-0.109633 1 
0.418379 1 
0.221603 1 
-0.592782 1 
-0.696337 1 
-1.14216 1 
-1.26091 1 
-1.02676 1 
-1.8557 1 
-1.67709 1 
3.91002 1 
-0.91471 1 
-1.56708 1 
-2.0849 1 
3.5501 1 
3.08367 1 
-2.74317 1 
-2.51551 1 
1.61098 1 
1.80982 1 
-3.92584 1 
2.00581 1 
-3.55504 1 
-3.77752 1 
2.39279 1 
-2.99443 1 
-0.415605 1 
-0.242457 1 
0.349511 1 
0.283919 1 
0.584838 1 
-0.80457 1 
0.90574 1 
0.847461 1 
0.676215 1 
0.770952 1 
3.37015 1 
-0.469183 1 
-1.36823 1 
1.11569 1 
-3.33801 1 
1.45971 1 
3.73006 1 
-3.20058 1 
-0.518623 1 
ZONE T="boundary2"
4 -0.835623 
4 -0.412195 
4 -0.31503 
4 -0.347419 
4 0.134762 
4 0.263823 
4 0.237601 
4 0.344539 
4 0.41834 
4 -0.0744426 
4 0.809552 
4 0.619105 
4 -1 
4 0.304181 
4 0.211379 
4 0.0729697 
4 0.518722 
4 0.0111769 
4 -0.160062 
4 -0.251997 
4 -0.221352 
4 -0.282642 
4 -0.54172 
4 -0.671246 
4 1 
4 -0.190707 
4 0.468531 
4 -0.331225 
4 0.250712 
4 0.38144 
4 0.714329 
4 -0.917811 
4 0.22449 
4 0.103866 
4 0.32436 
4 0.284002 
4 0.568914 
4 0.173071 
4 -0.0316328 
4 -0.117252 
4 -0.236675 
4 -0.379807 
4 -0.753434 
4 -0.20603 
4 -0.298836 
4 -0.26732 
4 0.443435 
4 0.493627 
4 0.0420733 
4 -0.476958 
4 -0.606483 
4 0.904776 
4 -0.175385 
ZONE T="boundary3"
-3.8107 -1 
-3.6214 -1 
3.77065 -1 
1.24897 -1 
-1.00242 -1 
-0.907632 -1 
0.899487 -1 
-0.0774409 -1 
-0.141844 -1 
0.1905 -1 
-0.414962 -1 
1.05582 -1 
0.34404 -1 
0.26727 -1 
3.5413 -1 
1.95201 -1 
2.12106 -1 
-1.40725 -1 
-4 -1 
-0.50664 -1 
4 -1 
-1.1964 -1 
-1.09941 -1 
-3.27167 -1 
-3.03464 -1 
2.58327 -1 
-1.60531 -1 
3.04265 -1 
2.87643 -1 
2.29011 -1 
-2.33101 -1 
-2.79761 -1 
-1.90533 -1 
-2.11817 -1 
3.37508 -1 
0.397173 -1 
0.450306 -1 
0.0378463 -1 
0.0887308 -1 
-0.0130382 -1 
0.139615 -1 
0.556573 -1 
0.724369 -1 
-0.598318 -1 
-0.34304 -1 
-0.271118 -1 
-0.206481 -1 
-0.812847 -1 
-1.30182 -1 
1.1524 -1 
1.37379 -1 
1.4986 -1 
3.20887 -1 
-0.705583 -1 
1.61195 -1 
1.72531 -1 
1.83866 -1 
-2.68096 -1 
-2.56431 -1 
-3.71605 -1 
-0.109642 -1 
0.977653 -1 
0.305655 -1 
2.03654 -1 
-3.90535 -1 
3.88532 -1 
-1.1479 -1 
-3.15316 -1 
2.72985 -1 
2.43669 -1 
-2.91613 -1 
-2.01175 -1 
3.45819 -1 
0.42374 -1 
-0.460801 -1 
0.0632885 -1 
-0.0452396 -1 
0.228885 -1 
0.165057 -1 
-1.05091 -1 
0.640471 -1 
0.50344 -1 
-0.379001 -1 
-0.307079 -1 
-0.238799 -1 
-0.174162 -1 
-0.860239 -1 
-0.955025 -1 
-1.24911 -1 
1.20068 -1 
0.811928 -1 
1.43619 -1 
1.31138 -1 
-0.65195 -1 
-1.35453 -1 
1.66863 -1 
-1.50628 -1 
-1.75532 -1 
3.65597 -1 
-2.22459 -1 
2.20558 -1 
3.29197 -1 
2.95954 -1 
-2.62263 -1 
-2.73929 -1 
-2.44766 -1 
-0.552479 -1 
0.012404 -1 
0.114173 -1 
0.370606 -1 
-3.44653 -1 
1.10411 -1 
-0.759215 -1 
1.89534 -1 
1.78198 -1 
1.55528 -1 
3.12576 -1 
ZONE T="boundary4"
-0.427523 0.363499 
-0.410056 0.377775 
-0.633842 0.0169355 
-0.636509 -0.00487945 
-0.611395 0.104513 
-0.521191 0.265752 
0.499271 0.269921 
0.625833 -0.0278695 
-0.629976 0.0388431 
-0.624924 0.0608046 
-0.618717 0.0827224 
-0.571319 0.190314 
-0.58111 0.17252 
0.620019 0.00672233 
-0.605097 0.120982 
-0.597976 0.137817 
-0.559949 0.209423 
-0.590278 0.154415 
-0.392122 0.391477 
-0.373526 0.40475 
-0.547953 0.22816 
-0.460835 0.33336 
-0.444439 0.348708 
-0.153086 0.50832 
-0.12754 0.515278 
0.509688 0.247628 
-0.476727 0.317417 
-0.354504 0.417422 
-0.334664 0.429736 
-0.314434 0.441412 
0.470459 0.32592 
-0.226382 0.483173 
-0.249225 0.473643 
-0.202529 0.492238 
-0.178397 0.50053 
-0.293269 0.452739 
-0.045033 0.531834 
-0.0163693 0.535525 
-0.100649 0.521651 
-0.506952 0.283608 
-0.49203 0.300928 
-0.0735724 0.527108 
0.540374 0.184631 
0.530074 0.204919 
0.488537 0.292008 
0.519744 0.226177 
-0.271747 0.463386 
-0.534899 0.247181 
0.623453 -0.0104967 
0.603685 0.0583124 
0.615537 0.0239619 
0.37513 0.442604 
0.396821 0.423092 
0.278322 0.500999 
0.252281 0.511014 
0.352317 0.460093 
0.303515 0.489356 
0.328281 0.475737 
0.479718 0.309106 
0.451006 0.357458 
0.583994 0.101827 
0.570484 0.127997 
0.435624 0.379066 
0.106576 0.538925 
0.0753376 0.540067 
0.0137582 0.538259 
0.225615 0.519417 
0.19727 0.526537 
0.137679 0.536287 
0.168395 0.532084 
0.560728 0.146259 
0.550927 0.164563 
0.610088 0.0411035 
0.596544 0.0752741 
0.419284 0.399247 
0.0439288 0.539794 
-0.635322 0.00604535 
-0.632052 0.027914 
-0.621955 0.0718011 
-0.576288 0.181457 
-0.615185 0.0936602 
-0.60161 0.12943 
-0.608318 0.112774 
-0.565715 0.199916 
-0.594196 0.146148 
-0.382878 0.398189 
-0.452703 0.341104 
-0.140341 0.511903 
0.5045 0.258784 
-0.436043 0.356174 
-0.468851 0.325458 
-0.364066 0.411162 
-0.344634 0.423659 
-0.324596 0.435655 
-0.418849 0.370709 
-0.237841 0.478499 
-0.214492 0.487802 
-0.190496 0.49648 
-0.303897 0.447161 
-0.0307173 0.53381 
-0.165773 0.504529 
-0.499573 0.292338 
-0.0871332 0.524494 
0.535183 0.194752 
0.493965 0.280995 
0.524863 0.215525 
-0.484453 0.309241 
-0.260528 0.468605 
-0.541504 0.237724 
-0.585774 0.163508 
0.624778 -0.0191644 
0.386167 0.433064 
0.265382 0.506215 
0.316021 0.48277 
0.363893 0.451571 
0.484179 0.300585 
0.46101 0.341865 
0.577321 0.114952 
-0.554025 0.218839 
0.443475 0.368379 
0.475151 0.317548 
0.0909648 0.539677 
-0.00131801 0.537039 
0.239012 0.515415 
0.211495 0.523184 
0.153066 0.53439 
0.565619 0.137134 
0.545622 0.174581 
0.55582 0.155406 
0.617898 0.0153733 
0.606985 0.0497445 
0.600196 0.0668275 
0.427614 0.389289 
0.621863 -0.00186176 
-0.627589 0.0498552 
-0.528129 0.256528 
0.612922 0.0325674 
0.514692 0.23689 
0.59042 0.0886206 
-0.514156 0.274748 
-0.401145 0.384699 
-0.282551 0.458148 
-0.0593233 0.529598 
0.291017 0.49539 
0.122145 0.537799 
-0.114121 0.518578 
0.0288367 0.539179 
0.340447 0.468144 
0.182871 0.529507 
0.408306 0.411413 
0.0596328 0.540104 
ZONE T="boundary5"
-0.195352 -0.35743 
-0.220381 -0.356174 
-0.573082 -0.237142 
-0.631368 -0.11084 
-0.63491 -0.0902111 
-0.636509 -0.00487945 
0.626298 -0.0797388 
0.627259 -0.0624853 
-0.604416 -0.188427 
-0.612902 -0.170286 
-0.491367 -0.305777 
-0.50642 -0.296946 
-0.584417 -0.221888 
-0.594826 -0.205748 
-0.626532 -0.131102 
-0.637963 -0.0265418 
-0.24465 -0.355003 
-0.268972 -0.353764 
-0.292508 -0.352372 
-0.338629 -0.348485 
0.627104 -0.0452168 
-0.316027 -0.350637 
-0.361127 -0.345698 
-0.119131 -0.362319 
-0.0928172 -0.36449 
-0.144716 -0.360453 
-0.382906 -0.342207 
-0.620376 -0.150955 
-0.170416 -0.358818 
-0.520972 -0.287108 
0.607848 -0.157571 
0.612689 -0.144178 
0.60244 -0.170651 
0.625833 -0.0278695 
-0.548345 -0.264279 
-0.53498 -0.276215 
-0.561108 -0.251199 
0.621088 -0.113803 
0.624247 -0.0967602 
-0.459146 -0.320913 
-0.47545 -0.313836 
-0.441337 -0.327464 
-0.423183 -0.333044 
-0.63819 -0.0480289 
0.156219 -0.386775 
0.127108 -0.38527 
0.098106 -0.38319 
-0.012947 -0.372307 
0.0144676 -0.37519 
-0.0397395 -0.369536 
0.27971 -0.383505 
0.216777 -0.387445 
0.186448 -0.387575 
0.247794 -0.386181 
-0.0665994 -0.366887 
0.368616 -0.366828 
0.340195 -0.373845 
0.392483 -0.359476 
0.442339 -0.338929 
0.416139 -0.350687 
0.467846 -0.325056 
0.513651 -0.292192 
0.533502 -0.273576 
-0.403206 -0.338086 
0.551918 -0.252964 
0.311735 -0.379209 
0.583184 -0.208078 
0.590064 -0.195921 
0.596465 -0.183506 
0.616913 -0.130498 
-0.637179 -0.0692455 
0.0699568 -0.380747 
0.041859 -0.378016 
0.491304 -0.30971 
0.568251 -0.231318 
0.523782 -0.283102 
-0.207865 -0.35679 
-0.633302 -0.100554 
0.626918 -0.0711195 
-0.608813 -0.179429 
-0.498963 -0.301479 
-0.589756 -0.213904 
-0.629115 -0.121011 
-0.232515 -0.355589 
-0.280742 -0.353101 
0.627321 -0.0538494 
-0.304271 -0.351557 
-0.349889 -0.347182 
-0.10597 -0.363373 
-0.13192 -0.361355 
-0.372034 -0.344059 
-0.623621 -0.14108 
-0.182881 -0.358103 
-0.513777 -0.292145 
0.610346 -0.150902 
-0.541765 -0.270362 
-0.554839 -0.257848 
0.622802 -0.105306 
-0.467349 -0.317491 
0.626607 -0.0365328 
-0.578876 -0.229609 
-0.450289 -0.324314 
-0.616806 -0.160685 
-0.432297 -0.330371 
0.141658 -0.386104 
0.112601 -0.384294 
0.00076026 -0.373749 
-0.0263412 -0.370911 
0.201611 -0.387636 
0.23229 -0.386966 
-0.637386 -0.0157012 
-0.0531672 -0.368191 
0.354456 -0.370545 
0.429346 -0.345047 
0.455231 -0.332247 
-0.393079 -0.340257 
0.295749 -0.381569 
0.586683 -0.202031 
0.59952 -0.17711 
0.614884 -0.137364 
0.605216 -0.164141 
0.619127 -0.122182 
-0.528069 -0.281779 
-0.413227 -0.335689 
-0.599768 -0.197169 
-0.63823 -0.0372843 
-0.157563 -0.359607 
0.404376 -0.355257 
-0.327335 -0.349631 
-0.637841 -0.0586453 
0.380599 -0.363315 
-0.256811 -0.3544 
0.171329 -0.387282 
-0.079705 -0.365662 
0.0840267 -0.382013 
0.0281615 -0.376616 
0.479733 -0.317625 
0.0559044 -0.37941 
0.263766 -0.385029 
-0.567212 -0.24427 
-0.483471 -0.309927 
0.625408 -0.0882655 
-0.636205 -0.0797464 
0.593325 -0.189747 
0.575932 -0.219837 
0.560294 -0.242299 
0.542936 -0.263471 
0.518768 -0.287701 
0.502672 -0.301198 
0.528693 -0.278394 
0.325999 -0.376715 
