ZONE T="boundary0"
-4 0.246552 
-4 0.301053 
-4 -0.249988 
-4 -0.293072 
-4 0.657312 
-4 -1 
-4 1 
-4 -0.673699 
-4 -0.336156 
-4 -0.476052 
-4 -0.0908859 
-4 0.00665892 
-4 0.170089 
-4 0.148127 
-4 0.219301 
-4 0.192051 
-4 0.36156 
-4 0.422068 
-4 0.53969 
-4 -0.210213 
-4 -0.170437 
-4 -0.406104 
-4 0.828656 
-4 0.104204 
-4 -0.574875 
-4 0.273802 
-4 -0.27153 
-4 -0.836849 
-4 -0.314614 
-4 -0.0421135 
-4 0.159108 
-4 0.205676 
-4 0.391814 
-4 0.331306 
-4 0.480879 
-4 0.598501 
-4 -0.230101 
-4 -0.190325 
-4 -0.130662 
-4 0.742984 
-4 0.914328 
-4 -0.37113 
-4 0.18107 
-4 0.232926 
-4 0.126165 
-4 0.0554313 
-4 -0.525464 
-4 -0.441078 
-4 -0.624287 
ZONE T="boundary1"
-3.26179 1 
2.25339 1 
1.07557 1 
1.20778 1 
4 1 
3.69348 1 
0.423043 1 
0.360909 1 
0.160682 1 
0.547309 1 
2.02696 1 
1.86043 1 
-2.76143 1 
3.2337 1 
-3.72402 1 
-4 1 
2.57026 1 
2.41183 1 
-3.44805 1 
-2.60438 1 
0.0975573 1 
0.0344332 1 
0.229729 1 
-0.470903 1 
-0.577303 1 
0.298776 1 
0.69285 1 
-0.086079 1 
-0.0258229 1 
-0.210752 1 
-0.326065 1 
-0.364503 1 
0.76562 1 
-0.287628 1 
-0.417703 1 
0.95698 1 
0.838391 1 
1.33998 1 
-2.19162 1 
-0.868771 1 
1.6939 1 
1.51694 1 
-1.44749 1 
2.82535 1 
-0.990309 1 
-1.05108 1 
-1.18409 1 
-2.44732 1 
-1.86141 1 
-1.57788 1 
-2.02652 1 
-3.07554 1 
-1.3171 1 
-0.148416 1 
-0.692653 1 
-0.808002 1 
-0.92954 1 
-1.11758 1 
3.38696 1 
3.08044 1 
1.14167 1 
3.84674 1 
1.9437 1 
-3.86201 1 
2.33261 1 
0.12912 1 
0.195205 1 
-0.524103 1 
0.0659955 1 
0.329843 1 
0.391976 1 
0.485176 1 
0.620079 1 
-0.0559509 1 
0.00430531 1 
-0.345284 1 
-0.24919 1 
0.897686 1 
-3.58604 1 
-3.35492 1 
1.60542 1 
-1.02069 1 
1.27388 1 
-2.52585 1 
-2.31947 1 
-2.6829 1 
-1.71965 1 
-2.10907 1 
-2.91848 1 
2.49104 1 
2.14018 1 
2.69781 1 
1.77717 1 
-0.179584 1 
-0.117247 1 
0.264253 1 
-0.306846 1 
-0.444303 1 
-0.391103 1 
-0.750328 1 
-0.634978 1 
-0.899156 1 
-0.838387 1 
-0.959925 1 
-1.15084 1 
-1.08433 1 
-1.25059 1 
-1.38229 1 
0.729235 1 
3.31033 1 
1.01627 1 
0.802006 1 
-1.94396 1 
3.15707 1 
-3.16866 1 
1.42846 1 
-1.51269 1 
3.54022 1 
2.95289 1 
ZONE T="boundary2"
4 -0.352803 
4 -0.412335 
4 -0.693198 
4 -0.582532 
4 -0.276999 
4 -0.11666 
4 -0.201195 
4 -0.471867 
4 0.384547 
4 0.32286 
4 1 
4 0.290136 
4 -0.0217407 
4 -0.846599 
4 0.257411 
4 0.231655 
4 -1 
4 0.641309 
4 0.446234 
4 0.0663231 
4 0.543771 
4 0.180143 
4 0.154387 
4 0.205899 
4 -0.382569 
4 -0.637865 
4 -0.314901 
4 -0.158928 
4 0.353703 
4 -0.0692005 
4 -0.769898 
4 0.244533 
4 0.820654 
4 0.41539 
4 -0.239097 
4 -0.442101 
4 -0.527199 
4 0.0222912 
4 0.59254 
4 -0.923299 
4 0.193021 
4 0.306498 
4 0.273774 
4 0.218777 
4 0.167265 
4 0.110355 
4 0.495002 
ZONE T="boundary3"
-0.293542 -1 
-0.210077 -1 
-1.66209 -1 
-1.54343 -1 
0.000876906 -1 
0.086202 -1 
1.35944 -1 
0.914953 -1 
0.343858 -1 
0.447799 -1 
0.569351 -1 
2.34707 -1 
-4 -1 
-3.73174 -1 
4 -1 
3.76073 -1 
1.77145 -1 
2.87379 -1 
-1.78074 -1 
-2.52421 -1 
-2.10097 -1 
-1.94086 -1 
-2.76973 -1 
-3.59761 -1 
-3.46348 -1 
-3.01526 -1 
0.0435394 -1 
-0.126612 -1 
-0.434371 -1 
0.690903 -1 
-0.0628675 -1 
0.163059 -1 
0.291887 -1 
-0.886316 -1 
-0.7808 -1 
-0.675284 -1 
1.03017 -1 
-0.363957 -1 
1.14539 -1 
-0.99752 -1 
0.802928 -1 
-0.554827 -1 
3.52145 -1 
-1.2156 -1 
-1.32248 -1 
-1.10872 -1 
-1.43296 -1 
3.28804 -1 
1.25242 -1 
1.60689 -1 
1.48317 -1 
1.93602 -1 
2.69295 -1 
2.52001 -1 
3.05463 -1 
2.14154 -1 
0.239917 -1 
3.17133 -1 
-0.25181 -1 
-1.60276 -1 
0.395828 -1 
-3.86587 -1 
3.88036 -1 
-2.31259 -1 
-1.8608 -1 
-3.23937 -1 
0.0648707 -1 
0.630127 -1 
-0.0309952 -1 
0.0222082 -1 
0.124631 -1 
0.317872 -1 
-0.0947397 -1 
-0.833558 -1 
0.508575 -1 
-0.399164 -1 
1.08778 -1 
-0.941918 -1 
0.746915 -1 
-0.494599 -1 
3.64109 -1 
-1.26904 -1 
-1.37772 -1 
-1.16216 -1 
-1.72141 -1 
-3.53054 -1 
-3.66467 -1 
1.30593 -1 
1.54503 -1 
1.1989 -1 
1.85373 -1 
-2.64697 -1 
1.68917 -1 
2.43354 -1 
2.96421 -1 
2.03878 -1 
2.2443 -1 
2.78337 -1 
-2.02091 -1 
0.201488 -1 
-0.168344 -1 
-0.32875 -1 
0.265902 -1 
0.972562 -1 
0.85894 -1 
-0.728042 -1 
3.22969 -1 
2.60648 -1 
3.11298 -1 
3.40474 -1 
1.4213 -1 
-1.48819 -1 
-0.615056 -1 
-1.05312 -1 
-2.89249 -1 
ZONE T="boundary4"
-0.00978029 0.523395 
0.0945161 0.489561 
0.11957 0.477266 
-0.617103 0.119515 
-0.610595 0.144463 
-0.625073 0.069906 
-0.626507 0.0454419 
-0.626249 0.0212926 
0.65032 -0.0356742 
0.649111 -0.0224292 
0.573217 0.133515 
-0.0640759 0.530756 
-0.0367728 0.527882 
0.530609 0.172753 
0.553109 0.153295 
-0.525188 0.311408 
-0.541307 0.288958 
-0.621937 0.0946305 
-0.623712 0.0822952 
0.217661 0.413776 
0.242292 0.39472 
-0.604602 0.16328 
-0.590083 0.200443 
-0.580214 0.221723 
-0.597723 0.182013 
-0.427272 0.412028 
-0.358165 0.45969 
-0.333616 0.473237 
-0.405044 0.429029 
-0.381988 0.444938 
-0.229339 0.514241 
-0.4888 0.354729 
-0.469098 0.374935 
-0.448642 0.393977 
-0.555988 0.266111 
-0.308383 0.485527 
-0.282561 0.496488 
-0.202119 0.52092 
-0.147031 0.529644 
-0.119309 0.531633 
-0.174652 0.526065 
0.016975 0.517276 
-0.0916559 0.532007 
-0.569479 0.242564 
-0.507462 0.333611 
-0.256168 0.506084 
0.0432115 0.5096 
0.40102 0.268822 
0.34615 0.31101 
0.373564 0.289671 
0.621807 0.0662573 
0.50721 0.191101 
0.455504 0.228783 
0.481547 0.210019 
0.428292 0.248566 
0.0690359 0.500363 
0.144307 0.463491 
0.1932 0.431689 
0.16884 0.44826 
0.267653 0.374394 
0.604023 0.0957098 
0.615171 0.0782463 
0.632959 0.041857 
0.647242 -0.00934489 
0.641456 0.0165898 
0.591714 0.112263 
0.292951 0.353807 
0.319501 0.332266 
0.107116 0.483586 
-0.614042 0.132041 
0.649799 -0.029043 
-0.0504034 0.529523 
0.541996 0.163187 
-0.533391 0.300286 
-0.622875 0.0884706 
0.230023 0.40432 
-0.624445 0.0761067 
-0.607703 0.153906 
-0.585262 0.211137 
-0.601261 0.172684 
-0.345975 0.46662 
-0.0232451 0.525841 
-0.393613 0.437126 
-0.479072 0.364952 
-0.438065 0.403132 
-0.370167 0.452463 
-0.321077 0.479545 
-0.295542 0.491177 
-0.41626 0.420664 
-0.215772 0.517768 
-0.133182 0.530838 
0.00363957 0.520538 
-0.0778558 0.531586 
-0.498261 0.344285 
-0.548795 0.277629 
-0.562879 0.254421 
-0.242806 0.510345 
-0.574951 0.232199 
0.0301452 0.513634 
-0.188419 0.523685 
0.359833 0.30029 
0.46854 0.219401 
0.494431 0.200623 
0.414642 0.258649 
-0.160864 0.528051 
-0.458984 0.384579 
0.0561835 0.505172 
0.132013 0.470539 
0.0818445 0.495145 
0.205491 0.422833 
0.18109 0.440098 
0.255001 0.384599 
0.563334 0.143586 
0.609755 0.0870847 
0.618564 0.0722958 
0.627695 0.0542077 
-0.61972 0.107113 
0.64826 -0.0158739 
0.644687 0.00370365 
-0.593994 0.191266 
-0.105483 0.532022 
0.582683 0.12309 
0.156649 0.456019 
0.28031 0.364109 
0.306216 0.343014 
-0.516466 0.322623 
-0.269426 0.501463 
0.387276 0.279198 
0.441888 0.238635 
0.332806 0.321595 
-0.626589 0.0333669 
-0.626 0.0576879 
0.637537 0.0293416 
0.518998 0.18204 
0.598008 0.104096 
ZONE T="boundary5"
0.0722073 -0.443862 
0.629719 -0.167434 
-0.204215 -0.383057 
-0.0382697 -0.426845 
-0.176544 -0.391782 
-0.232041 -0.373685 
-0.259694 -0.363738 
0.650774 -0.0622093 
0.65006 -0.0754801 
-0.624318 -0.00246954 
-0.626249 0.0212926 
0.65032 -0.0356742 
-0.590365 -0.114043 
-0.578882 -0.134684 
-0.287113 -0.35319 
-0.314307 -0.341969 
-0.0659184 -0.420991 
-0.121141 -0.407544 
-0.0934081 -0.414584 
-0.148705 -0.399984 
-0.0107774 -0.432059 
-0.470824 -0.252923 
-0.518622 -0.210773 
-0.500339 -0.228136 
-0.340726 -0.330224 
-0.535702 -0.192753 
-0.551506 -0.174043 
-0.438849 -0.276045 
-0.455037 -0.264782 
-0.41607 -0.290544 
0.458194 -0.382633 
0.432806 -0.396048 
0.638006 -0.141401 
0.644418 -0.115169 
0.40657 -0.407751 
-0.392145 -0.304346 
-0.366815 -0.317658 
0.268517 -0.443107 
0.240346 -0.446188 
-0.608707 -0.0710156 
-0.615524 -0.0486625 
0.1 -0.446386 
0.127904 -0.448136 
0.0168673 -0.436668 
0.0444679 -0.440605 
-0.620733 -0.0258101 
-0.565922 -0.154678 
0.183994 -0.449084 
0.155918 -0.449056 
0.296626 -0.438821 
0.212176 -0.448152 
0.324517 -0.433253 
0.482268 -0.367655 
0.493923 -0.359478 
0.505259 -0.350861 
0.379674 -0.4178 
0.5465 -0.312517 
0.564624 -0.290954 
-0.485803 -0.240796 
0.352274 -0.426272 
0.619758 -0.193249 
0.526584 -0.332583 
0.648746 -0.0887347 
0.608287 -0.218774 
-0.600316 -0.0928081 
0.595375 -0.243817 
0.580881 -0.268016 
-0.245893 -0.368785 
0.650493 -0.068848 
-0.625495 0.00939637 
-0.584801 -0.124461 
-0.1904 -0.387485 
-0.218151 -0.37844 
-0.273432 -0.358543 
-0.300744 -0.347667 
-0.0521112 -0.423989 
-0.107293 -0.411131 
-0.134942 -0.403829 
-0.0245397 -0.429526 
-0.50959 -0.21957 
-0.327556 -0.336191 
-0.543743 -0.183515 
-0.446993 -0.270486 
-0.42754 -0.283426 
-0.462985 -0.258925 
0.445614 -0.389559 
0.641452 -0.128341 
-0.37954 -0.311121 
0.254446 -0.444791 
-0.612316 -0.0598989 
-0.162645 -0.395949 
0.113943 -0.447361 
0.0860929 -0.445218 
0.00302937 -0.434442 
0.0306535 -0.438719 
0.169954 -0.449185 
0.282594 -0.441118 
-0.622735 -0.0141701 
0.198087 -0.448743 
0.310603 -0.436203 
0.488134 -0.363622 
0.499633 -0.355225 
0.393197 -0.412977 
-0.493127 -0.234532 
0.338439 -0.429941 
0.624921 -0.180412 
0.141905 -0.448703 
0.650868 -0.0489322 
0.470366 -0.375362 
0.419782 -0.402111 
0.646853 -0.101994 
0.649476 -0.082114 
0.226269 -0.447303 
0.366032 -0.422227 
-0.353819 -0.324049 
-0.079681 -0.417855 
0.0583246 -0.442322 
-0.478367 -0.246927 
-0.595527 -0.103512 
-0.618334 -0.0372813 
-0.558867 -0.164474 
-0.572568 -0.144787 
-0.527286 -0.20188 
-0.604706 -0.081985 
0.614189 -0.206088 
0.602007 -0.231388 
0.588343 -0.256046 
0.572985 -0.27965 
-0.404177 -0.29757 
0.555786 -0.301924 
0.634071 -0.154483 
0.536747 -0.322755 
0.516101 -0.341933 
