ZONE T="boundary0"
-4 -0.393698 
-4 -0.305179 
-4 0.253171 
-4 0.307725 
-4 0.379386 
-4 0.725523 
-4 0.519666 
-4 0.451046 
-4 -0.456119 
-4 -0.109843 
-4 -1 
-4 0.0529364 
-4 -0.667918 
-4 0.588285 
-4 0.207684 
-4 0.162197 
-4 0.107567 
-4 -0.562019 
-4 -0.252985 
-4 -0.279082 
-4 -0.168365 
-4 -0.226888 
-4 -0.0284533 
-4 -0.0691482 
-4 1 
-4 -0.197626 
-4 -0.331276 
-4 0.280448 
-4 0.343555 
-4 0.485356 
-4 0.415216 
-4 -0.833959 
-4 0.656904 
-4 0.184941 
-4 0.0802517 
-4 0.553975 
-4 -0.424909 
-4 -0.509069 
-4 -0.614969 
-4 -0.266033 
-4 -0.0488008 
-4 0.862762 
-4 -0.182996 
-4 -0.212257 
-4 -0.139104 
-4 -0.0894957 
-4 0.0122416 
-4 -0.292131 
-4 -0.239936 
-4 -0.318228 
-4 -0.362487 
-4 0.230428 
-4 0.134882 
ZONE T="boundary1"
-3.32967 1 
-3.53045 1 
0.536693 1 
1.50108 1 
1.67435 1 
3.54048 1 
0.0324944 1 
0.160225 1 
0.0950422 1 
0.957676 1 
-0.506923 1 
-0.587221 1 
2.54023 1 
-1.62052 1 
-1.70911 1 
3.14084 1 
3.34066 1 
2.69971 1 
3.77024 1 
2.21105 1 
-2.12862 1 
-2.37094 1 
-2.7543 1 
2.38075 1 
-3.12889 1 
-1.88631 1 
-2.62651 1 
0.225408 1 
0.654223 1 
0.596264 1 
0.477121 1 
0.415514 1 
0.353907 1 
0.289657 1 
0.712182 1 
-0.0904135 1 
0.773036 1 
-0.150774 1 
-0.214437 1 
0.833889 1 
-0.735458 1 
-0.0300534 1 
-0.2781 1 
-0.352363 1 
0.895783 1 
-0.426626 1 
1.02831 1 
1.09894 1 
1.21337 1 
-0.661339 1 
1.15615 1 
-0.890316 1 
-0.985414 1 
-1.08051 1 
-1.29132 1 
-1.18591 1 
-3.76523 1 
-4 1 
4 1 
1.3278 1 
1.41444 1 
2.92027 1 
1.85785 1 
-1.41162 1 
-1.53192 1 
2.04135 1 
-2.88209 1 
-3.43006 1 
1.58772 1 
0.127634 1 
-0.547072 1 
-1.66481 1 
3.24075 1 
2.61997 1 
-2.24978 1 
2.2959 1 
-2.00747 1 
0.625244 1 
0.446318 1 
0.38471 1 
0.192816 1 
0.321782 1 
0.506907 1 
0.566478 1 
0.683203 1 
0.257532 1 
-0.182605 1 
0.803463 1 
0.0012205 1 
0.0637683 1 
-0.315232 1 
0.864836 1 
-0.120594 1 
-0.0602334 1 
-0.246269 1 
0.742609 1 
-0.389494 1 
1.06362 1 
-0.466774 1 
0.992991 1 
-0.62428 1 
1.18476 1 
-0.698398 1 
-0.812887 1 
-0.937865 1 
-1.03296 1 
-1.23861 1 
-3.64784 1 
-3.88261 1 
3.88512 1 
1.37112 1 
3.03056 1 
1.7661 1 
-1.47177 1 
-1.35147 1 
-1.79771 1 
-1.13321 1 
2.46049 1 
2.1262 1 
-2.81819 1 
-2.49873 1 
2.80999 1 
1.9496 1 
-3.00549 1 
3.65536 1 
-2.69041 1 
-3.22928 1 
0.92673 1 
1.12754 1 
1.27058 1 
-1.57622 1 
3.44057 1 
1.45776 1 
ZONE T="boundary2"
4 -0.689896 
4 -0.844948 
4 -0.359073 
4 -0.31606 
4 0.330691 
4 0.270108 
4 0.637729 
4 0.0822837 
4 0.145904 
4 0.177714 
4 0.209524 
4 0.818864 
4 -0.242425 
4 -0.279242 
4 -0.00515906 
4 0.384379 
4 0.438067 
4 -0.402086 
4 -0.488112 
4 1 
4 0.537898 
4 -0.589004 
4 -0.204969 
4 -0.167513 
4 0.239816 
4 -0.0926018 
4 -1 
4 -0.767422 
4 -0.337566 
4 0.300399 
4 0.114094 
4 0.193619 
4 0.161809 
4 -0.260833 
4 0.411223 
4 0.728297 
4 -0.63945 
4 0.909432 
4 -0.186241 
4 -0.297651 
4 -0.380579 
4 -0.445099 
4 0.357535 
4 0.22467 
4 0.254962 
4 0.0385623 
4 -0.130057 
4 -0.0488804 
4 0.487983 
4 0.587813 
4 -0.223697 
4 -0.538558 
4 -0.922474 
ZONE T="boundary3"
-3.67778 -1 
-0.486186 -1 
-0.387094 -1 
2.08547 -1 
1.42434 -1 
0.821002 -1 
-0.800805 -1 
0.426943 -1 
0.681182 -1 
0.25128 -1 
-4 -1 
-2.80455 -1 
0.960822 -1 
-3.35556 -1 
-3.1875 -1 
-0.220114 -1 
-0.585279 -1 
-3.51667 -1 
1.19948 -1 
1.31191 -1 
3.35106 -1 
-1.2598 -1 
-1.38511 -1 
1.9764 -1 
2.50754 -1 
2.70097 -1 
2.8944 -1 
-2.20894 -1 
-2.0202 -1 
-1.83146 -1 
3.80989 -1 
3.12273 -1 
0.0601042 -1 
-0.00800816 -1 
0.490503 -1 
0.554063 -1 
0.311924 -1 
0.12537 -1 
0.190635 -1 
1.08015 -1 
-0.0761205 -1 
-0.148117 -1 
-0.303604 -1 
-0.914596 -1 
-1.02839 -1 
-0.693042 -1 
-1.51041 -1 
-1.1441 -1 
1.64919 -1 
1.75826 -1 
-3.01944 -1 
1.86733 -1 
-2.3993 -1 
-2.58966 -1 
-1.67093 -1 
-1.59067 -1 
2.29651 -1 
3.48541 -1 
3.61977 -1 
4 -1 
-0.43664 -1 
-3.83889 -1 
0.890912 -1 
-3.27153 -1 
-0.535732 -1 
-3.43612 -1 
-1.32245 -1 
2.60425 -1 
2.79768 -1 
-1.92583 -1 
-2.11457 -1 
3.23689 -1 
0.458723 -1 
0.522283 -1 
0.617622 -1 
0.281602 -1 
0.158003 -1 
0.220958 -1 
0.369434 -1 
0.751092 -1 
1.13982 -1 
-0.112119 -1 
-0.345349 -1 
-0.971492 -1 
-0.746923 -1 
-1.08624 -1 
1.53677 -1 
-0.63916 -1 
-3.59723 -1 
-2.91199 -1 
-3.10347 -1 
1.8128 -1 
-2.49448 -1 
-2.6971 -1 
-2.30412 -1 
3.00856 -1 
-1.7512 -1 
-1.55054 -1 
-0.184115 -1 
0.092737 -1 
0.026048 -1 
-0.0420643 -1 
-0.261859 -1 
-0.857701 -1 
-1.44776 -1 
1.02049 -1 
-1.20195 -1 
-1.6308 -1 
1.2557 -1 
1.36812 -1 
1.70373 -1 
1.92187 -1 
2.19099 -1 
2.03094 -1 
2.40202 -1 
3.41823 -1 
3.90494 -1 
3.55259 -1 
3.71483 -1 
ZONE T="boundary4"
-0.555087 0.0504207 
-0.557139 0.068219 
0.462291 0.65614 
0.482248 0.647499 
-0.555167 0.171129 
0.636624 0.449036 
0.63336 0.474634 
0.0179773 0.159751 
0.0418065 0.182673 
0.0672961 -0.0674873 
0.0404426 -0.0459939 
0.501981 0.637584 
-0.558493 0.08632 
-0.559118 0.104642 
0.476594 0.244795 
-0.558995 0.123024 
0.636219 0.421549 
-0.549996 0.202499 
-0.546437 0.219094 
-0.53751 0.252732 
-0.542244 0.235987 
-0.512098 0.319546 
-0.253384 0.589829 
-0.504297 0.335666 
-0.491745 0.35909 
-0.477922 0.382134 
-0.22931 0.602443 
-0.443573 0.430614 
-0.382876 0.496552 
-0.398287 0.481625 
-0.315861 0.550933 
-0.333743 0.537887 
-0.275872 0.576921 
-0.351151 0.524226 
-0.0133377 0.0511472 
-0.00257548 0.12716 
-0.0134246 0.0898271 
-0.00283767 0.0140188 
0.455912 0.239164 
0.0157603 -0.0183909 
-0.177383 0.625926 
0.346538 0.686947 
0.370386 0.682731 
-0.0538099 0.665484 
-0.0196116 0.673174 
-0.087657 0.656604 
-0.118815 0.647204 
-0.204742 0.61415 
0.6198 0.517332 
0.0536035 0.685754 
0.0922006 0.690434 
0.0168598 0.680071 
-0.428551 0.448881 
0.0695575 0.200307 
0.627634 0.496811 
0.435065 0.23476 
0.610912 0.535049 
0.600749 0.551447 
0.126367 -0.0999661 
0.157139 -0.112693 
0.564404 0.593412 
0.0984404 0.212433 
0.128671 0.22051 
-0.558245 0.139613 
0.536061 0.616411 
0.550466 0.605475 
0.369445 0.227373 
0.343227 0.22648 
0.30746 0.226484 
0.396174 0.229361 
0.415551 0.231636 
0.521214 0.626354 
0.496542 0.251631 
0.211429 0.696778 
0.253065 0.695937 
0.299407 0.692836 
0.171146 0.696025 
0.442038 0.663694 
0.418229 0.671228 
0.394255 0.677544 
0.620394 0.361527 
0.626458 0.376595 
0.604197 0.332837 
0.589648 0.56642 
0.612964 0.346905 
0.577631 0.580257 
0.631157 0.392053 
0.272399 0.227241 
0.24177 0.227934 
0.0965352 -0.0853565 
-0.149551 0.636664 
0.18041 0.22703 
0.211307 0.228078 
0.131005 0.693849 
0.515975 0.259879 
0.567199 0.292264 
0.581517 0.305432 
0.551681 0.280405 
0.534277 0.269396 
-0.526029 0.28651 
-0.457839 0.411754 
-0.556202 0.0593097 
0.472325 0.651956 
0.635422 0.461915 
0.0292851 0.17185 
0.0534844 -0.0572204 
0.492185 0.642691 
-0.558899 0.0954782 
-0.557908 0.077263 
-0.55915 0.113834 
-0.548283 0.210811 
-0.539945 0.24438 
-0.498163 0.347455 
-0.484972 0.370695 
-0.24141 0.596251 
-0.508265 0.327639 
-0.390648 0.489157 
-0.324859 0.544487 
-0.264691 0.583481 
-0.367253 0.51066 
-0.00933873 0.108887 
-0.00931096 0.0322333 
0.46629 0.24182 
0.0274456 -0.0327807 
0.358479 0.68495 
-0.0367465 0.669475 
-0.103281 0.652044 
-0.217083 0.60841 
0.0728796 0.688253 
-0.436155 0.439824 
0.0552716 0.192138 
0.630816 0.485821 
0.44551 0.236819 
0.606004 0.543365 
0.141665 -0.106518 
0.083771 0.206914 
0.11343 0.216933 
-0.558696 0.131322 
0.543345 0.611056 
-0.556973 0.155399 
0.325307 0.22634 
0.382801 0.228213 
0.356321 0.226811 
0.425318 0.233088 
0.528705 0.62149 
0.615558 0.526302 
0.486623 0.248045 
0.405865 0.230403 
0.232247 0.696572 
0.276249 0.69469 
0.452208 0.660042 
0.430178 0.667615 
0.511686 0.63213 
0.557532 0.599562 
0.623598 0.369011 
0.595344 0.55905 
0.623988 0.507189 
0.616843 0.354145 
0.608738 0.339784 
0.583765 0.573455 
0.382344 0.680261 
0.406275 0.674525 
0.289895 0.226814 
-0.413727 0.465536 
0.0816674 -0.0768225 
-0.163519 0.631424 
-0.134236 0.642081 
-0.191122 0.620171 
0.00659557 0.14416 
-0.0014083 0.676778 
0.0352055 0.683062 
0.226521 0.228111 
0.151063 0.695111 
0.00554293 -0.00271567 
0.111305 -0.0929458 
-0.0147471 0.0704847 
0.19128 0.696586 
0.111585 0.6923 
0.32301 0.690265 
0.571132 0.586957 
0.506337 0.255573 
0.636929 0.435316 
0.634294 0.406732 
0.628978 0.384275 
0.574512 0.298682 
0.525233 0.264458 
0.543098 0.274708 
0.559585 0.286172 
0.593498 0.318654 
-0.0707768 0.661198 
-0.532072 0.269726 
-0.519353 0.303151 
0.195837 0.227747 
0.257064 0.227621 
-0.468113 0.397102 
-0.296107 0.564288 
-0.342508 0.531133 
-0.450803 0.421257 
0.154404 0.224683 
-0.552833 0.186857 
-0.544407 0.227558 
ZONE T="boundary5"
-0.511422 -0.0933022 
-0.524275 -0.0642015 
-0.35478 -0.303513 
-0.264352 -0.378331 
-0.401344 -0.255095 
-0.41583 -0.238196 
0.0923773 -0.533791 
0.0672648 -0.528938 
-0.488471 -0.136417 
-0.530188 -0.0489214 
-0.386023 -0.271992 
-0.555087 0.0504207 
-0.21466 -0.411851 
-0.231489 -0.40101 
-0.44264 -0.204516 
-0.454972 -0.18778 
-0.429906 -0.220926 
0.453573 -0.315515 
0.445625 -0.292799 
-0.467125 -0.170291 
-0.144958 -0.45171 
-0.104731 -0.471291 
-0.0841319 -0.480402 
-0.0426504 -0.496916 
-0.0632787 -0.489007 
0.420972 -0.252861 
0.433524 -0.270209 
-0.16324 -0.442006 
0.0211558 -0.517599 
-0.000426908 -0.511244 
-0.181285 -0.431915 
-0.0217946 -0.504306 
-0.309788 -0.343304 
-0.295204 -0.355053 
-0.198083 -0.422049 
-0.478748 -0.152423 
-0.370195 -0.288422 
-0.324515 -0.330905 
-0.248072 -0.389824 
-0.338954 -0.318178 
-0.280374 -0.366498 
-0.497707 -0.120109 
0.0441049 -0.523628 
-0.549075 0.0160287 
-0.55239 0.0330478 
0.457719 -0.337931 
-0.124977 -0.461736 
0.388239 -0.220149 
0.36834 -0.205006 
0.144178 -0.540658 
0.117685 -0.537693 
0.174145 -0.542539 
0.200042 -0.542799 
0.226249 -0.541645 
0.310277 -0.526077 
0.260673 -0.537686 
0.293616 -0.530862 
0.277232 -0.534663 
0.357427 -0.50632 
0.326603 -0.520375 
0.371 -0.498449 
0.342265 -0.513827 
0.157139 -0.112693 
0.215911 -0.134044 
0.243845 -0.144108 
0.4059 -0.236203 
0.271722 -0.154801 
0.298185 -0.166019 
0.323393 -0.178132 
0.34679 -0.191093 
0.43094 -0.441758 
0.422458 -0.453283 
0.456225 -0.380236 
0.451445 -0.399606 
0.458455 -0.359705 
0.383962 -0.489717 
0.413314 -0.463867 
0.403391 -0.47377 
0.438458 -0.429549 
0.445678 -0.414987 
-0.540665 -0.0171912 
0.18636 -0.123544 
-0.518068 -0.0788502 
0.0797974 -0.53148 
-0.527293 -0.0565857 
-0.223104 -0.406474 
-0.44886 -0.196189 
-0.436321 -0.212759 
0.450049 -0.30403 
-0.0944615 -0.475909 
-0.052991 -0.493027 
0.427509 -0.261371 
-0.154127 -0.446908 
-0.0737341 -0.48477 
-0.172291 -0.437009 
-0.032248 -0.500678 
-0.302528 -0.349217 
-0.483669 -0.144457 
-0.239811 -0.39546 
-0.331771 -0.324583 
-0.256243 -0.384121 
-0.206398 -0.416992 
-0.287819 -0.360814 
-0.346916 -0.310898 
0.055662 -0.526377 
-0.550813 0.0245225 
-0.272395 -0.372458 
-0.378171 -0.280267 
-0.134999 -0.456782 
-0.0111358 -0.507847 
-0.493153 -0.1283 
-0.422919 -0.229605 
-0.36254 -0.296021 
-0.114885 -0.466574 
-0.504744 -0.106799 
-0.18971 -0.427025 
-0.473007 -0.161404 
0.378456 -0.21238 
0.130915 -0.539321 
0.105011 -0.535866 
0.187092 -0.542835 
0.213155 -0.542409 
0.243507 -0.54003 
0.285448 -0.532863 
0.364279 -0.502495 
0.349909 -0.510198 
-0.461112 -0.17908 
0.229885 -0.139028 
-0.317186 -0.337146 
0.285007 -0.160272 
0.318483 -0.523345 
0.310869 -0.171909 
0.335197 -0.184431 
0.426815 -0.447607 
0.454147 -0.390009 
0.408442 -0.468908 
0.456076 -0.326669 
-0.408641 -0.246693 
0.434826 -0.435734 
0.448759 -0.407376 
0.442247 -0.422361 
0.417985 -0.458662 
-0.535698 -0.033147 
0.334486 -0.517221 
-0.553822 0.0417214 
0.30198 -0.528582 
0.268971 -0.536269 
-0.393746 -0.2636 
0.0103406 -0.514497 
0.0326055 -0.520702 
0.159149 -0.541801 
0.257813 -0.149353 
0.171707 -0.118203 
0.201119 -0.128806 
0.458486 -0.348825 
0.457691 -0.370023 
0.413662 -0.24435 
0.397267 -0.227983 
0.357698 -0.19786 
0.440025 -0.281297 
0.393919 -0.482036 
0.377558 -0.494195 
-0.545174 -0.000658281 
