ZONE T="boundary0"
-4 -0.191279 
-4 -0.486491 
-4 -0.249429 
-4 0.281926 
-4 0.258738 
-4 0.356223 
-4 0.305114 
-4 0.21491 
-4 -0.133129 
-4 -0.675652 
-4 -0.837826 
-4 -1 
-4 0.836511 
-4 0.673022 
-4 1 
-4 0.171082 
-4 0.109161 
-4 0.0472404 
-4 0.407332 
-4 0.473755 
-4 -0.304638 
-4 -0.359846 
-4 -0.0429444 
-4 0.540177 
-4 -0.220354 
-4 0.270332 
-4 0.330668 
-4 0.236824 
-4 -0.581072 
-4 -0.918913 
-4 0.754767 
-4 0.918256 
-4 0.192996 
-4 0.0782009 
-4 0.381778 
-4 0.440543 
-4 -0.162204 
-4 -0.277033 
-4 -0.0880368 
-4 0.00214797 
-4 -0.423169 
-4 -0.756739 
-4 0.6066 
-4 0.140122 
-4 0.29352 
-4 -0.332242 
-4 0.506966 
ZONE T="boundary1"
-3.257 1 
-3.6285 1 
1.84617 1 
3.44363 1 
3.72181 1 
4 1 
0.766046 1 
0.696054 1 
0.61775 1 
0.539446 1 
0.296649 1 
0.226715 1 
-0.209574 1 
1.19111 1 
0.415027 1 
0.477236 1 
1.11984 1 
1.04857 1 
-0.872887 1 
1.36475 1 
1.51024 1 
-1.29008 1 
-1.39859 1 
-1.82647 1 
-1.59284 1 
-2.01586 1 
-2.20525 1 
3.33672 1 
3.22981 1 
3.01599 1 
2.57103 1 
2.30382 1 
2.79351 1 
-3.81425 1 
-4 1 
-3.10333 1 
-2.42379 1 
0.0923631 1 
0.355838 1 
-0.0904906 1 
0.15678 1 
0.88917 1 
0.656902 1 
-0.271757 1 
-0.150033 1 
-0.503767 1 
-0.560376 1 
0.0279465 1 
-0.0312721 1 
-0.333941 1 
-0.768268 1 
0.836038 1 
-0.664322 1 
0.942302 1 
2.03661 1 
-0.977506 1 
-1.07954 1 
-1.18157 1 
-2.94967 1 
-2.64234 1 
1.65572 1 
-0.390549 1 
-0.447158 1 
-3.44275 1 
3.86091 1 
0.73105 1 
0.578598 1 
0.261682 1 
1.0842 1 
1.43749 1 
-1.70966 1 
-2.11055 1 
3.39017 1 
3.1229 1 
-3.90712 1 
0.385433 1 
0.446132 1 
0.508341 1 
0.326244 1 
0.191747 1 
0.637326 1 
0.676478 1 
-0.179803 1 
-0.532072 1 
-0.240666 1 
0.0601548 1 
-0.302849 1 
0.862604 1 
-0.612349 1 
-0.716295 1 
-0.820577 1 
0.995434 1 
1.15547 1 
1.27793 1 
1.94139 1 
-1.02852 1 
-1.49572 1 
-1.13055 1 
-1.34434 1 
-1.23583 1 
3.58272 1 
-2.53307 1 
3.28326 1 
-2.31452 1 
1.75095 1 
-3.18016 1 
-2.796 1 
-3.0265 1 
2.68227 1 
2.43742 1 
2.90475 1 
1.58298 1 
2.17021 1 
-1.92117 1 
-3.72137 1 
0.124571 1 
-0.362245 1 
-0.120262 1 
-0.0608813 1 
-0.00166278 1 
0.801042 1 
0.915736 1 
-0.475463 1 
-0.925196 1 
-0.418854 1 
ZONE T="boundary2"
4 -1 
4 -0.715767 
4 -0.275638 
4 -0.229174 
4 1 
4 -0.130968 
4 -0.457289 
4 -0.389695 
4 -0.0335589 
4 -0.322102 
4 0.0638507 
4 0.118812 
4 0.173774 
4 0.209524 
4 0.486326 
4 -0.586528 
4 0.618163 
4 0.75 
4 0.245275 
4 0.316775 
4 0.281025 
4 0.401551 
4 0.359163 
4 -0.857884 
4 -0.252406 
4 -0.180071 
4 -0.423492 
4 -0.0822637 
4 -0.29887 
4 0.0151459 
4 0.146293 
4 0.0913315 
4 -0.651147 
4 0.552244 
4 0.684081 
4 0.875 
4 0.227399 
4 0.191649 
4 0.2989 
4 0.380357 
4 -0.355899 
4 -0.521908 
4 0.443938 
4 0.26315 
4 0.337969 
ZONE T="boundary3"
-2.78962 -1 
-2.9643 -1 
4 -1 
0.129672 -1 
0.0729251 -1 
-0.890509 -1 
-0.82388 -1 
0.186418 -1 
-0.957138 -1 
-3.13899 -1 
0.722521 -1 
0.317911 -1 
0.383658 -1 
-4 -1 
-0.282099 -1 
1.07841 -1 
-3.5547 -1 
3.21444 -1 
3.43241 -1 
1.52109 -1 
1.64091 -1 
2.06329 -1 
-1.64308 -1 
-1.81607 -1 
2.99648 -1 
-1.25755 -1 
3.75 -1 
2.34333 -1 
2.6699 -1 
2.50662 -1 
-0.00408378 -1 
0.252165 -1 
-0.0810927 -1 
-0.148095 -1 
-0.215097 -1 
-0.466242 -1 
-0.349102 -1 
0.585963 -1 
0.449404 -1 
-0.583383 -1 
0.843235 -1 
0.963948 -1 
-1.15886 -1 
-1.058 -1 
-1.35624 -1 
-1.98907 -1 
-0.703631 -1 
1.19287 -1 
1.40128 -1 
1.8521 -1 
-3.34684 -1 
-2.21501 -1 
-1.49966 -1 
-2.44095 -1 
-2.61529 -1 
-2.87696 -1 
0.101298 -1 
-0.857194 -1 
0.158045 -1 
-3.05165 -1 
0.350784 -1 
-3.77735 -1 
3.32343 -1 
-1.72958 -1 
3.10546 -1 
3.875 -1 
2.58826 -1 
0.285038 -1 
-0.0425882 -1 
-0.114594 -1 
-0.248598 -1 
-0.407672 -1 
0.0344207 -1 
0.517683 -1 
0.903592 -1 
-0.923824 -1 
-1.00757 -1 
-1.90257 -1 
1.29707 -1 
1.581 -1 
1.7465 -1 
1.46118 -1 
3.59121 -1 
-0.643507 -1 
-1.10843 -1 
2.20331 -1 
-2.10204 -1 
1.95769 -1 
-1.57137 -1 
1.13564 -1 
1.02118 -1 
-2.32798 -1 
-0.315601 -1 
0.219291 -1 
-0.181596 -1 
-0.763755 -1 
0.654242 -1 
0.782878 -1 
-0.524813 -1 
-3.24292 -1 
-2.70245 -1 
-2.52812 -1 
-1.20821 -1 
-1.42795 -1 
-1.3069 -1 
2.42497 -1 
-3.45077 -1 
2.83319 -1 
0.416531 -1 
ZONE T="boundary4"
0.466944 0.545229 
0.445124 0.560902 
0.518535 0.48626 
0.511625 0.49728 
0.539276 0.43224 
0.535585 0.446952 
0.525081 0.473955 
-0.613564 0.084819 
-0.61628 0.0664811 
0.542754 0.401143 
0.541709 0.416877 
0.530689 0.461157 
-0.618003 0.0482884 
-0.618706 0.0303463 
-0.570124 0.212936 
-0.58463 0.181062 
-0.591028 0.165095 
-0.553021 0.245556 
0.51387 0.295581 
-0.533931 0.277464 
-0.513022 0.30804 
-0.478705 0.35113 
-0.496396 0.329853 
-0.453882 0.378216 
-0.436388 0.395655 
-0.419129 0.411694 
-0.401306 0.427168 
-0.384536 0.440807 
-0.367332 0.45395 
-0.350222 0.466234 
0.400143 0.584675 
0.415535 0.577585 
-0.29532 0.500976 
-0.31421 0.48977 
-0.157746 0.563629 
-0.183238 0.5542 
-0.208389 0.544011 
-0.129978 0.572943 
-0.101895 0.581416 
-0.332736 0.478036 
-0.0716864 0.589539 
-0.0412022 0.596755 
-0.00902519 0.60336 
0.542421 0.386106 
0.486959 0.527241 
0.503995 0.507827 
0.430332 0.125727 
0.462859 -0.0460206 
-0.609911 0.103126 
0.521058 0.309415 
0.430596 0.569652 
0.44844 0.187096 
0.437214 0.157315 
0.477234 0.536502 
0.537754 0.355308 
0.527804 0.324509 
0.533383 0.339756 
0.0907876 0.617585 
0.12538 0.620314 
0.0569964 0.613815 
0.160074 0.621847 
0.195044 0.622079 
0.365621 0.597513 
0.384365 0.591022 
0.269184 0.617499 
0.307982 0.611748 
0.346542 0.6031 
0.475259 0.234834 
0.490539 0.257909 
0.502624 0.276549 
0.540781 0.37089 
-0.601162 0.13582 
-0.274874 0.512301 
-0.231405 0.533858 
-0.254067 0.523027 
0.440929 0.0183623 
0.451512 -0.0141851 
0.460689 0.21101 
0.428518 0.0890802 
0.023377 0.609003 
0.432548 0.0530737 
0.230397 0.620829 
0.456237 0.553346 
0.515173 0.491829 
0.53759 0.439639 
0.521923 0.48017 
-0.61504 0.075667 
0.54241 0.409025 
-0.618481 0.0393227 
0.528008 0.467611 
-0.577612 0.197101 
-0.587894 0.173104 
-0.561795 0.229357 
-0.523711 0.292905 
-0.487664 0.340583 
-0.504827 0.319034 
-0.445215 0.387013 
-0.410284 0.419505 
-0.375985 0.447443 
-0.358823 0.460154 
0.407885 0.581228 
-0.304807 0.495441 
-0.392975 0.43405 
-0.170529 0.55901 
-0.195855 0.549203 
-0.11597 0.577284 
-0.0564732 0.593259 
-0.0868243 0.585593 
-0.0251409 0.600179 
-0.617265 0.0573963 
0.542749 0.393624 
0.495772 0.517793 
-0.611848 0.0939938 
0.437926 0.565384 
0.442328 0.17241 
0.482165 0.531943 
0.423121 0.573722 
0.530734 0.332085 
0.108071 0.619094 
0.177557 0.622136 
0.392292 0.587942 
0.288632 0.614948 
0.507896 0.502616 
0.48287 0.2464 
0.50838 0.285992 
0.541763 0.378484 
0.524556 0.316909 
0.517556 0.302453 
0.533287 0.454108 
0.535724 0.347492 
0.539432 0.363071 
0.540665 0.424589 
0.47215 0.540938 
0.496648 0.267191 
-0.605862 0.119557 
-0.341523 0.472197 
-0.323518 0.48397 
0.32735 0.607812 
-0.596331 0.150536 
-0.285141 0.506715 
-0.242779 0.528529 
-0.219937 0.53902 
-0.427828 0.403747 
0.457174 -0.030128 
-0.264512 0.51774 
0.467806 0.223042 
-0.1439 0.568393 
0.433166 0.141665 
0.428632 0.107447 
0.00715267 0.606302 
0.0738752 0.615833 
-0.466481 0.364839 
0.142719 0.621236 
0.0401661 0.611538 
0.436294 0.0355985 
0.212727 0.621651 
0.429875 0.0709979 
0.249814 0.619438 
-0.543717 0.261648 
0.356114 0.600417 
0.375035 0.594386 
0.446015 0.00200231 
0.454299 0.199198 
ZONE T="boundary5"
0.471486 -0.278341 
-0.299271 -0.288487 
-0.282149 -0.294936 
-0.581049 -0.11079 
-0.588604 -0.097691 
-0.601741 -0.068877 
-0.614694 -0.0212395 
-0.526962 -0.173233 
-0.536548 -0.164659 
-0.497042 -0.196069 
-0.507243 -0.18885 
-0.617054 -0.00434564 
-0.517134 -0.181321 
0.404108 -0.359889 
-0.54607 -0.155345 
-0.555245 -0.145464 
0.434089 -0.333427 
0.423831 -0.34356 
-0.572804 -0.123266 
-0.169412 -0.337356 
-0.150241 -0.34449 
-0.130989 -0.351555 
-0.186662 -0.330883 
-0.21978 -0.318399 
-0.235683 -0.312405 
-0.607017 -0.053507 
-0.203884 -0.324394 
-0.250364 -0.30688 
-0.0251565 -0.386784 
-0.00763076 -0.391749 
0.0141867 -0.397484 
-0.265074 -0.301352 
0.478181 -0.261737 
-0.0646884 -0.37455 
-0.0866303 -0.367229 
-0.108891 -0.359488 
-0.0425469 -0.381568 
-0.611338 -0.0376424 
-0.436872 -0.230863 
-0.419327 -0.239346 
0.309317 -0.405207 
0.323677 -0.400783 
-0.476165 -0.209428 
-0.454197 -0.221895 
-0.316381 -0.281998 
0.491213 -0.182403 
0.490859 -0.167284 
-0.33354 -0.275407 
-0.35184 -0.268232 
-0.564289 -0.134656 
-0.370173 -0.26083 
-0.595594 -0.0835923 
-0.618706 0.0303463 
0.489444 -0.212077 
0.487808 -0.137374 
0.489718 -0.152369 
0.121346 -0.417193 
0.098567 -0.414303 
0.174205 -0.420793 
0.0759612 -0.410704 
0.0362175 -0.402735 
0.483442 -0.244444 
0.0560084 -0.406955 
-0.618387 0.0128148 
0.147608 -0.419547 
0.197065 -0.420879 
0.220134 -0.419969 
0.363418 -0.38457 
0.350755 -0.390441 
0.337823 -0.39573 
0.490738 -0.197405 
0.383202 -0.373816 
0.393839 -0.367102 
0.443649 -0.322635 
0.462859 -0.0460206 
0.473256 -0.0767735 
0.454068 -0.308902 
0.487325 -0.226539 
0.481776 -0.107063 
0.485136 -0.122203 
0.463365 -0.294176 
0.29455 -0.409081 
-0.394797 -0.250421 
-0.382504 -0.255693 
0.279636 -0.412359 
0.250444 -0.417111 
-0.290709 -0.291716 
-0.584929 -0.104297 
-0.531801 -0.168996 
-0.502173 -0.192502 
-0.616006 -0.0128096 
-0.55072 -0.15046 
0.429043 -0.338577 
-0.541364 -0.160056 
-0.512223 -0.185129 
-0.522089 -0.177325 
-0.140622 -0.348035 
-0.178039 -0.334123 
-0.22773 -0.315401 
-0.195274 -0.32764 
-0.243023 -0.309642 
-0.0164061 -0.389301 
0.00325879 -0.394675 
-0.257717 -0.304116 
0.47502 -0.270116 
-0.0756756 -0.370926 
-0.119952 -0.355544 
-0.613147 -0.0294659 
-0.428124 -0.23516 
0.316523 -0.403072 
-0.445567 -0.226445 
-0.0338634 -0.384207 
-0.307826 -0.28525 
0.491139 -0.174845 
-0.324962 -0.278715 
-0.342693 -0.271841 
-0.559841 -0.140119 
-0.592214 -0.0906956 
-0.568627 -0.129019 
-0.577022 -0.117088 
-0.361013 -0.26456 
-0.159832 -0.340931 
-0.604505 -0.0612327 
-0.27361 -0.298145 
0.109942 -0.415841 
-0.609306 -0.0456075 
0.0872473 -0.412589 
0.0251827 -0.400175 
0.0460979 -0.404902 
-0.618674 0.021579 
0.0659705 -0.408892 
0.160897 -0.420318 
0.208603 -0.420554 
-0.211832 -0.321396 
0.344319 -0.393158 
0.373421 -0.379393 
0.399019 -0.36356 
0.357122 -0.38758 
0.438961 -0.328112 
0.468203 -0.0613708 
0.414194 -0.351993 
0.388562 -0.370523 
0.449003 -0.315878 
0.480995 -0.253149 
0.485558 -0.235534 
0.477773 -0.0918685 
0.486561 -0.129778 
0.483536 -0.114621 
0.490194 -0.204754 
0.49108 -0.189911 
0.48849 -0.219327 
0.490385 -0.159823 
0.488856 -0.144864 
0.458878 -0.301641 
-0.0536357 -0.378104 
-0.598788 -0.0762823 
-0.407092 -0.244971 
0.185633 -0.420954 
-0.0977748 -0.363389 
0.134462 -0.418503 
-0.486701 -0.2029 
-0.61785 0.00422571 
0.467605 -0.286351 
-0.388656 -0.253075 
0.287111 -0.410792 
0.301953 -0.40722 
0.330777 -0.398338 
-0.465256 -0.215793 
0.265082 -0.41499 
0.235311 -0.418786 
-0.376343 -0.258277 
