ZONE T="boundary0"
-4 -0.393654 
-4 0.85887 
-4 1 
-4 -0.32262 
-4 -0.273527 
-4 0.431765 
-4 -1 
-4 -0.725055 
-4 0.0836351 
-4 0.128953 
-4 0.0190528 
-4 -0.179707 
-4 -0.224433 
-4 0.341235 
-4 0.311058 
-4 -0.464688 
-4 -0.0455294 
-4 -0.134981 
-4 0.503259 
-4 0.276861 
-4 -0.594871 
-4 0.574752 
-4 0.717739 
-4 0.371411 
-4 0.242665 
-4 0.174271 
-4 0.929435 
-4 -0.298073 
-4 -0.862527 
-4 0.106294 
-4 -0.20207 
-4 0.326146 
-4 -0.429171 
-4 -0.157344 
-4 -0.659963 
-4 0.788305 
-4 0.356323 
-4 0.467512 
-4 0.401588 
-4 0.259763 
-4 0.293959 
-4 0.208468 
-4 0.539005 
-4 0.151612 
-4 -0.0132383 
-4 0.051344 
-4 -0.24898 
-4 -0.0902554 
-4 0.646246 
-4 -0.358137 
-4 -0.52978 
ZONE T="boundary1"
-4 1 
3.625 1 
-0.0144929 1 
-0.0793933 1 
0.166864 1 
-0.208519 1 
1.14623 1 
1.25476 1 
1.32576 1 
-0.143956 1 
0.380417 1 
-0.965937 1 
-1.30847 1 
-2.01062 1 
-3.7796 1 
2.49212 1 
2.29206 1 
-2.35883 1 
-2.18473 1 
1.69826 1 
1.54751 1 
2.09201 1 
-3.55919 1 
-3.34795 1 
-1.69871 1 
-2.92181 1 
0.321383 1 
0.26235 1 
0.483646 1 
0.0504075 1 
0.108636 1 
-0.276288 1 
-0.344056 1 
0.586875 1 
0.697818 1 
-0.527964 1 
-0.43601 1 
-0.636918 1 
-0.855904 1 
-0.745871 1 
-1.07785 1 
-1.18977 1 
0.80876 1 
0.923232 1 
1.0377 1 
-1.56294 1 
1.39677 1 
-1.85467 1 
-3.13672 1 
3.32868 1 
3.11816 1 
3.01291 1 
2.90765 1 
2.69988 1 
1.89514 1 
-2.53287 1 
-2.70691 1 
4 1 
3.8125 1 
-1.42718 1 
-0.0469431 1 
1.29026 1 
-0.111675 1 
-3.8898 1 
2.39209 1 
-2.27178 1 
1.62289 1 
-3.45357 1 
0.291867 1 
0.432031 1 
0.0179573 1 
-0.176237 1 
0.0795215 1 
0.214607 1 
0.13775 1 
-0.310172 1 
0.53526 1 
0.642346 1 
-0.481987 1 
-0.390033 1 
-0.582441 1 
-0.691395 1 
-1.13381 1 
-0.91092 1 
0.753289 1 
-0.800888 1 
1.2005 1 
0.865996 1 
0.980468 1 
-1.24912 1 
1.36127 1 
1.47214 1 
-3.66939 1 
-1.63083 1 
-1.93265 1 
-1.77669 1 
-3.02926 1 
3.47684 1 
3.22342 1 
2.80377 1 
2.596 1 
1.7967 1 
1.99357 1 
2.19204 1 
-2.81436 1 
2.96028 1 
-2.44585 1 
-2.09768 1 
-3.24234 1 
0.3509 1 
-0.242403 1 
3.90625 1 
1.09197 1 
-1.02189 1 
-1.36782 1 
-1.49506 1 
-2.61989 1 
3.71875 1 
3.06554 1 
ZONE T="boundary2"
4 -1 
4 -0.802767 
4 -0.426561 
4 -0.374429 
4 0.00730784 
4 0.0695651 
4 0.299423 
4 0.184245 
4 0.236668 
4 0.353065 
4 0.481455 
4 0.41726 
4 -0.110076 
4 -0.605533 
4 0.131822 
4 -0.279024 
4 -0.192478 
4 -0.0709484 
4 0.740728 
4 -0.516047 
4 -0.322297 
4 -0.149205 
4 -0.235751 
4 0.611092 
4 0.870364 
4 1 
4 -0.901383 
4 -0.400495 
4 0.0384365 
4 0.210456 
4 0.326244 
4 0.449358 
4 0.268045 
4 -0.70415 
4 0.385163 
4 0.158034 
4 0.100694 
4 -0.0905124 
4 -0.0318203 
4 -0.30066 
4 -0.170841 
4 -0.214114 
4 -0.348363 
4 -0.471304 
4 -0.56079 
4 -0.129641 
4 0.546273 
4 0.67591 
4 0.805546 
4 0.935182 
4 -0.257387 
ZONE T="boundary3"
4 -1 
0.260597 -1 
-0.142236 -1 
-0.202754 -1 
1.93377 -1 
-0.081719 -1 
0.529489 -1 
-0.266021 -1 
0.34828 -1 
0.435964 -1 
-1.40629 -1 
-1.28027 -1 
1.12326 -1 
1.01491 -1 
2.34013 -1 
2.13695 -1 
-4 -1 
-3.75 -1 
-3.54726 -1 
3.61147 -1 
-1.94424 -1 
-1.4933 -1 
-1.75435 -1 
2.56347 -1 
-2.3345 -1 
-2.13414 -1 
3.00488 -1 
3.22294 -1 
-3.34452 -1 
-1.58032 -1 
-2.95753 -1 
-2.53486 -1 
-0.0182353 -1 
0.113751 -1 
-0.80213 -1 
-0.683479 -1 
0.0452484 -1 
0.182254 -1 
0.623014 -1 
0.820307 -1 
0.72166 -1 
-0.483235 -1 
-0.329288 -1 
-0.583357 -1 
1.2316 -1 
-0.633418 -1 
1.35696 -1 
1.48233 -1 
1.68622 -1 
1.58427 -1 
0.91761 -1 
-1.15425 -1 
-1.03752 -1 
-0.920781 -1 
2.78682 -1 
3.4172 -1 
-0.172495 -1 
-0.111978 -1 
0.392122 -1 
-1.34328 -1 
1.06909 -1 
2.23854 -1 
-3.875 -1 
-3.64863 -1 
-1.8493 -1 
-2.23432 -1 
3.11391 -1 
-3.44589 -1 
3.80573 -1 
-1.66733 -1 
-3.15102 -1 
-2.7462 -1 
-2.43468 -1 
-0.0499772 -1 
-0.742804 -1 
0.0135065 -1 
0.0794999 -1 
0.482726 -1 
0.576252 -1 
0.770983 -1 
-0.406262 -1 
-0.533296 -1 
0.221426 -1 
0.304438 -1 
1.17743 -1 
0.672337 -1 
-0.658448 -1 
1.63524 -1 
1.80999 -1 
0.868958 -1 
1.41965 -1 
-0.979149 -1 
1.29428 -1 
2.67514 -1 
2.03536 -1 
2.4518 -1 
3.32007 -1 
2.89585 -1 
-0.234388 -1 
-0.297655 -1 
0.148003 -1 
-0.608387 -1 
1.5333 -1 
-0.861455 -1 
-1.09589 -1 
0.966262 -1 
-1.21726 -1 
-1.53681 -1 
-1.44979 -1 
3.51434 -1 
-2.03919 -1 
ZONE T="boundary4"
-0.206315 0.403981 
-0.18436 0.412668 
-0.435662 0.270165 
-0.612935 -0.0286698 
-0.609932 -0.00691956 
0.644011 0.0816004 
0.544655 0.33252 
-0.483813 0.225242 
0.645282 0.0646225 
-0.513745 0.192191 
-0.527612 0.174986 
-0.401622 0.296933 
-0.605622 0.014728 
-0.6 0.0362195 
-0.593083 0.057459 
-0.584907 0.0783532 
-0.561262 0.125303 
-0.551691 0.140905 
-0.570215 0.109218 
-0.577864 0.0939881 
0.645673 0.047723 
-0.539991 0.15825 
-0.49907 0.208994 
-0.468157 0.240841 
-0.452016 0.255905 
-0.365971 0.321529 
-0.384016 0.309464 
-0.328735 0.344305 
-0.309594 0.355051 
-0.228066 0.394818 
-0.249033 0.385438 
-0.347614 0.333088 
-0.289806 0.365553 
-0.0399171 0.456654 
-0.0131111 0.462385 
-0.161614 0.421091 
-0.0906486 0.443741 
-0.269787 0.375599 
-0.0653759 0.450512 
0.0138697 0.467387 
-0.138669 0.429008 
-0.418841 0.283849 
0.631855 0.147469 
0.641907 0.0986587 
0.643665 0.0144277 
0.59325 0.255133 
0.645147 0.0310428 
0.580125 0.280757 
0.412557 0.43196 
0.438737 0.418801 
0.358508 0.452826 
0.385843 0.443231 
0.555756 0.318395 
0.532808 0.346056 
0.487541 0.387187 
0.520459 0.358764 
0.46669 0.401985 
0.130906 0.479925 
0.161116 0.48061 
0.220171 0.4786 
0.191348 0.480156 
0.0423103 0.47182 
0.303944 0.467057 
0.331114 0.460725 
0.276483 0.472088 
0.248927 0.475879 
0.564369 0.306276 
0.0708995 0.475394 
0.625864 0.168769 
0.619127 0.189835 
0.639015 0.115825 
0.572464 0.293775 
0.507483 0.370819 
-0.114755 0.436653 
0.100852 0.478169 
0.609382 0.216886 
0.598881 0.242654 
0.587244 0.267432 
-0.195362 0.408384 
-0.611594 -0.0177731 
0.644753 0.073119 
-0.520767 0.18366 
-0.607937 0.00393559 
-0.589146 0.0679647 
-0.556557 0.133153 
-0.574118 0.101643 
0.64559 0.056175 
-0.533889 0.166683 
-0.491511 0.217184 
-0.565826 0.117309 
-0.460149 0.24844 
-0.476048 0.233105 
-0.392866 0.303265 
-0.319196 0.349735 
-0.443899 0.263105 
-0.238575 0.390185 
-0.375036 0.31556 
-0.356831 0.327369 
-0.33821 0.338756 
-0.299731 0.36036 
-0.0265343 0.459609 
-0.506487 0.200663 
-0.173011 0.416943 
-0.217216 0.399459 
-0.0780341 0.447205 
0.000361228 0.464979 
-0.150164 0.425114 
-0.0526666 0.453663 
-0.279825 0.370632 
-0.427309 0.277079 
0.644528 0.0227239 
0.425761 0.425607 
-0.410284 0.290461 
0.645526 0.0393788 
0.550298 0.325531 
0.538821 0.339366 
0.526715 0.352489 
0.452887 0.410681 
0.146007 0.480406 
0.205767 0.47952 
0.317568 0.464059 
0.262726 0.474131 
0.234563 0.47739 
0.560128 0.312383 
0.0565904 0.473717 
0.62896 0.158147 
0.622582 0.179329 
-0.545938 0.149643 
0.643058 0.0901413 
0.568483 0.300069 
0.514047 0.364874 
0.640552 0.107257 
-0.102723 0.440267 
-0.259438 0.380576 
-0.126735 0.4329 
0.344865 0.456962 
0.372247 0.448231 
0.0858634 0.476906 
0.115871 0.479178 
0.6357 0.131706 
0.0280727 0.469709 
0.39929 0.437809 
0.290243 0.469731 
-0.58147 0.0862084 
-0.596698 0.0468895 
-0.60297 0.0255148 
0.596108 0.248915 
0.614389 0.20341 
0.176234 0.480529 
0.58375 0.274132 
0.590298 0.261307 
0.477242 0.394764 
0.576364 0.287306 
0.604274 0.229829 
0.497659 0.379183 
ZONE T="boundary5"
-0.576191 -0.242678 
-0.58461 -0.222489 
-0.546595 -0.299134 
-0.535227 -0.316783 
-0.614263 -0.0940514 
-0.612213 -0.115788 
-0.615081 -0.072288 
0.504062 -0.192128 
-0.612935 -0.0286698 
-0.598892 -0.18054 
-0.604506 -0.15903 
0.637791 -0.0179881 
-0.608953 -0.137446 
-0.557171 -0.28101 
-0.614646 -0.0504665 
-0.468565 -0.396245 
-0.510592 -0.350159 
-0.307755 -0.499619 
-0.332001 -0.489565 
-0.257767 -0.515214 
-0.232224 -0.520627 
-0.283071 -0.508163 
-0.567107 -0.262064 
-0.206386 -0.524389 
-0.180511 -0.526445 
-0.154561 -0.526783 
-0.128796 -0.5254 
-0.0777593 -0.517498 
-0.103084 -0.522287 
-0.483435 -0.381221 
-0.453097 -0.410611 
-0.523251 -0.333737 
-0.497324 -0.365977 
-0.435915 -0.425223 
-0.398151 -0.452994 
-0.41812 -0.439009 
-0.37755 -0.465913 
-0.355066 -0.478397 
0.584247 -0.123127 
0.56639 -0.142655 
-0.0278737 -0.502934 
-0.0525502 -0.510999 
-0.00351757 -0.493305 
0.044285 -0.469653 
0.0679119 -0.45578 
0.0916923 -0.440567 
0.217231 -0.352124 
0.115231 -0.424523 
0.164308 -0.389406 
0.139786 -0.407097 
0.275062 -0.315278 
0.190632 -0.370568 
0.245965 -0.333207 
0.302149 -0.299664 
0.329384 -0.284853 
0.353042 -0.272525 
0.376673 -0.260525 
0.403641 -0.246992 
0.480938 -0.206247 
0.455872 -0.220184 
0.430432 -0.233458 
0.633373 -0.033786 
0.641214 -0.00193568 
0.643665 0.0144277 
0.546989 -0.160524 
0.600359 -0.101794 
0.607636 -0.0905012 
0.614364 -0.0787791 
0.621631 -0.0642375 
0.628015 -0.049127 
0.0205215 -0.482183 
-0.592155 -0.201926 
0.526412 -0.176765 
-0.580508 -0.232629 
-0.541006 -0.308021 
-0.61339 -0.104935 
-0.614827 -0.0831762 
-0.601837 -0.169822 
-0.610731 -0.12664 
-0.606873 -0.148268 
-0.615022 -0.0613748 
-0.319951 -0.494772 
-0.245036 -0.518124 
-0.295476 -0.504078 
-0.562247 -0.271594 
-0.167539 -0.52683 
-0.141669 -0.526307 
-0.0903855 -0.520101 
-0.571755 -0.252421 
-0.460906 -0.40351 
-0.529328 -0.325324 
-0.504038 -0.358136 
-0.517006 -0.342014 
-0.444588 -0.418016 
-0.408222 -0.446129 
-0.490457 -0.37367 
0.575536 -0.133095 
-0.613951 -0.0395563 
-0.219334 -0.522718 
-0.115917 -0.524059 
-0.040155 -0.50716 
-0.476078 -0.388812 
-0.0156319 -0.498302 
0.0561646 -0.462845 
0.103506 -0.432618 
0.15205 -0.398258 
0.177448 -0.379955 
0.260453 -0.324124 
0.288559 -0.307376 
0.315731 -0.29218 
0.36485 -0.2665 
0.390159 -0.253751 
0.468463 -0.213323 
0.417051 -0.240249 
-0.343611 -0.484144 
-0.366392 -0.472312 
-0.387932 -0.459587 
0.556867 -0.151791 
0.604069 -0.0961945 
0.618112 -0.0715667 
0.611075 -0.0846845 
0.592561 -0.11266 
0.639626 -0.00998911 
0.630815 -0.0414997 
0.624944 -0.0567343 
0.642563 0.00622683 
0.00857156 -0.487911 
-0.427095 -0.432219 
-0.551983 -0.290131 
-0.193465 -0.52563 
-0.595653 -0.191275 
0.635707 -0.0259227 
-0.0651067 -0.514454 
0.0798614 -0.448278 
0.49258 -0.199325 
0.0324724 -0.476068 
0.127535 -0.415855 
0.443183 -0.226882 
-0.270472 -0.511886 
0.341197 -0.278646 
0.231533 -0.342563 
0.20389 -0.361278 
-0.588496 -0.212251 
0.53684 -0.16883 
0.51535 -0.18462 
