ZONE T="boundary0"
-4 -0.280104 
-4 -0.0887979 
-4 0.161114 
-4 0.28994 
-4 -0.00797814 
-4 -0.413926 
-4 0.681064 
-4 1 
-4 0.840532 
-4 -0.347015 
-4 -0.224861 
-4 -0.504567 
-4 -0.595208 
-4 -0.696406 
-4 -0.169618 
-4 0.076568 
-4 -0.797604 
-4 -0.898802 
-4 -1 
-4 0.396599 
-4 0.343269 
-4 0.225527 
-4 0.592161 
-4 0.503259 
-4 0.920266 
-4 -0.380471 
-4 -0.459247 
-4 -0.313559 
-4 -0.549888 
-4 -0.645807 
-4 -0.048388 
-4 -0.129208 
-4 -0.197239 
-4 -0.747005 
-4 -0.949401 
-4 -0.848203 
-4 0.369934 
-4 -0.252482 
-4 0.257733 
-4 0.193321 
-4 0.0342949 
-4 0.118841 
-4 0.636613 
-4 0.316605 
-4 0.760798 
-4 0.54771 
-4 0.449929 
ZONE T="boundary1"
-2.92181 1 
-2.74909 1 
-3.67627 1 
-3.35254 1 
1.43664 1 
-0.968332 1 
-0.188533 1 
0.176379 1 
-0.133879 1 
-0.0160766 1 
0.0470713 1 
4 1 
3.82363 1 
-0.353526 1 
-0.277687 1 
-1.19723 1 
-1.08002 1 
-1.31443 1 
1.30844 1 
3.64726 1 
3.29452 1 
-1.71825 1 
-1.86425 1 
2.88436 1 
2.68492 1 
2.48549 1 
3.08944 1 
-2.23276 1 
2.10112 1 
2.29331 1 
1.91431 1 
1.72749 1 
-4 1 
0.269164 1 
0.111725 1 
-0.641438 1 
-0.0792245 1 
-0.23311 1 
-0.429364 1 
0.452813 1 
0.543677 1 
-0.749041 1 
0.818321 1 
0.315557 1 
-0.535401 1 
1.05144 1 
0.922629 1 
0.714014 1 
1.18025 1 
1.58206 1 
-2.0485 1 
-0.856644 1 
-1.44335 1 
-1.57226 1 
-3.13717 1 
0.361949 1 
0.628846 1 
-3.83813 1 
-2.40456 1 
-2.57636 1 
-2.83545 1 
-3.5144 1 
0.0154974 1 
3.91182 1 
-0.315607 1 
-1.13862 1 
1.37254 1 
3.47089 1 
-1.79125 1 
2.5852 1 
3.19198 1 
2.9869 1 
2.3894 1 
1.8209 1 
0.222772 1 
0.144052 1 
-0.0476506 1 
0.0793984 1 
-0.161206 1 
-0.255399 1 
-0.106552 1 
-0.210822 1 
-0.695239 1 
0.29236 1 
0.498245 1 
-0.588419 1 
-0.482383 1 
0.987034 1 
0.870475 1 
1.50935 1 
-1.95638 1 
1.11584 1 
3.73545 1 
2.78464 1 
-1.02418 1 
-0.912488 1 
-1.25583 1 
-1.5078 1 
-1.64526 1 
1.65478 1 
-3.02949 1 
2.19721 1 
2.00772 1 
-3.24486 1 
0.407381 1 
-0.391445 1 
0.67143 1 
0.766168 1 
0.586262 1 
-0.802843 1 
-1.37889 1 
1.24435 1 
-2.14063 1 
-2.49046 1 
-2.31866 1 
-2.66272 1 
-3.7572 1 
-3.91907 1 
0.338753 1 
ZONE T="boundary2"
4 -0.0770206 
4 -0.146604 
4 -0.349098 
4 -0.216187 
4 -0.282642 
4 0.198767 
4 1 
4 0.112632 
4 -0.402239 
4 -1 
4 -0.561661 
4 -0.78083 
4 0.155699 
4 0.263991 
4 0.455738 
4 0.392476 
4 0.591803 
4 0.727869 
4 -0.455379 
4 0.296603 
4 0.0178059 
4 0.329215 
4 -0.111812 
4 -0.249414 
4 -0.375668 
4 0.177233 
4 0.134166 
4 0.424107 
4 0.523771 
4 0.659836 
4 -0.181395 
4 -0.31587 
4 -0.428809 
4 -0.50852 
4 -0.890415 
4 -0.671246 
4 0.863934 
4 0.0652191 
4 0.231379 
4 0.280297 
4 0.312909 
4 0.360845 
4 -0.0296073 
ZONE T="boundary3"
-0.204477 -1 
-0.142182 -1 
-1.43029 -1 
-0.408747 -1 
-3.4393 -1 
1.24011 -1 
1.13027 -1 
1.75902 -1 
1.94798 -1 
-3.2524 -1 
3.3884 -1 
3.57765 -1 
4 -1 
2.13695 -1 
-2.80177 -1 
-3.02708 -1 
2.45759 -1 
2.29727 -1 
2.61791 -1 
2.77823 -1 
-2.3345 -1 
-2.56814 -1 
-1.85326 -1 
-1.71679 -1 
-2.09388 -1 
-0.575581 -1 
-0.492164 -1 
-0.863293 -1 
-0.337759 -1 
-0.266771 -1 
-0.0162389 -1 
-0.0792106 -1 
-0.661509 -1 
-0.704473 -1 
-0.921221 -1 
-0.747437 -1 
-0.805365 -1 
0.53223 -1 
0.819635 -1 
0.236288 -1 
-3.9375 -1 
-3.8131 -1 
-3.6262 -1 
-4 -1 
0.438884 -1 
0.625575 -1 
0.371352 -1 
1.35536 -1 
1.47062 -1 
0.722605 -1 
0.920035 -1 
1.02043 -1 
-1.30919 -1 
-1.50531 -1 
-1.18808 -1 
-1.58032 -1 
-1.08361 -1 
-0.979149 -1 
1.61482 -1 
2.98868 -1 
3.19914 -1 
0.0762586 -1 
0.122507 -1 
0.30382 -1 
0.168756 -1 
1.8535 -1 
3.48303 -1 
3.78883 -1 
2.04247 -1 
-3.13974 -1 
2.37743 -1 
2.69807 -1 
-2.45132 -1 
-2.68496 -1 
-0.533873 -1 
-0.302265 -1 
-0.17333 -1 
-0.0477248 -1 
-0.235624 -1 
-0.618545 -1 
-0.682991 -1 
-0.725955 -1 
-0.373253 -1 
-3.8753 -1 
-3.96875 -1 
-3.71965 -1 
0.485557 -1 
0.405118 -1 
1.41299 -1 
0.869835 -1 
1.07535 -1 
0.970235 -1 
1.18519 -1 
0.578902 -1 
-3.53275 -1 
-3.34585 -1 
-1.4678 -1 
-1.24863 -1 
-1.36974 -1 
-1.03138 -1 
-1.54281 -1 
-1.13585 -1 
1.68692 -1 
-1.64855 -1 
3.29377 -1 
-1.97357 -1 
2.21711 -1 
-1.78503 -1 
2.88345 -1 
3.09391 -1 
-2.21419 -1 
-2.91443 -1 
-0.110696 -1 
0.0300098 -1 
0.270054 -1 
0.202522 -1 
0.145632 -1 
0.337586 -1 
-0.892257 -1 
-0.950185 -1 
-0.776401 -1 
-0.834329 -1 
0.67409 -1 
0.77112 -1 
-0.450456 -1 
0.099383 -1 
1.29774 -1 
1.54272 -1 
2.53775 -1 
ZONE T="boundary4"
0.555744 0.289171 
0.540809 0.316312 
-0.613596 0.0187788 
-0.201802 0.447798 
-0.178637 0.456765 
-0.510745 0.223118 
-0.524612 0.204898 
-0.618212 -0.00337144 
-0.569863 0.133507 
-0.560017 0.151159 
0.562633 0.274929 
0.530864 0.332036 
-0.592775 0.0843944 
0.520193 0.347226 
0.587733 0.213571 
0.59528 0.19332 
-0.607801 0.0408483 
-0.600849 0.0627489 
-0.578176 0.117234 
-0.585897 0.100675 
-0.54953 0.168437 
-0.537393 0.18689 
-0.364888 0.360167 
-0.346336 0.372688 
-0.382866 0.347248 
-0.466103 0.274507 
-0.481498 0.257956 
-0.267087 0.41828 
-0.496311 0.240879 
-0.450426 0.290192 
-0.434207 0.305319 
-0.417558 0.319828 
-0.400448 0.333791 
-0.327431 0.384669 
-0.307807 0.396338 
-0.287863 0.407452 
-0.224045 0.438468 
-0.155226 0.465084 
0.608744 0.155681 
-0.130702 0.473029 
-0.246016 0.428527 
0.617813 0.128347 
0.639756 0.0302464 
0.637485 0.0478085 
0.571623 0.254487 
0.625977 0.100768 
-0.105958 0.480274 
0.634384 0.0653953 
0.641548 -0.00458938 
0.641124 0.0128391 
-0.0799002 0.487092 
0.407394 0.447254 
0.432613 0.431406 
0.602108 0.174529 
0.327164 0.483097 
0.354412 0.473025 
0.508991 0.361602 
0.478692 0.394215 
0.459164 0.411488 
0.497125 0.375351 
0.0314583 0.507233 
0.0610386 0.510169 
0.0920489 0.512139 
0.18534 0.5108 
-0.0259108 0.498653 
0.272202 0.498215 
0.244223 0.503633 
0.214878 0.50788 
0.299922 0.491388 
0.579992 0.233748 
-0.62165 -0.025565 
-0.05365 0.49314 
0.00198492 0.503299 
0.381349 0.461054 
0.123093 0.512941 
0.154259 0.512519 
0.548524 0.302879 
-0.190251 0.452363 
-0.517753 0.214065 
-0.565023 0.142379 
0.559247 0.282079 
0.53593 0.324234 
0.591527 0.203453 
-0.61084 0.0298502 
-0.604463 0.0518419 
-0.596945 0.073621 
-0.582112 0.10899 
-0.58941 0.092566 
-0.543546 0.17772 
-0.574092 0.125407 
-0.355657 0.366496 
-0.473875 0.266301 
-0.488976 0.249479 
-0.442382 0.297825 
-0.409058 0.326877 
-0.336926 0.378746 
-0.425942 0.312642 
-0.458334 0.282419 
-0.297874 0.401964 
-0.317661 0.390573 
-0.391709 0.340586 
-0.212956 0.44321 
-0.16696 0.461006 
-0.277513 0.412938 
-0.142992 0.469144 
-0.235065 0.433575 
0.613368 0.142043 
-0.503598 0.232056 
-0.531079 0.195949 
0.638727 0.039041 
0.622031 0.114597 
-0.118356 0.476739 
0.63603 0.0566185 
0.641458 0.00412778 
0.567225 0.26475 
-0.55485 0.159845 
-0.092954 0.483779 
0.420154 0.439571 
0.605454 0.165114 
-0.373925 0.353774 
0.340866 0.47827 
0.525622 0.339697 
0.469083 0.403027 
0.503144 0.368551 
0.488081 0.384953 
0.514681 0.354484 
0.0462362 0.508827 
0.0765351 0.511296 
0.229576 0.505928 
0.200125 0.509501 
0.313602 0.487433 
-0.616047 0.00773305 
0.583892 0.223671 
0.598714 0.183931 
0.640554 0.0215516 
-0.620075 -0.0144463 
0.575868 0.244143 
-0.256587 0.423476 
-0.0667973 0.490213 
-0.0119811 0.501085 
0.367981 0.467264 
0.394495 0.454386 
0.0167054 0.505389 
0.258246 0.501092 
0.630495 0.0831552 
-0.0398017 0.496004 
0.138679 0.512888 
0.16981 0.511826 
0.286107 0.494982 
0.446109 0.421743 
0.107568 0.512689 
ZONE T="boundary5"
-0.565565 -0.29704 
-0.57554 -0.279378 
-0.621319 -0.135914 
-0.623698 -0.114013 
-0.624928 -0.0919976 
-0.307623 -0.454524 
0.400289 -0.294896 
-0.584784 -0.260748 
-0.617794 -0.157703 
0.523589 -0.231624 
-0.43885 -0.420451 
-0.330926 -0.453104 
0.617144 -0.117435 
-0.354136 -0.449877 
0.544405 -0.214303 
-0.41898 -0.430112 
0.453501 -0.274219 
0.440411 -0.280063 
-0.398571 -0.438172 
0.376132 -0.30198 
-0.260505 -0.452313 
-0.284034 -0.454227 
-0.189611 -0.438175 
-0.236886 -0.448897 
-0.165854 -0.431202 
-0.213307 -0.44414 
0.628368 -0.088678 
-0.517776 -0.359976 
-0.530815 -0.345499 
-0.489252 -0.386571 
-0.504039 -0.373576 
-0.55471 -0.314049 
-0.543149 -0.330161 
0.554068 -0.205281 
-0.456643 -0.410137 
0.636757 -0.0557859 
0.633105 -0.0722996 
0.563393 -0.195867 
-0.473808 -0.398542 
-0.141655 -0.423309 
-0.117474 -0.414878 
0.427147 -0.285447 
0.351785 -0.308008 
0.322766 -0.314023 
-0.625001 -0.0699236 
-0.607333 -0.200855 
-0.600681 -0.221436 
-0.593104 -0.241547 
-0.092349 -0.405821 
-0.0408357 -0.387432 
-0.0143875 -0.378578 
0.0135846 -0.36991 
0.0416225 -0.362057 
-0.0671969 -0.396726 
0.0711953 -0.354726 
0.10077 -0.348344 
0.162887 -0.337547 
0.131868 -0.342554 
0.293614 -0.319093 
-0.613125 -0.179373 
0.58107 -0.175632 
0.597031 -0.153674 
0.639389 -0.0388977 
0.640977 -0.021852 
0.260628 -0.324036 
-0.376527 -0.444931 
0.641548 -0.00458938 
0.604322 -0.141968 
0.622649 -0.104556 
0.611021 -0.129913 
-0.62165 -0.025565 
-0.62391 -0.0477526 
0.227561 -0.328546 
0.195276 -0.332895 
0.50186 -0.247155 
0.478039 -0.261658 
-0.570671 -0.288277 
-0.622652 -0.12498 
-0.624457 -0.103014 
-0.619699 -0.146832 
-0.31929 -0.454033 
-0.342564 -0.451719 
0.446981 -0.277199 
-0.408853 -0.434337 
0.38825 -0.298578 
-0.429007 -0.425471 
-0.272258 -0.453463 
-0.248673 -0.45078 
-0.177705 -0.434791 
-0.524397 -0.352831 
-0.496744 -0.380187 
-0.549039 -0.322185 
-0.560252 -0.305619 
-0.447836 -0.415449 
0.635061 -0.0640717 
-0.481623 -0.392677 
-0.12955 -0.41914 
0.413787 -0.290374 
-0.153732 -0.427332 
0.337302 -0.31115 
-0.580286 -0.270126 
-0.295829 -0.454587 
-0.60413 -0.211186 
-0.537088 -0.337917 
-0.104905 -0.410368 
-0.0276305 -0.38294 
0.0275792 -0.365882 
-0.0540299 -0.392038 
0.085964 -0.351425 
0.14737 -0.339969 
0.363986 -0.305113 
-0.511005 -0.366876 
0.433801 -0.28281 
-0.589063 -0.2512 
0.534158 -0.22316 
0.589306 -0.164839 
0.54928 -0.209838 
0.277132 -0.321643 
-0.387618 -0.441773 
0.558777 -0.200621 
0.572449 -0.18594 
0.60075 -0.147864 
0.619981 -0.111032 
0.614163 -0.123713 
0.630868 -0.0805269 
0.638205 -0.0473624 
0.641389 -0.0132249 
0.640313 -0.030387 
-0.597012 -0.231537 
-0.615599 -0.168569 
-0.625109 -0.0809617 
-0.20143 -0.441287 
-0.610365 -0.190152 
-0.465323 -0.404486 
0.308206 -0.316657 
-0.622925 -0.0366446 
-0.22507 -0.446671 
-0.624601 -0.0588315 
-0.365382 -0.447626 
0.0563827 -0.358276 
-0.0797764 -0.401262 
0.1163 -0.345344 
-0.000427461 -0.374154 
0.244099 -0.326321 
0.179075 -0.335166 
0.211416 -0.330705 
0.625636 -0.0966626 
0.512863 -0.239587 
0.607746 -0.135985 
0.465882 -0.268159 
0.490085 -0.254631 
