ZONE T="boundary0"
-4 -0.332942 
-4 -0.387173 
-4 0.124374 
-4 0.217155 
-4 0.176715 
-4 0.257595 
-4 0.325135 
-4 0.647647 
-4 0.530196 
-4 0.765098 
-4 1 
-4 0.014238 
-4 -0.043557 
-4 -1 
-4 0.0720331 
-4 0.392675 
-4 -0.476052 
-4 -0.564931 
-4 -0.305827 
-4 -0.251128 
-4 -0.105967 
-4 -0.168376 
-4 -0.782466 
-4 -0.278712 
-4 -0.223544 
-4 -0.360058 
-4 0.196935 
-4 0.291365 
-4 0.588921 
-4 0.882549 
-4 -0.0146595 
-4 0.0982034 
-4 0.237375 
-4 0.358905 
-4 0.461435 
-4 -0.520492 
-4 -0.319385 
-4 -0.137171 
-4 -0.673699 
-4 -0.431613 
-4 -0.29227 
-4 -0.26492 
-4 -0.237336 
-4 -0.19596 
-4 -0.0747617 
-4 0.0431355 
-4 0.150544 
-4 0.706372 
-4 -0.891233 
ZONE T="boundary1"
-3.22853 1 
-3.44805 1 
-2.7252 1 
-4 1 
0.746446 1 
0.421007 1 
0.353161 1 
1.47897 1 
-0.500833 1 
-0.63456 1 
1.00242 1 
1.16438 1 
0.623075 1 
0.522041 1 
0.847437 1 
-3.66756 1 
-2.01367 1 
3.44499 1 
3.7225 1 
3.05668 1 
3.25084 1 
-2.18803 1 
-1.18757 1 
2.68063 1 
-2.36957 1 
-2.55111 1 
1.89969 1 
2.10068 1 
1.72682 1 
1.55395 1 
0.285316 1 
0.223853 1 
0.162389 1 
0.0955044 1 
0.0286195 1 
-0.339991 1 
-0.0434767 1 
1.40398 1 
1.28418 1 
-0.393605 1 
-0.768286 1 
-0.914582 1 
-1.06088 1 
-1.31427 1 
-1.4922 1 
-1.66576 1 
-1.57898 1 
-1.83931 1 
-2.89928 1 
2.49115 1 
2.30168 1 
4 1 
3.58375 1 
-0.115573 1 
-0.200975 1 
-0.286377 1 
-3.33829 1 
0.387084 1 
-0.567696 1 
1.0834 1 
0.572558 1 
3.15376 1 
2.86865 1 
-2.46034 1 
2.00018 1 
-3.5578 1 
1.64038 1 
0.254585 1 
0.193121 1 
0.319239 1 
0.062062 1 
0.128947 1 
0.796941 1 
0.471524 1 
0.684761 1 
1.34408 1 
1.22428 1 
0.924927 1 
-0.447219 1 
-0.701423 1 
-0.841434 1 
-0.98773 1 
1.44147 1 
-1.40323 1 
-1.25092 1 
1.81325 1 
-1.62237 1 
-1.12423 1 
-1.75253 1 
-1.92649 1 
-3.06391 1 
-2.2788 1 
-2.10085 1 
2.58589 1 
2.39642 1 
3.34792 1 
3.51437 1 
2.20118 1 
-2.81224 1 
-2.63816 1 
3.86125 1 
-3.83378 1 
3.65312 1 
-0.0074286 1 
-0.0795248 1 
-0.158274 1 
-0.243676 1 
-0.366798 1 
-0.313184 1 
-1.53559 1 
1.51646 1 
ZONE T="boundary2"
4 -1 
4 -0.59093 
4 -0.478585 
4 -0.851638 
4 -0.703275 
4 -0.415694 
4 -0.231622 
4 0.277718 
4 0.314438 
4 0.240997 
4 0.363762 
4 0.413087 
4 0.0795377 
4 0.143875 
4 0.192436 
4 0.489287 
4 0.565488 
4 -0.109915 
4 -0.292213 
4 -0.170769 
4 0.0152001 
4 0.782744 
4 -0.352803 
4 1 
4 -0.534758 
4 -0.777457 
4 0.296078 
4 0.388425 
4 0.111707 
4 0.527388 
4 -0.261917 
4 -0.140342 
4 -0.201195 
4 -0.0473575 
4 0.674116 
4 0.451187 
4 -0.322508 
4 -0.44714 
4 0.891372 
4 0.3391 
4 0.259357 
4 0.216717 
4 0.168156 
4 -0.384249 
4 -0.647103 
4 -0.925819 
4 0.0473689 
ZONE T="boundary3"
-3.75 -1 
-1.47613 -1 
-2.27965 -1 
1.43565 -1 
4 -1 
3.65088 -1 
3.47632 -1 
0.321586 -1 
2.26454 -1 
1.5463 -1 
-0.0629986 -1 
-0.663035 -1 
-0.776066 -1 
1.92464 -1 
2.12813 -1 
0.789061 -1 
0.901408 -1 
-1.89916 -1 
-1.69186 -1 
2.63484 -1 
2.40095 -1 
2.86872 -1 
3.08524 -1 
1.72115 -1 
-3.5932 -1 
-3.26491 -1 
-4 -1 
-2.45284 -1 
-3.05059 -1 
-0.456635 -1 
-0.363266 -1 
-0.260581 -1 
0.0693457 -1 
0.232921 -1 
0.410251 -1 
-0.19455 -1 
0.586184 -1 
-0.12852 -1 
-0.550003 -1 
0.00252297 -1 
0.687623 -1 
1.01375 -1 
-0.883982 -1 
-1.10525 -1 
-0.991897 -1 
1.16937 -1 
1.32499 -1 
-1.21861 -1 
-2.83627 -1 
-1.34737 -1 
-2.10646 -1 
3.30176 -1 
0.136168 -1 
3.82544 -1 
3.5636 -1 
-0.719551 -1 
2.02638 -1 
0.845234 -1 
-1.79551 -1 
2.5179 -1 
2.97698 -1 
-3.6716 -1 
-3.42905 -1 
-3.875 -1 
-0.311924 -1 
0.365919 -1 
-0.227566 -1 
0.277253 -1 
0.498218 -1 
-0.606519 -1 
-0.0957593 -1 
0.636904 -1 
0.957581 -1 
0.0359342 -1 
-0.830024 -1 
-1.04858 -1 
1.09156 -1 
1.63373 -1 
1.49097 -1 
1.38032 -1 
1.8229 -1 
1.24718 -1 
-3.15775 -1 
-2.94343 -1 
-2.64455 -1 
-1.41175 -1 
-1.16193 -1 
-2.19306 -1 
-2.36624 -1 
-1.584 -1 
3.38904 -1 
2.75178 -1 
-2.00281 -1 
2.33275 -1 
2.19633 -1 
0.102757 -1 
-0.0302376 -1 
0.184544 -1 
-0.503319 -1 
-0.40995 -1 
-0.161535 -1 
-0.937939 -1 
-1.28299 -1 
0.738342 -1 
3.1935 -1 
ZONE T="boundary4"
0.588504 0.204784 
0.576108 0.231646 
-0.647986 -0.025715 
-0.195514 0.428592 
-0.60505 0.0961417 
-0.617088 0.0723803 
0.645271 0.046612 
0.650091 0.00721883 
0.64906 0.0202854 
-0.639703 0.0114791 
-0.297192 0.378236 
-0.272183 0.391731 
0.311001 0.48124 
0.340186 0.470668 
-0.642912 -0.00089424 
-0.636061 0.0237712 
-0.627442 0.0482278 
-0.591392 0.119452 
-0.559663 0.164398 
-0.576229 0.142211 
0.222374 0.501236 
0.192945 0.504445 
0.0485768 0.499929 
0.0770567 0.503271 
-0.346263 0.349465 
-0.541873 0.18594 
-0.461444 0.265899 
-0.483604 0.246033 
-0.439543 0.2841 
-0.417014 0.301497 
-0.169398 0.439628 
-0.143063 0.449968 
-0.370278 0.33415 
-0.321879 0.364159 
0.563229 0.258302 
-0.393881 0.318177 
-0.116441 0.459604 
-0.246908 0.404623 
-0.0351035 0.483787 
-0.0624801 0.476551 
-0.0895954 0.468474 
-0.523817 0.205992 
-0.505053 0.22536 
-0.221336 0.416923 
0.600334 0.178407 
0.61174 0.151893 
0.281505 0.489775 
0.251969 0.496383 
0.639363 0.0729429 
0.396967 0.442887 
0.423908 0.425626 
0.368917 0.457919 
0.549007 0.285099 
0.495397 0.361507 
0.473432 0.384678 
0.533121 0.311396 
0.515324 0.336924 
-0.00748326 0.490127 
0.0204502 0.495535 
0.105673 0.505468 
0.134502 0.506457 
0.163652 0.506149 
0.642557 0.0598281 
0.631594 0.0992428 
0.622193 0.125747 
0.449543 0.406129 
0.650531 -0.00588046 
-0.583969 0.130937 
0.582345 0.218232 
-0.611255 0.0843553 
0.647438 0.0334879 
-0.284727 0.385056 
0.325683 0.476202 
-0.645665 -0.0132604 
-0.641361 0.00530621 
-0.631956 0.0360721 
-0.637934 0.0176407 
-0.622462 0.0603883 
-0.568088 0.153411 
0.207681 0.503033 
0.0628004 0.50174 
-0.550892 0.175272 
-0.472617 0.25607 
-0.428353 0.292895 
-0.450577 0.2751 
-0.156265 0.444884 
-0.358321 0.341886 
-0.309577 0.37127 
0.569757 0.245016 
-0.334117 0.356887 
-0.405512 0.309927 
-0.182491 0.434192 
-0.129785 0.454877 
-0.259583 0.39825 
-0.0488206 0.480278 
-0.10305 0.464135 
-0.514518 0.215756 
-0.20846 0.422836 
0.606104 0.165179 
-0.494419 0.23579 
0.266786 0.493299 
0.410609 0.434524 
0.383086 0.450671 
0.556281 0.271787 
0.484644 0.373311 
0.524443 0.324314 
0.541265 0.298369 
0.00645954 0.492955 
-0.02132 0.487073 
0.0913537 0.504517 
0.149079 0.506471 
0.178309 0.505477 
0.0344931 0.497862 
0.354667 0.464553 
0.296321 0.485742 
0.120082 0.506119 
0.594457 0.191613 
0.641017 0.0663993 
0.635676 0.0861513 
0.627048 0.11255 
0.617072 0.138862 
0.643976 0.0532329 
0.505592 0.349404 
-0.0760684 0.472615 
-0.532944 0.196054 
-0.382136 0.326247 
-0.234158 0.410848 
0.461705 0.395647 
0.650387 0.000672984 
0.649648 0.0137564 
-0.598395 0.107899 
-0.580138 0.1366 
-0.587721 0.125222 
0.237206 0.499016 
0.436924 0.416138 
ZONE T="boundary5"
-0.10731 -0.408559 
-0.651276 -0.0506184 
-0.647986 -0.025715 
-0.371638 -0.420866 
-0.592703 -0.280195 
-0.585032 -0.291038 
-0.623996 -0.222707 
-0.633307 -0.198801 
-0.599931 -0.269041 
-0.612891 -0.246182 
-0.652496 -0.100468 
-0.650414 -0.125312 
-0.568156 -0.312005 
-0.549377 -0.331715 
-0.646529 -0.150008 
-0.640827 -0.17453 
-0.528711 -0.350023 
-0.539237 -0.341091 
-0.341901 -0.425286 
-0.42911 -0.40558 
-0.400812 -0.414317 
-0.456222 -0.39469 
-0.482017 -0.381688 
-0.281942 -0.42836 
-0.311952 -0.427712 
-0.193572 -0.422156 
-0.252148 -0.427475 
-0.222597 -0.425315 
-0.164582 -0.41817 
-0.135936 -0.413595 
-0.0789271 -0.403258 
0.00609105 -0.386739 
-0.50621 -0.366753 
0.396623 -0.306593 
0.370239 -0.315073 
-0.0505521 -0.397781 
0.288855 -0.335342 
0.3163 -0.329286 
-0.0222225 -0.392247 
0.0344676 -0.381307 
0.0628351 -0.376006 
0.0912921 -0.370836 
0.119714 -0.365811 
0.233045 -0.346144 
0.204829 -0.351146 
0.148158 -0.360888 
0.176546 -0.356024 
0.261006 -0.340931 
0.343567 -0.322551 
0.422436 -0.297008 
0.447274 -0.286317 
0.471475 -0.274216 
0.516715 -0.245934 
-0.652781 -0.0755617 
0.621234 -0.12937 
0.631909 -0.106112 
0.537823 -0.229655 
0.576314 -0.193159 
0.557726 -0.212078 
0.608305 -0.1517 
0.640233 -0.0820237 
0.646139 -0.0571869 
0.649573 -0.0317687 
0.494496 -0.26085 
0.650531 -0.00588046 
0.593263 -0.173 
-0.649851 -0.0381376 
-0.588923 -0.285656 
-0.628861 -0.210836 
-0.606631 -0.257736 
-0.65168 -0.112909 
-0.558974 -0.322058 
-0.648695 -0.137695 
-0.637284 -0.186733 
-0.534022 -0.345613 
-0.356808 -0.423337 
-0.386288 -0.41787 
-0.469259 -0.388466 
-0.296951 -0.428244 
-0.26704 -0.428094 
-0.596373 -0.274655 
-0.544357 -0.336457 
-0.618652 -0.234543 
-0.150248 -0.415949 
-0.0931132 -0.405937 
-0.494274 -0.374482 
0.383474 -0.310969 
-0.179065 -0.420253 
-0.0647369 -0.400534 
0.302594 -0.332389 
-0.121615 -0.411124 
-0.00806713 -0.389486 
-0.237362 -0.42654 
-0.0363869 -0.395016 
0.0486479 -0.378639 
0.0770603 -0.373403 
0.1055 -0.368308 
0.218941 -0.348668 
0.133934 -0.36334 
0.162351 -0.358455 
0.274941 -0.338193 
0.329957 -0.326014 
0.409587 -0.301955 
-0.652863 -0.0880176 
0.459466 -0.280449 
0.626852 -0.11787 
0.356935 -0.318926 
0.434927 -0.29183 
0.190689 -0.353595 
0.567195 -0.20279 
-0.576812 -0.301697 
0.643495 -0.0696789 
0.0202766 -0.384009 
-0.208072 -0.42385 
0.247033 -0.343576 
0.648169 -0.04452 
-0.326945 -0.426735 
0.483092 -0.267717 
-0.44278 -0.400419 
-0.415049 -0.410234 
-0.6439 -0.16232 
-0.652251 -0.0630765 
0.615028 -0.140685 
0.601017 -0.162515 
0.636368 -0.0941706 
0.650362 -0.018836 
0.584992 -0.183251 
0.547924 -0.221036 
0.527403 -0.237967 
0.505729 -0.253575 
-0.517641 -0.35863 
