ZONE T="boundary0"
-4 0.00502858 
-4 0.127818 
-4 0.27242 
-4 0.335318 
-4 0.587969 
-4 -0.555584 
-4 -0.666688 
-4 0.228703 
-4 0.184987 
-4 0.0706491 
-4 -0.060592 
-4 -0.130844 
-4 -0.16597 
-4 -0.309995 
-4 -0.450939 
-4 -0.777792 
-4 0.398216 
-4 0.793984 
-4 1 
-4 -0.237396 
-4 -0.201096 
-4 -0.273696 
-4 -0.398617 
-4 -0.346295 
-4 -1 
-4 0.303869 
-4 0.206845 
-4 0.0992337 
-4 0.156403 
-4 -0.0277817 
-4 0.0378389 
-4 -0.095718 
-4 -0.148407 
-4 -0.503261 
-4 -0.611136 
-4 -0.72224 
-4 0.493092 
-4 0.690977 
-4 0.896992 
-4 -0.219246 
-4 -0.255546 
-4 -0.328145 
-4 -0.372456 
-4 -0.291846 
-4 -0.424778 
-4 0.366767 
-4 0.250562 
-4 -0.888896 
-4 -0.183533 
ZONE T="boundary1"
-3.75501 1 
-0.274254 1 
1.48128 1 
1.34077 1 
3.02545 1 
2.85138 1 
-3.5082 1 
2.13613 1 
-1.98282 1 
-2.14321 1 
-2.86346 1 
-3.06242 1 
-3.26139 1 
1.20025 1 
-2.32701 1 
2.40284 1 
-1.82243 1 
-2.51082 1 
-2.68714 1 
-1.52377 1 
-0.147766 1 
-0.086696 1 
-0.21101 1 
-0.433219 1 
-0.353737 1 
4 1 
0.176544 1 
-0.0256261 1 
-0.553348 1 
0.402118 1 
0.493154 1 
-1.0914 1 
0.0530359 1 
-0.762704 1 
-0.851933 1 
-0.673476 1 
1.07695 1 
0.953646 1 
3.68291 1 
3.84146 1 
0.83097 1 
0.708294 1 
0.600724 1 
3.44122 1 
3.56207 1 
1.62433 1 
1.76737 1 
1.95175 1 
-1.29193 1 
-1.40785 1 
-1.6731 1 
2.62711 1 
3.19952 1 
-4 1 
-0.971664 1 
0.311082 1 
0.131698 1 
0.22139 1 
0.266236 1 
1.41102 1 
2.93842 1 
-3.63161 1 
-2.06301 1 
-2.96294 1 
-3.1619 1 
-2.59898 1 
-0.117231 1 
-0.242632 1 
-0.393478 1 
-0.313996 1 
-0.493284 1 
-0.056161 1 
0.0137049 1 
-0.807319 1 
-0.613412 1 
1.0153 1 
3.92073 1 
3.76219 1 
0.769632 1 
3.50164 1 
1.27051 1 
1.69585 1 
1.85956 1 
2.04394 1 
-1.19166 1 
-1.46581 1 
-1.34989 1 
-1.74776 1 
-0.71809 1 
2.26949 1 
-2.41891 1 
-2.23511 1 
3.11249 1 
3.62249 1 
3.32037 1 
1.5528 1 
2.51498 1 
2.73925 1 
-3.38479 1 
-3.87751 1 
-1.90262 1 
-0.179388 1 
-0.911798 1 
0.3566 1 
0.546939 1 
0.447636 1 
-1.03153 1 
0.154121 1 
0.198967 1 
0.288659 1 
0.654509 1 
0.892308 1 
1.1386 1 
-1.59843 1 
-2.7753 1 
0.243813 1 
0.092367 1 
ZONE T="boundary2"
4 -0.181717 
4 -0.226867 
4 -0.123702 
4 0.266363 
4 0.149989 
4 0.213283 
4 0.313692 
4 0.513682 
4 0.798174 
4 0.372354 
4 0.431016 
4 -0.380546 
4 -0.326281 
4 0.596347 
4 0.697261 
4 -0.693198 
4 -0.500249 
4 -0.596724 
4 0.0105041 
4 0.086695 
4 1 
4 -0.0656867 
4 -0.272017 
4 -0.440398 
4 -0.846599 
4 -1 
4 -0.204292 
4 0.181636 
4 0.290027 
4 0.401685 
4 0.239823 
4 -0.353414 
4 0.646804 
4 -0.548486 
4 0.555015 
4 0.472349 
4 0.899087 
4 -0.0946943 
4 -0.152709 
4 -0.249442 
4 -0.299149 
4 -0.470324 
4 -0.644961 
4 -0.769898 
4 0.747717 
4 -0.923299 
4 -0.410472 
4 0.343023 
4 0.118342 
4 -0.0275913 
4 0.0485996 
ZONE T="boundary3"
-1.53663 -1 
2.23834 -1 
3.3678 -1 
0.491372 -1 
-1.63625 -1 
1.44073 -1 
1.61736 -1 
-0.0851113 -1 
1.82539 -1 
-0.579587 -1 
0.397464 -1 
0.0454471 -1 
2.37598 -1 
-3.47982 -1 
-3.86996 -1 
2.10069 -1 
1.96304 -1 
-3.25895 -1 
-3.03808 -1 
-1.73587 -1 
2.57657 -1 
2.77715 -1 
3.07247 -1 
-2.50113 -1 
-2.76961 -1 
-2.24267 -1 
0.157392 -1 
0.206113 -1 
-0.0177764 -1 
-0.152446 -1 
0.10867 -1 
0.624675 -1 
0.757979 -1 
1.02002 -1 
0.889001 -1 
0.254834 -1 
0.35051 -1 
-0.783923 -1 
-0.678231 -1 
-0.228794 -1 
1.12889 -1 
-0.889615 -1 
-0.480942 -1 
-0.305141 -1 
-0.393042 -1 
3.84195 -1 
1.23776 -1 
-3.73991 -1 
-3.60987 -1 
-0.999741 -1 
3.6839 -1 
3.52585 -1 
4 -1 
-1.9842 -1 
-1.10987 -1 
-1.44139 -1 
-1.34616 -1 
0.303555 -1 
-1.22801 -1 
-4 -1 
1.52904 -1 
1.72138 -1 
0.444418 -1 
2.30716 -1 
2.03187 -1 
-3.14852 -1 
1.89422 -1 
2.92481 -1 
-2.63537 -1 
-2.3719 -1 
3.22013 -1 
0.181752 -1 
-0.0514439 -1 
-0.118779 -1 
0.0770587 -1 
0.0138353 -1 
0.558024 -1 
0.82349 -1 
-0.731077 -1 
0.691327 -1 
1.07446 -1 
-0.836769 -1 
-0.530265 -1 
-0.349091 -1 
1.18333 -1 
-3.67489 -1 
-0.944678 -1 
3.60487 -1 
3.76292 -1 
3.92097 -1 
1.33925 -1 
-1.39378 -1 
-1.58644 -1 
-1.86003 -1 
-1.68606 -1 
2.47628 -1 
2.67686 -1 
-2.90385 -1 
3.44682 -1 
-3.36939 -1 
2.16951 -1 
0.133031 -1 
-0.436992 -1 
-0.628909 -1 
0.954512 -1 
0.279195 -1 
0.230474 -1 
0.373987 -1 
0.327032 -1 
-0.266967 -1 
-0.19062 -1 
-1.28708 -1 
-1.0548 -1 
-1.16894 -1 
-2.11343 -1 
-1.48901 -1 
-3.54485 -1 
-3.93498 -1 
-3.80493 -1 
ZONE T="boundary4"
-0.276003 0.365104 
-0.643576 0.00920689 
-0.301579 0.363733 
-0.645246 0.057778 
-0.64363 0.0822036 
-0.6452 0.0334205 
-0.197899 0.367643 
-0.171066 0.368441 
-0.326487 0.361852 
-0.635095 0.13071 
-0.640269 0.106569 
-0.629956 0.148693 
-0.422845 0.345426 
-0.445754 0.338263 
-0.616587 0.183413 
-0.623759 0.166341 
-0.598498 0.217266 
-0.60696 0.202693 
-0.582144 0.241096 
-0.590608 0.229377 
0.631236 0.113603 
0.634605 0.0998476 
-0.566701 0.259739 
-0.500362 0.313344 
-0.489728 0.319229 
-0.51072 0.307035 
-0.530698 0.293019 
-0.468095 0.329567 
0.581321 0.217624 
0.572508 0.22977 
0.637266 0.085968 
-0.250418 0.3661 
0.610846 0.167545 
-0.144305 0.369369 
-0.549609 0.277049 
-0.224135 0.366908 
-0.0622285 0.373422 
-0.0346905 0.375168 
-0.00677752 0.377058 
0.0211061 0.37899 
0.619633 0.147847 
-0.351298 0.359238 
0.62711 0.12742 
0.639605 0.0159647 
0.6379 0.00198371 
0.483313 0.312881 
0.496218 0.304191 
0.256031 0.382737 
0.411907 0.348808 
0.563239 0.24157 
0.553695 0.252775 
0.52109 0.284844 
0.543694 0.26357 
0.532634 0.274481 
0.508881 0.294806 
0.106667 0.384186 
0.135616 0.385303 
0.04944 0.380906 
0.19496 0.385782 
0.165259 0.385893 
0.225491 0.384787 
0.45588 0.328867 
0.639199 0.0720193 
0.604161 0.180592 
0.640593 0.0299123 
0.640863 0.0439579 
0.6404 0.0579983 
0.59698 0.193296 
0.286981 0.379412 
-0.11703 0.370504 
-0.0898383 0.371848 
0.077769 0.382667 
0.318284 0.374577 
0.349788 0.367988 
0.381023 0.35948 
-0.399414 0.351207 
-0.375545 0.355755 
0.470044 0.321005 
0.441398 0.336131 
-0.288794 0.364477 
-0.644651 0.0700048 
-0.644581 0.0213008 
-0.184482 0.36803 
-0.63791 0.118688 
-0.434357 0.34203 
-0.620301 0.174931 
-0.60283 0.210038 
-0.586447 0.235288 
0.633007 0.106747 
-0.594625 0.223368 
-0.574621 0.250581 
-0.645426 0.0455987 
-0.62699 0.157563 
-0.495075 0.316342 
-0.505574 0.310245 
-0.520862 0.300246 
0.576972 0.223738 
-0.263212 0.365638 
-0.314039 0.362872 
-0.157685 0.368885 
-0.540335 0.285249 
-0.237278 0.366522 
-0.0484586 0.374276 
0.00716457 0.378024 
-0.338904 0.360649 
0.623554 0.1377 
0.63884 0.00896351 
-0.0207334 0.376102 
-0.558348 0.268585 
0.489812 0.308608 
0.558524 0.247221 
0.526923 0.279731 
0.548753 0.258226 
-0.611943 0.193138 
0.121139 0.384803 
0.0352722 0.379961 
-0.211017 0.367277 
0.210229 0.385406 
0.638323 0.0790062 
0.629259 0.120537 
0.615402 0.157769 
0.636025 0.0929248 
0.538228 0.269091 
0.607572 0.174104 
0.64082 0.0369356 
0.639891 0.0650167 
-0.642171 0.0944169 
0.515044 0.289897 
0.640188 0.0229322 
0.600634 0.18698 
0.150436 0.385677 
0.18011 0.385934 
-0.103433 0.37115 
0.0922157 0.383469 
-0.076032 0.372611 
0.24077 0.383903 
0.271524 0.381241 
-0.130667 0.369911 
0.0636031 0.381813 
0.302662 0.377188 
0.334082 0.371504 
0.396559 0.354416 
-0.632658 0.139739 
-0.411171 0.348485 
-0.387508 0.353629 
-0.36344 0.357622 
0.640724 0.0509788 
-0.457002 0.334115 
-0.479011 0.324607 
0.463002 0.325013 
0.426773 0.34275 
0.589376 0.205605 
0.365473 0.36398 
0.448678 0.332573 
0.476723 0.317013 
0.502603 0.299571 
0.567931 0.235715 
ZONE T="boundary5"
-0.643576 0.00920689 
-0.640461 -0.0147783 
-0.568555 -0.19692 
-0.554865 -0.217636 
-0.635922 -0.038529 
-0.5938 -0.153029 
0.635509 -0.0118968 
0.62879 -0.0392949 
0.632465 -0.0256453 
-0.614382 -0.108052 
-0.622835 -0.0851677 
0.624521 -0.0528353 
-0.630033 -0.0619832 
-0.581749 -0.175095 
0.61434 -0.0796354 
-0.184589 -0.482333 
-0.213043 -0.47274 
-0.323057 -0.42358 
-0.296233 -0.437495 
-0.241121 -0.462091 
-0.0110066 -0.517257 
-0.0401883 -0.514099 
-0.0692573 -0.509876 
-0.127188 -0.498239 
-0.156029 -0.490807 
-0.0983199 -0.504579 
-0.511011 -0.274593 
-0.526064 -0.256489 
-0.461361 -0.325546 
-0.479454 -0.308326 
-0.540422 -0.23784 
0.546871 -0.205929 
0.535228 -0.22625 
-0.349183 -0.408668 
-0.442605 -0.342054 
0.560401 -0.182495 
-0.422031 -0.358791 
-0.604692 -0.130677 
-0.495561 -0.291759 
0.0181712 -0.519322 
0.0473781 -0.520269 
0.076533 -0.520062 
0.105661 -0.51865 
0.13461 -0.515984 
0.163374 -0.512001 
0.275 -0.481534 
0.191862 -0.506637 
0.247755 -0.491479 
0.220018 -0.499821 
0.588489 -0.132788 
0.602271 -0.106101 
0.301536 -0.469972 
0.327415 -0.456672 
0.376424 -0.424916 
0.352417 -0.441652 
0.421109 -0.386416 
0.399349 -0.406483 
0.50993 -0.269985 
0.495686 -0.292971 
0.460711 -0.342141 
0.441442 -0.365052 
0.478637 -0.318226 
0.523587 -0.246623 
0.6379 0.00198371 
0.573852 -0.15909 
-0.398707 -0.376237 
-0.374668 -0.392707 
-0.268916 -0.450325 
-0.561808 -0.207343 
-0.638365 -0.0266869 
0.630702 -0.0324903 
-0.618757 -0.0966647 
0.626725 -0.0460871 
-0.633142 -0.0502975 
0.619673 -0.0663274 
-0.198861 -0.477668 
-0.309714 -0.430671 
-0.227132 -0.467547 
-0.575268 -0.186077 
-0.025612 -0.515812 
-0.0547419 -0.512119 
-0.141642 -0.494653 
-0.112782 -0.501538 
-0.518626 -0.265615 
-0.470492 -0.317025 
-0.533326 -0.247229 
-0.547734 -0.227803 
0.541041 -0.216085 
-0.336196 -0.416256 
-0.452062 -0.333889 
0.55363 -0.194209 
-0.599379 -0.141918 
0.634067 -0.0187886 
-0.170348 -0.4867 
-0.642201 -0.00280935 
0.00357258 -0.518426 
0.03277 -0.519937 
0.0619566 -0.520313 
-0.62659 -0.0736239 
0.12015 -0.517478 
-0.487586 -0.300119 
0.177652 -0.509497 
-0.587899 -0.16413 
0.205986 -0.503416 
0.261452 -0.486709 
0.595515 -0.119514 
-0.609677 -0.119425 
0.314584 -0.463533 
0.364564 -0.433489 
0.410397 -0.396631 
0.502901 -0.281535 
0.451246 -0.353739 
0.487307 -0.305696 
0.431445 -0.375895 
0.529413 -0.23644 
0.567145 -0.170803 
-0.50337 -0.283251 
0.636789 -0.00497104 
0.608494 -0.092954 
-0.4324 -0.350524 
0.581243 -0.14598 
0.516813 -0.258335 
-0.362008 -0.400819 
0.149015 -0.514162 
0.288358 -0.47596 
-0.282637 -0.444043 
-0.0838124 -0.507358 
-0.410461 -0.367636 
0.0911046 -0.51951 
0.233945 -0.495845 
0.340042 -0.449372 
0.388044 -0.415895 
-0.386772 -0.384595 
0.469831 -0.330302 
-0.255075 -0.456342 
