ZONE T="boundary0"
-4 -0.468734 
-4 -0.399344 
-4 -0.329954 
-4 -0.275783 
-4 -0.221611 
-4 0.279954 
-4 0.400412 
-4 -0.0017853 
-4 -0.148968 
-4 -0.0753767 
-4 -1 
-4 1 
-4 0.594863 
-4 0.0720211 
-4 -0.568592 
-4 -0.668451 
-4 0.310069 
-4 -0.834226 
-4 0.340183 
-4 0.497638 
-4 0.212891 
-4 0.246422 
-4 0.145827 
-4 0.179359 
-4 -0.434039 
-4 -0.302868 
-4 -0.038581 
-4 0.797431 
-4 -0.364649 
-4 -0.248697 
-4 0.0351179 
-4 -0.618522 
-4 0.295011 
-4 -0.751338 
-4 -0.917113 
-4 0.449025 
-4 -0.18529 
-4 0.370298 
-4 0.229657 
-4 0.325126 
-4 0.263188 
-4 0.162593 
-4 0.108924 
-4 0.196125 
-4 -0.518663 
-4 -0.112172 
-4 0.54625 
ZONE T="boundary1"
1.85654 1 
2.02307 1 
3.75396 1 
4 1 
0.825799 1 
0.707544 1 
0.384473 1 
1.42093 1 
0.0292165 1 
0.115305 1 
-0.0256514 1 
-1.14996 1 
-1.33189 1 
0.478934 1 
2.38177 1 
2.1896 1 
-1.95472 1 
-2.1665 1 
-1.74294 1 
-3.10549 1 
-3.00677 1 
-2.35059 1 
-4 1 
-3.65145 1 
2.79885 1 
2.57394 1 
-3.30291 1 
3.50791 1 
3.26584 1 
-0.0805192 1 
-0.146957 1 
-0.213395 1 
-0.287107 1 
-0.36082 1 
-0.453039 1 
0.593239 1 
0.202659 1 
0.290013 1 
0.337243 1 
-0.545258 1 
-0.651134 1 
-0.75701 1 
0.944053 1 
1.49071 1 
-0.949273 1 
-0.853141 1 
-1.04962 1 
-1.54084 1 
-1.43637 1 
1.29958 1 
1.56049 1 
1.70852 1 
1.06114 1 
3.02377 1 
-2.53467 1 
-2.72137 1 
1.17823 1 
-2.90806 1 
1.9398 1 
3.87698 1 
0.766671 1 
0.0722609 1 
-1.24093 1 
2.28569 1 
-2.06061 1 
-1.84883 1 
-3.05613 1 
-2.25855 1 
-3.82573 1 
2.6864 1 
-3.47718 1 
3.63093 1 
3.38687 1 
-0.0530853 1 
0.00178259 1 
-0.180176 1 
-0.113738 1 
-0.250251 1 
-0.323963 1 
-0.406929 1 
0.650392 1 
0.158982 1 
0.313628 1 
-0.499148 1 
-0.704072 1 
1.45582 1 
-0.901207 1 
-1.09979 1 
-0.598196 1 
-0.999446 1 
-1.48861 1 
-1.38413 1 
1.36026 1 
1.6345 1 
1.5256 1 
-0.805075 1 
-1.64189 1 
1.0026 1 
-2.44263 1 
-2.62802 1 
2.47786 1 
2.91131 1 
-3.2042 1 
0.246336 1 
0.360858 1 
0.536087 1 
0.431704 1 
0.884926 1 
1.78253 1 
1.11969 1 
1.23891 1 
2.10634 1 
3.1448 1 
-2.81472 1 
-2.95742 1 
ZONE T="boundary2"
4 -0.396444 
4 -0.457267 
4 -0.279154 
4 -0.222687 
4 0.358946 
4 0.259852 
4 0.530465 
4 1 
4 0.441388 
4 0.109123 
4 0.184488 
4 0.058346 
4 0.00756859 
4 -1 
4 -0.728633 
4 0.714657 
4 -0.0939863 
4 -0.158336 
4 -0.335621 
4 -0.59295 
4 0.619542 
4 0.809771 
4 0.22217 
4 -0.426855 
4 -0.25092 
4 0.309399 
4 0.146806 
4 0.0837347 
4 -0.864317 
4 0.400167 
4 0.0329573 
4 -0.0432088 
4 -0.307387 
4 -0.525109 
4 -0.660792 
4 0.575004 
4 0.667099 
4 0.904886 
4 0.203329 
4 0.241011 
4 -0.366032 
4 -0.126161 
4 -0.190512 
4 0.762214 
4 0.485926 
ZONE T="boundary3"
-0.693792 -1 
3.32773 -1 
3.5103 -1 
-0.30148 -1 
1.18239 -1 
1.31049 -1 
0.952782 -1 
1.06759 -1 
1.92699 -1 
-1.05791 -1 
-4 -1 
-3.55309 -1 
-1.59407 -1 
-1.17883 -1 
4 -1 
2.14311 -1 
-1.36358 -1 
-3.1482 -1 
-2.7815 -1 
-2.54976 -1 
3.75515 -1 
-1.9744 -1 
-1.78424 -1 
2.88369 -1 
2.62221 -1 
2.38266 -1 
-3.01323 -1 
-2.26208 -1 
0.21369 -1 
-0.155692 -1 
0.289279 -1 
0.375373 -1 
0.461467 -1 
-0.228586 -1 
-0.00776643 -1 
-0.476537 -1 
-0.389008 -1 
-0.0817291 -1 
0.0651678 -1 
0.620416 -1 
-0.585165 -1 
0.77142 -1 
0.862101 -1 
-0.936979 -1 
-0.815386 -1 
1.43858 -1 
1.57473 -1 
1.71087 -1 
-1.2712 -1 
-3.28316 -1 
3.01443 -1 
3.14517 -1 
0.138102 -1 
-2.40592 -1 
3.41901 -1 
1.24644 -1 
-3.77654 -1 
2.03505 -1 
-1.47882 -1 
-2.66563 -1 
-1.68915 -1 
2.50244 -1 
2.26288 -1 
0.332326 -1 
0.251485 -1 
0.41842 -1 
-0.432773 -1 
-0.192139 -1 
-0.11871 -1 
-0.0447478 -1 
-0.345244 -1 
0.0287007 -1 
0.540942 -1 
-0.530851 -1 
0.81676 -1 
-0.639478 -1 
-0.876183 -1 
1.12499 -1 
0.907442 -1 
1.01018 -1 
1.37453 -1 
3.63272 -1 
1.50666 -1 
1.6428 -1 
-1.22502 -1 
0.695918 -1 
3.0798 -1 
3.23645 -1 
-1.11837 -1 
-0.997442 -1 
-3.41812 -1 
-3.08071 -1 
-2.89736 -1 
-3.21568 -1 
1.81893 -1 
3.87757 -1 
2.94906 -1 
-1.87932 -1 
-2.11824 -1 
0.175896 -1 
0.101635 -1 
-0.265033 -1 
-2.47784 -1 
-0.754589 -1 
-2.334 -1 
2.75295 -1 
-1.31739 -1 
ZONE T="boundary4"
-0.2505 0.334334 
0.599835 0.0424783 
-0.62465 0.00262327 
-0.623081 0.0224192 
-0.485556 0.238582 
-0.500008 0.228405 
-0.376263 0.293411 
-0.392667 0.286967 
-0.424787 0.272896 
0.57012 0.245719 
-0.514195 0.217423 
-0.408931 0.280113 
-0.616091 0.0614552 
-0.620236 0.0420757 
-0.62499 -0.0172397 
0.606294 0.102408 
0.605653 0.0822299 
-0.47078 0.248081 
-0.455753 0.256917 
-0.610645 0.0804333 
-0.605557 0.0947498 
-0.592661 0.123229 
-0.584263 0.138144 
-0.599701 0.108754 
-0.541077 0.193151 
-0.553568 0.179824 
-0.564886 0.166217 
-0.575048 0.152399 
-0.52793 0.205669 
-0.359412 0.299629 
-0.342487 0.305542 
-0.440414 0.265175 
0.603113 0.143077 
0.600325 0.158908 
0.605426 0.122838 
-0.324762 0.311452 
-0.307016 0.317145 
0.603492 0.0621898 
-0.231093 0.340039 
-0.269935 0.328541 
-0.210652 0.345982 
0.596732 0.174607 
-0.168564 0.358037 
-0.146899 0.364136 
-0.190234 0.351861 
-0.0764009 0.383176 
-0.05197 0.389346 
-0.10074 0.376779 
0.473626 0.354834 
0.492685 0.340785 
0.594665 0.0229321 
-0.288468 0.322914 
0.454932 0.366682 
0.435722 0.377204 
0.415245 0.386852 
0.000744287 0.40155 
0.0278348 0.407095 
0.0551365 0.41209 
0.0816454 0.416304 
0.558473 0.266686 
0.529666 0.305725 
0.544821 0.286987 
0.394502 0.3952 
0.511807 0.324188 
0.218834 0.425807 
0.190552 0.425765 
0.135282 0.422669 
0.162382 0.42466 
0.279677 0.421842 
0.368057 0.404037 
0.34153 0.411124 
0.249128 0.424566 
0.108353 0.419856 
0.587443 0.205086 
0.592418 0.19001 
-0.123836 0.370524 
-0.0256948 0.39564 
0.310504 0.417438 
0.579357 0.225822 
-0.624022 0.012533 
-0.492838 0.233571 
-0.384482 0.290236 
-0.416885 0.276564 
-0.618328 0.0517995 
0.606163 0.092312 
-0.463309 0.252572 
-0.613534 0.0709901 
-0.608199 0.0876252 
-0.588578 0.13075 
-0.602726 0.101791 
-0.596287 0.116041 
-0.547422 0.186578 
-0.570071 0.159382 
-0.55933 0.173103 
-0.534591 0.199499 
-0.350959 0.302619 
-0.478217 0.243407 
-0.448121 0.261116 
0.601822 0.15101 
0.604445 0.132977 
-0.432632 0.269102 
-0.367851 0.296561 
-0.333632 0.308527 
-0.315894 0.314322 
-0.400821 0.283594 
0.604764 0.0721879 
-0.260219 0.331449 
-0.220873 0.343018 
-0.157735 0.361097 
-0.0641959 0.386293 
-0.0885786 0.380004 
-0.179401 0.354957 
-0.240797 0.337195 
0.483288 0.347987 
-0.279204 0.325741 
-0.297746 0.320048 
0.464378 0.360912 
0.425556 0.382181 
0.0142721 0.404388 
0.0683742 0.414276 
0.537449 0.296519 
0.404931 0.39117 
0.502422 0.332687 
0.445408 0.372091 
0.204689 0.425925 
0.14882 0.423773 
0.264416 0.423397 
0.354845 0.407775 
-0.200444 0.348928 
-0.521139 0.211633 
0.598625 0.16678 
0.594665 0.182334 
0.60185 0.0522984 
0.606047 0.11263 
0.597431 0.0326559 
-0.112294 0.37367 
-0.0388466 0.392538 
0.38135 0.399831 
-0.135372 0.367344 
-0.0124908 0.398649 
0.0414679 0.409668 
0.520945 0.315156 
0.326065 0.414522 
0.0949836 0.418169 
0.121803 0.421361 
0.233984 0.42536 
0.176458 0.42534 
0.295119 0.419855 
-0.579764 0.14534 
-0.507167 0.222997 
-0.62182 0.03227 
-0.62497 -0.00730584 
0.574899 0.235845 
0.58356 0.215517 
0.564508 0.256319 
0.551872 0.276986 
0.590015 0.197576 
ZONE T="boundary5"
-0.522963 -0.290713 
0.560653 -0.0516585 
0.259484 -0.529511 
0.580135 -0.0150286 
-0.563616 -0.226398 
-0.553978 -0.243314 
-0.619156 -0.0766404 
-0.622185 -0.0569368 
-0.604134 -0.135063 
-0.610085 -0.115722 
-0.597325 -0.15418 
-0.572739 -0.209218 
-0.615104 -0.096256 
-0.41614 -0.404546 
-0.231369 -0.515769 
-0.254814 -0.505585 
-0.362196 -0.44532 
-0.321569 -0.471006 
-0.34211 -0.458504 
-0.500083 -0.320244 
-0.380989 -0.432054 
-0.102576 -0.556374 
-0.156118 -0.542462 
-0.447396 -0.37667 
-0.20687 -0.525429 
-0.182052 -0.534244 
-0.129924 -0.549771 
-0.533686 -0.275428 
-0.511742 -0.305671 
-0.544092 -0.259521 
-0.432506 -0.390391 
-0.399312 -0.41818 
-0.487975 -0.334472 
-0.62415 -0.0371121 
-0.62499 -0.0172397 
-0.461844 -0.362511 
-0.475125 -0.34868 
0.392874 -0.391127 
0.377533 -0.419133 
0.445818 -0.247103 
0.437122 -0.272294 
0.274315 -0.521278 
0.385415 -0.405484 
0.288615 -0.512299 
0.312892 -0.494268 
-0.589726 -0.173026 
0.042393 -0.574069 
0.0124546 -0.572866 
0.521564 -0.110193 
0.537277 -0.0876956 
-0.0750338 -0.561982 
-0.581554 -0.191259 
-0.0175206 -0.570342 
-0.0463335 -0.566722 
0.103466 -0.572061 
0.0730959 -0.573849 
0.228829 -0.543577 
0.135367 -0.568322 
0.197759 -0.554462 
0.33547 -0.473528 
0.369119 -0.432236 
0.399847 -0.376242 
0.420729 -0.321981 
0.412157 -0.346026 
0.353035 -0.453873 
0.42885 -0.29755 
0.588066 0.00374996 
0.594665 0.0229321 
0.459601 -0.21296 
0.505784 -0.132871 
0.549268 -0.0698353 
0.570904 -0.0335749 
-0.277886 -0.494609 
-0.299938 -0.483177 
0.490483 -0.156077 
0.476049 -0.180315 
0.166513 -0.562593 
-0.55886 -0.234891 
-0.6208 -0.0668082 
-0.607218 -0.125425 
-0.600831 -0.144657 
-0.617252 -0.0864728 
-0.243135 -0.510776 
-0.331893 -0.464841 
-0.371648 -0.438764 
-0.194498 -0.529942 
-0.219161 -0.520705 
-0.528386 -0.283113 
-0.517412 -0.298236 
-0.505969 -0.313001 
-0.538954 -0.267516 
-0.549097 -0.251455 
-0.424381 -0.397534 
-0.39021 -0.425193 
-0.624714 -0.0271821 
-0.468537 -0.355644 
-0.481604 -0.341624 
-0.440004 -0.383587 
-0.494083 -0.327403 
0.441381 -0.25967 
0.266954 -0.525493 
0.38922 -0.398351 
0.300979 -0.503596 
-0.568243 -0.217842 
-0.61271 -0.106018 
0.027421 -0.573636 
0.529453 -0.0989603 
-0.0888286 -0.559303 
-0.0319423 -0.568674 
0.0882978 -0.573158 
0.213417 -0.549359 
0.244331 -0.536923 
-0.623304 -0.047038 
-0.407781 -0.41143 
0.281525 -0.516887 
0.373403 -0.425739 
0.38155 -0.412358 
0.41653 -0.334043 
0.396431 -0.383723 
0.361311 -0.443242 
0.424829 -0.309784 
-0.585723 -0.182179 
0.406224 -0.361245 
0.591535 0.0132817 
0.45239 -0.229888 
0.513639 -0.121499 
-0.577223 -0.200275 
0.543329 -0.0788006 
0.584254 -0.00570467 
0.575655 -0.0243695 
0.555048 -0.0608008 
0.32445 -0.484204 
-0.593619 -0.16364 
-0.454676 -0.369646 
0.565889 -0.042679 
-0.266398 -0.500196 
-0.310807 -0.477184 
-0.35221 -0.451997 
0.344469 -0.463906 
0.498034 -0.144397 
0.432969 -0.284921 
-0.288961 -0.488987 
-0.116279 -0.553196 
-0.143052 -0.54623 
0.0577503 -0.574149 
0.483105 -0.168089 
-0.0607041 -0.564489 
-0.169121 -0.538466 
-0.00254294 -0.571764 
0.119451 -0.57044 
0.182219 -0.558829 
0.150994 -0.565722 
0.467484 -0.196447 
