ZONE T="boundary0"
-4 -0.273707 
-4 -1 
-4 -0.316834 
-4 0.216313 
-4 0.247237 
-4 0.278162 
-4 0.641829 
-4 0.522438 
-4 -0.181792 
-4 -0.23058 
-4 -0.832587 
-4 0.168967 
-4 0.12162 
-4 0.444256 
-4 0.366073 
-4 -0.38706 
-4 -0.133004 
-4 -0.0354278 
-4 -0.0842159 
-4 0.0430963 
-4 0.761219 
-4 -0.56123 
-4 -0.665175 
-4 1 
-4 0.322118 
-4 -0.457285 
-4 -0.295271 
-4 0.231775 
-4 0.582134 
-4 -0.206186 
-4 -0.916294 
-4 0.145293 
-4 0.405164 
-4 -0.10861 
-4 0.483347 
-4 -0.748881 
-4 0.88061 
-4 0.2627 
-4 0.19264 
-4 0.30014 
-4 0.344095 
-4 0.0823584 
-4 -0.157398 
-4 -0.0598219 
-4 0.00383423 
-4 -0.252144 
-4 0.701524 
-4 -0.422172 
-4 -0.351947 
-4 -0.509257 
-4 -0.613202 
ZONE T="boundary1"
-3.00651 1 
-3.28477 1 
1.93056 1 
1.74065 1 
3.7877 1 
0.855821 1 
-1.11397 1 
1.05554 1 
0.955679 1 
0.377651 1 
0.308 1 
-0.135115 1 
-0.184608 1 
-1.34951 1 
1.2641 1 
2.12047 1 
2.32668 1 
1.15982 1 
-1.23174 1 
-1.89654 1 
-2.10332 1 
-3.56303 1 
-2.77674 1 
3.57539 1 
3.37166 1 
3.16792 1 
2.95346 1 
2.73899 1 
1.4913 1 
1.3777 1 
-2.32514 1 
-2.54697 1 
0.70704 1 
0.447301 1 
0.129882 1 
0.0716934 1 
0.0177827 1 
-0.036128 1 
-0.326303 1 
-0.418506 1 
-0.234101 1 
0.657446 1 
0.552374 1 
0.248035 1 
0.188071 1 
-0.639201 1 
-0.528854 1 
-0.776671 1 
-0.914141 1 
0.756633 1 
-1.01406 1 
-1.51963 1 
-1.43457 1 
-1.68975 1 
1.61598 1 
4 1 
-3.78152 1 
-4 1 
-3.14564 1 
1.83561 1 
1.00561 1 
-0.159861 1 
2.22358 1 
-1.29063 1 
-1.99993 1 
3.26979 1 
3.06069 1 
3.47352 1 
1.4345 1 
-2.89162 1 
-2.43605 1 
0.342825 1 
0.412476 1 
0.100788 1 
-0.00917263 1 
-0.0856212 1 
0.0447381 1 
-0.372405 1 
-0.209354 1 
0.60491 1 
0.278018 1 
0.158976 1 
0.218053 1 
-0.584028 1 
-0.707936 1 
0.682243 1 
0.90575 1 
0.806227 1 
-1.17286 1 
1.21196 1 
-1.06402 1 
-0.845406 1 
-1.4771 1 
-1.60469 1 
1.10768 1 
1.3209 1 
1.55364 1 
3.89385 1 
-1.79314 1 
-3.4239 1 
-2.66185 1 
3.68154 1 
-3.67228 1 
-3.89076 1 
1.67831 1 
2.02552 1 
2.53284 1 
2.84623 1 
-2.21423 1 
0.499838 1 
0.731837 1 
-0.47368 1 
-0.280202 1 
-0.964099 1 
-1.39204 1 
ZONE T="boundary2"
4 -0.336948 
4 -0.825941 
4 -0.738912 
4 -0.487886 
4 -0.412417 
4 -0.301959 
4 -0.26697 
4 0.0977242 
4 0.184743 
4 0.258627 
4 -0.651882 
4 0.0107059 
4 -0.210139 
4 0.583491 
4 0.486037 
4 0.323605 
4 -0.153307 
4 1 
4 0.791746 
4 -0.238554 
4 -0.181723 
4 -0.0713008 
4 0.388583 
4 -0.569884 
4 -1 
4 -0.782426 
4 -0.450152 
4 -0.284465 
4 0.141233 
4 0.221685 
4 -0.319454 
4 0.534764 
4 0.0542151 
4 0.687618 
4 0.895873 
4 -0.224347 
4 -0.167515 
4 -0.252762 
4 -0.112304 
4 -0.195931 
4 -0.0302974 
4 0.291116 
4 0.356094 
4 0.43731 
4 -0.374683 
4 -0.528885 
4 -0.610883 
4 -0.695397 
4 -0.912971 
ZONE T="boundary3"
-3.65851 -1 
-4 -1 
-2.37549 -1 
2.7429 -1 
2.91635 -1 
-0.351685 -1 
-0.62378 -1 
-0.448487 -1 
1.50424 -1 
-2.24217 -1 
-0.254884 -1 
-1.32162 -1 
-1.18879 -1 
-0.00723331 -1 
-0.536134 -1 
0.708973 -1 
2.07932 -1 
1.9092 -1 
2.56945 -1 
1.24707 -1 
-2.71764 -1 
-2.50881 -1 
-1.78186 -1 
3.12693 -1 
-3.31702 -1 
-3.48777 -1 
-3.12175 -1 
2.32439 -1 
-2.01201 -1 
-0.193961 -1 
-0.133039 -1 
-0.0701359 -1 
0.422615 -1 
0.194125 -1 
0.0583903 -1 
0.124014 -1 
0.264236 -1 
-0.706139 -1 
-0.788498 -1 
-0.874138 -1 
-0.831318 -1 
-1.07428 -1 
-1.01703 -1 
0.606495 -1 
0.514555 -1 
-1.38803 -1 
0.90996 -1 
1.00847 -1 
-1.61815 -1 
0.811451 -1 
1.37565 -1 
1.12777 -1 
1.62166 -1 
1.73907 -1 
-1.5363 -1 
-1.45445 -1 
3.50314 -1 
3.66876 -1 
-2.92648 -1 
3.33752 -1 
-0.959779 -1 
3.83438 -1 
4 -1 
-3.82926 -1 
2.82962 -1 
-1.2552 -1 
-0.49231 -1 
1.99426 -1 
2.65618 -1 
-2.61323 -1 
-3.40239 -1 
-3.21939 -1 
2.44692 -1 
2.20185 -1 
-0.224422 -1 
-0.303284 -1 
-0.400086 -1 
-0.1635 -1 
-0.0386846 -1 
0.0912021 -1 
-0.101587 -1 
0.22918 -1 
0.343425 -1 
0.159069 -1 
-0.579957 -1 
-0.747319 -1 
-1.13153 -1 
0.468585 -1 
-1.35482 -1 
0.959214 -1 
1.31136 -1 
0.860706 -1 
1.18742 -1 
1.06812 -1 
0.760212 -1 
0.657734 -1 
1.68037 -1 
-1.70001 -1 
-1.49537 -1 
-1.89694 -1 
1.82414 -1 
-2.12709 -1 
-1.42124 -1 
-2.82206 -1 
-2.30883 -1 
-2.44215 -1 
1.56295 -1 
3.58595 -1 
3.42033 -1 
-3.02411 -1 
0.0255785 -1 
-0.809908 -1 
-0.852728 -1 
-0.66496 -1 
-1.04566 -1 
-0.988405 -1 
-0.916959 -1 
3.75157 -1 
1.43995 -1 
0.560525 -1 
-1.57723 -1 
3.02164 -1 
3.23222 -1 
3.91719 -1 
-3.57314 -1 
ZONE T="boundary4"
0.601859 0.215124 
0.591966 0.237843 
-0.438386 0.283144 
-0.42112 0.297491 
-0.308091 0.372089 
-0.287591 0.382934 
0.627289 0.146861 
0.634742 0.121772 
-0.619038 -0.0267216 
0.648506 0.00590236 
-0.615859 -0.00447034 
0.647437 0.0551732 
0.456908 0.403824 
0.478071 0.388192 
-0.486984 0.236499 
-0.501143 0.220951 
-0.548101 0.160472 
-0.537831 0.17522 
0.521894 0.347305 
0.642531 0.0884355 
0.638944 0.105196 
-0.611374 0.0176957 
-0.605579 0.0397256 
-0.598489 0.0615403 
0.533352 0.334107 
0.649038 0.0222527 
-0.583017 0.0990548 
-0.590138 0.083047 
-0.566542 0.130753 
-0.575145 0.114973 
-0.526563 0.190277 
0.327448 0.464084 
-0.514814 0.204954 
0.577858 0.266828 
-0.471329 0.252622 
-0.403405 0.311217 
-0.385265 0.32436 
-0.366598 0.337035 
-0.347578 0.349158 
-0.26682 0.393252 
-0.327987 0.36089 
-0.24533 0.403261 
-0.223594 0.412734 
-0.20105 0.4219 
-0.130708 0.446462 
-0.0807692 0.460406 
-0.0545854 0.466604 
-0.105837 0.453758 
-0.028225 0.472082 
-0.000578388 0.477011 
0.0272161 0.481123 
-0.154598 0.438783 
0.61114 0.192141 
0.648671 0.0386395 
-0.455133 0.268183 
0.561947 0.29451 
0.553333 0.307619 
0.509953 0.359811 
0.434938 0.417897 
0.40844 0.432426 
0.38157 0.444847 
0.354669 0.455288 
0.54419 0.320353 
0.497471 0.371712 
0.0564319 0.484524 
0.0857529 0.486973 
0.147216 0.488848 
0.178589 0.488004 
0.116466 0.488475 
0.27154 0.477394 
0.299571 0.471462 
0.241032 0.482321 
0.619553 0.169626 
0.645374 0.0717824 
-0.178274 0.430507 
0.209846 0.485858 
0.596995 0.22652 
-0.429815 0.290393 
-0.297876 0.377578 
0.631157 0.134358 
-0.617609 -0.0155737 
0.467622 0.396188 
-0.494123 0.22878 
-0.543029 0.16789 
0.640821 0.0968332 
-0.613777 0.00664453 
-0.602189 0.0506828 
0.648887 0.0140735 
-0.586659 0.0910873 
-0.570921 0.122905 
-0.532261 0.182797 
-0.579161 0.107054 
-0.520746 0.197662 
-0.479224 0.244626 
-0.394386 0.31786 
-0.35713 0.343164 
-0.277238 0.388158 
-0.337822 0.355091 
-0.212351 0.417387 
-0.067699 0.463594 
-0.0414246 0.469434 
0.0133032 0.479171 
-0.118297 0.450191 
-0.142678 0.442698 
-0.412319 0.304428 
-0.234492 0.408065 
-0.557589 0.145779 
0.570169 0.280824 
0.585123 0.252439 
0.557707 0.301109 
0.648964 0.0304483 
0.446037 0.411039 
0.421818 0.425398 
0.395107 0.438857 
0.538852 0.327295 
0.515997 0.353629 
0.503781 0.365834 
0.527701 0.340775 
-0.446827 0.275739 
-0.4633 0.260475 
0.0710821 0.48587 
0.162907 0.488584 
0.101103 0.487862 
0.285592 0.474597 
0.256317 0.480043 
0.548828 0.314034 
0.636916 0.113502 
0.606572 0.203663 
0.615423 0.180912 
-0.508043 0.213009 
0.646504 0.0634897 
0.644043 0.0801242 
-0.166462 0.43472 
0.48791 0.380116 
-0.0933253 0.457164 
0.623516 0.158275 
-0.375978 0.330767 
0.648159 0.0469139 
-0.256107 0.398324 
-0.318076 0.366555 
-0.189689 0.426274 
0.313558 0.467954 
0.34112 0.459874 
0.0418101 0.482941 
-0.0144201 0.474648 
0.22546 0.484269 
0.368198 0.450269 
-0.608635 0.0287518 
-0.594463 0.0723514 
0.194229 0.487099 
0.13184 0.488806 
ZONE T="boundary5"
-0.331156 -0.4766 
-0.548797 -0.307128 
-0.536528 -0.324895 
-0.618907 -0.115639 
-0.620834 -0.09348 
-0.621509 -0.0712585 
-0.611365 -0.159663 
-0.615748 -0.137685 
-0.619038 -0.0267216 
0.648506 0.00590236 
-0.59115 -0.224774 
-0.599035 -0.203221 
-0.560876 -0.28759 
-0.605782 -0.181522 
-0.256798 -0.492109 
-0.306767 -0.483467 
0.63712 -0.0572127 
-0.282087 -0.488622 
-0.205997 -0.493874 
-0.35358 -0.468654 
-0.231445 -0.493846 
-0.105467 -0.478213 
-0.180708 -0.492251 
0.615916 -0.10684 
0.602895 -0.127922 
-0.130366 -0.484323 
-0.155421 -0.489031 
-0.0805219 -0.470748 
-0.0557884 -0.462128 
-0.0308657 -0.45236 
-0.571995 -0.267275 
-0.480661 -0.388037 
-0.448355 -0.415246 
-0.464823 -0.402068 
-0.523642 -0.341753 
-0.510001 -0.357932 
-0.495672 -0.373361 
-0.375558 -0.459262 
-0.431389 -0.427465 
-0.413871 -0.438761 
0.644675 -0.0261661 
-0.394963 -0.449565 
-0.620916 -0.0489943 
-0.582051 -0.24637 
0.586689 -0.14937 
0.568797 -0.169021 
-0.0058556 -0.441644 
0.07069 -0.405491 
0.0448701 -0.417998 
0.0190542 -0.430271 
0.0975076 -0.392527 
0.124461 -0.379769 
0.153089 -0.366724 
0.181813 -0.35429 
0.212155 -0.341918 
0.24253 -0.330265 
0.396034 -0.274668 
0.368047 -0.285446 
0.337072 -0.296647 
0.449167 -0.251197 
0.423639 -0.263074 
0.474212 -0.238192 
0.547062 -0.189023 
0.625875 -0.0869833 
0.631929 -0.0723365 
0.64137 -0.0418038 
0.647054 -0.0102576 
0.274228 -0.318726 
0.499483 -0.223395 
0.523961 -0.207001 
0.305834 -0.3076 
-0.542771 -0.316088 
-0.621329 -0.082375 
-0.613705 -0.148704 
-0.595221 -0.214046 
-0.608717 -0.17063 
-0.31902 -0.480243 
-0.218724 -0.494072 
-0.193343 -0.493265 
0.609647 -0.117532 
-0.117882 -0.481433 
-0.142865 -0.486857 
-0.0432895 -0.457355 
-0.56657 -0.277507 
-0.456671 -0.408761 
-0.530185 -0.333402 
-0.502928 -0.365733 
-0.364642 -0.464132 
-0.439949 -0.421464 
-0.422702 -0.433227 
-0.385327 -0.45455 
-0.620137 -0.0378451 
-0.472828 -0.395152 
-0.244138 -0.493193 
-0.586731 -0.235628 
-0.602545 -0.192415 
-0.577156 -0.256888 
-0.621372 -0.060123 
0.577957 -0.159394 
-0.0183285 -0.44709 
-0.0929555 -0.47463 
0.0577838 -0.411755 
0.0319773 -0.424173 
-0.0681161 -0.466568 
0.11097 -0.386108 
0.138751 -0.373182 
0.167424 -0.360432 
0.196957 -0.348018 
0.227321 -0.336016 
0.595046 -0.138841 
0.382075 -0.280144 
0.352585 -0.291106 
0.436462 -0.257264 
0.461762 -0.244841 
-0.168044 -0.490835 
0.629014 -0.0797066 
0.639362 -0.0495411 
0.634641 -0.064815 
0.621106 -0.0970182 
0.645983 -0.0182299 
0.647897 -0.00218849 
-0.516918 -0.349925 
-0.620026 -0.104574 
-0.34243 -0.472806 
-0.404491 -0.444294 
-0.488254 -0.380791 
-0.294472 -0.486256 
-0.617479 -0.126685 
-0.269473 -0.490584 
-0.554964 -0.297439 
0.64314 -0.0340103 
0.084092 -0.398993 
0.409887 -0.268992 
0.258363 -0.324435 
0.486946 -0.230971 
0.00662311 -0.43602 
0.290028 -0.313136 
0.558147 -0.179265 
0.53568 -0.198236 
0.511853 -0.215402 
0.321463 -0.302138 
