ZONE T="boundary0"
-4 -0.143974 
-4 -0.278255 
-4 0.216337 
-4 0.513492 
-4 0.721995 
-4 0.380367 
-4 0.32965 
-4 -0.190337 
-4 -0.2367 
-4 0.860998 
-4 -0.619792 
-4 0.278932 
-4 0.173161 
-4 0.129985 
-4 0.44693 
-4 -0.319811 
-4 -0.394806 
-4 0.039369 
-4 -0.0512473 
-4 -0.469801 
-4 -0.544797 
-4 -0.809896 
-4 -1 
-4 1 
-4 0.617744 
-4 0.355009 
-4 -0.213518 
-4 0.247634 
-4 0.151573 
-4 0.413648 
-4 -0.299033 
-4 -0.0976104 
-4 -0.507299 
-4 -0.167155 
-4 -0.582294 
-4 -0.714844 
-4 -0.904948 
-4 0.791497 
-4 0.930499 
-4 0.669869 
-4 -0.257478 
-4 0.0846771 
-4 -0.00593915 
-4 -0.357308 
-4 0.194749 
-4 0.480211 
-4 0.304291 
-4 0.565618 
-4 -0.432304 
ZONE T="boundary1"
0.183091 1 
-1.5885 1 
1.23074 1 
0.851877 1 
-1.07427 1 
-1.20787 1 
0.11911 1 
0.0551297 1 
-0.0114749 1 
1.35022 1 
1.18303 1 
1.13532 1 
-0.940674 1 
1.74823 1 
1.88322 1 
-2.5654 1 
-2.89191 1 
-3.45279 1 
-2.23779 1 
3.76636 1 
3.53273 1 
3.06546 1 
3.29909 1 
-2.05723 1 
2.20857 1 
2.53391 1 
-0.508998 1 
0.374484 1 
0.309841 1 
0.505581 1 
0.439128 1 
0.572034 1 
-0.0780795 1 
0.246466 1 
-0.592332 1 
-0.145986 1 
-0.284295 1 
-0.213892 1 
-0.354698 1 
0.709557 1 
-0.870857 1 
-0.801039 1 
-0.675666 1 
-0.431848 1 
0.925497 1 
-1.35015 1 
0.780717 1 
1.06722 1 
-0.738352 1 
-1.46933 1 
1.54147 1 
1.4697 1 
-1.73258 1 
-1.87667 1 
1.61323 1 
4 1 
-3.82947 1 
-3.65894 1 
-4 1 
2.79969 1 
2.93257 1 
-3.06928 1 
-3.24665 1 
0.999117 1 
0.0871201 1 
1.29048 1 
1.15918 1 
1.81573 1 
-2.72866 1 
-2.4016 1 
3.64955 1 
2.0459 1 
2.37124 1 
0.342163 1 
0.472354 1 
0.538807 1 
-0.0447772 1 
0.0218274 1 
-0.550665 1 
0.406806 1 
0.278154 1 
0.151101 1 
0.214779 1 
-0.249093 1 
-0.319497 1 
0.640796 1 
-0.112033 1 
-0.179939 1 
-0.905766 1 
-1.00747 1 
-0.835948 1 
-1.14107 1 
-0.633999 1 
-0.470423 1 
0.888687 1 
-1.27901 1 
0.816297 1 
-0.707009 1 
-0.769696 1 
-1.52891 1 
1.50558 1 
-1.80462 1 
1.40996 1 
1.57735 1 
-2.14751 1 
1.68073 1 
-3.91473 1 
-1.96695 1 
2.86613 1 
3.41591 1 
2.99901 1 
-3.7442 1 
3.18227 1 
2.6668 1 
-1.66054 1 
3.88318 1 
-3.55587 1 
-3.34972 1 
-0.393273 1 
1.03317 1 
0.962307 1 
1.20689 1 
1.10127 1 
0.745137 1 
-1.40974 1 
-2.9806 1 
-3.15797 1 
ZONE T="boundary2"
4 -0.854149 
4 -0.708299 
4 0.256296 
4 0.216398 
4 0.176499 
4 -0.182421 
4 -0.127984 
4 -0.0340986 
4 0.0597868 
4 0.118143 
4 0.791711 
4 -1 
4 -0.427824 
4 -0.346716 
4 0.583421 
4 0.485053 
4 0.321491 
4 -0.291787 
4 -0.508932 
4 1 
4 -0.236858 
4 0.386685 
4 0.288893 
4 -0.608615 
4 -0.781224 
4 0.236347 
4 -0.155202 
4 0.0128441 
4 -0.927075 
4 0.196448 
4 0.0889649 
4 0.147321 
4 -0.0810413 
4 -0.38727 
4 0.534237 
4 -0.319252 
4 -0.468378 
4 0.895855 
4 0.687566 
4 -0.209639 
4 -0.264322 
4 0.354088 
4 0.435869 
4 0.305192 
4 -0.658457 
4 -0.558774 
4 0.272595 
ZONE T="boundary3"
-1.65152 -1 
1.38325 -1 
1.06336 -1 
1.73323 -1 
1.87658 -1 
1.28272 -1 
-0.291974 -1 
-0.189052 -1 
-0.0993517 -1 
0.0300382 -1 
0.160662 -1 
-1.38212 -1 
-0.700268 -1 
2.01993 -1 
0.692579 -1 
0.944549 -1 
2.36153 -1 
3.34858 -1 
3.67429 -1 
-2.84872 -1 
-2.98104 -1 
3.16736 -1 
-2.59855 -1 
-1.92471 -1 
-2.13654 -1 
-1.51682 -1 
-2.34838 -1 
3.83714 -1 
4 -1 
2.82999 -1 
2.98615 -1 
-3.32344 -1 
-3.11337 -1 
-0.376503 -1 
-0.580649 -1 
-0.461031 -1 
0.293644 -1 
0.426625 -1 
-4 -1 
-1.08868 -1 
-3.76675 -1 
0.818564 -1 
1.18218 -1 
1.46806 -1 
1.55286 -1 
-1.22261 -1 
-1.78811 -1 
2.51768 -1 
2.67384 -1 
0.559602 -1 
2.19073 -1 
-3.53351 -1 
-0.827507 -1 
-0.954747 -1 
1.8049 -1 
-0.240513 -1 
-0.144202 -1 
-0.0346568 -1 
1.94825 -1 
3.51143 -1 
-2.91488 -1 
3.25797 -1 
-2.03062 -1 
-1.44947 -1 
-2.47346 -1 
3.91857 -1 
2.90807 -1 
-3.2184 -1 
-2.24246 -1 
0.0953503 -1 
-0.52084 -1 
0.360134 -1 
-0.640458 -1 
-0.334238 -1 
-3.88338 -1 
1.00396 -1 
0.881556 -1 
1.12277 -1 
1.33299 -1 
1.51046 -1 
1.23245 -1 
-1.30237 -1 
-1.58417 -1 
-1.15565 -1 
1.64304 -1 
1.42566 -1 
-1.71982 -1 
2.43961 -1 
2.59576 -1 
2.75192 -1 
0.626091 -1 
0.755572 -1 
2.10533 -1 
2.27613 -1 
-2.72363 -1 
-1.85641 -1 
-3.0472 -1 
3.75572 -1 
3.07676 -1 
-3.42847 -1 
-0.763887 -1 
-0.418767 -1 
0.227153 -1 
-1.02171 -1 
0.493113 -1 
-0.891127 -1 
-3.65013 -1 
ZONE T="boundary4"
0.782578 0.375052 
0.778993 0.390186 
0.774373 0.404871 
-0.750556 0.090974 
-0.0781189 -0.012449 
0.780562 0.288763 
0.774689 0.269472 
0.786319 0.342685 
0.786143 0.32563 
-0.660544 0.412664 
-0.63994 0.441478 
-0.599604 0.48817 
-0.620558 0.465294 
-0.678796 0.383239 
-0.53402 0.545372 
-0.556821 0.527591 
-0.487951 0.575845 
-0.511394 0.561175 
-0.464215 0.589128 
-0.578507 0.508701 
-0.362354 0.631714 
-0.332371 0.640663 
-0.390135 0.622113 
-0.300102 0.648838 
-0.417508 0.611272 
-0.695554 0.351807 
0.0343802 -0.0416947 
-0.00131145 -0.033766 
0.144637 -0.0559411 
0.214624 -0.0562695 
0.169607 -0.0568538 
0.254102 -0.0533789 
0.331094 -0.0413049 
0.368832 -0.0322559 
0.768814 0.419047 
0.762676 0.432154 
0.45544 -0.00351543 
0.733747 0.195558 
0.746354 0.213705 
0.540789 0.0364424 
0.498496 0.0150986 
0.595647 0.0693071 
0.559397 0.0468848 
-0.0403448 -0.0235423 
0.633136 0.0958814 
0.652289 0.11108 
0.72002 0.178039 
0.704736 0.160545 
0.364312 0.650137 
0.294795 0.660469 
0.32963 0.655676 
-0.233007 0.661757 
0.642684 0.555993 
0.657162 0.546587 
0.453377 0.631563 
0.566924 0.594622 
0.424885 0.638282 
-0.16091 0.67072 
0.12813 0.674907 
0.0844709 0.676716 
0.0406509 0.677752 
-0.123544 0.673774 
-0.0835711 0.676044 
0.254877 0.665121 
-0.00145997 0.677984 
-0.198322 0.666623 
0.75734 0.231858 
0.755778 0.444847 
0.691785 0.52021 
0.785048 0.359428 
0.784263 0.307225 
-0.750834 0.124067 
0.708576 0.504819 
-0.748889 0.158789 
-0.745166 0.190329 
-0.729993 0.261855 
-0.719544 0.294869 
0.674688 0.534007 
0.688467 0.143701 
0.670816 0.127063 
0.766893 0.250509 
0.119954 -0.0541808 
0.724624 0.487878 
-0.70894 0.322351 
0.394684 0.644571 
0.536055 0.606615 
-0.740419 0.217898 
0.0710097 -0.0482198 
0.294167 -0.0481609 
-0.267629 0.655721 
-0.735642 0.239948 
-0.441101 0.600704 
0.481146 0.624175 
0.508654 0.615917 
0.597805 0.580691 
-0.0437194 0.677407 
0.171545 0.672339 
0.214805 0.668986 
0.412166 -0.0192861 
0.740945 0.467528 
0.612962 0.573011 
0.627854 0.564836 
0.780925 0.382655 
0.776812 0.397571 
0.777864 0.279049 
0.786418 0.334158 
-0.650488 0.427232 
-0.610255 0.476881 
-0.630427 0.45352 
-0.669914 0.398088 
-0.545545 0.536633 
-0.499766 0.568655 
-0.52281 0.553416 
-0.476163 0.582628 
-0.589203 0.498578 
-0.347406 0.636348 
-0.316274 0.644918 
-0.403882 0.61685 
0.016464 -0.0378986 
0.192107 -0.0569217 
0.157112 -0.0565068 
0.350024 -0.0370251 
0.765845 0.425649 
0.740189 0.204539 
0.519812 0.0254579 
-0.0209181 -0.0288144 
0.64279 0.103388 
0.712494 0.169194 
0.312227 0.658161 
0.346989 0.653006 
0.64997 0.551362 
0.439155 0.635019 
0.0625708 0.677332 
-0.103556 0.67503 
0.771712 0.412007 
0.274851 0.662899 
-0.215676 0.664326 
-0.0593054 -0.0180937 
0.751997 0.222693 
0.759319 0.438552 
0.783964 0.367266 
0.782635 0.297953 
-0.750957 0.10748 
0.700309 0.512655 
0.78586 0.351073 
-0.750147 0.141411 
-0.747258 0.174564 
-0.725051 0.278432 
0.550131 0.0416001 
0.666009 0.540414 
0.683339 0.527235 
0.696705 0.152027 
0.66164 0.118975 
0.771005 0.259906 
0.132281 -0.0551659 
-0.376294 0.627063 
0.379516 0.64744 
0.409806 0.641522 
0.551565 0.600807 
-0.742961 0.204127 
0.0526314 -0.0451591 
0.27417 -0.0510536 
-0.702475 0.337168 
0.614626 0.0822823 
-0.567796 0.51829 
-0.283892 0.652432 
-0.732931 0.250923 
-0.429362 0.606112 
0.494935 0.620161 
-0.179623 0.66881 
-0.142229 0.672368 
0.582466 0.587878 
-0.738136 0.228938 
-0.687442 0.367649 
-0.250338 0.658893 
-0.0225828 0.677802 
0.0196038 0.677964 
0.149849 0.673719 
0.193188 0.670764 
-0.0636406 0.676831 
0.106311 0.675907 
0.234854 0.667148 
0.3906 -0.0260886 
0.785423 0.316409 
0.727005 0.186706 
0.762297 0.241094 
0.679739 0.135284 
0.716757 0.496499 
0.733014 0.47789 
0.748651 0.456381 
-0.714439 0.308673 
0.620442 0.568987 
0.312675 -0.0449707 
0.605415 0.576911 
0.577692 0.0578388 
0.234378 -0.0551019 
-0.452719 0.595045 
0.477115 0.00547915 
0.433926 -0.0117145 
0.5224 0.611395 
0.467291 0.627972 
0.0953971 -0.0515947 
0.635311 0.560483 
ZONE T="boundary5"
-0.7497 0.0755186 
-0.750556 0.090974 
-0.728507 -0.0336355 
-0.732632 -0.0209465 
-0.722931 -0.048382 
-0.736317 -0.00789657 
-0.739421 0.00478789 
-0.588487 -0.140624 
-0.594584 -0.141842 
-0.583173 -0.139228 
-0.71666 -0.0624557 
-0.631015 -0.140752 
-0.0781189 -0.012449 
-0.0975322 -0.006446 
-0.623241 -0.142194 
-0.691659 -0.101739 
-0.647397 -0.135432 
-0.638851 -0.138605 
-0.578196 -0.137631 
-0.601132 -0.1427 
-0.560549 -0.129615 
-0.563609 -0.131277 
-0.566818 -0.132895 
-0.570195 -0.134461 
-0.573756 -0.135965 
-0.551447 -0.123961 
-0.554461 -0.125952 
-0.557435 -0.127801 
-0.548356 -0.121793 
-0.540138 -0.115402 
-0.535267 -0.111179 
-0.530277 -0.10652 
-0.517748 -0.0934189 
-0.493848 -0.064635 
-0.477811 -0.0451508 
-0.469462 -0.0356696 
-0.279598 0.0382984 
-0.268678 0.0372936 
-0.485692 -0.0545755 
-0.521184 -0.0971982 
-0.746691 0.045653 
-0.744623 0.0315773 
-0.748414 0.0604892 
-0.742151 0.0177313 
-0.136173 0.00568916 
-0.155497 0.0116416 
-0.608237 -0.14311 
-0.683133 -0.110982 
-0.615811 -0.142951 
-0.50973 -0.0841414 
-0.501584 -0.074238 
-0.323702 0.0383253 
-0.402117 0.0170042 
-0.421623 0.0058465 
-0.655996 -0.131303 
-0.366634 0.0307095 
-0.215642 0.0280503 
-0.45524 -0.0210111 
-0.439298 -0.00695874 
-0.301487 0.0391771 
-0.312569 0.038987 
-0.290509 0.038935 
-0.674195 -0.119054 
-0.205452 0.0256068 
-0.354592 0.033731 
-0.390472 0.0223637 
-0.542764 -0.117544 
-0.236633 0.0324761 
-0.247206 0.0343488 
-0.226122 0.0303698 
-0.195278 0.0230034 
-0.257826 0.0359573 
-0.175167 0.0174567 
-0.185227 0.0202911 
-0.513731 -0.0888437 
-0.11666 -0.000437138 
-0.700648 -0.0900311 
-0.339099 0.0365703 
-0.378595 0.0269373 
-0.708923 -0.0770442 
-0.545408 -0.119606 
-0.524638 -0.100861 
-0.665174 -0.125766 
-0.750186 0.0832334 
-0.730629 -0.0273265 
-0.72581 -0.0410716 
-0.737919 -0.00157915 
-0.591529 -0.141283 
-0.734531 -0.0144539 
-0.719893 -0.0554892 
-0.0878444 -0.00945933 
-0.580678 -0.138463 
-0.597852 -0.142329 
-0.562076 -0.130459 
-0.568503 -0.133694 
-0.571972 -0.135231 
-0.552951 -0.12497 
-0.55899 -0.128722 
-0.555945 -0.126889 
-0.56521 -0.1321 
-0.549898 -0.122891 
-0.537694 -0.113324 
-0.575971 -0.136825 
-0.585824 -0.139964 
-0.274131 0.0378396 
-0.47368 -0.0403864 
-0.481785 -0.0498548 
-0.749113 0.0679889 
-0.145842 0.00868943 
-0.740834 0.0112369 
-0.505659 -0.0792364 
-0.634947 -0.139764 
-0.412008 0.0117078 
-0.651729 -0.133474 
-0.447423 -0.0138095 
-0.307028 0.0391385 
-0.295992 0.0391076 
-0.210544 0.0268497 
-0.360629 0.0323096 
-0.532764 -0.108883 
-0.743439 0.0246326 
-0.430616 -0.000324026 
-0.396331 0.0197804 
-0.241916 0.0334442 
-0.220881 0.0292357 
-0.67874 -0.115139 
-0.25251 0.0351878 
-0.318133 0.0387173 
-0.165334 0.0145888 
-0.200364 0.024324 
-0.19025 0.0216629 
-0.126427 0.00263655 
-0.696268 -0.0960145 
-0.745708 0.0385961 
-0.331408 0.0375736 
-0.489796 -0.0596131 
-0.747608 0.0530534 
-0.384563 0.024747 
-0.372635 0.028917 
-0.285052 0.0386642 
-0.687481 -0.106474 
-0.180197 0.0188876 
-0.643147 -0.137122 
-0.107112 -0.00344268 
-0.231372 0.0314509 
-0.704903 -0.0836506 
-0.346861 0.0352892 
-0.263248 0.0366654 
-0.712914 -0.0698543 
-0.544084 -0.118585 
-0.541448 -0.116483 
-0.546879 -0.120712 
-0.527448 -0.103731 
-0.522908 -0.0990441 
-0.511729 -0.0865066 
-0.519464 -0.0953224 
-0.515737 -0.0911476 
-0.604679 -0.142973 
-0.612021 -0.143108 
-0.619527 -0.142648 
-0.627135 -0.141556 
-0.497729 -0.0694611 
-0.669745 -0.122532 
-0.660631 -0.12866 
-0.462484 -0.0282291 
