ZONE T="boundary0"
-4 -0.338972 
-4 -0.379317 
-4 0.218045 
-4 0.164348 
-4 0.291673 
-4 -0.146167 
-4 -0.203356 
-4 -0.250991 
-4 -0.0889788 
-4 0.361842 
-4 0.455077 
-4 0.661234 
-4 0.774156 
-4 -0.298626 
-4 -0.274809 
-4 0.122614 
-4 0.0808795 
-4 -0.00404967 
-4 -0.480562 
-4 -0.42994 
-4 0.548311 
-4 -0.559031 
-4 -0.637499 
-4 -0.81875 
-4 -1 
-4 1 
-4 -0.359144 
-4 0.191196 
-4 0.254859 
-4 -0.174761 
-4 -0.227173 
-4 -0.117573 
-4 0.40846 
-4 -0.286718 
-4 -0.2629 
-4 -0.0465143 
-4 -0.455251 
-4 0.0384149 
-4 0.326758 
-4 0.501694 
-4 -0.519797 
-4 -0.598265 
-4 -0.728124 
-4 -0.404628 
-4 -0.909375 
-4 0.717695 
-4 -0.318799 
-4 0.887078 
-4 0.604772 
-4 0.101747 
-4 0.143481 
ZONE T="boundary1"
1.51259 1 
3.85763 1 
3.71526 1 
-0.130975 1 
0.251228 1 
-0.461205 1 
-0.556922 1 
0.557035 1 
-0.948881 1 
-1.03399 1 
0.170916 1 
-0.722833 1 
-0.639878 1 
0.393172 1 
1.0362 1 
2.58174 1 
2.75824 1 
4 1 
3.27089 1 
-1.38416 1 
0.792931 1 
3.49307 1 
-3.4435 1 
3.10282 1 
1.81564 1 
-2.75363 1 
2.38726 1 
-3.258 1 
-3.00581 1 
0.0170273 1 
-0.0565493 1 
-0.2054 1 
0.090604 1 
0.475104 1 
-0.285444 1 
-0.365489 1 
-0.863771 1 
0.674983 1 
0.914564 1 
-3.1319 1 
-3.629 1 
-1.26187 1 
-1.50645 1 
-1.14793 1 
-1.75757 1 
-1.98032 1 
-2.20306 1 
-3.8145 1 
-4 1 
1.1519 1 
1.26761 1 
-2.47834 1 
2.19278 1 
2.93475 1 
1.3901 1 
2.00421 1 
3.78645 1 
-0.509063 1 
-0.991437 1 
-0.681355 1 
2.66999 1 
3.60417 1 
3.18685 1 
2.4845 1 
-3.35075 1 
-0.0937619 1 
-0.019761 1 
0.3222 1 
0.13076 1 
0.434138 1 
-0.325467 1 
0.516069 1 
-0.793302 1 
-0.906326 1 
-0.5984 1 
0.616009 1 
0.853747 1 
-3.19495 1 
-1.4453 1 
-1.2049 1 
-1.32302 1 
-1.63201 1 
-1.86894 1 
-3.90725 1 
1.09405 1 
-2.09169 1 
-2.3407 1 
2.8465 1 
1.45134 1 
1.66411 1 
1.90993 1 
-2.61598 1 
3.01878 1 
-3.06886 1 
-2.87972 1 
3.92882 1 
2.0985 1 
-0.245422 1 
0.0538157 1 
0.211072 1 
-0.413347 1 
-0.168187 1 
-1.09096 1 
0.733957 1 
0.975381 1 
1.32886 1 
3.38198 1 
-3.72175 1 
1.20976 1 
2.29002 1 
-3.53625 1 
ZONE T="boundary2"
4 -0.446538 
4 -0.34616 
4 -0.276657 
4 -0.204571 
4 0.308274 
4 0.24232 
4 -0.112589 
4 -0.601212 
4 -0.700909 
4 0.0195218 
4 0.144934 
4 -0.523875 
4 1 
4 0.780596 
4 -0.15858 
4 0.193627 
4 -0.800606 
4 0.46771 
4 0.561193 
4 -1 
4 0.374227 
4 0.670895 
4 -0.311409 
4 -0.240614 
4 0.275297 
4 -0.651061 
4 0.0822279 
4 -0.562544 
4 0.890298 
4 -0.135585 
4 -0.485207 
4 -0.0465336 
4 0.217974 
4 -0.396349 
4 0.169281 
4 0.514451 
4 -0.900303 
4 -0.181576 
4 0.34125 
4 0.420968 
4 0.616044 
4 0.725745 
4 -0.750758 
ZONE T="boundary3"
1.80994 -1 
-1.06479 -1 
-0.994479 -1 
0.126154 -1 
0.230159 -1 
-0.686871 -1 
0.448265 -1 
-0.166178 -1 
-1.13511 -1 
-2.56209 -1 
-2.70141 -1 
-3.05099 -1 
-2.30983 -1 
-2.19687 -1 
3.82018 -1 
1.97482 -1 
-1.81221 -1 
-3.22578 -1 
-1.97097 -1 
3.28071 -1 
2.60053 -1 
2.1397 -1 
2.44692 -1 
3.64035 -1 
0.291493 -1 
0.352826 -1 
-0.336435 -1 
-0.279683 -1 
-0.0037663 -1 
0.0611937 -1 
-0.0849722 -1 
0.543704 -1 
0.655989 -1 
0.768273 -1 
0.949127 -1 
0.8587 -1 
-4 -1 
-3.70029 -1 
1.09888 -1 
-0.587706 -1 
-0.22293 -1 
1.24864 -1 
1.17376 -1 
1.02401 -1 
-0.490446 -1 
-0.393187 -1 
-3.55043 -1 
-3.40058 -1 
-0.890258 -1 
-0.786037 -1 
-1.26376 -1 
-1.52293 -1 
-1.39241 -1 
-1.65344 -1 
1.53222 -1 
1.67108 -1 
1.39043 -1 
3.01742 -1 
4 -1 
2.75414 -1 
-2.42278 -1 
-1.02964 -1 
0.178156 -1 
-1.09995 -1 
-2.8762 -1 
-2.25335 -1 
-3.13839 -1 
2.29331 -1 
3.46053 -1 
0.322159 -1 
0.260826 -1 
-0.308059 -1 
0.0287137 -1 
-0.0443692 -1 
0.400546 -1 
0.599846 -1 
0.712131 -1 
0.903914 -1 
-3.85014 -1 
0.495984 -1 
-0.194554 -1 
-0.125575 -1 
0.813487 -1 
1.2112 -1 
1.06144 -1 
-0.637289 -1 
-0.539076 -1 
-0.441817 -1 
-3.47551 -1 
-0.838148 -1 
-0.942369 -1 
-1.19943 -1 
-1.32809 -1 
-1.58819 -1 
-3.62536 -1 
1.60165 -1 
-3.31318 -1 
3.14906 -1 
2.05726 -1 
-1.73282 -1 
-1.89159 -1 
-2.08392 -1 
3.91009 -1 
3.73026 -1 
2.88578 -1 
1.89238 -1 
0.0936736 -1 
-0.251306 -1 
-0.364811 -1 
1.46132 -1 
1.31953 -1 
1.13632 -1 
0.986567 -1 
-2.3663 -1 
1.74051 -1 
2.67733 -1 
-1.45767 -1 
2.52372 -1 
-0.736454 -1 
-2.63175 -1 
-2.49243 -1 
ZONE T="boundary4"
-0.170451 0.527992 
-0.144632 0.529873 
-0.59709 0.185492 
-0.466392 0.388445 
-0.482378 0.37254 
-0.220314 0.520157 
-0.195428 0.52476 
-0.614925 0.112958 
-0.617698 0.0255502 
-0.618968 0.0470593 
-0.577405 0.234402 
-0.3132 0.490353 
-0.591222 0.201735 
-0.584778 0.21776 
-0.512216 0.338809 
-0.525991 0.321043 
-0.617594 0.0908321 
-0.618939 0.0688327 
0.644866 -0.0378327 
0.643376 -0.0208277 
-0.602432 0.168742 
0.637204 0.0125659 
-0.56019 0.268186 
-0.569463 0.250771 
0.640836 -0.004058 
-0.550218 0.285206 
-0.290784 0.499437 
-0.268013 0.507404 
-0.449656 0.403739 
-0.432298 0.4183 
-0.39538 0.445423 
-0.375781 0.457936 
-0.355674 0.46955 
-0.334655 0.480453 
-0.414123 0.432266 
-0.244284 0.514402 
-0.0391269 0.521792 
-0.012632 0.515591 
0.547467 0.153931 
0.566927 0.13534 
-0.118882 0.530265 
-0.538504 0.303376 
0.429616 0.236687 
0.452138 0.222395 
-0.497681 0.355967 
0.30994 0.31705 
0.285522 0.335062 
0.0672466 0.4859 
0.261255 0.353512 
0.537237 0.16272 
0.334555 0.299537 
0.474501 0.208027 
0.50104 0.190162 
0.040903 0.497567 
0.0138891 0.507599 
0.0934611 0.472432 
0.119049 0.457534 
0.214269 0.389952 
0.191299 0.407513 
0.167938 0.424753 
0.144203 0.441313 
0.237149 0.372185 
0.583446 0.116948 
0.626652 0.045003 
0.632477 0.0289385 
0.619702 0.0607838 
0.609762 0.0794704 
0.598449 0.097201 
-0.610946 0.135115 
-0.0923627 0.529097 
-0.0660914 0.526334 
0.357987 0.283437 
0.381519 0.267738 
0.405566 0.252071 
0.526742 0.17119 
-0.157555 0.529117 
-0.474469 0.380577 
-0.207902 0.522626 
-0.618495 0.0362952 
-0.588069 0.209774 
-0.5192 0.330001 
-0.61843 0.0798424 
0.644253 -0.0293187 
-0.599844 0.177144 
-0.581164 0.226113 
-0.564914 0.259525 
-0.555291 0.276747 
-0.279447 0.503559 
-0.441054 0.411111 
-0.458105 0.39618 
-0.38565 0.451788 
-0.345227 0.475122 
-0.323985 0.485527 
-0.423286 0.425381 
-0.256193 0.511054 
-0.182961 0.526546 
-0.616421 0.101914 
-0.0258308 0.518899 
0.55737 0.144816 
-0.13176 0.530255 
-0.232336 0.517434 
-0.544461 0.294356 
-0.619117 0.0579463 
0.440878 0.229542 
-0.365792 0.463855 
-0.404823 0.438946 
-0.490118 0.364335 
0.297694 0.326006 
0.27336 0.34425 
0.64224 -0.0124226 
0.542388 0.158367 
0.46334 0.215243 
0.487843 0.199203 
0.0541615 0.49193 
0.0274751 0.502796 
0.106347 0.465141 
-0.532342 0.312277 
0.202811 0.398767 
0.179665 0.416197 
0.156135 0.433126 
0.249189 0.362832 
0.575366 0.126305 
0.629699 0.0370195 
0.623309 0.0529517 
0.634977 0.0207915 
0.639156 0.00428371 
0.604277 0.0884451 
-0.50504 0.347466 
-0.613093 0.124065 
-0.302047 0.49503 
-0.105614 0.529882 
-0.607037 0.152017 
-0.079206 0.527915 
0.322209 0.30824 
0.346241 0.291443 
0.0804476 0.479349 
0.369728 0.275552 
0.417578 0.244359 
0.000690969 0.511803 
-0.052573 0.524276 
0.225716 0.381077 
0.393524 0.259875 
0.51402 0.18085 
-0.573506 0.242622 
0.614921 0.0702274 
-0.59423 0.193642 
0.591159 0.107235 
0.532021 0.166993 
0.13171 0.449555 
ZONE T="boundary5"
-0.0776362 -0.434667 
-0.102626 -0.427914 
-0.243135 -0.378745 
-0.220658 -0.387931 
-0.540267 -0.16721 
-0.552921 -0.149817 
-0.441122 -0.266336 
-0.617698 0.0255502 
0.580339 -0.273279 
-0.611375 -0.0164137 
-0.606385 -0.0368101 
-0.564464 -0.132142 
0.553466 -0.312697 
-0.264628 -0.369449 
-0.285928 -0.35971 
-0.325478 -0.340084 
-0.305805 -0.350112 
-0.394593 -0.299722 
-0.584499 -0.0953772 
-0.343566 -0.330353 
-0.361434 -0.320204 
-0.12695 -0.42077 
-0.151101 -0.41312 
-0.197997 -0.396662 
-0.378138 -0.310176 
-0.484659 -0.228571 
-0.499071 -0.214398 
0.640961 -0.106187 
-0.526959 -0.183792 
0.633855 -0.140257 
0.637772 -0.123317 
-0.512985 -0.199726 
-0.410432 -0.289046 
-0.455918 -0.254285 
-0.425966 -0.277912 
-0.470481 -0.241651 
0.57199 -0.286826 
0.644866 -0.0378327 
-0.052482 -0.440861 
-0.026552 -0.446607 
0.601756 -0.231321 
-0.600221 -0.0567783 
-0.574998 -0.114004 
0.610495 -0.210804 
0.139516 -0.467128 
0.110086 -0.46566 
0.0265182 -0.456298 
-0.000469393 -0.451721 
0.081811 -0.463331 
0.22971 -0.465003 
0.260849 -0.461685 
0.199074 -0.466912 
0.168999 -0.467574 
0.627229 -0.163885 
0.325496 -0.449776 
0.292814 -0.456702 
0.420939 -0.416356 
0.38976 -0.429773 
0.448538 -0.401946 
0.543323 -0.324945 
0.521677 -0.347673 
0.499101 -0.367535 
0.475199 -0.385288 
0.358094 -0.440787 
0.563025 -0.299984 
0.588229 -0.25912 
0.643317 -0.0890705 
0.644786 -0.0719974 
0.61848 -0.189974 
-0.174636 -0.405128 
0.64532 -0.0549146 
-0.615157 0.00438581 
0.053642 -0.460149 
-0.592918 -0.0762953 
-0.0901497 -0.43136 
-0.23192 -0.383395 
-0.546701 -0.158592 
-0.609032 -0.0266492 
-0.253905 -0.374151 
-0.31567 -0.345153 
-0.295892 -0.354963 
-0.35253 -0.325332 
-0.139046 -0.417008 
-0.209349 -0.392353 
-0.491924 -0.221545 
-0.533707 -0.175577 
0.6359 -0.131807 
-0.506095 -0.207125 
-0.433588 -0.272183 
-0.520055 -0.191832 
-0.41824 -0.283537 
-0.463249 -0.248024 
-0.0395343 -0.443812 
-0.369817 -0.315241 
-0.114807 -0.424406 
-0.569852 -0.123143 
-0.3864 -0.305003 
-0.40255 -0.294439 
-0.579878 -0.104756 
0.606221 -0.221104 
0.124795 -0.466518 
0.0130093 -0.454099 
0.0959393 -0.464605 
-0.47762 -0.235165 
-0.0135266 -0.449245 
0.245299 -0.463523 
0.18404 -0.467388 
0.214402 -0.466118 
-0.0650768 -0.437836 
0.309205 -0.453473 
-0.334549 -0.335269 
0.405476 -0.423357 
0.434873 -0.409407 
0.53276 -0.336557 
0.630692 -0.152113 
0.487329 -0.376652 
-0.558806 -0.141054 
0.374021 -0.43555 
0.548466 -0.31888 
0.55832 -0.306397 
0.644164 -0.0805437 
0.576241 -0.280099 
0.584359 -0.266242 
0.623015 -0.176983 
0.642244 -0.0976435 
-0.186338 -0.400954 
0.567584 -0.293457 
-0.448567 -0.260368 
0.614582 -0.200426 
-0.275304 -0.364635 
0.639463 -0.11477 
0.645173 -0.0634598 
0.64522 -0.0463703 
-0.613423 -0.00604243 
-0.162889 -0.409184 
0.59522 -0.245331 
0.154255 -0.467482 
0.0400669 -0.458317 
0.462036 -0.393885 
0.0677147 -0.461844 
0.341866 -0.445539 
-0.616587 0.0149489 
-0.60345 -0.0468398 
-0.588844 -0.0858961 
-0.596711 -0.0665898 
0.5106 -0.357844 
0.276864 -0.459398 
