ZONE T="boundary0"
-4 -0.652101 
-4 -0.345051 
-4 0.164113 
-4 0.812996 
-4 0.625992 
-4 0.430698 
-4 -0.0521532 
-4 -0.115147 
-4 1 
-4 -0.416068 
-4 -0.536134 
-4 0.225955 
-4 -0.274034 
-4 -1 
-4 -0.768067 
-4 0.0874769 
-4 0.0108405 
-4 0.287797 
-4 0.359248 
-4 0.528345 
-4 0.479522 
-4 -0.154869 
-4 -0.19459 
-4 0.719494 
-4 -0.0836501 
-4 -0.476101 
-4 0.195034 
-4 -0.380559 
-4 -0.884034 
-4 0.0491587 
-4 0.125795 
-4 0.256876 
-4 0.45511 
-4 -0.594117 
-4 -0.135008 
-4 0.906498 
-4 0.577169 
-4 -0.710084 
-4 0.394973 
-4 0.323522 
-4 0.503933 
-4 -0.174729 
-4 -0.234312 
-4 -0.0206564 
-4 -0.309542 
ZONE T="boundary1"
-1.59971 1 
3.52827 1 
-0.848783 1 
0.165211 1 
-0.140044 1 
-0.0900724 1 
-0.0401003 1 
0.843162 1 
0.741764 1 
-1.104 1 
-1.00342 1 
-1.45244 1 
-1.3788 1 
0.640367 1 
-0.926104 1 
-3.44987 1 
-3.72493 1 
-4 1 
3.75 1 
3.01466 1 
4 1 
3.27146 1 
1.85549 1 
2.03125 1 
2.61089 1 
-3.24069 1 
2.20701 1 
-3.03152 1 
-2.85071 1 
-2.27365 1 
-2.47178 1 
-0.38102 1 
-0.47246 1 
0.525745 1 
-0.28958 1 
-1.20458 1 
-1.30516 1 
0.237179 1 
0.324151 1 
-0.3353 1 
0.0265712 1 
0.0932428 1 
0.411122 1 
-0.686599 1 
-0.57953 1 
-0.767691 1 
1.11334 1 
0.978251 1 
1.30242 1 
1.20788 1 
1.42647 1 
1.62677 1 
-2.08136 1 
1.70301 1 
-2.66991 1 
2.81277 1 
-1.88907 1 
2.40895 1 
-1.74439 1 
-0.214812 1 
1.55053 1 
-0.115058 1 
0.792463 1 
-1.05371 1 
-1.41562 1 
0.691066 1 
-0.964764 1 
-3.86247 1 
3.63913 1 
3.875 1 
1.94337 1 
-3.1361 1 
-2.94112 1 
-2.37271 1 
-0.42674 1 
0.583056 1 
-0.0650864 1 
-1.25487 1 
0.280665 1 
-0.35816 1 
0.129227 1 
0.468433 1 
0.367637 1 
-0.633065 1 
-0.525995 1 
-0.808237 1 
-0.727145 1 
-1.52608 1 
-1.34198 1 
-3.5874 1 
1.25515 1 
1.36445 1 
1.77925 1 
-2.57085 1 
2.91371 1 
3.14306 1 
-3.34528 1 
2.50992 1 
2.30798 1 
-1.67205 1 
2.11913 1 
-0.00676455 1 
-0.177428 1 
-0.252196 1 
0.201195 1 
-0.31244 1 
0.059907 1 
-1.15429 1 
2.71183 1 
-0.887444 1 
0.910706 1 
1.16061 1 
1.0458 1 
-1.81673 1 
-1.98521 1 
-2.1775 1 
1.58865 1 
1.4885 1 
1.66489 1 
-2.76031 1 
3.39987 1 
ZONE T="boundary2"
4 -0.324377 
4 -0.730316 
4 0.237246 
4 0.262915 
4 -0.505688 
4 0.737602 
4 1 
4 0.211577 
4 0.0934829 
4 0.160239 
4 0.0267265 
4 -0.0403558 
4 -0.107438 
4 -0.271417 
4 -0.218457 
4 -0.415033 
4 -1 
4 0.606403 
4 0.475204 
4 0.185908 
4 0.36906 
4 0.315987 
4 0.422132 
4 -0.162948 
4 0.25008 
4 0.868801 
4 0.224411 
4 0.126861 
4 0.0601047 
4 -0.0738969 
4 -0.244937 
4 -0.460361 
4 -0.00681461 
4 -0.618002 
4 0.198743 
4 0.342523 
4 0.289451 
4 0.173074 
4 0.395596 
4 -0.369705 
4 -0.297897 
4 -0.190702 
4 -0.135193 
4 0.448668 
4 0.672003 
4 0.540804 
4 -0.865158 
ZONE T="boundary3"
-0.735322 -1 
-0.996662 -1 
-1.09175 -1 
-0.813614 -1 
0.976365 -1 
0.105054 -1 
0.240305 -1 
-1.28976 -1 
-0.636069 -1 
-0.536816 -1 
0.368265 -1 
0.301192 -1 
0.435337 -1 
0.536424 -1 
0.63751 -1 
1.2567 -1 
1.16974 -1 
1.56881 -1 
1.71583 -1 
-3.50546 -1 
-3.12694 -1 
3.2476 -1 
2.04781 -1 
2.24164 -1 
-1.93681 -1 
3.72136 -1 
3.48448 -1 
-2.91326 -1 
-2.73094 -1 
3.04492 -1 
3.14626 -1 
-2.24272 -1 
-2.54863 -1 
-0.110618 -1 
-0.0399641 -1 
0.179417 -1 
-0.178902 -1 
-0.247186 -1 
-0.312749 -1 
0.0306901 -1 
-0.891906 -1 
-0.457564 -1 
-0.378313 -1 
-4 -1 
-1.39267 -1 
-1.49932 -1 
4 -1 
1.42179 -1 
-1.18684 -1 
0.753733 -1 
0.869956 -1 
1.08277 -1 
-3.75273 -1 
-1.77139 -1 
-1.60598 -1 
1.88182 -1 
2.43548 -1 
2.63887 -1 
2.84225 -1 
-1.04421 -1 
-0.774468 -1 
-0.586442 -1 
0.586967 -1 
1.21322 -1 
-3.3162 -1 
2.14472 -1 
3.60292 -1 
-2.8221 -1 
3.09559 -1 
-2.39567 -1 
-3.0201 -1 
-0.0752912 -1 
0.270749 -1 
0.334729 -1 
0.209861 -1 
0.401801 -1 
-0.14476 -1 
-0.213044 -1 
-0.279967 -1 
0.142235 -1 
0.0678719 -1 
-0.944284 -1 
-0.417939 -1 
-0.49719 -1 
0.485881 -1 
-0.85276 -1 
-1.44599 -1 
3.86068 -1 
1.33924 -1 
1.64232 -1 
1.4953 -1 
-1.2383 -1 
-1.34121 -1 
0.811845 -1 
1.02957 -1 
0.695622 -1 
0.923161 -1 
-3.62909 -1 
-1.68868 -1 
1.96481 -1 
-1.55265 -1 
1.79883 -1 
-1.8541 -1 
-2.08977 -1 
2.53717 -1 
-3.87636 -1 
2.33856 -1 
2.74056 -1 
3.36604 -1 
-0.345531 -1 
-0.00463702 -1 
-0.685696 -1 
2.94359 -1 
3.19693 -1 
-1.1393 -1 
1.12626 -1 
-2.63978 -1 
ZONE T="boundary4"
-0.620437 -0.0250382 
0.64639 0.0670994 
0.644382 0.0816822 
-0.61725 -0.00166257 
-0.612547 0.0216163 
0.478429 0.381484 
0.46453 0.39172 
-0.395798 0.312443 
-0.415801 0.297934 
-0.14701 0.432814 
0.603529 0.212527 
0.615297 0.183905 
0.504702 0.359257 
0.590201 0.24155 
0.575371 0.269746 
0.517 0.347306 
0.341282 0.451607 
0.373412 0.440245 
-0.552703 0.155876 
-0.606318 0.0447409 
-0.598574 0.0676223 
-0.581423 0.106904 
-0.589347 0.0901596 
-0.563381 0.139297 
-0.572811 0.123187 
0.558631 0.296576 
0.549013 0.310031 
-0.519707 0.199479 
-0.505544 0.215728 
-0.454146 0.266655 
-0.472835 0.249433 
-0.490844 0.23147 
-0.541399 0.171924 
0.49188 0.370617 
-0.37532 0.326246 
-0.354348 0.339423 
-0.333 0.351955 
-0.243255 0.396627 
-0.219715 0.406506 
-0.195926 0.415795 
-0.171581 0.424608 
-0.311137 0.363961 
-0.0964988 0.447581 
-0.0705042 0.454101 
-0.121859 0.440516 
0.00963306 0.46966 
0.0375248 0.473459 
-0.0443253 0.459938 
-0.435276 0.282676 
-0.266244 0.386289 
0.567232 0.28339 
-0.288961 0.37536 
0.647699 0.0094562 
0.648434 0.0380909 
0.64775 0.0525571 
0.638561 0.11088 
0.45032 0.401259 
0.40501 0.426486 
0.435726 0.410189 
0.538798 0.323053 
0.528167 0.335422 
0.0945155 0.47856 
0.123563 0.479736 
0.0655365 0.476419 
0.308983 0.460736 
0.153673 0.479891 
0.183774 0.478909 
0.21437 0.476672 
0.625957 0.154511 
0.634842 0.125417 
0.648423 0.0237594 
-0.0174244 0.465174 
0.245431 0.473032 
0.276903 0.467811 
0.645463 0.0744012 
-0.615084 0.0100139 
0.471536 0.386679 
-0.405864 0.305278 
0.609552 0.198273 
0.583014 0.255769 
0.357443 0.446197 
-0.609617 0.0332276 
-0.58548 0.0985765 
-0.568181 0.131292 
-0.558131 0.147644 
-0.577205 0.115093 
0.553896 0.303357 
-0.512698 0.207666 
0.51092 0.353353 
-0.463578 0.258139 
-0.481925 0.240539 
-0.547131 0.163957 
0.498355 0.36501 
-0.385616 0.31943 
-0.530777 0.185879 
-0.343719 0.345767 
-0.364885 0.332917 
-0.231516 0.401641 
-0.183782 0.420278 
-0.32211 0.358034 
-0.61903 -0.0133256 
-0.20785 0.411224 
-0.159322 0.428788 
-0.0835235 0.450926 
0.0235644 0.471663 
-0.425611 0.290399 
-0.498259 0.22366 
-0.13446 0.436745 
0.571368 0.276608 
-0.277638 0.380899 
-0.444791 0.274761 
0.648177 0.0453277 
0.562999 0.290027 
-0.254782 0.391531 
0.641749 0.0963353 
0.457476 0.396565 
0.389338 0.433658 
0.597025 0.227112 
0.420532 0.418646 
0.44307 0.4058 
0.543978 0.316599 
0.522649 0.341426 
0.533551 0.329297 
0.109034 0.479271 
0.0515189 0.475046 
0.325203 0.456419 
0.199084 0.477951 
0.648516 0.0309249 
0.647152 0.0598355 
0.485216 0.376127 
-0.109202 0.444129 
0.636761 0.118164 
0.648152 0.0166028 
-0.300087 0.369735 
-0.0308935 0.462648 
-0.00391201 0.467512 
0.138617 0.479952 
0.168728 0.479546 
-0.0574347 0.457107 
0.080017 0.477608 
0.229922 0.475029 
0.2612 0.470618 
0.292992 0.464496 
-0.602626 0.056242 
-0.594134 0.0789618 
0.620797 0.16927 
0.630607 0.140027 
ZONE T="boundary5"
-0.620437 -0.0250382 
-0.601892 -0.187871 
-0.516322 -0.341558 
0.481468 -0.227779 
0.502031 -0.214633 
-0.621078 -0.0952224 
-0.62233 -0.0718633 
0.637563 -0.0458924 
0.63321 -0.0592227 
-0.622124 -0.0484514 
-0.608775 -0.164859 
-0.614282 -0.141737 
-0.584164 -0.233435 
-0.593679 -0.210721 
0.612495 -0.103577 
0.598946 -0.12447 
-0.618387 -0.118534 
-0.225026 -0.499347 
-0.252818 -0.495527 
-0.502472 -0.357278 
-0.197451 -0.501289 
-0.335036 -0.472619 
-0.307964 -0.482163 
-0.169919 -0.501438 
-0.142773 -0.499869 
-0.0892809 -0.491922 
-0.0630244 -0.485739 
-0.115821 -0.496659 
-0.0114876 -0.469498 
-0.547678 -0.299762 
-0.487957 -0.372343 
-0.57326 -0.256138 
-0.561152 -0.278198 
-0.280437 -0.48982 
-0.361594 -0.461198 
-0.532718 -0.320933 
-0.471183 -0.388191 
-0.412147 -0.433235 
-0.434166 -0.418179 
-0.453679 -0.403161 
0.628177 -0.0722096 
0.620828 -0.0882163 
0.52207 -0.200581 
-0.0371178 -0.47823 
0.0138948 -0.459669 
0.0391893 -0.448828 
0.460191 -0.24036 
0.192907 -0.371124 
0.166355 -0.384928 
0.0896284 -0.424747 
0.0643092 -0.437183 
0.140617 -0.398426 
0.114865 -0.41186 
0.219541 -0.357551 
0.246929 -0.343968 
0.274366 -0.33076 
0.302525 -0.317556 
0.412933 -0.265615 
0.330597 -0.304607 
0.386949 -0.278354 
0.438536 -0.252331 
0.646251 -0.00468631 
0.647699 0.0094562 
0.64408 -0.0186228 
0.563979 -0.165132 
0.582271 -0.145663 
0.3589 -0.291556 
-0.387298 -0.448059 
0.543577 -0.183647 
0.491811 -0.221306 
-0.621885 -0.0835534 
0.635477 -0.0525876 
-0.622411 -0.0601565 
-0.611696 -0.153339 
-0.589064 -0.222139 
0.605956 -0.114179 
-0.616507 -0.130167 
-0.61991 -0.1069 
-0.238955 -0.497669 
-0.509484 -0.349496 
-0.211256 -0.500544 
-0.321579 -0.47762 
-0.156336 -0.500864 
-0.0761158 -0.489005 
-0.102522 -0.494479 
-0.495298 -0.364892 
-0.57886 -0.244859 
-0.348409 -0.467132 
-0.524665 -0.331363 
-0.423266 -0.42587 
-0.444022 -0.410802 
-0.479667 -0.380371 
0.624637 -0.0802759 
-0.462523 -0.395786 
-0.621466 -0.0367322 
-0.597936 -0.199351 
-0.0242596 -0.474006 
0.0265819 -0.454352 
0.00124638 -0.464707 
0.179623 -0.378005 
0.0769963 -0.431027 
-0.605494 -0.176414 
0.153485 -0.391674 
0.233219 -0.350717 
0.206212 -0.364303 
0.288437 -0.324124 
0.316559 -0.311067 
0.399974 -0.272046 
0.425779 -0.259055 
0.470878 -0.234154 
0.512132 -0.207727 
0.449403 -0.246418 
0.647067 0.00237518 
0.616787 -0.0959659 
0.641188 -0.032347 
0.645257 -0.0116694 
0.630781 -0.0657505 
-0.567359 -0.267253 
-0.554567 -0.289076 
-0.266676 -0.492906 
-0.294265 -0.486225 
-0.129276 -0.498465 
-0.399841 -0.44085 
-0.183689 -0.501585 
-0.0500312 -0.482143 
0.0517827 -0.443088 
0.102265 -0.418342 
0.372948 -0.284996 
-0.374552 -0.454841 
0.12775 -0.40516 
0.260635 -0.337323 
0.344759 -0.298092 
0.59085 -0.135261 
0.573325 -0.15559 
0.55395 -0.174586 
0.532956 -0.192289 
-0.540347 -0.310454 
