ZONE T="boundary0"
-4 -0.56867 
-4 -0.265286 
-4 -0.324756 
-4 0.111425 
-4 0.177781 
-4 0.345436 
-4 0.314402 
-4 0.283369 
-4 0.545326 
-4 0.376469 
-4 0.215058 
-4 -0.205815 
-4 0.886332 
-4 0.460898 
-4 -0.784335 
-4 0.0638428 
-4 0.0162603 
-4 0.252336 
-4 -0.0936658 
-4 0.658995 
-4 0.772663 
-4 -0.369652 
-4 -0.491609 
-4 -0.149741 
-4 -1 
-4 1 
-4 -0.414548 
-4 -0.295021 
-4 0.144603 
-4 0.329919 
-4 0.298886 
-4 0.503112 
-4 0.0400515 
-4 0.196419 
-4 0.267853 
-4 0.418683 
-4 -0.0387028 
-4 0.715829 
-4 0.60216 
-4 -0.530139 
-4 -0.676502 
-4 0.829497 
-4 -0.121703 
-4 -0.892167 
-4 0.943166 
-4 0.233697 
-4 0.360952 
-4 -0.235551 
-4 -0.347204 
-4 -0.177778 
-4 -0.3921 
-4 -0.453078 
-4 0.087634 
ZONE T="boundary1"
0.894383 1 
0.776543 1 
1.72783 1 
1.58954 1 
3.51454 1 
1.45126 1 
1.33849 1 
0.103073 1 
-3.82014 1 
-0.460632 1 
-0.576246 1 
-0.721968 1 
0.0307732 1 
-0.0415271 1 
1.01222 1 
-0.818855 1 
-0.915742 1 
-3.64028 1 
-2.0066 1 
-2.15505 1 
1.22573 1 
-2.49803 1 
-2.84102 1 
-1.7047 1 
-3.04587 1 
-3.25073 1 
3.02802 1 
2.07102 1 
2.27652 1 
2.48203 1 
-0.402825 1 
0.330411 1 
0.241193 1 
-0.115648 1 
0.433088 1 
0.535766 1 
-0.189768 1 
-0.267393 1 
-0.228581 1 
0.656155 1 
-0.345019 1 
-0.306206 1 
-1.0329 1 
-4 1 
-1.15006 1 
-1.33487 1 
-1.24247 1 
-1.55124 1 
-1.44306 1 
1.11897 1 
-1.85816 1 
1.89942 1 
4 1 
3.75727 1 
3.27128 1 
2.75503 1 
0.835463 1 
1.65869 1 
-0.518439 1 
-0.00537697 1 
-0.770411 1 
-2.08082 1 
1.28211 1 
-2.66953 1 
-3.1483 1 
-3.4455 1 
-2.32654 1 
-2.94345 1 
0.285802 1 
0.172133 1 
-0.0785873 1 
0.38175 1 
0.484427 1 
-0.152708 1 
0.0669233 1 
-0.247987 1 
-0.325612 1 
-0.867298 1 
-0.974321 1 
-0.649107 1 
0.59596 1 
-3.91007 1 
-1.09148 1 
-3.73021 1 
-1.28867 1 
-1.49715 1 
-1.19626 1 
1.0656 1 
-1.78143 1 
1.39488 1 
1.98522 1 
1.81363 1 
3.87863 1 
3.6359 1 
3.14965 1 
3.39291 1 
2.17377 1 
2.37927 1 
2.61853 1 
2.89153 1 
-1.93238 1 
-0.209174 1 
-0.431729 1 
-0.2868 1 
-0.373922 1 
1.17235 1 
0.716349 1 
-1.38897 1 
-1.62797 1 
0.953303 1 
1.5204 1 
ZONE T="boundary2"
4 -0.535843 
4 0.256989 
4 -0.037497 
4 0.228677 
4 0.172055 
4 0.390128 
4 0.508959 
4 -1 
4 0.720843 
4 -0.281391 
4 -0.253602 
4 -0.103866 
4 0.0672788 
4 -0.328527 
4 0.311507 
4 0.337714 
4 0.2853 
4 -0.375663 
4 -0.455753 
4 0.62779 
4 0.813895 
4 -0.767921 
4 1 
4 0.119667 
4 -0.225813 
4 -0.170236 
4 -0.137051 
4 -0.651882 
4 0.200366 
4 0.449544 
4 -0.0706818 
4 0.0148909 
4 0.324611 
4 -0.415708 
4 0.568375 
4 0.767369 
4 -0.495798 
4 0.674316 
4 0.906948 
4 -0.883961 
4 0.271145 
4 0.242833 
4 0.363921 
4 0.0934728 
4 0.145861 
4 0.298404 
4 -0.239708 
4 -0.304959 
4 -0.198025 
4 -0.267496 
4 -0.153644 
4 -0.120459 
4 -0.352095 
4 -0.709902 
4 -0.593863 
ZONE T="boundary3"
-3.78334 -1 
-3.56668 -1 
-0.205189 -1 
-0.0049695 -1 
0.0578137 -1 
0.247302 -1 
0.317834 -1 
-0.138285 -1 
-0.346048 -1 
0.120597 -1 
-0.724145 -1 
1.15144 -1 
3.53334 -1 
3.18996 -1 
-0.420003 -1 
0.994207 -1 
1.07282 -1 
1.233 -1 
1.31456 -1 
1.47769 -1 
1.58238 -1 
1.68707 -1 
1.93688 -1 
2.8339 -1 
3.01193 -1 
-3.24754 -1 
3.76667 -1 
4 -1 
-2.86017 -1 
-2.29692 -1 
-2.12162 -1 
-1.80704 -1 
-1.65788 -1 
-1.96433 -1 
-2.66619 -1 
-2.47221 -1 
0.18395 -1 
-0.0716272 -1 
0.388366 -1 
0.723728 -1 
0.861833 -1 
0.564695 -1 
-0.515943 -1 
-0.272092 -1 
-0.611882 -1 
0.47653 -1 
0.644212 -1 
-4 -1 
-0.958176 -1 
-1.31855 -1 
-1.19925 -1 
-1.07994 -1 
-0.836407 -1 
2.34849 -1 
2.51029 -1 
2.6721 -1 
-3.05386 -1 
-1.50871 -1 
2.18668 -1 
2.06178 -1 
-1.41363 -1 
-3.67501 -1 
0.0264221 -1 
0.282568 -1 
-0.171737 -1 
3.36165 -1 
1.11213 -1 
1.27378 -1 
1.39613 -1 
1.63473 -1 
1.81197 -1 
2.92292 -1 
-3.40711 -1 
3.88333 -1 
-2.20927 -1 
-1.73246 -1 
-2.5692 -1 
0.152273 -1 
0.0892053 -1 
-0.0382983 -1 
0.215626 -1 
0.3531 -1 
0.79278 -1 
-0.104956 -1 
-0.238641 -1 
-0.383026 -1 
-0.30907 -1 
-0.467973 -1 
0.92802 -1 
0.520613 -1 
0.604453 -1 
-3.89167 -1 
0.68397 -1 
-1.2589 -1 
-1.13959 -1 
1.03351 -1 
-0.668014 -1 
-0.780276 -1 
-0.563913 -1 
2.42939 -1 
2.753 -1 
1.19222 -1 
1.53004 -1 
-3.1507 -1 
2.12423 -1 
3.10095 -1 
-1.36609 -1 
-1.88568 -1 
-2.04297 -1 
-2.38457 -1 
-2.95701 -1 
0.432448 -1 
3.65 -1 
2.26759 -1 
1.99933 -1 
-1.01906 -1 
-0.897291 -1 
-2.76318 -1 
-1.46117 -1 
2.5912 -1 
-1.58329 -1 
ZONE T="boundary4"
-0.23142 0.478722 
-0.474978 0.39307 
-0.456121 0.407923 
-0.157641 0.470317 
-0.624232 0.0486015 
-0.509932 0.359921 
-0.492934 0.377042 
-0.624047 0.0957586 
-0.622249 0.0254305 
-0.604306 0.197831 
-0.609775 0.179653 
-0.350167 0.462228 
-0.327191 0.468657 
0.50956 0.228625 
0.532569 0.212148 
-0.525946 0.341754 
-0.565958 0.284395 
-0.133001 0.464822 
-0.108269 0.458138 
0.433347 0.270086 
0.454611 0.260184 
-0.436397 0.421542 
0.632862 0.0823619 
-0.621812 0.119608 
-0.618127 0.143495 
-0.624844 0.07206 
-0.614382 0.161527 
-0.5982 0.215423 
-0.591473 0.232575 
-0.584088 0.249434 
-0.575415 0.267149 
-0.206856 0.477356 
0.647759 0.0228223 
0.649315 0.00751966 
-0.554382 0.303206 
-0.415922 0.43382 
-0.394629 0.444762 
-0.372768 0.454215 
0.623677 0.10368 
-0.303626 0.473553 
-0.279849 0.476841 
-0.25565 0.478564 
0.637868 0.0678963 
0.642053 0.0530243 
0.650028 -0.00781518 
-0.182403 0.474548 
-0.0829977 0.450247 
-0.00580391 0.421455 
0.0214555 0.410408 
-0.54127 0.322138 
-0.057878 0.441514 
-0.0317827 0.431715 
0.387998 0.288037 
0.410826 0.279472 
0.280247 0.321219 
0.307084 0.313554 
0.333803 0.305691 
0.361016 0.297204 
0.482514 0.245355 
0.048726 0.399323 
0.106509 0.376682 
0.0775771 0.387808 
0.228828 0.336005 
0.198624 0.345135 
0.254558 0.328536 
0.554528 0.193908 
0.645342 0.0380068 
0.61738 0.115871 
0.610474 0.127719 
0.649925 -0.0232923 
0.574905 0.173985 
0.593613 0.152051 
0.137432 0.365406 
0.168428 0.354807 
-0.465665 0.400643 
-0.501561 0.368608 
-0.623412 0.0370014 
-0.607138 0.188772 
-0.338734 0.465637 
0.521203 0.220579 
-0.518073 0.350955 
-0.120601 0.461609 
0.444032 0.265248 
-0.623108 0.1077 
-0.620147 0.131579 
-0.624623 0.0839152 
-0.612178 0.170615 
-0.616354 0.152532 
-0.587864 0.241041 
-0.59492 0.224032 
-0.601342 0.206658 
-0.570788 0.275827 
-0.579852 0.258341 
-0.484078 0.385192 
0.648644 0.0151818 
-0.405366 0.439467 
-0.426259 0.427847 
0.628505 0.0931224 
-0.383777 0.449672 
-0.446367 0.414889 
-0.31545 0.471305 
-0.267764 0.477902 
-0.243537 0.478834 
0.64007 0.0604912 
0.649775 -0.000143097 
-0.169994 0.472596 
-0.194609 0.476125 
-0.0955986 0.454305 
0.00783288 0.415949 
-0.145288 0.467715 
-0.219128 0.478226 
-0.533755 0.33206 
-0.547957 0.312762 
-0.0704072 0.445969 
-0.0187769 0.426627 
-0.361536 0.458414 
-0.560295 0.293877 
0.399447 0.283848 
0.293668 0.317401 
0.347432 0.301518 
0.422133 0.274889 
0.468679 0.252988 
0.0350871 0.404856 
-0.291765 0.475396 
0.0920226 0.38219 
0.21371 0.340515 
0.643807 0.0455394 
0.635471 0.0751658 
0.614002 0.121839 
0.620607 0.109816 
0.650077 -0.0155544 
0.646659 0.0304318 
0.58452 0.16324 
-0.624713 0.0603262 
0.241685 0.332246 
0.267401 0.32487 
0.0631369 0.39353 
0.320455 0.309662 
0.121943 0.370968 
0.49618 0.23722 
-0.0448046 0.436683 
0.152905 0.360026 
0.183503 0.349902 
0.602363 0.140107 
0.56493 0.184164 
0.543723 0.203238 
0.37454 0.292721 
ZONE T="boundary5"
-0.61894 0.00259807 
-0.614345 -0.0198686 
-0.505467 -0.223149 
0.61177 -0.180679 
0.600002 -0.209168 
-0.583885 -0.105814 
-0.593252 -0.0849072 
-0.392319 -0.32639 
-0.374365 -0.338876 
-0.622249 0.0254305 
-0.573403 -0.126327 
-0.279718 -0.393709 
-0.255311 -0.405378 
-0.230566 -0.416324 
-0.102209 -0.460406 
-0.321483 -0.371547 
-0.300752 -0.382911 
-0.54923 -0.166156 
-0.338899 -0.361404 
-0.0756927 -0.467077 
-0.128517 -0.452994 
-0.15445 -0.444894 
-0.180137 -0.436073 
-0.205496 -0.426556 
-0.474166 -0.256971 
-0.489327 -0.241169 
-0.561847 -0.146427 
-0.35606 -0.350834 
-0.410351 -0.31301 
-0.601461 -0.0636395 
-0.608509 -0.041944 
-0.443422 -0.285888 
-0.427938 -0.299041 
-0.45847 -0.272234 
-0.520954 -0.20455 
0.62845 -0.134803 
0.620465 -0.157865 
0.642081 -0.0849677 
0.645073 -0.0695691 
0.63435 -0.115608 
0.11956 -0.491972 
0.0905356 -0.491018 
0.0337778 -0.486319 
0.0621187 -0.489126 
-0.0216154 -0.478243 
-0.535467 -0.185685 
0.00601827 -0.482697 
-0.0487383 -0.473049 
0.148596 -0.491898 
0.178239 -0.490709 
0.237569 -0.484655 
0.207801 -0.488334 
0.267685 -0.479505 
0.327591 -0.464385 
0.297676 -0.472806 
0.415165 -0.427263 
0.442792 -0.410548 
0.490768 -0.373285 
0.50964 -0.354843 
0.54351 -0.313973 
0.527315 -0.334964 
0.467408 -0.392928 
0.386633 -0.441717 
0.558452 -0.291611 
0.649036 -0.0387641 
0.647403 -0.0541926 
0.573606 -0.265189 
0.587423 -0.237311 
0.649925 -0.0232923 
0.357335 -0.454064 
-0.616803 -0.00866817 
0.605986 -0.194965 
-0.588705 -0.0954217 
-0.383388 -0.332699 
-0.620761 0.0139902 
-0.578773 -0.116136 
-0.267558 -0.399634 
-0.242978 -0.410941 
-0.290271 -0.388381 
-0.311156 -0.377301 
-0.330222 -0.366528 
-0.141512 -0.449035 
-0.19285 -0.431405 
-0.218068 -0.42153 
-0.481813 -0.249134 
-0.555652 -0.156364 
-0.365255 -0.34492 
-0.605134 -0.0528402 
-0.435733 -0.292527 
-0.466386 -0.264672 
-0.497476 -0.232231 
-0.513297 -0.213921 
-0.347512 -0.356173 
0.624557 -0.146369 
0.616195 -0.169302 
0.643654 -0.0772834 
0.631484 -0.125232 
-0.401389 -0.319772 
0.105044 -0.491621 
0.0479371 -0.487835 
-0.542456 -0.175996 
0.0198843 -0.484614 
-0.0351957 -0.475744 
-0.567746 -0.136446 
0.163423 -0.491448 
0.193032 -0.489673 
0.252658 -0.482262 
-0.597499 -0.0743283 
-0.0622369 -0.47016 
0.312694 -0.468809 
0.429141 -0.419174 
-0.451003 -0.279123 
0.500365 -0.364228 
0.535594 -0.324608 
0.479283 -0.383338 
0.40103 -0.434748 
0.551169 -0.302918 
-0.528305 -0.19519 
0.648309 -0.046488 
0.566255 -0.27853 
0.646321 -0.0618934 
0.593821 -0.223288 
-0.419203 -0.3061 
0.638478 -0.100354 
0.649576 -0.0310337 
-0.611582 -0.0309473 
-0.0889742 -0.463835 
-0.115389 -0.456792 
0.134078 -0.492067 
0.282725 -0.476352 
0.455268 -0.401973 
-0.00781513 -0.480573 
0.222705 -0.48666 
0.342544 -0.459456 
0.518652 -0.345059 
0.0763194 -0.490188 
-0.167325 -0.440574 
0.372088 -0.448137 
0.580691 -0.251338 
