ZONE T="boundary0"
-4 -0.834637 
-4 -1 
-4 0.267489 
-4 0.301007 
-4 0.509 
-4 0.406568 
-4 -0.222324 
-4 -0.259217 
-4 0.608787 
-4 0.233971 
-4 0.186197 
-4 0.353788 
-4 0.0446446 
-4 0.0915339 
-4 -0.0519469 
-4 -0.3556 
-4 -0.415091 
-4 -0.542182 
-4 -0.669273 
-4 -0.29611 
-4 -0.325855 
-4 -0.185431 
-4 -0.100243 
-4 -0.148538 
-4 0.457784 
-4 0.854287 
-4 1 
-4 0.708574 
-4 0.138423 
-4 -0.917318 
-4 -0.24077 
-4 0.558893 
-4 0.210084 
-4 0.0680893 
-4 -0.00365116 
-4 -0.385345 
-4 -0.605728 
-4 -0.310982 
-4 -0.277663 
-4 -0.124391 
-4 -0.751955 
-4 0.78143 
-4 0.927143 
-4 0.16231 
-4 0.114979 
-4 0.25073 
-4 -0.478636 
-4 -0.166985 
-4 -0.203878 
-4 -0.0760948 
-4 0.65868 
-4 0.284248 
-4 0.327397 
-4 0.380178 
-4 -0.340728 
-4 0.483392 
-4 0.432176 
ZONE T="boundary1"
3.62173 1 
3.43259 1 
-1.24406 1 
-1.17344 1 
-0.00303083 1 
0.486331 1 
3.81086 1 
-1.31467 1 
-0.191836 1 
-0.522316 1 
-0.412155 1 
2.54679 1 
2.39901 1 
-0.636879 1 
-1.3995 1 
-1.48434 1 
0.939833 1 
-0.869025 1 
-0.98661 1 
2.22387 1 
2.04873 1 
-3.75 1 
1.52551 1 
1.78712 1 
-3.06453 1 
-2.86607 1 
-3.4435 1 
-3.25401 1 
2.69456 1 
3.24345 1 
2.96901 1 
0.588244 1 
0.168199 1 
0.0540458 1 
0.111123 1 
-0.0601075 1 
0.690157 1 
0.240963 1 
-0.125972 1 
-0.301994 1 
0.400029 1 
0.814995 1 
-0.751441 1 
1.11986 1 
1.28671 1 
-1.08002 1 
-1.65212 1 
1.40611 1 
-4 1 
-2.15739 1 
-2.41251 1 
-1.8199 1 
-1.98865 1 
-2.66762 1 
0.356878 1 
0.313727 1 
-0.357075 1 
4 1 
3.52716 1 
-1.20875 1 
3.7163 1 
-1.27936 1 
-0.467236 1 
2.4729 1 
-0.579598 1 
-0.927818 1 
2.1363 1 
-2.9653 1 
-3.34875 1 
3.10623 1 
0.537288 1 
0.0825842 1 
-0.0315692 1 
0.0255075 1 
0.139661 1 
-0.246915 1 
0.639201 1 
0.752576 1 
1.02984 1 
1.20328 1 
-0.69416 1 
0.877414 1 
-1.12673 1 
-1.56823 1 
-1.35709 1 
-1.44192 1 
-3.59675 1 
1.34641 1 
-3.875 1 
-3.15927 1 
1.65632 1 
-2.28495 1 
1.91793 1 
-1.90427 1 
-2.54006 1 
2.31144 1 
-2.76685 1 
-2.07302 1 
3.33802 1 
-0.0930396 1 
0.335302 1 
0.378453 1 
0.277345 1 
0.204581 1 
-0.158904 1 
-0.329534 1 
-0.384615 1 
-0.810233 1 
-1.73601 1 
-1.03332 1 
1.46581 1 
2.83178 1 
3.90543 1 
2.62067 1 
0.44318 1 
ZONE T="boundary2"
4 -0.862065 
4 -0.354431 
4 -0.282231 
4 -0.133431 
4 -0.180206 
4 -0.517228 
4 0.270814 
4 0.224434 
4 0.326918 
4 -0.226981 
4 0.383022 
4 0.530274 
4 0.178054 
4 -1 
4 0.810711 
4 -0.72413 
4 0.439126 
4 -0.435829 
4 -0.0609402 
4 0.0115508 
4 0.621423 
4 0.131675 
4 1 
4 -0.318331 
4 -0.156819 
4 0.247624 
4 0.298866 
4 0.201244 
4 -0.931033 
4 -0.254606 
4 0.411074 
4 0.35497 
4 -0.39513 
4 -0.476529 
4 -0.0246947 
4 -0.203594 
4 0.575849 
4 0.154864 
4 -0.620679 
4 0.4847 
4 -0.793098 
4 0.0716127 
4 -0.0971857 
4 0.716067 
4 0.905356 
ZONE T="boundary3"
-3.75633 -1 
-4 -1 
-1.10135 -1 
-1.19121 -1 
0.0590652 -1 
0.331737 -1 
4 -1 
-0.39383 -1 
2.47504 -1 
2.62439 -1 
0.869106 -1 
-1.39513 -1 
-1.28108 -1 
3.61135 -1 
2.84876 -1 
-1.8602 -1 
-3.51265 -1 
-3.36011 -1 
2.02697 -1 
1.86196 -1 
1.69694 -1 
3.07313 -1 
-2.65859 -1 
-2.43174 -1 
-3.07033 -1 
-2.93308 -1 
-0.00608321 -1 
0.124214 -1 
-0.0692283 -1 
0.190614 -1 
0.257015 -1 
0.406459 -1 
-0.253866 -1 
-0.323848 -1 
-0.19312 -1 
0.677634 -1 
-0.132373 -1 
-0.565636 -1 
-0.479733 -1 
-0.81964 -1 
-0.692638 -1 
-0.629137 -1 
0.582917 -1 
0.494688 -1 
0.772351 -1 
-0.893573 -1 
-0.967507 -1 
1.07256 -1 
1.17926 -1 
0.965861 -1 
3.34224 -1 
1.39046 -1 
1.28486 -1 
-1.68469 -1 
1.5437 -1 
2.32568 -1 
-3.20758 -1 
-1.50918 -1 
-2.03255 -1 
-2.20489 -1 
3.20769 -1 
2.17633 -1 
-3.87816 -1 
-1.14628 -1 
2.54971 -1 
-1.3381 -1 
3.80568 -1 
-3.63449 -1 
1.77945 -1 
-2.54516 -1 
-3.00171 -1 
0.0916394 -1 
-0.0376557 -1 
0.026491 -1 
0.157414 -1 
0.223814 -1 
0.369098 -1 
-0.288857 -1 
-0.358839 -1 
-0.162747 -1 
0.294376 -1 
-0.522685 -1 
-0.756139 -1 
-0.597387 -1 
0.450573 -1 
0.538803 -1 
-0.856606 -1 
-1.03443 -1 
-1.23615 -1 
0.724993 -1 
0.630276 -1 
1.12591 -1 
0.820729 -1 
0.917483 -1 
-0.93054 -1 
3.4768 -1 
2.96094 -1 
1.33766 -1 
-1.77245 -1 
1.62032 -1 
1.46708 -1 
1.94447 -1 
2.40036 -1 
-2.79583 -1 
-3.13895 -1 
-1.59694 -1 
-2.11872 -1 
2.73657 -1 
-2.31831 -1 
-0.436782 -1 
-0.223493 -1 
-0.100801 -1 
-0.660888 -1 
-1.45216 -1 
1.23206 -1 
1.01921 -1 
-1.94637 -1 
-3.28384 -1 
-3.43638 -1 
3.14041 -1 
3.27496 -1 
2.10165 -1 
2.251 -1 
ZONE T="boundary4"
-0.357595 0.315977 
-0.225969 0.379217 
0.639462 0.0366641 
0.61438 0.202382 
-0.612766 -0.00612694 
-0.615126 -0.0266348 
-0.561951 0.130648 
-0.543614 0.157472 
-0.553191 0.14404 
-0.116646 0.417939 
-0.13958 0.410726 
-0.265806 0.362262 
-0.246325 0.370758 
-0.374562 0.305997 
-0.483919 0.223669 
-0.469352 0.236904 
-0.391294 0.295581 
-0.510937 0.196589 
-0.60917 0.0142681 
-0.604327 0.0344994 
-0.598248 0.0544627 
-0.590959 0.0740758 
0.55905 0.30876 
0.568923 0.29495 
0.496195 0.372011 
-0.577634 0.103085 
-0.584629 0.0887093 
0.578109 0.280577 
0.585356 0.267967 
-0.570087 0.117025 
-0.533529 0.170512 
-0.0924072 0.425042 
-0.0679836 0.431651 
0.629472 0.153259 
-0.454396 0.249666 
-0.497656 0.210362 
-0.423532 0.273597 
-0.407562 0.284832 
0.6409 0.0736165 
-0.439141 0.261883 
-0.339953 0.325809 
-0.322123 0.335243 
-0.303711 0.344513 
-0.205471 0.387325 
-0.162346 0.403091 
-0.183983 0.395396 
-0.285143 0.353419 
-0.0420549 0.438057 
-0.0159338 0.443865 
0.63692 0.0184532 
0.623155 0.176001 
0.604396 0.228036 
0.598495 0.241574 
0.539387 0.332386 
0.549507 0.320794 
0.640773 0.0550161 
0.448504 0.403254 
0.422365 0.416522 
0.395655 0.427866 
0.0118095 0.449307 
0.367114 0.43788 
-0.522467 0.183756 
0.517907 0.353806 
0.528896 0.343334 
0.637766 0.111168 
0.069008 0.458083 
0.128465 0.463518 
0.0984418 0.461261 
0.188693 0.46485 
0.218807 0.463793 
0.338368 0.446058 
0.308542 0.452763 
0.278728 0.45785 
0.039746 0.454013 
0.639879 0.0923476 
0.634612 0.130121 
0.592162 0.254911 
0.248738 0.461497 
0.473268 0.388325 
0.158606 0.464736 
-0.614099 -0.0163647 
-0.548469 0.150804 
-0.128131 0.414387 
-0.256084 0.366552 
-0.366108 0.311038 
-0.476687 0.230344 
-0.382961 0.300844 
-0.606902 0.0244191 
-0.594751 0.0643227 
-0.601439 0.0445258 
0.564077 0.30192 
-0.611122 0.0040962 
-0.581211 0.0959352 
-0.587876 0.0814276 
0.581799 0.27431 
-0.573935 0.110095 
-0.0802146 0.42841 
-0.490841 0.217072 
-0.415588 0.279275 
-0.446816 0.255835 
-0.312939 0.339924 
-0.331062 0.330573 
-0.399465 0.290264 
-0.215738 0.383315 
-0.173182 0.399291 
-0.275494 0.357885 
-0.0550401 0.434928 
-0.0290142 0.441039 
-0.104546 0.421552 
-0.504357 0.203535 
-0.348801 0.320943 
0.626453 0.164669 
-0.56609 0.123878 
0.573609 0.287823 
0.601496 0.234828 
0.554349 0.314833 
0.640983 0.0643134 
0.409102 0.422412 
0.381464 0.433098 
0.544515 0.32665 
0.507236 0.36313 
0.534204 0.33792 
0.113442 0.462515 
0.203753 0.464473 
-0.294447 0.349009 
-0.431381 0.267802 
0.293666 0.455492 
0.3528 0.442176 
-0.236166 0.375032 
0.0257587 0.451756 
0.638953 0.101772 
0.632204 0.141725 
-0.557639 0.137388 
0.618937 0.189249 
0.640269 0.0458273 
0.640528 0.0829883 
0.588823 0.261473 
0.63631 0.120664 
-0.194745 0.391408 
0.609547 0.215272 
-0.150982 0.406961 
0.435552 0.410119 
0.054359 0.456157 
0.0837096 0.459788 
0.233783 0.462805 
0.263753 0.459847 
-0.00208265 0.446677 
0.461025 0.396021 
0.173647 0.464935 
0.3235 0.449613 
0.143528 0.464261 
0.638347 0.0275345 
-0.461923 0.243343 
0.595387 0.248269 
0.484889 0.380389 
-0.516758 0.190223 
-0.538633 0.16404 
-0.52806 0.177186 
0.52346 0.348632 
ZONE T="boundary5"
-0.557577 -0.266849 
-0.547318 -0.284481 
-0.513228 -0.333633 
-0.488149 -0.363434 
-0.460856 -0.391553 
-0.612655 -0.108636 
-0.615001 -0.0882113 
-0.615126 -0.0266348 
-0.604694 -0.149182 
0.579714 -0.104033 
-0.592582 -0.189274 
-0.599135 -0.169305 
-0.56747 -0.248083 
-0.609211 -0.128953 
-0.378711 -0.456862 
-0.39737 -0.444143 
-0.223586 -0.526645 
-0.247902 -0.519461 
-0.27192 -0.511081 
-0.359567 -0.468812 
-0.338775 -0.480615 
-0.121277 -0.542994 
-0.0947624 -0.543556 
-0.147224 -0.540963 
-0.198466 -0.532726 
-0.414368 -0.431558 
-0.173181 -0.537488 
-0.500955 -0.348758 
-0.616215 -0.0677129 
-0.536337 -0.301688 
-0.525084 -0.317877 
-0.474749 -0.377735 
-0.430888 -0.41834 
-0.44611 -0.405216 
0.588182 -0.0932657 
0.614489 -0.0505028 
-0.585007 -0.209269 
0.628143 -0.0168863 
-0.0416928 -0.539889 
-0.0684421 -0.542556 
0.0113264 -0.529358 
-0.0153571 -0.535561 
0.0373268 -0.521442 
0.0634453 -0.511506 
0.0887439 -0.499863 
0.162791 -0.453391 
0.138317 -0.470852 
0.113573 -0.486387 
0.187408 -0.433807 
0.212408 -0.412101 
0.314899 -0.316298 
0.289302 -0.33982 
0.26341 -0.364343 
0.237622 -0.38884 
0.416624 -0.234198 
0.394439 -0.250525 
0.525908 -0.156421 
-0.616266 -0.0471776 
0.505235 -0.172365 
0.340962 -0.293472 
0.544114 -0.140927 
0.63692 0.0184532 
0.633143 0.000572209 
0.56143 -0.12435 
0.596159 -0.0820614 
0.605839 -0.0666448 
-0.576594 -0.228924 
0.621926 -0.0339093 
0.438903 -0.218539 
-0.294919 -0.501821 
-0.317519 -0.491494 
0.483991 -0.18759 
0.461566 -0.203024 
0.367521 -0.271499 
-0.552539 -0.275718 
-0.613966 -0.098441 
-0.595974 -0.179328 
-0.611066 -0.118819 
-0.60708 -0.139098 
-0.388104 -0.450597 
-0.235784 -0.523202 
-0.259958 -0.515416 
-0.349233 -0.474826 
-0.10802 -0.543469 
-0.185851 -0.535271 
-0.50716 -0.341251 
-0.615751 -0.0779719 
-0.541915 -0.29314 
-0.519229 -0.32581 
-0.602037 -0.159279 
-0.405928 -0.437931 
-0.369199 -0.462934 
-0.467863 -0.384705 
-0.438557 -0.411846 
-0.481512 -0.370644 
-0.562622 -0.257518 
-0.530788 -0.309836 
-0.211061 -0.529846 
-0.42269 -0.425027 
-0.0550461 -0.541433 
-0.00196647 -0.532684 
0.0504632 -0.516701 
-0.494617 -0.356153 
0.150661 -0.462304 
0.101254 -0.493333 
0.126052 -0.478819 
0.175204 -0.443758 
0.0761823 -0.5059 
0.199997 -0.423081 
0.25053 -0.376619 
0.276329 -0.352052 
0.405491 -0.242287 
-0.616388 -0.057447 
0.515656 -0.164506 
0.53511 -0.148797 
0.635188 0.00947703 
0.5529 -0.132782 
0.570782 -0.114392 
0.592237 -0.0877141 
0.610304 -0.0586528 
0.584009 -0.0987003 
0.625185 -0.025456 
0.618354 -0.0422751 
-0.572127 -0.23855 
0.630797 -0.00820416 
-0.588904 -0.199314 
-0.453544 -0.398451 
0.601127 -0.0744379 
0.42774 -0.226309 
-0.580901 -0.21914 
-0.306276 -0.496787 
-0.160222 -0.539402 
0.494664 -0.18005 
0.45023 -0.210761 
-0.328204 -0.486171 
-0.28347 -0.506584 
-0.0815929 -0.543253 
0.380918 -0.260898 
-0.134261 -0.542159 
-0.028491 -0.537936 
0.0243869 -0.52562 
0.472802 -0.195335 
0.354176 -0.282378 
0.30205 -0.327986 
0.327866 -0.304787 
0.225071 -0.400552 
-0.615847 -0.0368993 
