ZONE T="boundary0"
-4 -0.414548 
-4 -0.369652 
-4 -0.265286 
-4 -0.324756 
-4 0.252336 
-4 0.658995 
-4 0.545326 
-4 0.314402 
-4 0.376469 
-4 0.460898 
-4 0.177781 
-4 0.120812 
-4 -0.0936658 
-4 0.0638428 
-4 -0.0149115 
-4 -0.149741 
-4 -1 
-4 -0.491609 
-4 -0.56867 
-4 -0.205815 
-4 -0.676502 
-4 -0.784335 
-4 0.886332 
-4 0.772663 
-4 1 
-4 -0.235551 
-4 -0.3921 
-4 -0.295021 
-4 0.60216 
-4 0.345436 
-4 0.418683 
-4 0.215058 
-4 0.0244656 
-4 -0.121703 
-4 0.283369 
-4 0.0923272 
-4 0.149296 
-4 0.503112 
-4 -0.530139 
-4 -0.0542887 
-4 -0.622586 
-4 0.829497 
-4 0.943166 
-4 0.715829 
-4 -0.892167 
-4 -0.250418 
-4 -0.220683 
-4 -0.347204 
-4 -0.177778 
-4 -0.453078 
-4 -0.730418 
ZONE T="boundary1"
3.45346 1 
-0.228581 1 
-0.115648 1 
-0.0424372 1 
-0.354516 1 
0.433088 1 
-0.402825 1 
-1.24247 1 
3.81782 1 
3.63564 1 
-1.85565 1 
-2.0066 1 
1.11897 1 
1.00668 1 
0.894383 1 
-1.34276 1 
1.33849 1 
3.01315 1 
2.75503 1 
-2.49803 1 
-2.63499 1 
1.58954 1 
1.74448 1 
-3.04587 1 
3.27128 1 
2.08797 1 
1.89942 1 
-2.77195 1 
-2.25232 1 
2.51577 1 
3.14222 1 
-0.306206 1 
-0.267393 1 
-0.576246 1 
-0.489536 1 
-0.172114 1 
0.0307732 1 
0.544622 1 
0.656155 1 
0.241193 1 
-0.69755 1 
-0.636898 1 
-0.758203 1 
-1.13768 1 
-1.0329 1 
0.188588 1 
4 1 
0.135983 1 
0.0833781 1 
-0.872366 1 
-3.49168 1 
1.22873 1 
-3.19448 1 
-3.34308 1 
0.775269 1 
-3.64028 1 
-3.82014 1 
-4 1 
-1.44306 1 
-1.57388 1 
-1.7047 1 
2.27652 1 
-0.818855 1 
-0.925877 1 
-0.0790424 1 
3.72673 1 
-1.93113 1 
0.950531 1 
2.88409 1 
-2.56651 1 
1.66701 1 
1.9937 1 
-2.70347 1 
1.82195 1 
3.07769 1 
2.6354 1 
-0.2868 1 
-0.378671 1 
-0.247987 1 
-0.330361 1 
-0.532891 1 
-0.446181 1 
-0.200347 1 
0.600388 1 
-0.667224 1 
-1.08529 1 
1.06283 1 
3.90891 1 
0.337141 1 
0.109681 1 
1.17385 1 
3.54455 1 
-3.26878 1 
-3.41738 1 
0.834826 1 
0.715712 1 
0.488855 1 
-3.73021 1 
-3.91007 1 
-1.19007 1 
-1.39291 1 
-1.29261 1 
-1.63929 1 
-1.50847 1 
1.28361 1 
1.46402 1 
3.36237 1 
-2.37518 1 
2.39615 1 
-1.78018 1 
-2.12946 1 
2.18225 1 
-0.143881 1 
-0.005832 1 
0.0570757 1 
-0.606572 1 
-0.979388 1 
-0.788529 1 
-0.727876 1 
-0.899122 1 
-0.84561 1 
0.162286 1 
0.214891 1 
3.20675 1 
-2.90891 1 
-3.12017 1 
-3.56598 1 
ZONE T="boundary2"
4 -0.328527 
4 -0.553818 
4 -0.253602 
4 -0.170236 
4 0.256989 
4 0.311507 
4 0.449544 
4 0.508959 
4 0.214522 
4 -0.103866 
4 -0.0182938 
4 0.0672788 
4 -1 
4 -0.39214 
4 0.62779 
4 0.390128 
4 0.119667 
4 0.172055 
4 -0.455753 
4 -0.651882 
4 -0.825941 
4 0.813895 
4 1 
4 -0.291065 
4 0.284248 
4 0.479251 
4 0.235755 
4 -0.0610802 
4 -0.360334 
4 0.350818 
4 0.568375 
4 0.145861 
4 -0.137051 
4 0.0244925 
4 -0.211919 
4 -0.423947 
4 0.193288 
4 0.0934728 
4 -0.60285 
4 -0.504785 
4 -0.912971 
4 -0.738912 
4 0.720843 
4 0.906948 
4 0.419836 
ZONE T="boundary3"
-3.75 -1 
-2.29692 -1 
-1.96433 -1 
-1.53575 -1 
-0.00690671 -1 
0.0578137 -1 
-0.0716272 -1 
-0.138408 -1 
0.18395 -1 
0.250892 -1 
0.47653 -1 
0.397182 -1 
0.560371 -1 
-2.66619 -1 
-1.30644 -1 
-1.19925 -1 
1.35535 -1 
3.76667 -1 
4 -1 
1.87443 -1 
3.01193 -1 
-0.84116 -1 
-0.724145 -1 
2.20513 -1 
-1.07871 -1 
-3.31027 -1 
-3.05386 -1 
-2.48155 -1 
2.51029 -1 
2.34849 -1 
-4 -1 
2.84202 -1 
3.53334 -1 
3.27263 -1 
-1.65788 -1 
1.47769 -1 
0.317834 -1 
0.644212 -1 
0.120882 -1 
-0.346048 -1 
0.698617 -1 
0.753022 -1 
-0.205189 -1 
-0.275618 -1 
1.07282 -1 
0.967327 -1 
-0.430995 -1 
-0.620044 -1 
-0.515943 -1 
-0.958176 -1 
1.233 -1 
1.58238 -1 
1.68707 -1 
-1.41363 -1 
-1.8111 -1 
2.06178 -1 
2.6721 -1 
-3.56668 -1 
0.861833 -1 
0.807428 -1 
0.91458 -1 
-2.13062 -1 
0.0254535 -1 
-0.105018 -1 
0.436856 -1 
0.518451 -1 
-1.25284 -1 
3.88333 -1 
-0.782653 -1 
-1.13898 -1 
-3.18206 -1 
-2.57387 -1 
2.42939 -1 
-3.875 -1 
3.14228 -1 
-2.86002 -1 
0.284363 -1 
0.357508 -1 
0.152416 -1 
0.72582 -1 
-0.240403 -1 
-0.171798 -1 
1.02007 -1 
-0.310833 -1 
-0.388522 -1 
-0.567993 -1 
3.65 -1 
-0.899668 -1 
1.15291 -1 
1.41652 -1 
1.63473 -1 
1.29417 -1 
-1.36003 -1 
-1.01844 -1 
-1.73449 -1 
-1.88772 -1 
-1.59681 -1 
1.9681 -1 
1.78075 -1 
2.5912 -1 
2.92697 -1 
2.75706 -1 
-3.65834 -1 
-3.43848 -1 
3.40299 -1 
2.27681 -1 
2.13346 -1 
0.217421 -1 
-0.473469 -1 
0.0893477 -1 
-0.0392669 -1 
0.671414 -1 
0.602291 -1 
0.83463 -1 
0.780225 -1 
0.888207 -1 
0.940954 -1 
-1.47469 -1 
1.53004 -1 
-2.38924 -1 
-0.672094 -1 
ZONE T="boundary4"
-0.237835 0.441721 
-0.629711 0.0931933 
0.516766 0.24498 
0.538923 0.227386 
-0.627459 0.022627 
-0.515879 0.352197 
-0.63033 0.0694465 
-0.420482 0.416832 
-0.399082 0.425305 
-0.572595 0.280195 
-0.582079 0.263366 
-0.61612 0.176951 
-0.610772 0.195009 
-0.285399 0.444251 
-0.261648 0.443631 
-0.532153 0.335217 
-0.629564 0.0459079 
-0.560942 0.298424 
-0.547691 0.316603 
-0.498582 0.367917 
-0.480311 0.382314 
-0.354741 0.437498 
-0.331993 0.441242 
0.420175 0.29726 
0.442384 0.288042 
-0.627671 0.117058 
-0.308772 0.443483 
-0.624186 0.140922 
-0.620588 0.158905 
-0.590745 0.245991 
-0.604761 0.212441 
-0.598097 0.229389 
0.559988 0.207955 
0.477066 0.270633 
0.503837 0.254102 
-0.461149 0.395306 
0.64732 0.0155004 
0.64738 -8.90994e-06 
0.646609 -0.015628 
-0.441161 0.406838 
0.644611 0.0464433 
0.646405 0.0310128 
-0.377218 0.432171 
0.605585 0.151401 
0.597298 0.163861 
-0.164592 0.429313 
-0.13952 0.423397 
-0.189363 0.434446 
-0.213613 0.438602 
0.625514 0.113679 
0.633885 0.0917563 
-0.0882277 0.409886 
-0.0619876 0.402671 
0.579482 0.186875 
-0.114436 0.416956 
0.397612 0.305365 
0.317314 0.326662 
0.290585 0.331946 
0.343902 0.320663 
0.370898 0.313589 
0.46328 0.278043 
0.0225036 0.380539 
0.0516661 0.373771 
-0.00670472 0.387836 
-0.0343482 0.395133 
0.0823967 0.367241 
0.113036 0.361324 
0.238977 0.340767 
0.145329 0.355643 
0.208308 0.345582 
0.177459 0.350406 
0.264843 0.336516 
0.63833 0.0769367 
0.641927 0.0617436 
0.619679 0.126264 
0.613221 0.138532 
0.490555 0.26268 
0.528 0.236387 
-0.40986 0.421264 
-0.613547 0.186012 
-0.273525 0.44411 
-0.630118 0.0576734 
-0.554457 0.30762 
-0.489572 0.375279 
-0.343403 0.439563 
0.431336 0.292795 
-0.628678 0.0342539 
-0.626107 0.129019 
-0.586517 0.254733 
-0.630195 0.0813264 
-0.618456 0.167955 
-0.601517 0.220951 
-0.566902 0.289398 
-0.594509 0.237731 
-0.60786 0.203759 
-0.54008 0.326046 
0.549638 0.217873 
-0.470846 0.388983 
0.647455 0.00774614 
0.647096 -0.00782342 
-0.45126 0.401255 
0.645619 0.0387407 
-0.36603 0.435033 
-0.430913 0.412024 
0.601522 0.157681 
-0.297098 0.444046 
-0.249736 0.442828 
0.646972 0.0232628 
-0.152044 0.42643 
-0.225713 0.440299 
0.629941 0.102809 
-0.201475 0.43664 
-0.075106 0.406282 
0.569951 0.197619 
-0.628869 0.105143 
-0.101325 0.413449 
-0.507366 0.360209 
-0.524159 0.343848 
0.408938 0.301442 
0.303964 0.329382 
0.357431 0.317257 
0.3843 0.309632 
0.0370758 0.377088 
0.00789212 0.384129 
-0.126969 0.420227 
-0.0205328 0.391446 
0.0977105 0.364213 
-0.320406 0.442552 
0.192885 0.347982 
-0.388214 0.428934 
0.223648 0.34319 
0.277722 0.334282 
0.129179 0.358421 
0.640241 0.0693665 
0.622677 0.120008 
0.636216 0.0843788 
0.643381 0.0541128 
-0.577444 0.271844 
-0.176963 0.431978 
0.609486 0.145019 
0.067024 0.37043 
0.251916 0.338673 
0.330629 0.323764 
-0.0481707 0.398882 
0.161395 0.352985 
-0.622489 0.149936 
0.470209 0.274405 
0.452898 0.283185 
0.510346 0.249609 
0.49724 0.258459 
0.588654 0.175574 
0.616527 0.132439 
0.483848 0.266725 
ZONE T="boundary5"
-0.567486 -0.151325 
-0.619422 -0.0229792 
-0.624063 -0.0003436 
-0.627459 0.022627 
-0.496345 -0.248677 
-0.481442 -0.264991 
0.58946 -0.202373 
0.576428 -0.230942 
-0.598434 -0.0887347 
-0.606568 -0.0671912 
-0.578854 -0.130826 
-0.613579 -0.0452587 
-0.512176 -0.230073 
-0.527351 -0.210911 
-0.28809 -0.406738 
-0.238727 -0.430014 
-0.263599 -0.41877 
-0.32989 -0.383797 
0.54773 -0.286611 
-0.309159 -0.395573 
-0.347278 -0.373273 
-0.213484 -0.440481 
-0.135786 -0.46722 
-0.161987 -0.459087 
-0.18792 -0.450163 
-0.109174 -0.474605 
-0.465964 -0.28076 
-0.451096 -0.294883 
-0.40045 -0.336897 
-0.418347 -0.323 
-0.541584 -0.191519 
-0.555091 -0.171497 
-0.364386 -0.362296 
-0.435772 -0.30851 
-0.589184 -0.109956 
0.636054 -0.0776036 
0.601988 -0.173613 
0.627004 -0.108304 
0.620317 -0.127536 
0.639723 -0.0621611 
0.646609 -0.015628 
-0.382608 -0.349869 
0.61145 -0.150677 
0.645043 -0.0312114 
0.642731 -0.0467236 
-0.0823459 -0.481184 
0.085851 -0.503273 
0.057135 -0.501845 
0.0284704 -0.499442 
0.000379447 -0.496158 
-0.0550556 -0.487002 
-0.0275982 -0.49198 
0.23373 -0.493489 
0.203917 -0.498006 
0.144413 -0.503012 
0.115145 -0.503689 
0.174238 -0.501137 
0.263804 -0.487409 
0.293652 -0.4797 
0.323312 -0.470185 
0.352678 -0.45869 
0.409362 -0.429375 
0.436235 -0.41136 
0.500727 -0.352327 
0.482583 -0.371728 
0.533286 -0.309726 
0.517704 -0.331547 
0.460062 -0.39254 
0.381466 -0.445106 
0.56256 -0.259436 
-0.621898 -0.0116921 
-0.625922 0.0111193 
-0.488965 -0.256899 
0.583008 -0.216685 
-0.602638 -0.078014 
-0.573287 -0.14114 
-0.610217 -0.05627 
-0.61665 -0.0341571 
-0.519849 -0.220559 
-0.275894 -0.412853 
-0.298665 -0.401232 
-0.319568 -0.389762 
-0.338618 -0.378591 
-0.226147 -0.435346 
-0.148917 -0.463252 
-0.20074 -0.44542 
-0.473775 -0.272946 
-0.409455 -0.330022 
-0.561399 -0.161478 
-0.355868 -0.367841 
-0.443489 -0.301758 
-0.584143 -0.120452 
-0.427121 -0.315829 
-0.458589 -0.287884 
0.59579 -0.188019 
0.623739 -0.117946 
0.637964 -0.0698999 
-0.373543 -0.35615 
0.615971 -0.139138 
0.643977 -0.0389806 
0.0714878 -0.502683 
0.0144123 -0.497913 
-0.0136256 -0.494179 
-0.0687229 -0.484197 
0.218852 -0.495923 
0.129784 -0.50349 
0.159336 -0.502228 
-0.251208 -0.42449 
0.338089 -0.464677 
0.278783 -0.483761 
0.422975 -0.420635 
0.491816 -0.362182 
0.525666 -0.320762 
0.471524 -0.382356 
0.395561 -0.437502 
0.540678 -0.298278 
0.641309 -0.054458 
-0.59394 -0.0994018 
0.555337 -0.273131 
-0.548441 -0.181578 
-0.504343 -0.239446 
-0.391579 -0.343451 
-0.534559 -0.201282 
0.631781 -0.0930256 
0.645922 -0.0234292 
-0.0957851 -0.477996 
-0.122508 -0.471013 
0.100497 -0.503615 
0.248807 -0.490642 
-0.0413458 -0.489597 
0.189096 -0.499733 
0.509386 -0.34208 
0.569618 -0.24525 
0.0427935 -0.500763 
-0.174988 -0.454724 
0.308555 -0.475165 
0.448327 -0.40218 
0.367191 -0.452151 
0.60678 -0.162169 
