ZONE T="boundary0"
-4 -1 
-4 -0.131934 
-4 -0.205611 
-4 0.514022 
-4 0.352029 
-4 0.433025 
-4 0.0741658 
-4 -0.332539 
-4 -0.284196 
-4 -0.507535 
-4 0.0104041 
-4 0.293814 
-4 -0.0607651 
-4 0.635516 
-4 -0.725642 
-4 0.878505 
-4 0.757011 
-4 -0.244903 
-4 -0.380881 
-4 -0.616588 
-4 0.137927 
-4 0.235599 
-4 0.186763 
-4 1 
-4 -0.168773 
-4 0.392527 
-4 -0.308367 
-4 0.042285 
-4 -0.0963497 
-4 0.574769 
-4 -0.862821 
-4 0.817758 
-4 -0.26455 
-4 -0.35671 
-4 -0.225257 
-4 -0.444208 
-4 -0.0251805 
-4 -0.562062 
-4 -0.671115 
-4 0.106047 
-4 0.211181 
-4 0.322921 
-4 0.264707 
-4 0.473523 
-4 0.696263 
-4 0.939253 
-4 0.162345 
ZONE T="boundary1"
1.81003 1 
1.63472 1 
-3.50732 1 
1.11424 1 
1.23698 1 
0.361066 1 
-0.934953 1 
0.0916719 1 
0.156489 1 
-0.34982 1 
-0.263617 1 
-0.624274 1 
-0.487047 1 
-3.75366 1 
-3.875 1 
-1.0385 1 
4 1 
3.60929 1 
1.35971 1 
-2.8576 1 
-3.01205 1 
1.98535 1 
2.20487 1 
-2.54871 1 
2.42439 1 
2.62294 1 
3.21858 1 
3.02003 1 
3.41393 1 
-0.126346 1 
-0.177413 1 
0.214727 1 
0.0268544 1 
-0.0242125 1 
-0.0752793 1 
0.272965 1 
0.455596 1 
0.538048 1 
0.679507 1 
0.6205 1 
0.809977 1 
0.881439 1 
0.738515 1 
-4 1 
-0.831407 1 
-0.72784 1 
-1.24065 1 
-1.13958 1 
0.939641 1 
0.997842 1 
-1.4571 1 
-1.34887 1 
-1.72632 1 
-1.90095 1 
-2.07557 1 
-2.31214 1 
1.49721 1 
2.82148 1 
-2.70315 1 
-3.1665 1 
-1.59171 1 
-3.33691 1 
1.72237 1 
1.17561 1 
0.124081 1 
-0.306719 1 
-0.55566 1 
-3.81433 1 
3.80464 1 
-2.93483 1 
2.09511 1 
2.31463 1 
2.52366 1 
3.1193 1 
3.51161 1 
-0.220515 1 
0.0592632 1 
-0.0497459 1 
0.243846 1 
0.408331 1 
0.185608 1 
0.317016 1 
0.496822 1 
-0.15188 1 
-0.418434 1 
0.579274 1 
0.845708 1 
-3.9375 1 
-0.779624 1 
-0.676057 1 
-0.986726 1 
-1.19011 1 
-0.88318 1 
0.91054 1 
1.29835 1 
1.05604 1 
-1.29476 1 
-1.40298 1 
-1.81364 1 
-1.98826 1 
-2.19386 1 
1.89769 1 
3.31626 1 
2.92076 1 
-3.63049 1 
-2.62593 1 
-2.78038 1 
-2.43042 1 
0.00132099 1 
-0.100813 1 
0.774246 1 
0.650003 1 
0.709011 1 
0.968741 1 
-1.08904 1 
1.56596 1 
1.42846 1 
2.72221 1 
-1.5244 1 
-1.65902 1 
-3.25171 1 
-3.42212 1 
-3.08928 1 
ZONE T="boundary2"
4 -0.705258 
4 -0.596703 
4 -0.38681 
4 -0.488148 
4 -0.21712 
4 -0.285473 
4 -0.129615 
4 0.456414 
4 0.415466 
4 -0.0660774 
4 0.0707054 
4 -0.00253975 
4 0.292622 
4 0.255454 
4 -0.852629 
4 1 
4 0.657985 
4 0.828993 
4 -0.336142 
4 -1 
4 0.218286 
4 0.557199 
4 0.33357 
4 0.374518 
4 0.14395 
4 -0.650981 
4 -0.437479 
4 -0.251296 
4 0.43594 
4 0.274038 
4 -0.778943 
4 -0.173367 
4 -0.310807 
4 -0.0343086 
4 -0.0978462 
4 -0.542426 
4 0.0340828 
4 -0.926314 
4 0.506806 
4 0.607592 
4 0.107328 
4 0.914496 
4 0.743489 
4 0.23687 
4 0.354044 
4 0.313096 
4 -0.361476 
4 0.181118 
4 0.394992 
ZONE T="boundary3"
-3.74284 -1 
-4 -1 
-1.81218 -1 
-0.969646 -1 
-1.22208 -1 
-1.15116 -1 
-0.168419 -1 
-0.0999635 -1 
2.80293 -1 
2.59274 -1 
-0.708533 -1 
-0.833942 -1 
-0.528528 -1 
0.153918 -1 
-0.618531 -1 
-0.416194 -1 
-3.50736 -1 
-3.27189 -1 
1.98347 -1 
2.26658 -1 
0.513348 -1 
0.629517 -1 
3.85917 -1 
-1.66962 -1 
-1.52707 -1 
3.22489 -1 
3.43666 -1 
2.42966 -1 
3.01311 -1 
-3.0416 -1 
-2.92646 -1 
1.47996 -1 
1.54818 -1 
-2.56421 -1 
-2.68777 -1 
-0.236139 -1 
-0.0315085 -1 
0.0392103 -1 
0.109929 -1 
0.241897 -1 
-1.0604 -1 
0.285886 -1 
0.967209 -1 
0.399617 -1 
0.342752 -1 
-0.303859 -1 
0.745685 -1 
3.71833 -1 
4 -1 
0.856447 -1 
-1.293 -1 
-1.41003 -1 
1.07737 -1 
1.18752 -1 
1.29963 -1 
1.41173 -1 
-2.06464 -1 
1.68463 -1 
1.83405 -1 
1.6164 -1 
-2.31711 -1 
0.197908 -1 
-2.19087 -1 
-2.81132 -1 
-3.87142 -1 
-1.18662 -1 
2.69784 -1 
-0.663532 -1 
-0.472361 -1 
-3.38962 -1 
2.12502 -1 
0.571432 -1 
-1.59835 -1 
3.33078 -1 
2.34812 -1 
-2.98403 -1 
1.51407 -1 
-0.202279 -1 
-0.065736 -1 
-0.134191 -1 
0.00385091 -1 
0.0745697 -1 
0.263892 -1 
0.371185 -1 
-0.901794 -1 
-1.01503 -1 
-0.57353 -1 
-0.360027 -1 
0.456483 -1 
0.687601 -1 
3.92958 -1 
0.801066 -1 
-1.10578 -1 
-0.771237 -1 
-1.25754 -1 
-3.6251 -1 
3.5775 -1 
-1.35152 -1 
1.13244 -1 
3.78875 -1 
0.911828 -1 
1.35568 -1 
-1.93841 -1 
1.75934 -1 
1.65051 -1 
1.90876 -1 
-1.46855 -1 
-2.44066 -1 
2.5112 -1 
3.119 -1 
2.90802 -1 
-1.7409 -1 
-0.269999 -1 
0.175913 -1 
0.131924 -1 
0.219902 -1 
0.314319 -1 
1.24358 -1 
-2.25399 -1 
-2.12776 -1 
-3.15675 -1 
-2.86889 -1 
-2.74955 -1 
-2.62599 -1 
1.02229 -1 
1.44584 -1 
1.58229 -1 
ZONE T="boundary4"
-0.18423 0.479179 
-0.159914 0.488176 
0.562127 0.240168 
-0.585045 0.116596 
-0.571422 0.14456 
-0.602963 0.071898 
-0.556395 0.171674 
-0.305071 0.420839 
0.412206 0.467825 
0.426526 0.458014 
0.516088 0.359237 
0.523755 0.345325 
0.50782 0.372696 
0.499065 0.385521 
0.440315 0.447489 
0.554572 0.267085 
0.545498 0.295043 
0.56937 0.213095 
0.576195 0.188153 
0.478321 0.411398 
-0.286984 0.431181 
-0.625739 -0.0216309 
-0.62272 -0.0028075 
-0.618918 0.0160152 
-0.614334 0.0348157 
-0.609012 0.0534435 
-0.436604 0.322623 
-0.41553 0.341672 
-0.54005 0.19804 
-0.460284 0.299166 
-0.482388 0.274911 
-0.395585 0.358344 
-0.375046 0.374292 
-0.357343 0.387141 
-0.33927 0.399475 
-0.322311 0.410377 
-0.268627 0.44105 
-0.108583 0.504551 
-0.0815887 0.511815 
-0.135335 0.496447 
-0.248709 0.451086 
-0.228518 0.46058 
0.45356 0.436226 
0.535374 0.320856 
-0.59622 0.090128 
0.583264 0.163289 
-0.206509 0.470192 
0.466192 0.424248 
0.317735 0.512099 
0.350544 0.500037 
0.489734 0.397856 
-0.02301 0.524563 
0.141151 0.538886 
0.175884 0.537623 
0.282714 0.521999 
0.382591 0.485093 
0.211501 0.534529 
0.590763 0.137595 
0.622213 -0.0209802 
0.620661 0.0055071 
0.611975 0.0586697 
0.617167 0.0319445 
0.598204 0.111945 
-0.0524014 0.518674 
0.605498 0.0853761 
-0.522335 0.223959 
-0.50308 0.249729 
0.00846866 0.529758 
0.0400924 0.533827 
0.0735011 0.536863 
0.106965 0.538574 
0.247441 0.529355 
-0.172106 0.483768 
-0.578425 0.13067 
-0.564081 0.158212 
0.419428 0.46301 
0.520001 0.352327 
0.503519 0.379162 
0.433489 0.452842 
0.55022 0.281129 
0.512034 0.366017 
0.572753 0.200615 
-0.624325 -0.012205 
-0.616719 0.0254373 
-0.611764 0.0441547 
-0.606076 0.0626988 
-0.426165 0.332256 
-0.548377 0.184952 
-0.471494 0.287181 
-0.385386 0.366409 
-0.405634 0.350099 
-0.348351 0.393373 
-0.330826 0.404981 
-0.313725 0.415664 
-0.277838 0.436175 
-0.0951139 0.508288 
-0.121991 0.500604 
-0.238646 0.455901 
-0.147655 0.492402 
-0.366242 0.380782 
0.540645 0.308037 
-0.195402 0.474764 
0.529787 0.333201 
0.459957 0.430323 
0.334262 0.506392 
-0.258703 0.446136 
-0.620913 0.00662182 
0.494474 0.391746 
0.447012 0.441947 
0.472346 0.417909 
0.484122 0.404708 
0.158527 0.538461 
-0.590808 0.103435 
0.366735 0.49292 
-0.296061 0.426069 
0.5797 0.175712 
0.587003 0.150437 
0.558436 0.253654 
-0.599676 0.0810437 
0.614751 0.0453401 
0.594507 0.124774 
-0.217548 0.465465 
0.565748 0.226635 
-0.0670233 0.515365 
-0.0377296 0.52174 
0.608865 0.0720516 
-0.531331 0.211094 
-0.492892 0.262448 
0.619135 0.0187537 
-0.0072929 0.5273 
0.601925 0.0986783 
0.0242632 0.531934 
0.090226 0.537888 
0.124058 0.538916 
0.229513 0.53221 
0.265141 0.525967 
-0.512846 0.236946 
0.0567834 0.535507 
0.193716 0.536313 
0.300319 0.517373 
0.397603 0.476807 
0.621697 -0.00772213 
-0.448592 0.311043 
ZONE T="boundary5"
-0.614316 -0.200061 
-0.531566 -0.34522 
-0.542523 -0.334064 
-0.627497 -0.132581 
-0.629127 -0.114436 
-0.625183 -0.150052 
-0.604384 -0.230502 
-0.592469 -0.258985 
-0.622154 -0.167339 
-0.437761 -0.400793 
-0.452818 -0.395602 
-0.372216 -0.411277 
-0.389439 -0.410248 
-0.405875 -0.408175 
-0.421889 -0.40505 
-0.578309 -0.285787 
-0.570328 -0.298536 
-0.337388 -0.410141 
-0.355009 -0.411224 
-0.467599 -0.38932 
-0.300552 -0.404954 
-0.318982 -0.408004 
-0.281149 -0.400902 
-0.26165 -0.396125 
0.53964 -0.227372 
-0.495099 -0.374107 
-0.48154 -0.38222 
-0.520058 -0.355591 
-0.629995 -0.0961378 
-0.630096 -0.0776875 
-0.507809 -0.365304 
-0.240895 -0.390467 
-0.22005 -0.384408 
-0.174896 -0.371018 
-0.197528 -0.377692 
-0.150445 -0.364148 
-0.125934 -0.357835 
-0.629423 -0.0590941 
-0.627973 -0.0404061 
-0.625739 -0.0216309 
-0.0992883 -0.351804 
-0.0726544 -0.346759 
-0.0449203 -0.342599 
-0.017405 -0.339556 
0.0927019 -0.33615 
0.0654918 -0.335982 
0.121395 -0.336711 
0.150055 -0.337434 
0.214958 -0.33838 
0.301251 -0.334167 
0.27388 -0.336512 
0.328713 -0.330588 
0.394329 -0.315686 
0.380126 -0.319792 
0.40838 -0.311066 
0.459885 -0.288463 
0.482863 -0.274803 
0.448203 -0.294474 
0.422442 -0.305835 
0.605448 -0.123462 
0.613235 -0.0986253 
0.522293 -0.244315 
0.569775 -0.19082 
0.583097 -0.170326 
0.59522 -0.147688 
0.555159 -0.209891 
0.618606 -0.0731848 
0.62218 -0.0341275 
0.621576 -0.0472604 
0.622213 -0.0209802 
0.244362 -0.337909 
0.0381687 -0.336368 
0.010457 -0.337503 
0.182454 -0.338137 
0.502985 -0.260499 
0.354442 -0.325922 
-0.552433 -0.322727 
-0.561715 -0.310851 
-0.537128 -0.339725 
-0.628408 -0.123519 
-0.598723 -0.244874 
-0.626431 -0.14133 
-0.623759 -0.158713 
-0.445336 -0.398328 
-0.38084 -0.410903 
-0.397678 -0.409347 
-0.429865 -0.40306 
-0.574397 -0.292215 
-0.346196 -0.410806 
-0.460265 -0.392591 
-0.363618 -0.41138 
-0.271386 -0.398588 
-0.488389 -0.378278 
-0.525891 -0.350495 
-0.630141 -0.0869147 
-0.501526 -0.369809 
-0.514011 -0.360546 
-0.230467 -0.387469 
-0.328177 -0.409193 
-0.186217 -0.374332 
-0.162683 -0.367528 
-0.208787 -0.381056 
-0.138206 -0.360913 
-0.629856 -0.0683887 
-0.628794 -0.0497439 
-0.629657 -0.105293 
-0.474631 -0.385889 
-0.112629 -0.354706 
-0.0859887 -0.349157 
-0.0587981 -0.34454 
-0.0311706 -0.340947 
-0.626952 -0.0310084 
0.0790991 -0.336009 
0.135723 -0.337068 
0.287573 -0.335479 
0.387246 -0.317801 
0.471516 -0.281873 
0.435434 -0.300412 
-0.290836 -0.403023 
0.454073 -0.291526 
0.314999 -0.332542 
0.53112 -0.236003 
0.576642 -0.180706 
0.600622 -0.135695 
0.562645 -0.200492 
-0.413912 -0.406748 
0.616224 -0.0859681 
0.621951 -0.0406955 
-0.251261 -0.393354 
-0.309755 -0.406583 
0.62039 -0.0602563 
0.107049 -0.336395 
0.259122 -0.337342 
0.229657 -0.338243 
0.0518321 -0.336094 
-0.00347671 -0.338407 
0.0243144 -0.336831 
-0.60965 -0.215385 
0.198701 -0.338338 
0.166251 -0.33782 
0.589411 -0.159141 
0.547552 -0.218768 
0.60964 -0.111136 
0.512798 -0.2526 
0.493066 -0.267851 
0.415436 -0.308521 
0.622266 -0.0275559 
0.367325 -0.323045 
0.401374 -0.313442 
0.341604 -0.328421 
-0.557152 -0.316854 
-0.585703 -0.272562 
-0.566102 -0.304749 
-0.618567 -0.183787 
-0.547558 -0.328464 
