ZONE T="boundary0"
-4 0.533021 
-4 -0.348305 
-4 -0.395214 
-4 -0.211864 
-4 0.180988 
-4 -0.182734 
-4 0.254496 
-4 0.320368 
-4 0.38624 
-4 -0.240995 
-4 0.134805 
-4 0.00497453 
-4 -0.0786731 
-4 -1 
-4 1 
-4 -0.271196 
-4 -0.301397 
-4 -0.130703 
-4 0.0886222 
-4 0.217742 
-4 -0.474278 
-4 -0.553342 
-4 -0.651671 
-4 0.76651 
-4 0.45963 
-4 -0.75 
-4 0.287432 
-4 -0.371759 
-4 0.353304 
-4 -0.226429 
-4 -0.0368493 
-4 -0.197299 
-4 -0.286297 
-4 -0.256095 
-4 -0.104688 
-4 -0.156719 
-4 0.0467984 
-4 0.199365 
-4 0.111714 
-4 0.157896 
-4 -0.51381 
-4 -0.602506 
-4 0.649766 
-4 -0.875 
-4 0.883255 
-4 0.236119 
-4 0.270964 
-4 -0.324851 
-4 -0.434746 
-4 0.422935 
-4 0.496326 
-4 -0.700835 
-4 0.3039 
ZONE T="boundary1"
-2.82848 1 
-3.13582 1 
3.63676 1 
3.27352 1 
0.964587 1 
-0.601705 1 
-0.699872 1 
-0.116162 1 
0.0220144 1 
0.110131 1 
-1.98693 1 
4 1 
2.79275 1 
-1.42963 1 
-4 1 
-3.76128 1 
-2.16046 1 
-3.32919 1 
-3.52255 1 
-2.58124 1 
2.30765 1 
0.244818 1 
0.500973 1 
-0.187047 1 
-0.257931 1 
-0.047074 1 
-0.339792 1 
-0.421653 1 
0.732368 1 
0.617416 1 
-0.798038 1 
-0.900179 1 
0.847319 1 
-0.511679 1 
0.905953 1 
-1.10585 1 
-1.20937 1 
-1.00232 1 
0.38453 1 
-1.3195 1 
-1.55804 1 
1.73056 1 
1.32408 1 
1.42477 1 
1.20297 1 
-1.68645 1 
-1.83669 1 
2.12166 1 
1.93567 1 
1.62801 1 
1.52546 1 
2.5502 1 
-2.33399 1 
0.198247 1 
0.291389 1 
1.08186 1 
-2.98215 1 
3.45514 1 
-0.650788 1 
0.0660726 1 
3.81838 1 
-3.88064 1 
-3.23251 1 
3.03313 1 
-0.222489 1 
-0.0816182 1 
-0.380722 1 
-0.748955 1 
0.674892 1 
0.789843 1 
-0.556692 1 
-1.15761 1 
-1.05408 1 
0.442752 1 
-0.849109 1 
-1.37457 1 
-1.49384 1 
0.559195 1 
-3.64191 1 
-3.42587 1 
1.37443 1 
-1.76157 1 
2.02866 1 
1.83312 1 
1.57674 1 
-2.45761 1 
-2.70486 1 
-2.0737 1 
-2.24723 1 
1.47512 1 
2.67147 1 
2.21465 1 
0.221533 1 
0.337959 1 
0.268103 1 
0.154189 1 
-0.298862 1 
-0.466666 1 
-0.151605 1 
-0.0125298 1 
-0.951249 1 
1.67929 1 
0.876636 1 
1.14241 1 
-1.26444 1 
1.26353 1 
-1.62225 1 
-1.91181 1 
2.42892 1 
1.02322 1 
0.93527 1 
ZONE T="boundary2"
4 0.0227766 
4 0.0896025 
4 -0.228959 
4 -0.194372 
4 -0.337243 
4 -0.263545 
4 0.156428 
4 0.287025 
4 0.325195 
4 -0.594735 
4 0.383933 
4 0.248854 
4 -0.41094 
4 1 
4 -1 
4 0.721336 
4 0.442671 
4 0.582003 
4 -0.0512107 
4 -0.300394 
4 -0.797367 
4 -0.125198 
4 -0.0882044 
4 0.0561895 
4 -0.211665 
4 0.30611 
4 0.354564 
4 0.860668 
4 0.413302 
4 0.512337 
4 0.267939 
4 0.202641 
4 0.651669 
4 -0.246252 
4 -0.0142171 
4 -0.318818 
4 -0.502837 
4 -0.696051 
4 -0.898684 
4 -0.159785 
4 -0.106701 
4 -0.28197 
4 -0.0697076 
4 -0.374091 
4 0.123015 
ZONE T="boundary3"
3.2975 -1 
3.0442 -1 
0.0702352 -1 
0.224031 -1 
-3.19182 -1 
-2.79864 -1 
1.28354 -1 
1.40573 -1 
-3.76575 -1 
-4 -1 
3.64875 -1 
2.62445 -1 
4 -1 
-1.65966 -1 
-1.47231 -1 
-2.04539 -1 
-1.847 -1 
1.67716 -1 
1.82641 -1 
-2.24377 -1 
-2.5212 -1 
0.317042 -1 
0.4179 -1 
-0.481981 -1 
-0.39098 -1 
-0.181925 -1 
0.00945089 -1 
-0.0540719 -1 
0.177525 -1 
-0.246254 -1 
-0.318617 -1 
-0.117595 -1 
0.131019 -1 
0.270536 -1 
0.518757 -1 
-0.788393 -1 
-0.680687 -1 
-0.572981 -1 
0.603329 -1 
0.6879 -1 
0.797484 -1 
0.907067 -1 
1.03957 -1 
0.973318 -1 
1.16155 -1 
1.52792 -1 
1.60254 -1 
-1.02146 -1 
-0.904928 -1 
-1.37218 -1 
-1.14676 -1 
-1.27205 -1 
-3.5315 -1 
-3.36166 -1 
1.98686 -1 
2.14732 -1 
2.458 -1 
2.30266 -1 
2.70767 -1 
2.7909 -1 
-2.38249 -1 
3.17085 -1 
-2.99523 -1 
1.34463 -1 
-3.88288 -1 
3.82437 -1 
3.47312 -1 
-1.56599 -1 
-1.9462 -1 
1.75179 -1 
-2.14458 -1 
-2.65992 -1 
0.367471 -1 
-0.436481 -1 
-0.0223105 -1 
0.200778 -1 
-0.282436 -1 
-0.214089 -1 
-0.14976 -1 
-0.0858334 -1 
0.100627 -1 
0.039843 -1 
0.293789 -1 
-0.73454 -1 
0.468329 -1 
-0.527481 -1 
0.561043 -1 
0.852275 -1 
0.645614 -1 
1.00644 -1 
-0.626834 -1 
0.940193 -1 
1.10056 -1 
1.46683 -1 
-0.963195 -1 
-1.08411 -1 
-1.2094 -1 
-3.64863 -1 
-3.44658 -1 
2.06709 -1 
1.90663 -1 
2.22499 -1 
-1.32211 -1 
-1.75333 -1 
2.91755 -1 
-2.31313 -1 
-2.45184 -1 
-0.84666 -1 
-0.354799 -1 
0.154272 -1 
0.247284 -1 
2.38033 -1 
2.74928 -1 
2.54122 -1 
2.66606 -1 
1.22254 -1 
0.742692 -1 
1.63985 -1 
1.56523 -1 
-1.42225 -1 
-3.27674 -1 
ZONE T="boundary4"
-0.305923 0.343869 
-0.283802 0.351182 
-0.625658 0.0532476 
-0.327946 0.336145 
-0.633222 -0.0136218 
-0.596203 0.132863 
-0.629738 0.03107 
-0.603821 0.117637 
-0.612692 0.0966587 
0.556521 0.282553 
0.566522 0.269484 
-0.567502 0.177331 
-0.555363 0.192325 
-0.542486 0.206605 
0.584962 0.241526 
0.639067 0.0135033 
-0.619976 0.0751592 
-0.587832 0.147562 
-0.578049 0.162759 
0.642426 0.0594932 
-0.5289 0.220235 
-0.14262 0.390484 
-0.117685 0.396346 
-0.411576 0.300982 
-0.391218 0.31062 
-0.515586 0.232428 
0.640254 0.0905092 
0.63789 0.106062 
-0.501815 0.244013 
-0.4856 0.256485 
0.630805 0.136878 
0.626177 0.152097 
-0.431434 0.290679 
-0.468861 0.268174 
0.576025 0.255754 
-0.34935 0.328133 
-0.191099 0.3782 
-0.214661 0.371803 
-0.166884 0.384482 
-0.450401 0.279839 
-0.26102 0.358316 
-0.0926815 0.401898 
-0.0669173 0.407258 
0.012425 0.42116 
0.0402292 0.424969 
0.641082 0.0287298 
0.534121 0.307685 
0.545885 0.295124 
0.641775 0.074937 
0.457244 0.366739 
0.47037 0.358793 
0.390878 0.397824 
0.60089 0.212615 
0.593184 0.227214 
0.509417 0.330404 
0.521716 0.319648 
0.483692 0.34997 
0.496627 0.340584 
0.068159 0.428162 
0.126533 0.432561 
0.0972866 0.430762 
0.310267 0.420498 
0.338703 0.41404 
0.281741 0.425523 
0.15708 0.4335 
0.250409 0.429534 
0.62072 0.167621 
0.634748 0.121428 
0.642197 0.0440054 
-0.370587 0.319592 
-0.0410589 0.412243 
-0.0143765 0.416939 
-0.238175 0.365121 
-0.632244 0.00875085 
0.364891 0.406666 
0.417633 0.386914 
0.187707 0.433399 
0.219044 0.432118 
0.614654 0.182878 
0.443822 0.374176 
-0.294877 0.347572 
-0.316952 0.340061 
-0.627895 0.042194 
-0.60845 0.107228 
0.561601 0.276079 
-0.549017 0.199547 
-0.623016 0.0642538 
-0.600116 0.125301 
-0.583046 0.155227 
-0.572873 0.170114 
-0.592116 0.140267 
-0.130161 0.393452 
-0.401438 0.305889 
-0.522309 0.226402 
0.639174 0.0983 
-0.49378 0.250343 
-0.508761 0.238291 
0.628575 0.144513 
-0.421554 0.295927 
-0.477297 0.262425 
-0.535776 0.213501 
0.580569 0.248687 
-0.202889 0.375035 
-0.15476 0.387518 
-0.440974 0.28536 
-0.272423 0.354792 
-0.105193 0.399161 
-0.0798099 0.404623 
0.0263147 0.423138 
-0.179 0.381375 
0.640187 0.0211003 
-0.338669 0.332199 
0.55128 0.288904 
-0.561536 0.18491 
0.641121 0.0827325 
0.463845 0.362831 
0.5971 0.219948 
0.540084 0.30148 
0.490211 0.345347 
0.50308 0.335567 
0.51563 0.325098 
0.527994 0.313745 
0.111901 0.431766 
-0.459698 0.274113 
0.324525 0.417451 
0.296032 0.423178 
0.266097 0.427714 
0.636414 0.113764 
0.632868 0.129176 
0.62353 0.159887 
0.642423 0.0517464 
0.642209 0.0672185 
-0.359995 0.323932 
0.641751 0.0363583 
-0.0539989 0.4098 
0.571354 0.262674 
-0.000987374 0.419113 
-0.226427 0.368498 
-0.380935 0.315183 
-0.632921 -0.00242796 
-0.249607 0.361756 
0.351844 0.410521 
0.377945 0.402426 
0.0541827 0.426646 
0.0827115 0.429558 
0.404341 0.39258 
0.1418 0.433155 
0.172391 0.433586 
-0.0277294 0.414648 
0.203379 0.432914 
-0.631184 0.0199312 
-0.616531 0.0859745 
0.608035 0.197869 
0.617761 0.175279 
0.589139 0.234408 
0.234738 0.430996 
0.45057 0.37052 
0.430836 0.380768 
0.477078 0.354451 
ZONE T="boundary5"
-0.463033 -0.36426 
-0.536843 -0.282384 
-0.427614 -0.394239 
-0.40847 -0.408621 
-0.592371 -0.188807 
-0.601761 -0.167498 
-0.47945 -0.348646 
-0.571584 -0.228769 
-0.50989 -0.316136 
-0.495241 -0.332414 
0.62778 -0.0308799 
-0.632726 -0.0359865 
-0.633222 -0.0136218 
-0.630812 -0.0582636 
-0.627536 -0.0804206 
-0.610027 -0.145969 
-0.617097 -0.124294 
-0.622948 -0.102444 
-0.388776 -0.422247 
-0.220572 -0.501006 
-0.193752 -0.508441 
-0.247076 -0.492409 
-0.272811 -0.48282 
-0.345674 -0.448397 
-0.298128 -0.472129 
-0.322149 -0.460763 
-0.36749 -0.435758 
-0.111263 -0.523713 
-0.0834263 -0.526343 
-0.139021 -0.519829 
-0.166487 -0.514738 
-0.523881 -0.299304 
-0.549108 -0.264973 
-0.560685 -0.247076 
-0.582382 -0.208994 
-0.445616 -0.379589 
0.639067 0.0135033 
0.632399 -0.0163229 
0.636166 -0.00153128 
0.609032 -0.0730336 
0.601233 -0.0865891 
0.444964 -0.264125 
0.622325 -0.0451977 
-0.0273998 -0.527747 
-0.0554967 -0.5277 
0.0286228 -0.523742 
0.000564275 -0.526447 
0.0838854 -0.514041 
0.0563565 -0.519624 
0.216459 -0.462915 
0.19067 -0.476374 
0.138067 -0.498328 
0.111148 -0.506952 
0.164601 -0.488137 
0.560455 -0.141901 
0.24185 -0.447784 
0.266853 -0.430981 
0.315522 -0.392757 
0.407346 -0.303997 
0.386648 -0.325379 
0.427806 -0.282422 
0.462089 -0.245855 
0.481185 -0.22575 
0.500346 -0.205947 
0.542052 -0.162506 
0.577877 -0.1205 
0.616041 -0.0593028 
0.592811 -0.0997581 
0.36327 -0.34875 
0.339371 -0.371494 
0.52139 -0.1843 
0.291372 -0.412628 
-0.418113 -0.401524 
-0.597191 -0.178208 
-0.471317 -0.356532 
-0.502645 -0.324346 
-0.633155 -0.0248086 
-0.62934 -0.0693669 
-0.613704 -0.135178 
-0.6254 -0.0914654 
-0.207201 -0.504869 
-0.259994 -0.487752 
-0.310198 -0.466572 
-0.356646 -0.442187 
-0.0973574 -0.525186 
-0.15278 -0.517434 
-0.180152 -0.511738 
-0.516969 -0.307789 
-0.554983 -0.25608 
-0.587482 -0.198953 
-0.378201 -0.429111 
-0.454399 -0.372009 
-0.436685 -0.387 
-0.487425 -0.340607 
0.630193 -0.0236358 
-0.620173 -0.113409 
0.605214 -0.079861 
-0.333976 -0.454704 
0.625152 -0.0380783 
-0.0414469 -0.527891 
0.0146115 -0.525272 
0.070158 -0.517017 
-0.398689 -0.41553 
0.203655 -0.469831 
0.124666 -0.50283 
0.151404 -0.493423 
0.254457 -0.439552 
0.397032 -0.314719 
0.4176 -0.293228 
0.453523 -0.25498 
0.436394 -0.273278 
0.490752 -0.215826 
-0.631942 -0.0471405 
0.551351 -0.152288 
0.612624 -0.0662146 
0.597096 -0.0932206 
0.56931 -0.131318 
0.619278 -0.052294 
0.637727 0.0059632 
-0.606029 -0.156785 
-0.577079 -0.218933 
-0.530447 -0.290908 
0.63439 -0.00895602 
-0.233869 -0.496851 
-0.0694676 -0.527183 
0.097564 -0.510684 
0.375019 -0.337125 
0.327539 -0.382237 
0.510884 -0.195129 
-0.125162 -0.521926 
-0.0134083 -0.527267 
0.0425165 -0.521863 
0.177715 -0.482444 
0.279219 -0.421957 
0.531783 -0.173456 
-0.285526 -0.477611 
0.3514 -0.36021 
-0.566217 -0.237971 
-0.543063 -0.273739 
0.229254 -0.455529 
0.303549 -0.402826 
0.585509 -0.110249 
0.471618 -0.235773 
