ZONE T="boundary0"
-4 -1 
-4 -0.842127 
-4 0.0220273 
-4 0.231239 
-4 0.175941 
-4 0.462006 
-4 0.830196 
-4 1 
-4 -0.105765 
-4 0.660392 
-4 0.561199 
-4 0.134195 
-4 0.0924497 
-4 0.387825 
-4 -0.0418686 
-4 0.313645 
-4 -0.168345 
-4 -0.294153 
-4 -0.509465 
-4 -0.262539 
-4 -0.596859 
-4 -0.684253 
-4 -0.433423 
-4 -0.199635 
-4 -0.230925 
-4 -0.325767 
-4 -0.357381 
-4 -0.921063 
-4 0.20359 
-4 0.915098 
-4 0.511603 
-4 0.113322 
-4 0.0572385 
-4 0.272442 
-4 0.424916 
-4 -0.640556 
-4 -0.471444 
-4 -0.553162 
-4 -0.76319 
-4 0.610796 
-4 0.745294 
-4 -0.278346 
-4 -0.18399 
-4 -0.137055 
-4 -0.341574 
-4 -0.246732 
-4 -0.21528 
-4 -0.00992066 
-4 -0.395402 
-4 -0.30996 
-4 0.155068 
-4 0.350735 
-4 -0.0738166 
ZONE T="boundary1"
-2.73779 1 
-3.08821 1 
-4 1 
2.65988 1 
2.3086 1 
1.11118 1 
-0.172908 1 
0.852117 1 
0.934014 1 
0.659935 1 
0.756026 1 
4 1 
3.72634 1 
0.243173 1 
-0.698567 1 
-1.32984 1 
-1.76597 1 
-3.56581 1 
3.25593 1 
3.05919 1 
-2.32225 1 
-2.53002 1 
1.80245 1 
1.63177 1 
2.14087 1 
2.85953 1 
0.183705 1 
0.139765 1 
0.095825 1 
-0.310121 1 
0.302641 1 
0.0233465 1 
-0.0491319 1 
0.348573 1 
-0.11102 1 
-0.594562 1 
0.486369 1 
0.394505 1 
-0.400339 1 
-0.490558 1 
-0.794853 1 
0.573152 1 
-0.891139 1 
-0.996331 1 
-1.10152 1 
-3.32701 1 
1.46284 1 
1.54731 1 
-3.78291 1 
-1.21568 1 
1.01591 1 
1.20645 1 
1.33465 1 
-1.47154 1 
-1.61323 1 
-1.91871 1 
1.97314 1 
-2.12048 1 
3.58951 1 
3.45268 1 
3.3543 1 
-2.913 1 
2.48424 1 
0.893066 1 
0.707981 1 
3.86317 1 
3.15756 1 
-2.42614 1 
1.71711 1 
2.22473 1 
0.161735 1 
0.117795 1 
-0.241514 1 
0.213439 1 
0.272907 1 
-0.0128927 1 
0.325607 1 
-0.141964 1 
-0.646565 1 
0.440437 1 
-0.445448 1 
-0.35523 1 
-0.54256 1 
-0.74671 1 
0.616544 1 
-0.842996 1 
-1.04893 1 
1.50508 1 
-3.67436 1 
-1.27276 1 
-3.44641 1 
0.804072 1 
0.974962 1 
1.15881 1 
1.06355 1 
1.27055 1 
1.39875 1 
-1.54238 1 
-1.84234 1 
-1.6896 1 
-1.1586 1 
1.58954 1 
-3.20761 1 
-3.89145 1 
2.7597 1 
-2.01959 1 
-2.22137 1 
-2.6339 1 
-0.0800759 1 
0.0595858 1 
0.371539 1 
0.529761 1 
3.52109 1 
3.40349 1 
3.65792 1 
3.30512 1 
2.057 1 
1.8878 1 
-0.943735 1 
-1.40069 1 
2.95936 1 
ZONE T="boundary2"
4 -0.714603 
4 -0.366037 
4 -0.459303 
4 -0.313501 
4 0.1627 
4 0.237817 
4 -0.586953 
4 0.283085 
4 0.328354 
4 0.0654738 
4 -0.0223042 
4 1 
4 0.618383 
4 -1 
4 0.200258 
4 0.409766 
4 0.491177 
4 0.745589 
4 -0.185523 
4 -0.223244 
4 -0.260964 
4 -0.147803 
4 -0.110082 
4 -0.41267 
4 -0.339769 
4 -0.523128 
4 0.0215848 
4 -0.857302 
4 0.30572 
4 0.181479 
4 0.36906 
4 0.260451 
4 0.114087 
4 0.450472 
4 0.681986 
4 -0.204384 
4 -0.287233 
4 -0.166663 
4 -0.0661932 
4 0.55478 
4 -0.650778 
4 0.872794 
4 0.219037 
4 -0.242104 
4 -0.128942 
ZONE T="boundary3"
-4 -1 
-3.87387 -1 
-0.360499 -1 
-0.467368 -1 
-1.02599 -1 
-0.912114 -1 
0.00398298 -1 
1.46147 -1 
0.60561 -1 
0.326841 -1 
0.68597 -1 
0.8051 -1 
1.15986 -1 
1.04205 -1 
4 -1 
3.60747 -1 
1.68365 -1 
1.56019 -1 
1.95662 -1 
2.7606 -1 
-3.00744 -1 
-2.20673 -1 
2.43712 -1 
-2.60739 -1 
-1.66891 -1 
-1.80336 -1 
3.21493 -1 
2.98777 -1 
-1.52737 -1 
3.4112 -1 
1.26131 -1 
-3.25146 -1 
-0.632717 -1 
-0.283521 -1 
-0.206544 -1 
0.525249 -1 
0.450184 -1 
-0.0546578 -1 
-0.130601 -1 
0.0626237 -1 
0.375119 -1 
-0.577601 -1 
0.170593 -1 
0.224578 -1 
-0.799974 -1 
-0.687833 -1 
0.92423 -1 
1.36276 -1 
-3.74774 -1 
1.80711 -1 
-3.49548 -1 
2.10612 -1 
-1.38583 -1 
-1.4566 -1 
-1.13987 -1 
-1.93782 -1 
-1.26285 -1 
-2.40706 -1 
0.278562 -1 
-0.856044 -1 
-3.93694 -1 
-0.413933 -1 
-0.969054 -1 
0.745535 -1 
3.80373 -1 
1.62192 -1 
-2.80742 -1 
-1.73613 -1 
3.10135 -1 
3.50933 -1 
1.21059 -1 
-0.32201 -1 
-0.245032 -1 
0.487717 -1 
-0.0926293 -1 
0.0333034 -1 
0.412652 -1 
-0.522484 -1 
0.116608 -1 
-0.0253374 -1 
-0.743904 -1 
0.64579 -1 
0.864665 -1 
0.56543 -1 
1.10095 -1 
1.31204 -1 
0.983138 -1 
-3.81081 -1 
1.51083 -1 
1.74538 -1 
1.41212 -1 
-3.62161 -1 
2.03137 -1 
-1.42122 -1 
-1.32434 -1 
-1.20136 -1 
-1.08293 -1 
1.88187 -1 
3.31307 -1 
-1.49199 -1 
2.27162 -1 
-2.07227 -1 
-2.30689 -1 
-2.50722 -1 
-3.12945 -1 
0.25157 -1 
0.197585 -1 
0.35098 -1 
0.302702 -1 
-0.168572 -1 
-0.828009 -1 
-3.37347 -1 
-1.59814 -1 
2.87419 -1 
2.59886 -1 
-1.87059 -1 
-0.605159 -1 
-0.660275 -1 
-0.884079 -1 
ZONE T="boundary4"
-0.404135 0.328597 
-0.443174 0.296819 
0.643483 0.0566191 
-0.616972 0.0247552 
0.473106 0.379168 
0.557171 0.274823 
0.539731 0.302808 
-0.504835 0.234173 
0.509039 0.342841 
0.49772 0.355317 
-0.565205 0.150908 
0.485912 0.367274 
0.432109 0.411092 
0.446181 0.401073 
0.648544 -0.0015576 
0.599738 0.188295 
0.612167 0.158977 
0.645767 0.0420495 
0.530355 0.316138 
-0.319844 0.383546 
-0.297496 0.39568 
-0.610669 0.0483383 
-0.60293 0.071746 
-0.583285 0.117669 
-0.59379 0.0948744 
-0.574566 0.134464 
-0.55548 0.166624 
-0.545222 0.181994 
-0.625236 -0.0226617 
-0.0757411 0.476048 
-0.10207 0.469817 
-0.476809 0.264867 
-0.491064 0.249748 
-0.423953 0.313081 
-0.383799 0.343366 
-0.362972 0.357424 
-0.341617 0.37083 
-0.227773 0.428246 
-0.251439 0.418034 
-0.525799 0.208478 
-0.203469 0.437898 
-0.178882 0.446842 
-0.15366 0.455197 
-0.621827 0.00106884 
-0.0215333 0.486344 
0.00640223 0.490335 
-0.274784 0.40713 
0.0344505 0.493443 
0.0633431 0.495692 
-0.128195 0.462819 
0.45983 0.390453 
0.647397 0.0274119 
0.648325 0.0129313 
-0.460296 0.281164 
0.402347 0.429584 
0.371556 0.445449 
0.519967 0.329723 
0.572569 0.246177 
-0.0487177 0.481604 
0.0922881 0.496956 
0.122192 0.497189 
0.152067 0.496286 
0.182679 0.49412 
0.213153 0.490629 
0.586558 0.21732 
0.623397 0.129671 
0.632978 0.100486 
0.640549 0.0712994 
0.244848 0.485469 
0.308177 0.469831 
0.276392 0.478633 
0.33998 0.458844 
0.548699 0.288977 
0.503444 0.349139 
0.439197 0.406157 
0.60606 0.173679 
0.644704 0.0493462 
-0.308717 0.389699 
-0.613994 0.0365917 
-0.606969 0.0600972 
0.535106 0.309519 
-0.588693 0.106343 
-0.569964 0.14273 
0.479573 0.373292 
-0.550415 0.174352 
-0.560412 0.158809 
-0.579009 0.126109 
-0.0889286 0.473029 
-0.483999 0.257367 
-0.433643 0.305044 
-0.394032 0.336071 
-0.352349 0.364214 
-0.373444 0.350483 
-0.239644 0.423226 
-0.515474 0.221456 
-0.330781 0.377274 
-0.598523 0.0833742 
-0.166302 0.451111 
-0.623709 -0.0107725 
-0.00758103 0.488449 
0.0488879 0.494689 
-0.414116 0.320931 
-0.263153 0.412669 
-0.49801 0.242014 
-0.140956 0.4591 
0.453062 0.395837 
-0.53569 0.195369 
-0.191208 0.442459 
-0.619576 0.0129466 
0.648525 0.005688 
-0.468631 0.273095 
0.387105 0.437815 
0.52523 0.322985 
0.514571 0.336341 
0.565064 0.260608 
0.466529 0.384884 
0.10724 0.497211 
0.137135 0.496883 
0.491878 0.361359 
0.579672 0.231801 
0.617935 0.14438 
0.628393 0.115143 
0.647948 0.020177 
0.646666 0.0347398 
0.64209 0.0639737 
-0.286183 0.401491 
-0.215657 0.433161 
-0.0622504 0.478927 
-0.0351433 0.484077 
0.0778109 0.496449 
-0.115158 0.466413 
0.0204144 0.492001 
0.167386 0.495364 
0.197937 0.492545 
0.637021 0.0859577 
0.229035 0.488247 
0.292351 0.474468 
0.324169 0.464597 
0.355889 0.45243 
0.593231 0.202844 
0.260668 0.482264 
0.417418 0.420647 
-0.451809 0.289072 
ZONE T="boundary5"
-0.260797 -0.457657 
-0.287806 -0.456327 
-0.233732 -0.457233 
-0.592238 -0.232637 
-0.624587 -0.117253 
-0.626874 -0.093722 
-0.62775 -0.0700963 
-0.615802 -0.163939 
-0.620894 -0.140668 
-0.572006 -0.272864 
-0.56055 -0.291569 
-0.506591 -0.35712 
-0.341594 -0.447868 
-0.314782 -0.453102 
-0.36799 -0.440576 
-0.206912 -0.455221 
-0.12699 -0.441398 
-0.180108 -0.451781 
-0.153554 -0.447124 
-0.10056 -0.434832 
0.646786 -0.0301362 
-0.521526 -0.341791 
-0.486985 -0.37481 
0.642079 -0.05807 
-0.548535 -0.308939 
-0.535622 -0.325578 
0.648544 -0.0015576 
0.648032 -0.0159272 
-0.465389 -0.391581 
-0.0473734 -0.419793 
-0.0739707 -0.42755 
-0.418681 -0.419885 
-0.442539 -0.406671 
0.0340139 -0.395106 
0.434154 -0.284088 
0.46093 -0.271179 
-0.582429 -0.253494 
-0.625236 -0.0226617 
-0.627208 -0.046402 
0.531941 -0.224883 
-0.0204635 -0.411666 
0.00649566 -0.403433 
-0.601449 -0.209971 
0.0615394 -0.38699 
0.0896825 -0.379009 
0.486148 -0.256974 
0.510487 -0.241035 
0.20444 -0.350165 
0.233471 -0.343493 
-0.609308 -0.187071 
0.14658 -0.364024 
0.117813 -0.371406 
0.17525 -0.35702 
0.262841 -0.336724 
0.292009 -0.329781 
0.349963 -0.314385 
0.321096 -0.322406 
0.40671 -0.295424 
0.378521 -0.305478 
0.600062 -0.152931 
0.585881 -0.171777 
0.62954 -0.0984288 
0.634441 -0.0852058 
0.623963 -0.111327 
0.638611 -0.0717896 
0.612794 -0.132838 
0.644802 -0.0441849 
0.569707 -0.190181 
0.552463 -0.207204 
-0.393704 -0.43125 
-0.27432 -0.457219 
-0.247269 -0.457656 
-0.625905 -0.105507 
-0.627489 -0.0819178 
-0.618518 -0.152344 
-0.622913 -0.128991 
-0.30133 -0.454956 
-0.354866 -0.444478 
-0.220319 -0.456416 
-0.193498 -0.453668 
-0.514166 -0.349564 
-0.496944 -0.366143 
-0.55466 -0.300338 
-0.542191 -0.317349 
0.64838 -0.00874586 
-0.476343 -0.383402 
-0.0606631 -0.423715 
-0.0872531 -0.43126 
-0.430737 -0.413513 
0.447638 -0.277841 
-0.577349 -0.263253 
-0.627657 -0.058247 
0.0202521 -0.399252 
-0.596998 -0.22137 
0.0756069 -0.382956 
0.0477718 -0.391016 
0.498446 -0.249215 
0.218961 -0.346819 
-0.612721 -0.175555 
0.132193 -0.367668 
0.160915 -0.360482 
0.521337 -0.233133 
0.277436 -0.333291 
0.335557 -0.318492 
-0.566408 -0.2823 
0.420504 -0.28994 
0.593153 -0.162493 
0.626836 -0.104915 
0.636616 -0.0785258 
0.632079 -0.0918502 
0.618617 -0.122207 
0.643534 -0.0511458 
0.645887 -0.0371739 
0.640438 -0.0649533 
0.647502 -0.02304 
0.561225 -0.19884 
-0.528687 -0.333786 
-0.587471 -0.243133 
-0.6264 -0.034519 
-0.11376 -0.438208 
-0.140256 -0.444379 
-0.38094 -0.436166 
-0.406304 -0.425816 
0.248164 -0.340121 
0.39267 -0.300609 
0.473651 -0.264285 
-0.328242 -0.450737 
-0.166817 -0.449594 
-0.0339126 -0.41575 
0.103744 -0.375161 
0.306572 -0.32616 
0.36428 -0.310059 
-0.00698314 -0.40755 
-0.454108 -0.399349 
0.189847 -0.353564 
-0.605538 -0.198579 
0.606636 -0.143018 
0.577963 -0.181132 
0.542349 -0.216223 
