ZONE T="boundary0"
-4 -0.176068 
-4 -0.205195 
-4 0.398476 
-4 0.664024 
-4 0.46913 
-4 0.566577 
-4 0.207869 
-4 0.832012 
-4 1 
-4 -0.836849 
-4 -0.271103 
-4 -0.293072 
-4 -0.349588 
-4 -0.406104 
-4 -0.227165 
-4 -0.32133 
-4 -0.473003 
-4 -0.14694 
-4 -0.539901 
-4 -0.673699 
-4 -1 
-4 0.267846 
-4 0.138702 
-4 0.0695349 
-4 0.327822 
-4 -0.249134 
-4 -0.0886844 
-4 -0.00957474 
-4 -0.190631 
-4 0.517854 
-4 0.916006 
-4 -0.282088 
-4 -0.377846 
-4 -0.439553 
-4 -0.506452 
-4 -0.6068 
-4 -0.918425 
-4 0.237857 
-4 0.104119 
-4 0.297834 
-4 0.615301 
-4 0.748018 
-4 -0.755274 
-4 -0.238149 
-4 -0.335459 
-4 -0.307201 
-4 -0.161504 
-4 -0.260118 
-4 -0.21618 
-4 -0.117812 
-4 -0.0491296 
-4 0.0299801 
-4 0.173286 
-4 0.433803 
-4 0.363149 
ZONE T="boundary1"
-3.84829 1 
-4 1 
-3.69658 1 
1.06277 1 
0.95396 1 
1.2929 1 
1.90847 1 
3.875 1 
0.149991 1 
1.73972 1 
1.5002 1 
-1.41911 1 
0.39626 1 
-0.185394 1 
3.39397 1 
3.77413 1 
3.52069 1 
-0.857934 1 
-3.39316 1 
-1.08141 1 
1.17784 1 
-1.30601 1 
3.07157 1 
2.8759 1 
4 1 
-1.87012 1 
2.4787 1 
-2.95387 1 
-2.04624 1 
-3.17351 1 
2.27796 1 
-0.441031 1 
-0.536942 1 
-0.116427 1 
-0.265257 1 
-0.225325 1 
-0.74596 1 
-0.641451 1 
-0.345119 1 
0.0872103 1 
0.019875 1 
-0.0474603 1 
0.304515 1 
0.212771 1 
0.510247 1 
0.624235 1 
-0.969907 1 
-1.19291 1 
-1.69401 1 
-1.55656 1 
0.845148 1 
0.734691 1 
-2.2307 1 
1.39655 1 
3.26724 1 
-2.41515 1 
-2.68451 1 
2.07723 1 
-3.92415 1 
1.00837 1 
1.61996 1 
3.64741 1 
-3.54487 1 
1.1203 1 
2.97374 1 
3.9375 1 
2.6773 1 
-3.06369 1 
-0.488987 1 
-0.15091 1 
-0.245291 1 
-0.693706 1 
-0.305188 1 
0.0535427 1 
-0.0137926 1 
0.350388 1 
0.181381 1 
0.453254 1 
0.258643 1 
-0.589197 1 
-0.801947 1 
-0.91392 1 
-1.13716 1 
-1.62528 1 
-1.02566 1 
-1.24946 1 
-1.36256 1 
0.78992 1 
0.679463 1 
0.899554 1 
-1.78207 1 
-1.95818 1 
-2.13847 1 
1.44838 1 
3.16941 1 
-2.32292 1 
-2.54983 1 
-2.81919 1 
3.82457 1 
-3.28334 1 
2.1776 1 
1.8241 1 
1.99285 1 
-3.77243 1 
-0.0819436 1 
0.1186 1 
-0.393075 1 
-0.205359 1 
1.23537 1 
-1.48784 1 
2.37833 1 
0.567241 1 
1.34473 1 
3.45733 1 
3.3306 1 
ZONE T="boundary2"
4 -0.511594 
4 -0.417741 
4 -0.802724 
4 -0.315595 
4 0.0452995 
4 0.119832 
4 0.194364 
4 -0.229951 
4 -0.272773 
4 0.245891 
4 0.302459 
4 0.761222 
4 0.880611 
4 0.399881 
4 0.35117 
4 0.461163 
4 -0.174006 
4 0.641833 
4 0.522444 
4 1 
4 -0.118061 
4 -0.605447 
4 -1 
4 -0.464667 
4 -0.366668 
4 0.157098 
4 -0.251362 
4 0.274175 
4 0.375526 
4 0.582139 
4 0.940306 
4 0.220127 
4 0.0825656 
4 0.326815 
4 0.491803 
4 0.430522 
4 -0.146033 
4 -0.201978 
4 -0.0363806 
4 -0.294184 
4 -0.558521 
4 -0.704085 
4 -0.901362 
4 0.820917 
4 0.701528 
ZONE T="boundary3"
-3.81132 -1 
-3.62264 -1 
3.82455 -1 
-0.954749 -1 
0.118222 -1 
0.161234 -1 
3.64909 -1 
3.47364 -1 
-1.02922 -1 
0.298331 -1 
0.229783 -1 
-0.121899 -1 
-0.0591598 -1 
1.01776 -1 
1.24658 -1 
-0.184639 -1 
0.851175 -1 
0.934469 -1 
-0.326727 -1 
-1.48404 -1 
1.13217 -1 
-1.37242 -1 
-1.2608 -1 
-2.36063 -1 
-2.56383 -1 
-1.72668 -1 
-2.0217 -1 
3.29818 -1 
-2.76703 -1 
2.57805 -1 
2.93812 -1 
0.388844 -1 
0.582751 -1 
-0.505512 -1 
0.0752094 -1 
0.00802479 -1 
0.479357 -1 
0.76866 -1 
-0.880279 -1 
-4 -1 
-0.731337 -1 
-0.618424 -1 
-1.14501 -1 
0.686145 -1 
1.37488 -1 
1.50319 -1 
-3.34826 -1 
1.7268 -1 
1.94484 -1 
-3.19967 -1 
-3.05108 -1 
-1.87419 -1 
2.16287 -1 
2.37046 -1 
2.05386 -1 
4 -1 
-3.71698 -1 
0.139728 -1 
3.56136 -1 
0.264057 -1 
-0.0905296 -1 
-1.31661 -1 
-2.46223 -1 
-2.19117 -1 
-2.66543 -1 
3.11815 -1 
2.75809 -1 
-0.416119 -1 
0.0967155 -1 
0.041617 -1 
-0.0255675 -1 
-0.153269 -1 
-0.255682 -1 
0.434101 -1 
0.809918 -1 
-0.917514 -1 
-3.90566 -1 
-0.805808 -1 
-0.561968 -1 
-1.08711 -1 
-0.991985 -1 
-0.674881 -1 
0.634448 -1 
0.976115 -1 
1.07497 -1 
0.892822 -1 
1.18938 -1 
1.31073 -1 
1.43903 -1 
0.727403 -1 
-3.48545 -1 
1.61499 -1 
1.83582 -1 
-3.27397 -1 
-1.60536 -1 
-1.80044 -1 
3.38591 -1 
-2.90905 -1 
-1.94795 -1 
2.10837 -1 
3.73682 -1 
3.91227 -1 
0.343588 -1 
0.195508 -1 
0.531054 -1 
-1.2029 -1 
-1.42823 -1 
-3.12538 -1 
1.99935 -1 
2.26667 -1 
2.47426 -1 
ZONE T="boundary4"
0.552994 0.15446 
0.573037 0.133714 
-0.249341 0.50064 
-0.222392 0.509076 
-0.611696 0.140628 
-0.602899 0.165504 
-0.628116 0.066015 
-0.618862 0.1157 
0.636256 0.0298039 
0.631679 0.0422127 
-0.624346 0.0907967 
-0.630471 0.0171776 
0.649226 -0.0346527 
-0.464537 0.369826 
-0.443634 0.38874 
-0.195083 0.516128 
-0.501095 0.331952 
-0.484504 0.349976 
-0.595204 0.184237 
-0.586855 0.202462 
-0.621805 0.103294 
0.643457 0.00437529 
0.281691 0.386973 
0.257316 0.406351 
0.620561 0.0665029 
-0.577845 0.220366 
-0.568456 0.237552 
-0.55851 0.254416 
0.306835 0.366058 
-0.541218 0.280902 
-0.516903 0.313261 
-0.529358 0.297302 
-0.421903 0.406631 
-0.399336 0.423504 
-0.376007 0.439294 
-0.351942 0.453971 
-0.275822 0.490872 
-0.301797 0.479806 
-0.327183 0.467493 
-0.139666 0.525953 
-0.111716 0.528664 
-0.167461 0.521769 
-0.630157 0.0414564 
-0.0281289 0.527718 
-0.0558525 0.529558 
-0.0837908 0.529871 
0.053765 0.512909 
-0.000515325 0.524326 
0.0267182 0.519406 
0.408522 0.278309 
0.382826 0.300476 
0.531862 0.174104 
0.484565 0.214193 
0.459374 0.235098 
0.434221 0.256319 
0.508425 0.194342 
0.0803161 0.504901 
0.132275 0.484286 
0.157703 0.471692 
0.232414 0.424946 
0.207697 0.441989 
0.106473 0.495364 
0.182869 0.457557 
0.646057 -0.00858442 
0.640203 0.0171231 
0.647969 -0.0215438 
0.590905 0.112468 
0.331698 0.344789 
0.357296 0.322613 
0.606984 0.0898465 
0.563177 0.144243 
-0.23592 0.505027 
-0.607479 0.15313 
-0.615471 0.128219 
0.634047 0.0360376 
-0.454196 0.379406 
-0.208783 0.512776 
-0.492893 0.34105 
-0.591117 0.193389 
-0.623127 0.0970557 
-0.620382 0.109509 
0.269566 0.396741 
-0.582429 0.211454 
-0.599149 0.17491 
-0.563554 0.246026 
0.294311 0.376573 
-0.550056 0.267785 
-0.509098 0.322691 
-0.523202 0.305338 
-0.410719 0.4152 
-0.364062 0.446776 
-0.262642 0.495921 
-0.314565 0.473803 
-0.387765 0.431537 
-0.125709 0.527495 
-0.181308 0.519127 
-0.0419778 0.52883 
-0.535364 0.289157 
-0.474637 0.360019 
-0.0698194 0.529906 
-0.339644 0.460881 
0.0131363 0.522059 
-0.573221 0.228997 
0.395665 0.289382 
0.542538 0.164401 
0.471954 0.224628 
0.446774 0.24568 
0.520215 0.184306 
0.496517 0.204294 
0.0670977 0.509094 
0.145073 0.478158 
-0.0977616 0.529455 
0.244945 0.415755 
0.220143 0.433593 
0.119451 0.490003 
0.195373 0.449916 
0.093462 0.500317 
0.641912 0.0107702 
0.638312 0.0234891 
0.648681 -0.0280903 
0.647096 -0.0150519 
0.644841 -0.00208773 
-0.153591 0.524043 
-0.288878 0.485498 
0.58217 0.123258 
0.0402881 0.516351 
0.344505 0.33371 
-0.432873 0.397813 
-0.0142981 0.526216 
0.170375 0.464783 
0.319292 0.355454 
0.421357 0.267298 
-0.630529 0.0293198 
0.626424 0.0544969 
0.614048 0.0783353 
0.599192 0.101333 
-0.629349 0.0537534 
-0.626439 0.0784374 
0.370056 0.31154 
ZONE T="boundary5"
-0.557849 -0.179699 
-0.57236 -0.160275 
-0.60652 -0.0979177 
0.156236 -0.439983 
0.128333 -0.439182 
-0.621145 -0.0533388 
-0.596737 -0.119347 
-0.630471 0.0171776 
-0.629065 -0.00674897 
-0.62595 -0.0302783 
0.649226 -0.0346527 
-0.61466 -0.0759079 
0.562463 -0.285656 
-0.465256 -0.26542 
-0.486186 -0.249875 
-0.176857 -0.38732 
-0.148775 -0.394815 
-0.0378289 -0.419489 
-0.20482 -0.379356 
-0.288907 -0.352048 
-0.261018 -0.36172 
-0.0102552 -0.424318 
-0.0931363 -0.408195 
-0.0655417 -0.414089 
-0.121013 -0.401737 
0.296009 -0.429705 
0.268129 -0.433923 
-0.505943 -0.233503 
-0.541869 -0.1984 
-0.524533 -0.216334 
0.643524 -0.113222 
-0.343439 -0.330889 
-0.369972 -0.319226 
-0.232993 -0.370802 
-0.419807 -0.293941 
-0.4431 -0.28012 
-0.395366 -0.306975 
0.430772 -0.388084 
0.637087 -0.139079 
0.524287 -0.326254 
0.502966 -0.344066 
0.628699 -0.164698 
0.618556 -0.190047 
-0.316585 -0.341724 
0.480076 -0.360393 
0.455942 -0.37507 
0.0174301 -0.42859 
0.045049 -0.432244 
0.593629 -0.239566 
0.606826 -0.215068 
-0.585331 -0.140159 
0.100513 -0.437589 
0.072773 -0.435262 
0.240172 -0.436976 
0.184175 -0.439929 
0.212188 -0.438951 
0.40496 -0.399376 
0.351149 -0.41743 
0.323652 -0.42425 
0.378298 -0.409166 
0.544235 -0.306703 
0.553569 -0.296362 
0.649773 -0.0609045 
0.649099 -0.0740152 
0.647818 -0.0871229 
0.578886 -0.26324 
-0.565268 -0.170109 
0.142282 -0.439685 
-0.629984 0.00520164 
-0.475825 -0.257787 
-0.162831 -0.391126 
-0.190855 -0.383397 
-0.274989 -0.35696 
-0.0793519 -0.411203 
-0.134908 -0.398333 
0.282092 -0.431964 
-0.496173 -0.24182 
-0.533333 -0.207495 
-0.550008 -0.189176 
-0.356754 -0.325167 
-0.431537 -0.287171 
-0.382727 -0.31322 
-0.454274 -0.272914 
-0.218926 -0.375142 
0.5138 -0.335367 
0.623819 -0.177449 
-0.33005 -0.336401 
0.46814 -0.367947 
0.0312294 -0.430494 
0.600403 -0.227412 
-0.579022 -0.150331 
-0.627723 -0.0185423 
-0.107089 -0.405025 
0.114418 -0.438481 
0.058902 -0.433836 
0.00357625 -0.426526 
0.254166 -0.435589 
0.170205 -0.440067 
0.198186 -0.43956 
-0.591222 -0.129856 
0.337443 -0.421013 
0.391701 -0.404466 
0.309862 -0.427138 
0.443466 -0.381788 
0.548955 -0.30158 
0.417954 -0.393931 
-0.0516978 -0.416853 
0.558071 -0.291055 
0.633111 -0.15196 
-0.407657 -0.30059 
0.649513 -0.0674638 
0.648533 -0.0805763 
0.0866356 -0.436514 
0.534459 -0.31668 
-0.247028 -0.366329 
-0.0240539 -0.421971 
0.612865 -0.202639 
0.649821 -0.0477719 
0.645948 -0.100218 
0.491674 -0.352444 
0.226189 -0.438092 
0.36478 -0.413482 
-0.302778 -0.346972 
0.640553 -0.126212 
-0.610795 -0.0869884 
-0.623761 -0.0418532 
-0.601826 -0.108722 
-0.618113 -0.0646838 
-0.515356 -0.225046 
0.586463 -0.251531 
0.570898 -0.274612 
