ZONE T="boundary0"
-4 -0.259225 
-4 -0.283887 
-4 0.48598 
-4 0.573899 
-4 0.296654 
-4 0.230016 
-4 0.422872 
-4 0.359763 
-4 0.661817 
-4 -0.112524 
-4 -0.185237 
-4 0.830909 
-4 1 
-4 0.16802 
-4 0.106024 
-4 -0.234562 
-4 -0.355057 
-4 -0.488478 
-4 -0.634189 
-4 -0.717649 
-4 0.0331067 
-4 -0.0398108 
-4 -0.858824 
-4 -1 
-4 -0.319472 
-4 -0.426226 
-4 -0.55073 
-4 -0.271556 
-4 0.52994 
-4 0.263335 
-4 0.391317 
-4 0.328208 
-4 -0.148881 
-4 0.746363 
-4 0.137022 
-4 0.454426 
-4 -0.675919 
-4 -0.00335208 
-4 -0.929412 
-4 0.915454 
-4 -0.337264 
-4 -0.390642 
-4 -0.30168 
-4 -0.2099 
-4 -0.519604 
-4 -0.457352 
-4 0.199018 
-4 0.0695655 
-4 -0.0761675 
-4 -0.592459 
-4 0.617858 
-4 -0.788236 
-4 -0.246894 
ZONE T="boundary1"
3.75533 1 
3.33586 1 
3.51067 1 
-0.043069 1 
0.218845 1 
0.0255407 1 
0.0941505 1 
1.46884 1 
1.35619 1 
1.23255 1 
-2.01136 1 
-3.3577 1 
-3.57662 1 
-1.16109 1 
-3.78831 1 
-4 1 
0.773246 1 
-0.589952 1 
3.16106 1 
-2.1446 1 
-1.51293 1 
-1.58475 1 
-1.73143 1 
-3.13879 1 
-2.99274 1 
0.878626 1 
2.96902 1 
-1.87812 1 
-2.41108 1 
2.34958 1 
1.87488 1 
2.11223 1 
0.47815 1 
0.326135 1 
0.156498 1 
-0.114088 1 
-0.242349 1 
0.402143 1 
0.573008 1 
-0.719999 1 
4 1 
-0.850046 1 
-0.937378 1 
-1.02471 1 
0.667866 1 
1.10892 1 
0.993771 1 
-1.36929 1 
-1.44111 1 
-1.29747 1 
2.77698 1 
1.58148 1 
-2.62889 1 
-2.8467 1 
2.56328 1 
-0.185106 1 
-0.299591 1 
-0.414075 1 
-0.502014 1 
1.72818 1 
3.42327 1 
0.0598456 1 
1.41251 1 
1.29437 1 
-3.46716 1 
-3.89415 1 
3.24846 1 
-2.07798 1 
-1.54884 1 
-1.65809 1 
-3.06577 1 
3.06504 1 
-1.94474 1 
2.2309 1 
0.187671 1 
0.125324 1 
-0.00876411 1 
0.27249 1 
0.364139 1 
0.440146 1 
0.525579 1 
-0.654976 1 
3.87767 1 
-0.785023 1 
-0.981043 1 
0.720556 1 
0.825936 1 
1.05134 1 
1.17074 1 
-1.4052 1 
-1.22928 1 
-1.0929 1 
-1.80478 1 
-1.33338 1 
0.620437 1 
1.99355 1 
-2.7378 1 
-2.51999 1 
-2.91972 1 
-3.24825 1 
2.45643 1 
2.67013 1 
2.873 1 
-3.68246 1 
-2.27784 1 
-0.0785783 1 
-0.149597 1 
-0.27097 1 
-0.213727 1 
-0.356833 1 
-0.458045 1 
-0.545983 1 
-0.893712 1 
0.936198 1 
3.633 1 
1.80153 1 
1.65483 1 
1.52516 1 
-1.47702 1 
ZONE T="boundary2"
4 -0.240974 
4 -0.210531 
4 -0.169669 
4 -0.128807 
4 0.0444978 
4 0.113394 
4 0.377966 
4 0.330308 
4 -0.0421546 
4 0.182291 
4 0.28265 
4 -0.855671 
4 -0.502679 
4 -0.417491 
4 -0.271417 
4 -0.332304 
4 -0.374898 
4 0.443908 
4 0.509851 
4 0.632388 
4 1 
4 -1 
4 -0.711342 
4 -0.30186 
4 -0.607011 
4 0.754925 
4 -0.225752 
4 -0.1901 
4 -0.149238 
4 0.0789461 
4 0.354137 
4 0.23247 
4 0.147843 
4 -0.0854808 
4 -0.460085 
4 0.00117164 
4 -0.256196 
4 -0.353601 
4 0.47688 
4 0.306479 
4 -0.927835 
4 -0.783506 
4 -0.286639 
4 -0.396195 
4 0.410937 
4 -0.554845 
4 -0.659176 
4 0.693657 
4 0.571119 
4 0.877463 
4 -0.317082 
ZONE T="boundary3"
-3.56686 -1 
-3.75 -1 
-1.4762 -1 
-3.38372 -1 
-1.30175 -1 
0.177773 -1 
0.0404851 -1 
1.36093 -1 
-2.39978 -1 
-2.57668 -1 
-1.1254 -1 
0.504737 -1 
-1.38897 -1 
-0.904113 -1 
-0.838609 -1 
1.60525 -1 
1.48309 -1 
2.1714 -1 
2.39462 -1 
-3.875 -1 
3.50602 -1 
-2.12405 -1 
-2.26192 -1 
2.97425 -1 
2.68443 -1 
-2.75358 -1 
-3.22619 -1 
3.75301 -1 
0.109129 -1 
-0.102784 -1 
-0.169633 -1 
-0.236483 -1 
-0.0311493 -1 
0.246968 -1 
0.316162 -1 
0.410449 -1 
-0.524998 -1 
0.628986 -1 
-0.773105 -1 
-0.642098 -1 
-0.322191 -1 
-0.407898 -1 
1.0678 -1 
0.753235 -1 
-4 -1 
1.16709 -1 
0.96851 -1 
0.860873 -1 
3.24014 -1 
-1.01475 -1 
1.77671 -1 
1.94818 -1 
-1.66226 -1 
-1.84832 -1 
-3.06865 -1 
4 -1 
2.53952 -1 
3.10719 -1 
-3.47529 -1 
-2.48823 -1 
-1.21357 -1 
-1.43259 -1 
-0.871361 -1 
1.54417 -1 
2.28301 -1 
-3.8125 -1 
-2.19299 -1 
2.82934 -1 
-3.30495 -1 
0.143451 -1 
-0.136209 -1 
-0.0669665 -1 
0.00466791 -1 
0.21237 -1 
0.0748072 -1 
-0.203058 -1 
0.281565 -1 
0.363306 -1 
0.457593 -1 
0.566862 -1 
-0.707601 -1 
-0.365045 -1 
-0.466448 -1 
-0.583548 -1 
-3.9375 -1 
1.42201 -1 
1.26401 -1 
1.11745 -1 
0.807054 -1 
3.37308 -1 
-1.07008 -1 
1.69098 -1 
1.86245 -1 
2.05979 -1 
-2.33085 -1 
-1.98619 -1 
-1.75529 -1 
-1.56923 -1 
-2.91111 -1 
3.87651 -1 
3.62952 -1 
2.61198 -1 
-3.65843 -1 
-2.66513 -1 
-0.279337 -1 
0.914691 -1 
0.691111 -1 
-0.805857 -1 
-0.959434 -1 
1.01816 -1 
-1.34536 -1 
2.46707 -1 
3.04072 -1 
3.17367 -1 
-3.14742 -1 
ZONE T="boundary4"
0.568359 0.246449 
-0.634361 -0.00647348 
-0.472222 0.279759 
-0.634861 0.0123965 
-0.583954 0.182106 
-0.347856 0.32403 
-0.330424 0.328123 
0.554039 0.266903 
0.50163 0.320549 
0.479497 0.336824 
0.618757 0.123823 
0.613609 0.145976 
-0.634331 0.0312698 
0.623339 0.0552958 
-0.591929 0.169888 
-0.626212 0.0870593 
-0.630028 0.0687067 
-0.632731 0.0500661 
-0.535117 0.236682 
-0.621288 0.105021 
-0.605959 0.144197 
-0.599249 0.157285 
-0.616942 0.118003 
-0.575403 0.19384 
-0.511439 0.255514 
-0.498808 0.264162 
-0.566255 0.205144 
-0.611979 0.130762 
0.620963 0.0326066 
0.522544 0.302214 
-0.164664 0.360589 
-0.139907 0.365274 
-0.546162 0.226519 
-0.523564 0.246333 
-0.485831 0.272181 
-0.429073 0.299286 
-0.443812 0.293284 
-0.458313 0.286734 
-0.365228 0.319628 
-0.311851 0.332203 
-0.293264 0.336066 
-0.253457 0.343872 
0.466201 0.345351 
-0.413599 0.304973 
-0.397953 0.310176 
-0.187647 0.356262 
-0.210695 0.351938 
-0.0343976 0.38496 
-0.0623539 0.379885 
-0.381647 0.3151 
-0.23205 0.347928 
-0.273349 0.340031 
0.599951 0.185919 
0.591143 0.205661 
0.616626 0.0100371 
0.0228782 0.394562 
0.0522592 0.398873 
-0.0887722 0.374957 
0.395733 0.378901 
0.622186 0.101214 
0.424616 0.367206 
0.366467 0.388391 
0.452535 0.353278 
0.438718 0.360526 
0.113331 0.405934 
0.144827 0.408331 
0.176489 0.409718 
0.305084 0.401982 
0.272922 0.406247 
0.607372 0.166255 
0.581355 0.22465 
0.623747 0.078306 
-0.115202 0.36996 
0.538886 0.285286 
-0.00639337 0.38982 
0.0827134 0.402753 
0.335768 0.396161 
0.208604 0.409946 
0.240934 0.408832 
-0.556473 0.216073 
-0.634737 0.00295856 
-0.339147 0.326111 
0.561397 0.256814 
0.490733 0.328916 
0.616391 0.134947 
-0.634728 0.0218371 
-0.588021 0.176048 
-0.628262 0.0779124 
-0.631519 0.0594067 
-0.623892 0.0960789 
-0.60269 0.150785 
-0.595671 0.163634 
-0.505176 0.259913 
-0.570901 0.199548 
-0.614538 0.12441 
0.622395 0.0439242 
0.512291 0.311613 
-0.152283 0.362929 
-0.579754 0.188027 
-0.529399 0.241576 
-0.540702 0.231667 
-0.492366 0.268246 
-0.479069 0.276046 
-0.517557 0.250996 
-0.436469 0.296351 
-0.451095 0.290081 
-0.356552 0.321872 
-0.465305 0.283319 
-0.302561 0.334157 
-0.405795 0.307632 
-0.176153 0.358423 
-0.0483806 0.382444 
-0.389816 0.312692 
-0.221371 0.349935 
-0.242753 0.345907 
0.59569 0.195853 
-0.263404 0.341963 
-0.283308 0.338067 
0.0375575 0.396779 
0.620699 0.112552 
0.410283 0.373323 
0.381179 0.383893 
0.445663 0.356974 
0.160649 0.40916 
-0.199169 0.354099 
0.289029 0.404332 
0.610656 0.156166 
0.58638 0.215224 
0.603809 0.176142 
-0.37345 0.31741 
0.619033 0.0212746 
-0.321143 0.330194 
0.472898 0.341163 
-0.127553 0.367617 
0.623209 0.0897749 
-0.101988 0.372463 
0.546645 0.276243 
-0.0755654 0.377432 
-0.0204026 0.387422 
0.067473 0.400894 
0.0980095 0.40444 
0.129067 0.40725 
0.320466 0.399292 
0.351178 0.39252 
0.00823269 0.392239 
0.224772 0.409567 
0.256941 0.407734 
0.192542 0.409989 
-0.633667 0.0406797 
-0.561431 0.21067 
0.623792 0.0667949 
-0.609057 0.137519 
-0.619191 0.111539 
-0.42136 0.302194 
0.53088 0.293908 
0.575045 0.235663 
-0.551383 0.221355 
0.431701 0.363936 
0.459412 0.349389 
ZONE T="boundary5"
-0.627153 -0.0624759 
-0.630459 -0.0439431 
-0.634361 -0.00647348 
-0.632877 -0.0252697 
-0.599166 -0.15137 
-0.60608 -0.134281 
-0.612346 -0.116966 
-0.61806 -0.0989875 
-0.47422 -0.337908 
-0.486724 -0.324735 
-0.58405 -0.183836 
0.482822 -0.237965 
0.470052 -0.262613 
-0.208498 -0.505753 
-0.231809 -0.497 
-0.253713 -0.487955 
-0.623006 -0.0808267 
-0.315589 -0.457715 
-0.352796 -0.435781 
-0.275313 -0.478216 
-0.295614 -0.468279 
-0.334364 -0.44703 
-0.107634 -0.534121 
-0.1345 -0.528004 
-0.159822 -0.521301 
-0.184914 -0.513734 
-0.403021 -0.400855 
-0.4611 -0.350955 
-0.50969 -0.298352 
-0.549827 -0.243274 
-0.530641 -0.27126 
-0.447602 -0.363628 
-0.418598 -0.388589 
-0.433284 -0.376314 
0.0353638 -0.549764 
0.00558464 -0.548895 
-0.0235911 -0.546796 
0.0945632 -0.547403 
0.495047 -0.215618 
0.204302 -0.525745 
0.123149 -0.544129 
0.0650128 -0.54929 
0.178445 -0.533222 
0.151311 -0.539379 
0.229468 -0.516769 
0.254076 -0.50615 
0.279273 -0.493102 
0.332364 -0.456562 
0.306443 -0.476132 
0.351325 -0.439726 
0.369359 -0.421356 
0.381082 -0.407995 
0.392323 -0.394006 
-0.387084 -0.412666 
-0.370117 -0.424477 
0.413667 -0.363909 
0.444835 -0.311121 
0.431753 -0.334517 
0.403211 -0.379258 
0.530274 -0.158422 
0.610418 -0.0121791 
0.457398 -0.287314 
0.602464 -0.0339799 
0.616626 0.0100371 
0.50788 -0.193748 
0.518951 -0.175947 
0.556618 -0.118315 
0.543507 -0.138344 
0.592916 -0.0553897 
0.581935 -0.0765109 
0.569645 -0.0976032 
-0.0805908 -0.539263 
-0.0521429 -0.543584 
-0.567555 -0.21429 
-0.633739 -0.0158806 
-0.602701 -0.142857 
-0.615295 -0.108006 
-0.631782 -0.0346206 
-0.48052 -0.331366 
0.476392 -0.250264 
-0.22019 -0.501473 
-0.285503 -0.473326 
-0.305644 -0.463075 
-0.325018 -0.452444 
-0.121093 -0.531183 
-0.147189 -0.52476 
-0.196738 -0.50984 
-0.467708 -0.344479 
-0.498397 -0.311707 
-0.540428 -0.257398 
-0.425985 -0.382504 
-0.343624 -0.441476 
-0.410855 -0.394779 
-0.454397 -0.357339 
-0.242797 -0.492565 
-0.609296 -0.125653 
-0.620631 -0.089933 
0.0204716 -0.549493 
-0.00901208 -0.547996 
0.488858 -0.226744 
0.108879 -0.545949 
0.0798021 -0.548529 
0.164924 -0.536495 
0.266794 -0.49986 
0.24186 -0.511665 
0.319618 -0.46664 
0.360494 -0.430697 
0.386775 -0.401062 
-0.378645 -0.418635 
0.43838 -0.322871 
0.408507 -0.371633 
-0.395096 -0.406818 
0.606642 -0.023154 
-0.264553 -0.483173 
0.45117 -0.299249 
0.501383 -0.20463 
0.51337 -0.184817 
0.524585 -0.167163 
0.55009 -0.128344 
0.536882 -0.148374 
-0.520365 -0.284958 
0.597864 -0.044763 
-0.625182 -0.0716738 
-0.361499 -0.430193 
0.397839 -0.386688 
-0.628914 -0.0532283 
-0.44049 -0.370023 
0.613745 -0.00113465 
0.375293 -0.414742 
-0.1724 -0.517625 
0.5759 -0.0871198 
0.563201 -0.108 
0.587569 -0.0660249 
0.0501935 -0.549698 
0.216956 -0.521454 
0.19143 -0.529675 
-0.0941344 -0.536814 
0.137264 -0.541947 
0.46374 -0.274973 
-0.0663861 -0.54156 
-0.0378811 -0.54533 
0.293039 -0.484914 
-0.558873 -0.228892 
-0.576016 -0.199177 
-0.591874 -0.167725 
0.341987 -0.44831 
0.422906 -0.349344 
