ZONE T="boundary0"
-4 -0.439808 
-4 -0.332539 
-4 0.0348497 
-4 0.315235 
-4 0.213526 
-4 0.825352 
-4 0.650703 
-4 0.38204 
-4 0.448845 
-4 0.130465 
-4 0.171995 
-4 0.549774 
-4 -0.133188 
-4 -0.528198 
-4 -0.808294 
-4 -1 
-4 1 
-4 -0.288721 
-4 -0.216975 
-4 -0.244903 
-4 -0.189046 
-4 -0.0491691 
-4 -0.616588 
-4 0.738027 
-4 0.415443 
-4 0.15123 
-4 0.49931 
-4 0.600239 
-4 -0.904147 
-4 0.912676 
-4 -0.386173 
-4 -0.230939 
-4 -0.161117 
-4 0.0826572 
-4 0.192761 
-4 0.264381 
-4 0.348638 
-4 -0.0071597 
-4 -0.572393 
-4 -0.484003 
-4 -0.712441 
-4 -0.266812 
-4 -0.31063 
-4 -0.20301 
-4 -0.0911786 
ZONE T="boundary1"
1.65362 1 
0.708004 1 
0.91846 1 
1.02521 1 
-0.0933926 1 
-0.144187 1 
-2.49486 1 
-2.68263 1 
0.449557 1 
-1.03754 1 
-1.14074 1 
-3.77264 1 
-4 1 
3.81646 1 
3.63291 1 
3.26582 1 
1.51036 1 
1.3671 1 
-3.54529 1 
-1.76737 1 
-1.92644 1 
2.51318 1 
-3.28067 1 
-3.01604 1 
2.26031 1 
2.82148 1 
-2.11677 1 
-1.60831 1 
0.287897 1 
0.220548 1 
0.00819628 1 
-0.491388 1 
-0.605404 1 
-0.330244 1 
-0.262613 1 
-0.194982 1 
0.1532 1 
0.368727 1 
-0.410816 1 
0.643392 1 
0.514169 1 
0.0806979 1 
-0.0425982 1 
0.57878 1 
-0.71942 1 
-0.826876 1 
-0.934331 1 
0.813232 1 
1.13196 1 
1.24953 1 
1.83054 1 
-1.35726 1 
-1.249 1 
-1.48278 1 
4 1 
2.00745 1 
-2.3071 1 
-2.84933 1 
0.971835 1 
-0.11879 1 
-2.58874 1 
-1.08914 1 
-3.88632 1 
3.72468 1 
1.58199 1 
1.43873 1 
-3.14835 1 
2.38674 1 
3.04365 1 
3.44937 1 
-1.68784 1 
0.254222 1 
-0.548396 1 
-0.296429 1 
0.409142 1 
0.186874 1 
-0.169584 1 
0.328312 1 
0.675698 1 
0.481863 1 
0.116949 1 
-0.0679954 1 
-0.228797 1 
-3.65897 1 
0.611086 1 
-0.880603 1 
-0.451102 1 
-0.37053 1 
0.865846 1 
0.760618 1 
-0.985934 1 
1.07859 1 
-0.773148 1 
-0.662412 1 
1.19074 1 
1.74208 1 
-1.30313 1 
-1.54555 1 
3.90823 1 
-1.42002 1 
-1.8469 1 
2.66733 1 
1.91899 1 
-2.40098 1 
2.13388 1 
-2.76598 1 
-3.41298 1 
-2.93269 1 
-2.21193 1 
-2.0216 1 
0.0444471 1 
-0.0172009 1 
0.546475 1 
-1.19487 1 
1.30831 1 
ZONE T="boundary2"
4 -0.697527 
4 -0.848764 
4 -0.359265 
4 -0.431845 
4 -0.504424 
4 -0.317948 
4 -0.276631 
4 -0.0354466 
4 0.0545246 
4 -1 
4 0.584038 
4 0.722692 
4 -0.246108 
4 -0.0949929 
4 0.144496 
4 0.220449 
4 0.514712 
4 1 
4 -0.600976 
4 -0.215585 
4 -0.185062 
4 -0.154539 
4 0.258425 
4 0.296402 
4 0.182472 
4 0.333648 
4 0.370893 
4 0.445385 
4 -0.773146 
4 -0.468134 
4 -0.297289 
4 0.00953902 
4 -0.0652197 
4 0.653365 
4 0.861346 
4 -0.924382 
4 -0.338607 
4 -0.230846 
4 -0.169801 
4 -0.261369 
4 -0.395555 
4 -0.124766 
4 0.277414 
4 0.163484 
4 0.0995102 
4 0.35227 
4 0.408139 
4 0.549375 
4 0.480048 
4 -0.5527 
4 -0.649252 
4 -0.200323 
4 0.201461 
4 0.239437 
4 0.315025 
ZONE T="boundary3"
-3.0416 -1 
-1.41021 -1 
-1.2806 -1 
-1.0604 -1 
3.70933 -1 
4 -1 
-0.839089 -1 
-0.949747 -1 
-0.416194 -1 
-0.303859 -1 
0.840761 -1 
0.966906 -1 
-4 -1 
-3.75368 -1 
-2.81802 -1 
-0.201911 -1 
0.0859928 -1 
0.132775 -1 
-3.50736 -1 
0.179558 -1 
1.1885 -1 
-2.29798 -1 
-2.06678 -1 
-1.83557 -1 
2.53476 -1 
2.77433 -1 
2.05031 -1 
2.29254 -1 
3.18776 -1 
3.36162 -1 
3.01391 -1 
3.53548 -1 
-3.27448 -1 
-2.558 -1 
0.338345 -1 
0.282343 -1 
0.22634 -1 
0.457092 -1 
0.585854 -1 
-0.0303766 -1 
-0.0999635 -1 
0.0392103 -1 
0.714615 -1 
-0.150938 -1 
-0.252885 -1 
-0.517362 -1 
1.0777 -1 
1.38979 -1 
1.28914 -1 
1.5234 -1 
1.85366 -1 
1.75533 -1 
1.657 -1 
-0.72881 -1 
-1.1705 -1 
-1.6877 -1 
-1.53983 -1 
-0.618531 -1 
-3.15804 -1 
-1.34541 -1 
3.85467 -1 
-0.894418 -1 
-0.360027 -1 
0.903833 -1 
-3.87684 -1 
0.109384 -1 
-3.63052 -1 
-1.95117 -1 
2.65454 -1 
2.17143 -1 
3.27469 -1 
3.62241 -1 
-2.68801 -1 
-2.18238 -1 
0.310344 -1 
0.202949 -1 
0.254342 -1 
0.397718 -1 
0.521473 -1 
-0.0651701 -1 
0.00441683 -1 
0.650235 -1 
-0.125451 -1 
0.777688 -1 
1.0223 -1 
1.33947 -1 
1.1331 -1 
1.95199 -1 
1.5902 -1 
-1.00508 -1 
-0.78395 -1 
-1.11545 -1 
-0.67367 -1 
-3.39092 -1 
3.44855 -1 
2.41365 -1 
3.10084 -1 
2.89412 -1 
-2.42799 -1 
-1.76164 -1 
-2.92981 -1 
0.0626015 -1 
0.156167 -1 
-0.466778 -1 
-0.567946 -1 
-0.227398 -1 
-0.278372 -1 
-0.176424 -1 
1.45659 -1 
1.80449 -1 
1.70617 -1 
-1.22555 -1 
-1.47502 -1 
-1.61376 -1 
1.23882 -1 
-3.09982 -1 
-3.21626 -1 
ZONE T="boundary4"
-0.587535 0.168723 
-0.228136 0.504057 
0.44357 0.372987 
0.449644 0.358567 
0.377533 0.469025 
0.389128 0.45712 
-0.440304 0.369016 
-0.420997 0.386141 
-0.632586 0.00640847 
-0.630837 0.0243698 
-0.62475 0.0606325 
-0.620465 0.0787818 
-0.542381 0.248947 
-0.558799 0.222593 
-0.460062 0.350055 
-0.401048 0.402543 
-0.382961 0.416387 
-0.364426 0.42965 
-0.346893 0.4414 
0.460565 0.328049 
-0.329015 0.452641 
-0.310531 0.463527 
0.476279 0.272568 
-0.628221 0.0424521 
-0.291732 0.473879 
-0.271383 0.484317 
-0.205245 0.513261 
-0.180224 0.522406 
-0.154916 0.530731 
-0.127377 0.538784 
-0.0995838 0.545889 
0.410294 0.431222 
-0.609625 0.114695 
-0.615405 0.0968355 
0.419835 0.417246 
-0.599783 0.140866 
0.468801 0.300502 
0.400049 0.444523 
0.35281 0.49043 
0.32502 0.509557 
0.436992 0.386955 
0.42878 0.402415 
-0.250722 0.494147 
-0.0394229 0.557888 
-0.00813102 0.562334 
0.230064 0.549851 
0.263361 0.539181 
0.195449 0.557933 
0.160589 0.563467 
0.12615 0.566721 
0.575866 0.0327608 
0.514179 0.158582 
0.526174 0.133331 
0.585684 0.00693592 
0.598649 -0.0450823 
0.593322 -0.0188896 
0.502923 0.185311 
0.564327 0.0583787 
0.551794 0.083514 
-0.573834 0.195936 
-0.52427 0.275195 
0.484203 0.242567 
-0.069604 0.552438 
-0.483111 0.325813 
0.493082 0.212811 
0.0249954 0.565691 
0.0581143 0.567618 
-0.504472 0.300902 
0.538814 0.108533 
0.295635 0.525532 
0.0919058 0.56803 
0.446679 0.365807 
0.383417 0.463156 
-0.430731 0.377669 
-0.631818 0.0153995 
-0.622704 0.0697299 
-0.550733 0.235859 
-0.355703 0.43559 
0.45536 0.3434 
-0.373747 0.423093 
-0.319813 0.458151 
-0.629632 0.0334259 
-0.281597 0.479175 
-0.337995 0.447085 
-0.192772 0.517936 
-0.167604 0.526671 
-0.113511 0.542455 
-0.612601 0.105793 
-0.301169 0.46877 
0.415164 0.424302 
-0.604882 0.127847 
0.464819 0.314317 
0.39468 0.450901 
0.339177 0.500374 
0.440357 0.380007 
0.432988 0.39474 
-0.626586 0.0515614 
0.424411 0.409893 
0.405267 0.437947 
-0.239468 0.499191 
-0.0237984 0.560261 
0.246826 0.54487 
0.212834 0.554224 
0.143393 0.565349 
-0.618027 0.0878343 
0.520059 0.145902 
0.580998 0.0199327 
0.596285 -0.0319251 
0.508378 0.171874 
0.558148 0.0709899 
0.472602 0.286552 
-0.566465 0.209348 
-0.533492 0.262186 
-0.216726 0.508748 
0.480191 0.257555 
-0.261089 0.489309 
-0.392061 0.409538 
-0.593849 0.154878 
-0.580853 0.182415 
-0.450279 0.359636 
-0.411099 0.394435 
-0.0846237 0.5493 
-0.0545385 0.555301 
-0.471741 0.338081 
-0.141181 0.534876 
0.497809 0.198991 
0.0415442 0.566837 
0.570258 0.0456427 
-0.514542 0.28818 
0.532438 0.120904 
0.545317 0.0960305 
0.279661 0.532741 
0.310528 0.517913 
0.109036 0.567603 
0.00841457 0.564186 
-0.493953 0.313496 
0.365471 0.480073 
0.178066 0.560994 
0.589767 -0.00589855 
0.488464 0.227636 
0.0750076 0.568027 
ZONE T="boundary5"
-0.285644 -0.324527 
-0.266979 -0.32763 
-0.552753 -0.221233 
-0.542865 -0.230424 
-0.608983 -0.140751 
-0.614783 -0.126695 
0.445903 -0.350278 
0.433106 -0.357095 
-0.632516 -0.0462346 
-0.460384 -0.281702 
-0.633433 -0.0289303 
-0.587791 -0.179148 
-0.595444 -0.166979 
0.491785 -0.31918 
-0.562252 -0.21148 
-0.571216 -0.201289 
-0.602402 -0.154413 
-0.619998 -0.111646 
-0.624371 -0.0961847 
-0.184271 -0.342062 
0.469743 -0.335581 
0.458394 -0.342927 
-0.304343 -0.321386 
-0.339484 -0.315156 
-0.355968 -0.311959 
-0.16159 -0.346372 
-0.22697 -0.334395 
-0.372408 -0.308503 
-0.205581 -0.338165 
0.601712 -0.0977177 
0.0848018 -0.39396 
-0.532535 -0.239131 
-0.521753 -0.247368 
-0.510567 -0.255098 
-0.498543 -0.262585 
-0.579802 -0.190435 
0.600373 -0.0582106 
0.599422 -0.123898 
-0.321912 -0.318346 
-0.486227 -0.269464 
-0.473412 -0.275874 
0.391061 -0.375217 
0.365373 -0.383594 
-0.446723 -0.287158 
0.601464 -0.0714077 
-0.633455 -0.0113736 
-0.632586 0.00640847 
0.41919 -0.363772 
0.48095 -0.327624 
-0.246943 -0.330983 
0.5785 -0.200149 
0.583263 -0.18797 
0.339608 -0.390279 
-0.6307 -0.0632276 
-0.138982 -0.350825 
0.19512 -0.403581 
0.165807 -0.402361 
0.138095 -0.400255 
0.110531 -0.397339 
0.059206 -0.390051 
0.0338801 -0.385727 
0.284838 -0.399652 
0.312128 -0.395743 
-0.0417763 -0.370949 
-0.0165889 -0.376091 
0.00866993 -0.381054 
-0.115134 -0.355666 
-0.0665595 -0.365785 
-0.0913184 -0.360603 
-0.627987 -0.0798825 
0.594675 -0.149852 
0.528257 -0.283593 
0.568152 -0.222799 
0.556405 -0.244247 
0.54343 -0.264146 
0.510669 -0.302348 
-0.395493 -0.303045 
0.598649 -0.0450823 
0.255626 -0.402334 
-0.432611 -0.292184 
0.226667 -0.403608 
0.587542 -0.175612 
-0.418335 -0.296725 
-0.276312 -0.326079 
-0.547865 -0.225889 
-0.611984 -0.133764 
0.43954 -0.353753 
-0.633088 -0.0375885 
-0.591702 -0.173117 
-0.566799 -0.206442 
-0.557564 -0.216417 
-0.605791 -0.147629 
-0.617501 -0.119208 
-0.622295 -0.103946 
0.464107 -0.339313 
-0.294995 -0.322964 
-0.347731 -0.313585 
-0.172927 -0.344197 
-0.364196 -0.310268 
-0.216273 -0.336264 
-0.194923 -0.340096 
-0.527193 -0.243314 
-0.5046 -0.258914 
-0.583872 -0.184845 
-0.537753 -0.23484 
-0.516206 -0.251299 
-0.492425 -0.266096 
-0.466928 -0.278856 
0.378284 -0.379612 
-0.45358 -0.284497 
-0.479856 -0.272741 
0.600999 -0.0648026 
-0.633556 -0.0201521 
-0.59901 -0.160744 
0.405237 -0.369771 
0.601908 -0.0845597 
-0.236955 -0.332678 
0.580941 -0.194082 
-0.575581 -0.195919 
-0.63313 -0.00247712 
0.352539 -0.387125 
0.180458 -0.403107 
0.151942 -0.401417 
0.124303 -0.398893 
0.0465345 -0.387939 
-0.631723 -0.0547434 
0.325907 -0.393206 
-0.0291863 -0.373538 
-0.00396517 -0.378601 
-0.0541694 -0.368374 
-0.0789386 -0.363192 
0.426183 -0.360508 
-0.330702 -0.316774 
0.452188 -0.34667 
-0.62946 -0.0715739 
0.47539 -0.331664 
0.486415 -0.323463 
0.562476 -0.233632 
0.50141 -0.310969 
0.597346 -0.13693 
-0.626296 -0.0880597 
-0.383972 -0.305869 
0.59959 -0.0516361 
-0.31313 -0.31988 
-0.25696 -0.329301 
0.0976568 -0.395722 
0.0719945 -0.392067 
0.270249 -0.401176 
-0.150283 -0.348581 
-0.43969 -0.289735 
0.519679 -0.293173 
0.573531 -0.211568 
-0.127055 -0.35323 
0.0212679 -0.38343 
-0.103224 -0.358126 
0.241154 -0.403134 
0.591388 -0.162809 
0.298508 -0.397873 
0.210893 -0.403769 
0.60088 -0.110835 
-0.425492 -0.294512 
-0.406947 -0.300007 
0.550117 -0.254327 
0.585464 -0.181814 
0.536059 -0.274038 
