ZONE T="boundary0"
-4 -0.372849 
-4 -0.331099 
-4 0.116062 
-4 0.199737 
-4 0.263172 
-4 0.390435 
-4 0.318776 
-4 0.573899 
-4 0.482167 
-4 0.1579 
-4 -0.237293 
-4 -0.185237 
-4 -0.148881 
-4 0.680424 
-4 0.786949 
-4 1 
-4 0.0381258 
-4 0.0770941 
-4 -0.0398108 
-4 -0.112524 
-4 -0.289348 
-4 -0.634189 
-4 -0.561334 
-4 -0.430664 
-4 -0.817095 
-4 -1 
-4 -0.488478 
-4 -0.351974 
-4 0.231455 
-4 0.354605 
-4 0.290974 
-4 0.528033 
-4 0.136981 
-4 -0.167059 
-4 0.627161 
-4 0.733687 
-4 0.893475 
-4 0.178819 
-4 0.0576099 
-4 -0.000842536 
-4 0.436301 
-4 -0.310224 
-4 -0.263321 
-4 -0.130702 
-4 -0.0761675 
-4 -0.597761 
-4 -0.908547 
-4 -0.725642 
-4 -0.211265 
-4 -0.459571 
-4 -0.524906 
-4 -0.401756 
-4 0.0965782 
ZONE T="boundary1"
3.5019 1 
3.15244 1 
-1.35315 1 
-1.44111 1 
-3.67885 1 
-3.51828 1 
-3.83943 1 
-0.611006 1 
-0.505904 1 
-1.81677 1 
-4 1 
-3.17522 1 
1.0259 1 
1.12891 1 
1.9202 1 
1.6974 1 
1.4746 1 
1.586 1 
-1.53503 1 
-2.62889 1 
-2.42006 1 
4 1 
3.75095 1 
-2.81082 1 
-2.99274 1 
2.41666 1 
2.22499 1 
2.88039 1 
-2.014 1 
-2.21122 1 
0.27932 1 
0.156498 1 
-0.0442735 1 
-0.114088 1 
0.0910193 1 
0.0255407 1 
-0.242349 1 
-0.178218 1 
-0.321575 1 
-0.400802 1 
0.340731 1 
-0.719847 1 
-1.04923 1 
-0.938962 1 
-0.828689 1 
0.673127 1 
0.764535 1 
0.855943 1 
0.537635 1 
0.402143 1 
1.23193 1 
-3.3577 1 
1.35326 1 
-1.26519 1 
-1.15721 1 
-1.62894 1 
2.60833 1 
3.32717 1 
-1.39713 1 
-3.59856 1 
-0.558455 1 
1.07741 1 
1.8088 1 
1.5303 1 
-2.52447 1 
3.87547 1 
-2.90178 1 
2.32083 1 
3.01642 1 
-2.11261 1 
0.217909 1 
-0.0791806 1 
0.05828 1 
-0.00936635 1 
-0.210283 1 
-0.146153 1 
-0.281962 1 
-0.361189 1 
0.310026 1 
-0.665427 1 
-0.994098 1 
-0.774268 1 
-0.453353 1 
-3.75914 1 
0.718831 1 
0.810239 1 
0.605381 1 
0.469889 1 
0.940922 1 
1.18042 1 
-3.43799 1 
-1.2112 1 
-1.10322 1 
-3.91971 1 
-1.72286 1 
3.62642 1 
-1.48807 1 
-2.31564 1 
-1.58198 1 
-1.91538 1 
2.5125 1 
-2.71985 1 
2.0726 1 
-3.08398 1 
-3.26646 1 
0.371437 1 
0.123759 1 
-0.883825 1 
1.41393 1 
1.2926 1 
1.6417 1 
-1.30917 1 
2.74436 1 
ZONE T="boundary2"
4 -0.711342 
4 -0.607011 
4 -0.374898 
4 0.198022 
4 0.146843 
4 0.25225 
4 0.375194 
4 0.340836 
4 1 
4 -0.502679 
4 0.306479 
4 0.225136 
4 0.51342 
4 0.0956641 
4 -0.00512381 
4 0.582931 
4 -0.438788 
4 -0.307936 
4 -0.105912 
4 -0.207208 
4 0.721954 
4 -0.855671 
4 -1 
4 0.443908 
4 -0.274455 
4 -0.240974 
4 -0.173443 
4 -0.659176 
4 0.172433 
4 0.358015 
4 -0.554845 
4 0.0452701 
4 -0.406843 
4 -0.0555178 
4 0.652443 
4 0.860977 
4 -0.783506 
4 -0.927835 
4 0.121254 
4 0.279365 
4 0.323658 
4 0.238693 
4 0.409551 
4 0.211579 
4 0.548176 
4 0.478664 
4 -0.470734 
4 -0.257714 
4 -0.291195 
4 -0.190326 
4 -0.224091 
4 -0.139677 
4 -0.341417 
ZONE T="boundary3"
0.108519 -1 
-0.245912 -1 
-0.608112 -1 
-1.30175 -1 
-1.4762 -1 
-0.448945 -1 
-0.524998 -1 
-1.19412 -1 
0.854633 -1 
0.964337 -1 
1.08039 -1 
3.4301 -1 
-1.66226 -1 
1.19645 -1 
-3.56686 -1 
-3.78343 -1 
1.80198 -1 
1.97406 -1 
-2.57668 -1 
-2.26192 -1 
-1.84832 -1 
2.16476 -1 
3.24014 -1 
2.75689 -1 
2.99851 -1 
-0.100391 -1 
-0.309402 -1 
0.253378 -1 
-0.372893 -1 
0.519718 -1 
0.632324 -1 
0.328709 -1 
0.424213 -1 
-0.691225 -1 
-0.0307007 -1 
0.744929 -1 
0.178048 -1 
0.03899 -1 
-0.75009 -1 
-0.173152 -1 
-0.926682 -1 
-0.808954 -1 
-1.0865 -1 
-4 -1 
1.30027 -1 
1.40409 -1 
-3.31776 -1 
1.6299 -1 
-3.06865 -1 
-2.94566 -1 
-2.82267 -1 
4 -1 
3.81003 -1 
2.35546 -1 
2.26011 -1 
3.62007 -1 
2.55618 -1 
1.517 -1 
-1.38897 -1 
-0.566555 -1 
1.02236 -1 
-1.56923 -1 
-3.67515 -1 
1.88802 -1 
-2.4193 -1 
-2.05512 -1 
2.8777 -1 
-0.277657 -1 
-0.410919 -1 
0.576021 -1 
0.376461 -1 
-0.065546 -1 
0.688627 -1 
0.143284 -1 
0.0737546 -1 
0.00414465 -1 
0.215713 -1 
-0.649669 -1 
-0.136772 -1 
0.291043 -1 
-0.341147 -1 
-0.867818 -1 
-0.486972 -1 
0.471966 -1 
-1.14031 -1 
1.35218 -1 
0.799781 -1 
-1.24793 -1 
1.13842 -1 
-3.44231 -1 
-1.75529 -1 
-1.00659 -1 
-3.1932 -1 
-2.88416 -1 
3.90502 -1 
2.30779 -1 
-3.89172 -1 
1.71594 -1 
3.11933 -1 
-3.00715 -1 
3.52509 -1 
-2.69967 -1 
3.33512 -1 
-0.209532 -1 
-0.720658 -1 
-0.779522 -1 
2.45582 -1 
2.21243 -1 
2.06941 -1 
3.71505 -1 
2.65653 -1 
1.24836 -1 
0.909485 -1 
1.46054 -1 
1.57345 -1 
ZONE T="boundary4"
-0.10469 0.405459 
-0.128177 0.398363 
-0.548472 0.155555 
-0.322451 0.323944 
-0.603766 0.0475871 
-0.608465 0.0297688 
-0.383767 0.292586 
-0.21475 0.368775 
0.609796 0.20139 
0.602078 0.222404 
0.622895 0.019935 
-0.253231 0.35389 
-0.616368 -0.0247756 
-0.234667 0.36121 
0.553811 0.30835 
-0.61213 0.0117249 
0.517253 0.347287 
0.537906 0.326952 
-0.598064 0.06506 
-0.585867 0.0944276 
-0.591395 0.0821158 
-0.572759 0.119283 
-0.579822 0.106527 
-0.565141 0.131744 
-0.557061 0.143797 
0.481712 0.375127 
-0.529976 0.178035 
-0.509638 0.199452 
-0.614761 -0.00648166 
-0.338564 0.31624 
-0.361314 0.304753 
-0.306236 0.331384 
-0.289015 0.338981 
0.439392 0.400033 
-0.411818 0.275945 
0.626356 0.136266 
0.621801 0.159341 
-0.194737 0.376086 
-0.271709 0.34633 
-0.173186 0.383643 
-0.0794537 0.412617 
-0.0540481 0.419314 
-0.0269384 0.42587 
-0.151526 0.390907 
-0.487339 0.220103 
0.630059 0.0657856 
0.467864 0.384115 
0.453799 0.392377 
0.409752 0.413554 
0.424704 0.407084 
0.37959 0.424677 
0.347871 0.433951 
0.0292712 0.437392 
0.0583803 0.442186 
0.568312 0.288319 
0.506385 0.356635 
0.495119 0.365511 
0.629374 0.112874 
0.119698 0.449439 
0.151691 0.451575 
0.0889419 0.446301 
0.249852 0.450117 
0.282876 0.446532 
0.316133 0.441082 
0.616306 0.180608 
0.593436 0.242743 
0.627495 0.0427199 
0.581687 0.266199 
0.630662 0.0893177 
0.000371746 0.431828 
-0.425191 0.267337 
0.183819 0.452491 
0.216562 0.452066 
-0.463471 0.239797 
-0.438344 0.258384 
-0.451027 0.249256 
-0.116449 0.401958 
-0.606244 0.0387108 
0.606065 0.211945 
-0.22472 0.365025 
-0.610427 0.0207721 
0.527812 0.337355 
-0.601041 0.0563634 
-0.588695 0.0882999 
-0.57636 0.112942 
-0.561163 0.137811 
-0.582907 0.100508 
-0.594851 0.0736343 
-0.569016 0.125553 
-0.519988 0.188916 
-0.613574 0.00263923 
-0.349976 0.310574 
-0.372586 0.298758 
-0.297639 0.335214 
-0.314357 0.327695 
-0.330522 0.320126 
-0.397887 0.284431 
0.62426 0.147839 
-0.204755 0.372462 
-0.280374 0.342684 
-0.0920899 0.409095 
-0.0405135 0.422665 
-0.162369 0.387312 
-0.498645 0.209947 
-0.262482 0.350141 
-0.066769 0.416026 
-0.615691 -0.0156185 
0.460876 0.388323 
0.417259 0.410391 
-0.552825 0.149718 
0.432083 0.403632 
0.363807 0.429579 
0.0438059 0.43989 
0.561267 0.298482 
0.51187 0.352021 
0.488472 0.370398 
0.474839 0.379701 
0.500799 0.361133 
-0.24396 0.357579 
0.446635 0.39628 
0.628071 0.124596 
0.135681 0.450654 
-0.183975 0.379901 
0.266385 0.448538 
0.546044 0.317809 
0.619195 0.170011 
0.597889 0.23263 
0.613177 0.191039 
0.62545 0.031272 
-0.539434 0.166966 
0.58778 0.25458 
0.629027 0.0542218 
0.630246 0.101107 
-0.139867 0.394679 
0.073642 0.444362 
0.104304 0.447997 
0.0148005 0.434704 
0.20019 0.452456 
-0.0133033 0.428928 
0.233216 0.45129 
0.167747 0.452192 
0.332055 0.437755 
0.299542 0.444044 
0.630605 0.0775428 
0.57523 0.277397 
-0.444716 0.253861 
-0.475538 0.230113 
-0.457279 0.244569 
-0.418531 0.271683 
-0.431796 0.262905 
0.394769 0.419383 
ZONE T="boundary5"
0.411126 -0.238995 
-0.596031 -0.16798 
-0.583756 -0.200598 
-0.569783 -0.231327 
-0.615276 -0.0795944 
-0.616595 -0.0613683 
-0.616969 -0.0430899 
-0.613048 -0.0977131 
-0.472106 -0.370183 
-0.459043 -0.3834 
-0.601373 -0.150889 
-0.605998 -0.133598 
-0.609945 -0.115715 
-0.247491 -0.519373 
-0.311286 -0.490479 
-0.26979 -0.510235 
-0.290713 -0.500736 
-0.22488 -0.527645 
-0.150763 -0.548103 
-0.176519 -0.542125 
-0.097606 -0.556681 
-0.124844 -0.552921 
0.622895 0.019935 
-0.200829 -0.535384 
0.290455 -0.397227 
-0.484407 -0.356947 
-0.616368 -0.0247756 
-0.536993 -0.28894 
-0.554286 -0.260629 
-0.496291 -0.343345 
-0.517716 -0.316443 
-0.330564 -0.479995 
-0.349468 -0.468845 
-0.367162 -0.457578 
-0.445574 -0.396212 
-0.431203 -0.409054 
-0.416431 -0.421442 
0.489122 -0.16465 
0.506164 -0.149684 
-0.400648 -0.43384 
0.0691987 -0.547656 
0.34014 -0.32983 
0.470108 -0.181324 
-0.384468 -0.445724 
-0.0425925 -0.560093 
-0.0703521 -0.559086 
-0.0144766 -0.559563 
0.0417935 -0.553398 
0.0139063 -0.557346 
0.166804 -0.508809 
0.144407 -0.520675 
0.0952751 -0.540304 
0.188241 -0.495445 
0.120515 -0.531237 
0.208919 -0.480463 
0.252419 -0.441165 
0.306594 -0.376126 
0.274148 -0.417154 
0.229887 -0.462924 
0.355637 -0.308454 
0.323416 -0.353117 
0.39086 -0.262689 
0.451193 -0.198444 
0.371447 -0.287306 
0.430856 -0.218093 
0.61627 -0.00228257 
0.607665 -0.0238032 
0.522947 -0.134475 
0.539449 -0.118593 
0.555246 -0.101995 
0.597146 -0.0445636 
0.584785 -0.0645524 
0.570588 -0.0839 
-0.577006 -0.21607 
-0.616051 -0.0704904 
-0.616902 -0.0522323 
-0.465626 -0.376842 
-0.598789 -0.159462 
-0.614273 -0.088668 
-0.611603 -0.106733 
-0.603778 -0.142268 
-0.280294 -0.505581 
-0.301045 -0.495701 
-0.111244 -0.554966 
-0.212892 -0.531637 
-0.188707 -0.538879 
-0.478307 -0.363612 
-0.545865 -0.274921 
-0.490402 -0.350192 
-0.527568 -0.30284 
-0.358362 -0.463286 
-0.452358 -0.389858 
-0.423866 -0.415306 
-0.258683 -0.514911 
-0.163671 -0.545256 
0.497661 -0.157183 
-0.507208 -0.330055 
-0.392606 -0.439848 
-0.056475 -0.559775 
-0.0285273 -0.560028 
0.0555457 -0.550759 
-0.40859 -0.427705 
-0.236224 -0.523618 
0.0822993 -0.544205 
0.177633 -0.502318 
0.132551 -0.526171 
0.198702 -0.488138 
-0.43844 -0.40269 
0.298592 -0.386738 
0.28239 -0.407275 
0.347862 -0.319123 
0.331781 -0.341479 
0.363493 -0.29784 
-0.340064 -0.474503 
-0.32097 -0.485321 
0.440934 -0.208153 
0.155705 -0.514941 
0.479604 -0.172966 
0.460606 -0.189822 
0.514599 -0.142126 
0.54745 -0.110395 
0.60263 -0.034302 
0.577867 -0.0743644 
0.219547 -0.471884 
-0.375865 -0.451724 
-0.608074 -0.124679 
0.619834 0.008747 
-0.616792 -0.0339296 
0.381057 -0.274909 
0.531271 -0.126611 
-0.0839907 -0.558055 
0.0278846 -0.555596 
0.42087 -0.228414 
0.400862 -0.250715 
0.107973 -0.535996 
0.241337 -0.452259 
0.315047 -0.364659 
-0.137827 -0.550658 
-0.000264759 -0.558671 
0.263458 -0.429341 
-0.562253 -0.246093 
0.612208 -0.0131438 
0.591169 -0.0546884 
0.56306 -0.0930738 
-0.590189 -0.1844 
