ZONE T="boundary0"
-4 -0.54619 
-4 0.0337675 
-4 -0.29062 
-4 -0.216975 
-4 -0.368425 
-4 0.406671 
-4 0.347434 
-4 0.662331 
-4 0.465907 
-4 0.278222 
-4 -0.133072 
-4 -0.0496522 
-4 0.831165 
-4 1 
-4 0.229191 
-4 0.18016 
-4 0.564119 
-4 -0.823074 
-4 -0.734612 
-4 -1 
-4 -0.446231 
-4 -0.646149 
-4 -0.253797 
-4 -0.329522 
-4 0.377052 
-4 0.312828 
-4 -0.091362 
-4 -0.175023 
-4 0.746748 
-4 0.204675 
-4 0.515013 
-4 0.106964 
-4 -0.00794233 
-4 0.436289 
-4 -0.778843 
-4 0.915583 
-4 -0.407328 
-4 -0.496211 
-4 0.253706 
-4 -0.596169 
-4 -0.69038 
-4 -0.911537 
-4 0.613225 
ZONE T="boundary1"
-3.77264 1 
2.79542 1 
3.83882 1 
3.67764 1 
0.315198 1 
0.240941 1 
0.0997893 1 
0.400026 1 
0.696006 1 
0.59043 1 
0.166683 1 
0.484855 1 
0.919221 1 
1.45003 1 
1.53668 1 
-1.76737 1 
-2.11677 1 
-1.56663 1 
1.25038 1 
1.13737 1 
-2.41232 1 
-2.26454 1 
2.39409 1 
3.07535 1 
3.35528 1 
-4 1 
-0.71614 1 
-0.664132 1 
-0.103056 1 
-0.180207 1 
-0.257359 1 
0.0328952 1 
-0.560117 1 
-0.824173 1 
-0.87819 1 
-0.379563 1 
-0.318461 1 
-0.0350802 1 
-0.50811 1 
0.807614 1 
1.0283 1 
-0.770156 1 
4 1 
-1.25458 1 
-1.36589 1 
-0.932207 1 
3.51646 1 
1.36339 1 
-1.46626 1 
-3.01604 1 
-3.28067 1 
1.83054 1 
-2.70787 1 
2.52786 1 
-3.54529 1 
-2.86196 1 
2.26031 1 
-1.03774 1 
-1.14327 1 
-0.612125 1 
2.15287 1 
2.04542 1 
1.93798 1 
-2.56009 1 
3.75823 1 
0.27807 1 
0.357612 1 
0.643218 1 
0.203812 1 
1.49336 1 
-1.94207 1 
-1.667 1 
1.19387 1 
-2.33843 1 
3.21532 1 
2.93538 1 
-3.88632 1 
-0.690136 1 
-0.218783 1 
0.133236 1 
-0.851182 1 
-0.349012 1 
-0.00109249 1 
-0.443837 1 
-0.141631 1 
0.0663423 1 
-0.28791 1 
-0.069068 1 
0.537643 1 
0.75181 1 
0.863417 1 
1.08283 1 
0.973758 1 
-0.797165 1 
3.91941 1 
-1.31024 1 
3.43587 1 
1.30688 1 
-3.14835 1 
1.68361 1 
-1.41608 1 
2.66164 1 
-2.19065 1 
-3.41298 1 
-2.939 1 
2.3272 1 
0.442441 1 
-0.905198 1 
-0.984972 1 
-1.0905 1 
-0.743148 1 
-1.19893 1 
-0.638129 1 
-0.534114 1 
-0.586121 1 
2.20659 1 
2.09915 1 
2.46098 1 
1.88426 1 
1.9917 1 
-1.51645 1 
1.40671 1 
-2.78491 1 
-2.48621 1 
-2.63398 1 
-3.65897 1 
3.59705 1 
ZONE T="boundary2"
4 -1 
4 -0.359265 
4 -0.185062 
4 -0.317948 
4 -0.230846 
4 0.0473121 
4 0.25806 
4 0.323143 
4 -0.504424 
4 -0.628318 
4 -0.431845 
4 -0.276631 
4 -0.115715 
4 -0.0463671 
4 -0.752212 
4 0.170258 
4 0.199526 
4 0.539418 
4 0.463822 
4 0.654564 
4 0.769709 
4 1 
4 0.0941517 
4 0.140991 
4 0.388225 
4 0.290601 
4 -0.566371 
4 -0.297289 
4 -0.150388 
4 -0.253738 
4 -0.207954 
4 -0.0810409 
4 -0.338607 
4 -0.468134 
4 -0.395555 
4 -0.690265 
4 0.000472473 
4 -0.876106 
4 0.184892 
4 0.50162 
4 0.596991 
4 0.712136 
4 0.884855 
4 0.117571 
4 0.0707319 
4 0.355684 
4 0.228793 
4 0.426023 
4 0.155625 
ZONE T="boundary3"
3.84771 -1 
4 -1 
0.486781 -1 
0.585854 -1 
-1.45206 -1 
-1.53291 -1 
-1.06247 -1 
-0.949701 -1 
-0.524519 -1 
-0.62785 -1 
3.38899 -1 
-1.61376 -1 
-0.731182 -1 
-0.840442 -1 
1.55025 -1 
-3.50736 -1 
-3.75368 -1 
-3.3327 -1 
-3.15804 -1 
1.88919 -1 
1.69422 -1 
0.387709 -1 
3.69541 -1 
-2.75676 -1 
-2.623 -1 
2.31148 -1 
2.5388 -1 
-2.43519 -1 
-2.24738 -1 
-2.04383 -1 
-1.84027 -1 
-2.89052 -1 
2.81069 -1 
-0.347088 -1 
0.318325 -1 
0.14162 -1 
0.248941 -1 
0.437245 -1 
-0.247571 -1 
-0.148055 -1 
-0.197813 -1 
0.0576289 -1 
0.195281 -1 
-0.0872086 -1 
-0.0263626 -1 
0.681444 -1 
0.777034 -1 
0.868133 -1 
1.18342 -1 
1.07133 -1 
-0.435803 -1 
1.40627 -1 
1.29485 -1 
-4 -1 
-3.87684 -1 
-1.24445 -1 
-1.17524 -1 
-1.31365 -1 
3.08258 -1 
2.08416 -1 
0.959231 -1 
3.92385 -1 
0.536317 -1 
-1.49249 -1 
-1.00609 -1 
-0.576184 -1 
-0.785812 -1 
-3.63052 -1 
-3.24537 -1 
-2.68988 -1 
2.42514 -1 
-2.34129 -1 
-1.94205 -1 
0.353017 -1 
-0.172934 -1 
-0.29733 -1 
0.0996247 -1 
0.168451 -1 
-0.0567856 -1 
0.0156332 -1 
0.633649 -1 
0.729239 -1 
0.822583 -1 
1.12737 -1 
-0.679516 -1 
-0.480161 -1 
-0.391446 -1 
1.35056 -1 
3.77156 -1 
3.5422 -1 
-3.93842 -1 
-3.42003 -1 
-3.02428 -1 
-1.20984 -1 
-1.72702 -1 
-2.1456 -1 
-1.38286 -1 
3.23579 -1 
2.67474 -1 
1.98667 -1 
-2.82364 -1 
1.79171 -1 
-2.5291 -1 
2.94663 -1 
-0.222692 -1 
0.462013 -1 
0.412477 -1 
-0.117632 -1 
0.222111 -1 
0.283633 -1 
0.913682 -1 
-0.895071 -1 
1.23913 -1 
1.47826 -1 
1.62223 -1 
-1.11886 -1 
-1.57334 -1 
-3.81526 -1 
-1.27905 -1 
1.01528 -1 
2.19782 -1 
ZONE T="boundary4"
-0.540642 0.275574 
-0.525999 0.302377 
-0.274437 0.535667 
-0.295254 0.524524 
-0.590065 0.0353396 
-0.589197 0.122807 
-0.59104 0.105114 
-0.35031 0.490058 
-0.332868 0.501816 
-0.470965 0.380112 
-0.453377 0.400123 
-0.314251 0.513487 
-0.435948 0.418323 
-0.591554 0.0524793 
-0.586549 0.140416 
-0.581186 0.166406 
-0.573549 0.194289 
-0.553274 0.248772 
-0.5642 0.221736 
-0.229955 0.556388 
-0.509446 0.328844 
-0.491139 0.354718 
-0.418814 0.434847 
-0.401058 0.450707 
-0.384439 0.464509 
-0.367358 0.477739 
-0.180462 0.574871 
-0.206305 0.565801 
-0.12698 0.589719 
-0.0976098 0.595619 
-0.0682098 0.599874 
-0.0380353 0.602429 
-0.154315 0.582788 
-0.592221 0.0698534 
-0.592052 0.0874395 
0.611405 -0.0631554 
0.607408 -0.0492901 
0.537502 0.0610125 
0.51533 0.0803342 
-0.253241 0.546048 
0.291897 0.306457 
0.30215 0.278912 
0.283265 0.334336 
0.274508 0.36579 
0.255002 0.428695 
0.265669 0.396802 
0.440793 0.131009 
0.466434 0.114797 
0.491732 0.0979353 
0.333713 0.221593 
0.413568 0.148616 
0.356777 0.194475 
0.0848692 0.589836 
0.113729 0.579807 
0.0549149 0.596918 
0.0242773 0.601228 
0.141388 0.566548 
0.227898 0.484499 
0.210719 0.508564 
0.190163 0.530839 
0.167137 0.550084 
0.55788 0.0395437 
0.597145 -0.0223277 
0.60266 -0.0356734 
0.590879 -0.00932044 
0.242775 0.457487 
-0.00655563 0.602987 
0.314627 0.252241 
0.575861 0.0159524 
0.384575 0.169637 
0.583738 0.00353614 
-0.533521 0.289086 
-0.284895 0.530189 
-0.590221 0.113971 
-0.341637 0.496008 
-0.462282 0.390215 
-0.323609 0.50773 
-0.587971 0.131626 
-0.57759 0.180409 
-0.558921 0.235329 
-0.569073 0.20808 
-0.500474 0.341909 
-0.444756 0.409313 
-0.410012 0.442861 
-0.375954 0.471196 
-0.392808 0.457679 
-0.304799 0.519086 
-0.358884 0.483969 
-0.193431 0.570475 
-0.218176 0.561211 
-0.42746 0.426667 
-0.0829372 0.597954 
-0.0531394 0.601387 
-0.167431 0.578974 
-0.592242 0.0786477 
0.609501 -0.0561955 
-0.591992 0.0611626 
0.526623 0.0709132 
-0.241648 0.551332 
-0.590913 0.0439007 
0.296786 0.292597 
0.287432 0.320352 
0.278834 0.350055 
0.260591 0.412846 
0.453628 0.122929 
0.427116 0.139711 
0.344757 0.207608 
-0.59165 0.096283 
0.0994351 0.585208 
0.0396467 0.599408 
0.127754 0.573585 
-0.584074 0.153453 
0.219666 0.496797 
0.547964 0.0505417 
0.599996 -0.0289585 
-0.263885 0.540953 
-0.112332 0.592864 
0.503672 0.0893286 
0.249212 0.44324 
0.0699812 0.593741 
-0.140687 0.586415 
-0.517914 0.31573 
0.00888193 0.602408 
0.30808 0.265423 
0.323616 0.236564 
0.200797 0.52004 
0.154519 0.558722 
0.479165 0.106494 
-0.0222969 0.602989 
0.270185 0.38133 
-0.481227 0.367555 
0.370298 0.181614 
0.235708 0.471211 
0.178954 0.540834 
0.587401 -0.00283717 
0.567202 0.028004 
0.579891 0.00979913 
-0.547154 0.262266 
0.398871 0.158841 
0.605129 -0.0424487 
0.594106 -0.0157815 
ZONE T="boundary5"
0.0167048 -0.455181 
-0.0326314 -0.442575 
-0.529877 -0.127271 
-0.545137 -0.102338 
-0.590065 0.0353396 
-0.565363 -0.0607619 
-0.587777 0.0184789 
-0.552233 -0.0891596 
-0.559079 -0.0751314 
-0.301374 -0.329146 
-0.315962 -0.320559 
-0.584719 0.00193844 
-0.145259 -0.404346 
-0.165131 -0.396254 
-0.221423 -0.3711 
-0.203204 -0.37961 
-0.238396 -0.362842 
-0.271009 -0.346029 
-0.255235 -0.354322 
-0.40518 -0.25899 
-0.381466 -0.277183 
0.423003 -0.441077 
0.394959 -0.45142 
-0.286651 -0.337491 
-0.102547 -0.420372 
-0.123993 -0.412557 
-0.184841 -0.387827 
-0.482744 -0.187063 
0.0419157 -0.460622 
-0.448385 -0.221602 
-0.468588 -0.20194 
-0.332995 -0.310094 
-0.349803 -0.29925 
0.0677952 -0.465488 
-0.00831662 -0.449109 
-0.365766 -0.288415 
-0.580915 -0.0142787 
-0.496355 -0.171676 
-0.0797447 -0.428166 
-0.513599 -0.150222 
0.45357 -0.427042 
0.1796 -0.477731 
0.149378 -0.475884 
0.0938446 -0.469637 
0.121538 -0.473203 
-0.571211 -0.0456224 
-0.576403 -0.0301315 
0.20992 -0.478417 
0.366773 -0.459764 
0.24383 -0.477715 
0.336715 -0.466705 
-0.427448 -0.240435 
0.581414 -0.307691 
-0.0567473 -0.435486 
0.495659 -0.401656 
0.611405 -0.0631554 
0.482338 -0.410586 
0.468598 -0.418888 
0.530646 -0.372971 
0.519415 -0.38314 
0.507666 -0.392755 
0.618927 -0.177171 
0.620666 -0.148439 
0.567154 -0.330541 
0.602192 -0.259796 
0.606091 -0.246903 
0.609474 -0.233853 
0.615109 -0.206031 
0.438437 -0.434386 
0.306937 -0.471829 
0.614641 -0.0771329 
0.617167 -0.0912867 
0.592831 -0.284544 
0.549851 -0.352809 
0.620164 -0.119776 
0.275163 -0.475583 
-0.53773 -0.114941 
-0.555729 -0.0821807 
-0.308686 -0.324883 
-0.586347 0.0101906 
-0.548749 -0.0957831 
-0.155213 -0.400343 
-0.212331 -0.375392 
-0.263138 -0.350206 
-0.393417 -0.268209 
-0.246832 -0.358615 
0.40907 -0.446491 
-0.294029 -0.333347 
-0.11329 -0.416516 
-0.134646 -0.408501 
-0.175005 -0.392083 
-0.229926 -0.367004 
-0.458589 -0.211877 
-0.47573 -0.194563 
-0.34143 -0.30472 
0.054838 -0.463144 
-0.194039 -0.383755 
-0.357816 -0.29388 
-0.489623 -0.179435 
0.0292918 -0.457983 
-0.521921 -0.138876 
-0.505129 -0.161071 
0.16448 -0.476948 
0.0808043 -0.467655 
0.107676 -0.471528 
-0.573896 -0.0379065 
0.226878 -0.478267 
-0.0682662 -0.431887 
-0.0447105 -0.4391 
-0.373652 -0.282849 
0.00417406 -0.452223 
-0.578752 -0.0222312 
0.489052 -0.406201 
0.475516 -0.414816 
0.461132 -0.423053 
0.525095 -0.378127 
-0.0204941 -0.445914 
0.5136 -0.38802 
-0.416404 -0.249821 
0.620062 -0.162822 
0.501714 -0.397276 
-0.568372 -0.0532247 
0.60421 -0.25337 
0.612532 -0.219991 
0.607844 -0.240394 
-0.278847 -0.341791 
0.430757 -0.437811 
-0.582913 -0.00619236 
-0.324506 -0.315372 
0.32186 -0.469466 
-0.562297 -0.0679799 
0.615993 -0.0841942 
0.613114 -0.0701231 
-0.091167 -0.424328 
0.597805 -0.272281 
0.194756 -0.478224 
-0.438004 -0.231117 
0.380931 -0.455811 
0.351795 -0.463459 
0.135446 -0.474657 
0.291073 -0.473913 
-0.589023 0.0268957 
0.587405 -0.296256 
0.617267 -0.191635 
0.618994 -0.105497 
0.62071 -0.134103 
0.55879 -0.341899 
0.540495 -0.363124 
0.574574 -0.319297 
0.446042 -0.430798 
0.259508 -0.476834 
