ZONE T="boundary0"
-4 -0.224842 
-4 -0.248613 
-4 -0.27896 
-4 -0.16414 
-4 -0.201072 
-4 -0.0533414 
-4 -0.127207 
-4 0.601222 
-4 0.390055 
-4 1 
-4 -1 
-4 0.0186403 
-4 -0.370003 
-4 -0.500592 
-4 -0.435297 
-4 0.181518 
-4 0.0906219 
-4 0.257392 
-4 0.282684 
-4 0.495638 
-4 0.336369 
-4 -0.698059 
-4 -0.599325 
-4 0.800611 
-4 -0.309308 
-4 0.206809 
-4 0.232101 
-4 -0.236727 
-4 -0.182606 
-4 -0.0902741 
-4 -0.212957 
-4 -0.145673 
-4 -0.0173506 
-4 -0.467944 
-4 0.13607 
-4 0.0546311 
-4 0.363212 
-4 0.442846 
-4 -0.648692 
-4 0.54843 
-4 0.700916 
-4 -0.849029 
-4 0.900305 
-4 -0.294134 
-4 -0.339655 
-4 -0.263786 
-4 -0.40265 
-4 0.194163 
-4 0.270038 
-4 0.219455 
-4 0.244747 
-4 0.309527 
-4 -0.549958 
ZONE T="boundary1"
0.776013 1 
0.67703 1 
0.610651 1 
-0.159116 1 
0.956241 1 
0.860619 1 
-3.79321 1 
-4 1 
-0.200213 1 
-0.24131 1 
0.221741 1 
0.297372 1 
-1.03903 1 
0.544272 1 
-1.15229 1 
-1.26554 1 
1.03622 1 
-3.38375 1 
-3.58642 1 
3.38666 1 
-1.69745 1 
-1.84589 1 
2.72652 1 
2.49324 1 
2.25995 1 
1.85736 1 
1.71119 1 
-2.53876 1 
-2.72636 1 
-2.95372 1 
-0.0516235 1 
0.458638 1 
0.373003 1 
-0.684196 1 
3.875 1 
3.69333 1 
-0.916111 1 
0.0814657 1 
0.151603 1 
-0.800153 1 
-0.423544 1 
-0.55387 1 
1.56502 1 
1.45926 1 
1.3535 1 
1.23485 1 
1.1162 1 
-3.18108 1 
-1.36741 1 
-1.46928 1 
4 1 
2.05866 1 
2.95043 1 
3.16855 1 
-2.35115 1 
0.0149211 1 
-0.332427 1 
-2.17274 1 
-1.99433 1 
0.726522 1 
0.64384 1 
0.90843 1 
0.818316 1 
-3.89661 1 
-0.220761 1 
0.259556 1 
0.577462 1 
0.99623 1 
-3.48509 1 
-1.77167 1 
2.37659 1 
-2.84004 1 
-0.179665 1 
-0.10537 1 
0.415821 1 
3.53999 1 
-0.977569 1 
0.186672 1 
-0.858132 1 
0.501455 1 
-0.488707 1 
1.51214 1 
-1.20891 1 
1.29418 1 
1.07621 1 
1.40638 1 
1.17553 1 
3.78416 1 
-3.28242 1 
-1.41834 1 
3.9375 1 
-1.58336 1 
-1.31648 1 
1.78428 1 
-0.619033 1 
2.1593 1 
-3.0674 1 
-3.68982 1 
1.6381 1 
1.95801 1 
2.83848 1 
-2.63256 1 
-2.44495 1 
2.60988 1 
0.116534 1 
-0.0183512 1 
-0.286868 1 
0.0481934 1 
-0.377985 1 
3.05949 1 
-1.09566 1 
-0.742175 1 
3.2776 1 
-2.08354 1 
-1.92011 1 
-2.26194 1 
0.335188 1 
ZONE T="boundary2"
4 -0.367795 
4 -0.323159 
4 -0.439539 
4 -0.511284 
4 0.130106 
4 -0.1885 
4 0.0558044 
4 0.496399 
4 0.622299 
4 -0.233511 
4 -0.135904 
4 -0.0833077 
4 -0.278523 
4 -0.602028 
4 0.298381 
4 0.329705 
4 0.204408 
4 0.235732 
4 0.371379 
4 0.413052 
4 0.7482 
4 0.8741 
4 -0.692772 
4 1 
4 -0.846386 
4 -1 
4 0.267056 
4 -0.345477 
4 -0.403667 
4 0.559349 
4 -0.211006 
4 -0.109606 
4 -0.0137517 
4 -0.556656 
4 -0.475412 
4 0.314043 
4 0.22007 
4 0.454726 
4 0.68525 
4 0.81115 
4 0.93705 
4 -0.923193 
4 -0.6474 
4 -0.300841 
4 0.167257 
4 0.251394 
4 0.282719 
4 0.0929553 
4 0.392215 
4 0.350542 
4 -0.162202 
4 -0.256017 
4 -0.769579 
ZONE T="boundary3"
-3.59768 -1 
-0.42911 -1 
-0.501923 -1 
0.0313227 -1 
0.201867 -1 
0.240962 -1 
0.285886 -1 
0.33081 -1 
-0.157732 -1 
-1.29864 -1 
-0.0948963 -1 
-0.0317868 -1 
0.959206 -1 
1.84418 -1 
-2.33731 -1 
3.66974 -1 
1.54839 -1 
-0.992378 -1 
1.06648 -1 
1.17967 -1 
3.50461 -1 
3.33948 -1 
2.61217 -1 
-4 -1 
-3.75 -1 
-3.29457 -1 
-3.14378 -1 
3.01734 -1 
-2.12562 -1 
-1.91393 -1 
2.18557 -1 
-2.58976 -1 
-0.622717 -1 
0.162772 -1 
0.0970474 -1 
-0.356298 -1 
-0.220568 -1 
-0.288433 -1 
0.851934 -1 
0.742791 -1 
-0.743511 -1 
-1.10055 -1 
-0.805728 -1 
1.29286 -1 
1.42063 -1 
3.83487 -1 
4 -1 
1.62234 -1 
1.69628 -1 
-1.20873 -1 
-1.38854 -1 
3.17841 -1 
2.01488 -1 
-3.44535 -1 
-2.993 -1 
0.420659 -1 
0.633648 -1 
0.527154 -1 
-1.47774 -1 
-1.74043 -1 
-1.65368 -1 
-1.56693 -1 
2.39887 -1 
-2.84221 -1 
-0.930161 -1 
-0.867945 -1 
-0.465517 -1 
0.221414 -1 
0.308348 -1 
-0.0633416 -1 
1.12307 -1 
3.42204 -1 
-3.875 -1 
-3.21917 -1 
-2.01978 -1 
-0.126314 -1 
-0.56232 -1 
-0.000232054 -1 
0.12991 -1 
0.182319 -1 
-0.254501 -1 
-0.18915 -1 
0.797362 -1 
1.01284 -1 
-1.04647 -1 
0.90557 -1 
1.23627 -1 
1.48451 -1 
1.35674 -1 
3.91743 -1 
1.65931 -1 
1.77023 -1 
-1.25368 -1 
3.25894 -1 
1.92953 -1 
-3.36996 -1 
0.580401 -1 
-3.52151 -1 
-3.67384 -1 
-1.43314 -1 
-2.23146 -1 
-1.6103 -1 
-1.82718 -1 
2.29222 -1 
2.10022 -1 
-2.9176 -1 
-2.46353 -1 
2.81476 -1 
3.09788 -1 
0.0641851 -1 
-0.322366 -1 
-0.392704 -1 
-0.683114 -1 
-0.96127 -1 
-0.899053 -1 
0.375735 -1 
0.263424 -1 
0.473907 -1 
0.68822 -1 
-0.836836 -1 
-0.77462 -1 
-1.15464 -1 
-1.52233 -1 
-1.69705 -1 
1.58536 -1 
-1.34359 -1 
2.50552 -1 
-2.71599 -1 
-3.06839 -1 
3.58717 -1 
3.7523 -1 
ZONE T="boundary4"
-0.312364 0.39468 
-0.275133 0.414654 
-0.255739 0.424121 
-0.612638 0.0367241 
-0.621676 -0.00372795 
-0.330191 0.384208 
-0.395438 0.340011 
-0.410494 0.32828 
-0.379768 0.351557 
-0.363798 0.362684 
-0.439298 0.303852 
-0.425222 0.316138 
-0.624694 -0.0240333 
0.628243 0.0964882 
0.63385 0.0753617 
-0.617655 0.0165414 
-0.599701 0.0765565 
-0.606641 0.0567596 
-0.591862 0.0960439 
0.638349 0.054396 
-0.478741 0.265148 
-0.466071 0.278347 
-0.453012 0.291165 
-0.578672 0.124306 
0.644227 -0.00840259 
0.643646 0.0124642 
-0.347133 0.373662 
-0.294273 0.404693 
-0.23513 0.433526 
-0.214275 0.442388 
-0.16952 0.45932 
-0.145398 0.467328 
-0.0948742 0.481712 
-0.121052 0.474654 
-0.0684921 0.487988 
-0.040185 0.493807 
-0.0117068 0.49872 
-0.502585 0.238086 
0.622032 0.116647 
0.425537 0.427341 
0.449517 0.409814 
0.340709 0.471285 
0.370985 0.458293 
0.511891 0.347256 
0.529352 0.323275 
0.545468 0.297332 
0.472288 0.390273 
0.492789 0.369678 
0.0489667 0.506051 
0.080824 0.508171 
0.277435 0.491085 
0.608665 0.154427 
0.601299 0.17354 
0.211362 0.503314 
0.244483 0.498136 
0.309906 0.482048 
0.575127 0.237032 
0.615564 0.135603 
0.593699 0.192576 
0.641666 0.0333241 
0.398693 0.443936 
0.584544 0.214859 
-0.192016 0.451155 
-0.562386 0.154055 
-0.544224 0.182822 
0.0185712 0.502913 
0.112718 0.509059 
0.145569 0.50863 
0.560877 0.26817 
0.178336 0.506762 
-0.524317 0.210716 
-0.265466 0.41945 
-0.321311 0.389501 
-0.403006 0.334197 
-0.371819 0.357172 
-0.432304 0.310045 
-0.623308 -0.0138634 
0.631164 0.0859549 
-0.615267 0.0266617 
-0.603284 0.0666973 
-0.59589 0.0863435 
-0.609757 0.0467763 
-0.472455 0.271794 
-0.459589 0.284804 
-0.585492 0.110279 
-0.446201 0.297559 
0.644117 0.00203568 
-0.355502 0.368227 
-0.338695 0.378989 
0.636235 0.0649071 
-0.387642 0.345837 
-0.417901 0.322261 
-0.284736 0.409736 
-0.245465 0.428892 
-0.224731 0.438025 
-0.157488 0.463409 
-0.10799 0.478281 
-0.0817065 0.484948 
-0.0259652 0.496378 
-0.30335 0.399744 
0.625225 0.106594 
0.437694 0.418808 
0.355965 0.465062 
0.53764 0.310452 
0.482736 0.380176 
0.502555 0.358654 
-0.619788 0.00642995 
0.0648865 0.507261 
0.605016 0.163996 
0.227959 0.500945 
0.293744 0.486822 
0.618859 0.126145 
0.597523 0.183067 
0.61216 0.145031 
0.640163 0.0438838 
0.642823 0.0229096 
0.412276 0.435901 
0.579875 0.225963 
0.58915 0.203728 
-0.133251 0.471077 
-0.180796 0.455313 
-0.57077 0.139312 
-0.553519 0.168574 
-0.203176 0.446847 
0.38497 0.451368 
0.520844 0.335432 
0.00341466 0.500946 
0.033756 0.504615 
-0.0543614 0.49101 
0.461095 0.400271 
0.129147 0.50902 
0.553414 0.282884 
0.194872 0.50524 
0.325398 0.476922 
-0.534457 0.196903 
0.0967678 0.508772 
0.261012 0.494849 
0.568173 0.252683 
-0.513619 0.224535 
-0.490848 0.251779 
0.161965 0.507881 
ZONE T="boundary5"
-0.553502 -0.312278 
-0.563324 -0.297804 
-0.506413 -0.365712 
-0.624888 -0.124584 
-0.626803 -0.104701 
-0.411287 -0.425841 
-0.428996 -0.418143 
-0.290756 -0.447464 
-0.311923 -0.447049 
0.631601 -0.0890596 
-0.572483 -0.282802 
-0.602432 -0.218044 
-0.595904 -0.234925 
-0.622017 -0.144305 
-0.580932 -0.26736 
-0.618193 -0.163895 
-0.627753 -0.0846757 
-0.627724 -0.0645375 
-0.333019 -0.445325 
-0.392485 -0.432584 
0.585273 -0.175853 
0.596791 -0.160081 
-0.353292 -0.442349 
-0.373374 -0.438036 
-0.268864 -0.446606 
-0.542838 -0.326444 
-0.246948 -0.444541 
-0.17819 -0.43156 
-0.531537 -0.339989 
-0.519284 -0.353219 
0.607353 -0.143373 
0.616341 -0.126726 
-0.492499 -0.377799 
-0.5887 -0.251467 
0.576726 -0.186324 
-0.154649 -0.425387 
0.640937 -0.0494282 
-0.462402 -0.399649 
-0.446267 -0.409269 
-0.626708 -0.0443174 
-0.624694 -0.0240333 
0.200931 -0.339979 
0.175796 -0.34359 
-0.47801 -0.388998 
-0.608424 -0.200391 
0.624649 -0.108282 
0.644227 -0.00840259 
0.567793 -0.196377 
-0.613672 -0.182413 
-0.0790361 -0.402689 
-0.105292 -0.41083 
-0.129968 -0.418306 
-0.0527618 -0.394589 
0.00303197 -0.378426 
0.0325269 -0.370789 
-0.0248955 -0.386279 
0.121688 -0.352177 
0.0919099 -0.357673 
0.0620058 -0.363899 
0.28121 -0.328173 
0.253623 -0.332455 
0.225956 -0.336451 
0.311945 -0.322786 
0.389013 -0.304253 
0.365863 -0.310796 
0.476716 -0.267622 
0.450176 -0.281134 
0.502386 -0.251925 
0.419926 -0.293775 
0.54898 -0.21518 
0.637026 -0.0694438 
0.643334 -0.0290692 
-0.20166 -0.436952 
-0.224314 -0.441263 
0.148819 -0.347686 
0.342543 -0.316466 
0.526231 -0.234612 
-0.558499 -0.305102 
-0.420204 -0.422135 
-0.301348 -0.447415 
-0.599254 -0.22652 
-0.623571 -0.134463 
-0.620222 -0.154125 
-0.627861 -0.0746078 
-0.32249 -0.446355 
0.59116 -0.168061 
-0.343184 -0.444 
-0.382976 -0.435467 
-0.576797 -0.275132 
-0.279811 -0.447193 
-0.2579 -0.445717 
-0.525497 -0.346686 
0.61199 -0.135126 
-0.512932 -0.359553 
-0.49954 -0.371855 
-0.584905 -0.259459 
-0.537272 -0.333289 
-0.548257 -0.319429 
-0.592389 -0.243236 
-0.166405 -0.428553 
-0.567992 -0.29036 
-0.437703 -0.413846 
-0.625824 -0.0341644 
0.188364 -0.341768 
-0.485334 -0.383504 
0.62831 -0.0987372 
-0.616037 -0.173182 
-0.0921625 -0.406768 
-0.117623 -0.414602 
-0.0659035 -0.398621 
0.0177658 -0.374521 
-0.0388372 -0.390388 
-0.627339 -0.0544226 
0.106789 -0.354845 
-0.454408 -0.404584 
0.267422 -0.330364 
0.0472531 -0.367252 
0.213444 -0.338215 
0.377468 -0.307641 
0.46357 -0.27463 
0.558564 -0.20596 
0.572311 -0.191397 
-0.401943 -0.429369 
0.602216 -0.151818 
-0.6274 -0.0946959 
0.581056 -0.181135 
-0.605521 -0.209251 
0.634502 -0.0793036 
-0.611146 -0.191433 
0.642327 -0.039271 
0.639173 -0.059473 
-0.363372 -0.440359 
-0.470286 -0.394443 
-0.212973 -0.439224 
-0.189908 -0.434359 
0.162308 -0.3456 
0.354225 -0.31373 
0.327268 -0.319761 
-0.142297 -0.421907 
-0.23562 -0.443038 
0.404548 -0.299262 
0.13525 -0.349878 
0.0769502 -0.360694 
0.435164 -0.287738 
-0.0109436 -0.382287 
0.296592 -0.325577 
-0.625966 -0.114656 
0.620668 -0.117581 
0.643968 -0.0187439 
0.537797 -0.225129 
0.514473 -0.243504 
0.489704 -0.260033 
0.239795 -0.334476 
