ZONE T="boundary0"
-4 -0.29146 
-4 0.529338 
-4 0.423525 
-4 -0.358502 
-4 -0.197349 
-4 -0.246655 
-4 0.243921 
-4 0.635151 
-4 -0.00399771 
-4 0.817576 
-4 1 
-4 -0.49857 
-4 0.209195 
-4 0.333516 
-4 -0.148043 
-4 -0.0760205 
-4 -0.717649 
-4 0.129852 
-4 -0.608109 
-4 -1 
-4 -0.858824 
-4 0.174469 
-4 0.0852355 
-4 0.476432 
-4 -0.324981 
-4 -0.222002 
-4 0.726364 
-4 0.908788 
-4 -0.428536 
-4 0.288718 
-4 0.378521 
-4 -0.112032 
-4 0.582245 
-4 -0.553339 
-4 -0.0400091 
-4 -0.662879 
-4 -0.788236 
-4 -0.929412 
-4 0.226558 
-4 0.191832 
-4 0.107544 
-4 0.15216 
-4 0.0406189 
-4 -0.269057 
-4 -0.172696 
ZONE T="boundary1"
1.60414 1 
1.67642 1 
0.151864 1 
0.0902689 1 
-0.926849 1 
-0.0967024 1 
-0.0340142 1 
0.468061 1 
-1.15101 1 
-1.03893 1 
0.654769 1 
0.561415 1 
-1.36629 1 
-3.17059 1 
2.78754 1 
3.14657 1 
-2.27106 1 
-2.75031 1 
2.33689 1 
2.11508 1 
-3.53781 1 
-2.51068 1 
-3.76891 1 
-4 1 
2.56222 1 
-0.334704 1 
-0.275097 1 
-0.215489 1 
-0.487613 1 
0.0286741 1 
0.22573 1 
0.299597 1 
0.383829 1 
-0.743047 1 
-0.61533 1 
1.35639 1 
-1.29453 1 
0.763739 1 
-1.62713 1 
-1.43805 1 
0.872708 1 
0.983634 1 
1.09456 1 
1.89327 1 
1.7487 1 
1.48026 1 
-1.81622 1 
-2.04364 1 
3.57328 1 
3.35993 1 
-3.3542 1 
3.78664 1 
4 1 
1.22547 1 
-1.53259 1 
1.64028 1 
0.121066 1 
-0.982888 1 
0.608092 1 
2.96706 1 
-2.96045 1 
2.22599 1 
-2.63049 1 
-3.88445 1 
2.44956 1 
-0.304901 1 
-0.156096 1 
-0.411158 1 
0.0594715 1 
-0.245293 1 
-0.0653583 1 
-0.00267 1 
0.262664 1 
0.341713 1 
0.514738 1 
-0.834948 1 
-0.679188 1 
-1.09497 1 
-1.22277 1 
0.425945 1 
-1.40217 1 
0.928171 1 
1.0391 1 
0.709254 1 
1.5422 1 
1.41832 1 
1.82099 1 
-1.72168 1 
2.67488 1 
-2.39087 1 
3.25325 1 
-3.26239 1 
-1.92993 1 
-2.15735 1 
2.00417 1 
3.4666 1 
-0.551471 1 
0.188797 1 
3.89332 1 
1.29093 1 
0.818223 1 
1.71256 1 
3.67996 1 
1.16002 1 
-1.48532 1 
-1.57986 1 
-1.33041 1 
-3.65336 1 
-3.44601 1 
ZONE T="boundary2"
4 -1 
4 -0.743415 
4 -0.48683 
4 -0.615123 
4 -0.338399 
4 -0.412615 
4 -0.251993 
4 -0.178133 
4 -0.0951999 
4 0.182291 
4 0.260483 
4 0.215165 
4 -0.0261949 
4 0.0961135 
4 0.149417 
4 0.437642 
4 0.371722 
4 0.04281 
4 0.578232 
4 0.859411 
4 0.305802 
4 0.718821 
4 1 
4 -0.871708 
4 -0.550976 
4 -0.449722 
4 -0.295196 
4 -0.215063 
4 0.237824 
4 0.122765 
4 -0.136666 
4 0.404682 
4 0.00830755 
4 -0.0606974 
4 0.0694618 
4 -0.679269 
4 0.283143 
4 0.338762 
4 0.165854 
4 0.198728 
4 0.507937 
4 -0.375507 
4 0.648526 
4 0.929705 
4 0.789116 
ZONE T="boundary3"
-3.44986 -1 
-1.83872 -1 
-0.565159 -1 
-0.648728 -1 
4 -1 
-0.481589 -1 
-0.37011 -1 
0.263557 -1 
0.312919 -1 
3.09657 -1 
3.30418 -1 
-0.134113 -1 
-0.815867 -1 
-0.732298 -1 
-0.0300583 -1 
0.214195 -1 
0.989667 -1 
3.6171 -1 
-2.23911 -1 
0.0952666 -1 
-1.03017 -1 
0.705658 -1 
0.798072 -1 
2.88895 -1 
2.62032 -1 
-1.54478 -1 
-1.42357 -1 
-1.31838 -1 
-1.21319 -1 
-1.66599 -1 
-2.46677 -1 
-3.0064 -1 
-2.73658 -1 
-3.30204 -1 
0.613245 -1 
-0.258631 -1 
0.0326042 -1 
0.378605 -1 
0.444291 -1 
0.528768 -1 
-0.923021 -1 
1.18515 -1 
-4 -1 
-3.79884 -1 
-1.12168 -1 
-3.59768 -1 
1.48595 -1 
1.56658 -1 
1.29523 -1 
1.40531 -1 
2.47765 -1 
3.46064 -1 
1.8081 -1 
2.04963 -1 
-2.01146 -1 
2.33498 -1 
2.1923 -1 
-0.606943 -1 
-0.425849 -1 
0.288238 -1 
3.20038 -1 
-0.774083 -1 
-0.0820858 -1 
0.238876 -1 
0.154731 -1 
-0.523374 -1 
0.751865 -1 
2.75464 -1 
3.80855 -1 
-1.48417 -1 
-1.26579 -1 
-1.75235 -1 
-2.87149 -1 
-0.314371 -1 
-0.196372 -1 
0.0639354 -1 
0.345762 -1 
0.411448 -1 
0.659451 -1 
0.00127295 -1 
-0.690513 -1 
-0.869444 -1 
0.893869 -1 
1.08741 -1 
-3.89942 -1 
-0.976598 -1 
-1.07593 -1 
-3.37595 -1 
-1.16744 -1 
-1.37097 -1 
1.52626 -1 
-3.52377 -1 
1.35027 -1 
-3.69826 -1 
2.54898 -1 
2.99276 -1 
3.53887 -1 
-3.15422 -1 
-2.60167 -1 
1.92887 -1 
-2.35294 -1 
-2.12529 -1 
-1.92509 -1 
1.68734 -1 
0.571006 -1 
0.48653 -1 
3.38241 -1 
1.44563 -1 
1.24019 -1 
2.40631 -1 
2.26364 -1 
-1.60538 -1 
2.12097 -1 
ZONE T="boundary4"
0.645801 -0.0389362 
-0.378332 0.467983 
-0.163985 0.525138 
-0.138993 0.52362 
-0.442416 0.422813 
-0.427322 0.434937 
-0.470474 0.39741 
-0.483469 0.384211 
0.644426 -0.0170174 
-0.60017 0.176756 
0.601861 0.10254 
0.612258 0.0856204 
-0.236768 0.520031 
-0.259119 0.515614 
-0.36027 0.477997 
0.590355 0.118469 
0.630111 0.0466414 
0.621957 0.0665985 
-0.613672 0.0482733 
-0.614365 0.0679232 
-0.610319 0.127642 
-0.612691 0.107689 
-0.606947 0.147517 
-0.590549 0.208053 
-0.548558 0.298576 
-0.564886 0.268908 
0.577351 0.133964 
-0.578772 0.238788 
-0.611981 0.0288584 
-0.529441 0.328015 
-0.518888 0.342478 
-0.507682 0.356714 
0.507668 0.192054 
-0.614042 0.087749 
-0.456681 0.410392 
-0.411773 0.446421 
-0.495975 0.37052 
-0.395265 0.457577 
-0.341829 0.487126 
-0.302103 0.503261 
-0.322127 0.495714 
-0.281309 0.50988 
-0.0604225 0.50767 
-0.0343894 0.498553 
-0.112802 0.520207 
-0.0870212 0.514998 
-0.189173 0.524971 
-0.212972 0.523257 
0.410708 0.243483 
0.439509 0.229715 
0.352469 0.270512 
0.323213 0.284436 
0.381628 0.256983 
0.563412 0.14839 
0.545541 0.164419 
0.488056 0.204038 
0.46399 0.217312 
0.526688 0.179061 
0.0441291 0.459662 
0.0699044 0.443582 
0.0179872 0.474428 
0.641397 0.00453708 
-0.00789852 0.487301 
0.0958849 0.426181 
0.122616 0.407501 
0.264064 0.315082 
0.293554 0.299276 
0.205282 0.350484 
0.234454 0.332238 
0.636614 0.0258929 
0.149382 0.388559 
0.177144 0.36924 
-0.151478 0.524589 
-0.434929 0.428952 
-0.477032 0.390872 
0.645319 -0.0279631 
0.607219 0.0941804 
-0.247975 0.517986 
-0.369358 0.473095 
0.626244 0.0567071 
-0.614145 0.0580944 
-0.61163 0.117681 
-0.608754 0.137601 
-0.595635 0.192491 
-0.55699 0.283892 
0.583992 0.126335 
-0.572086 0.253968 
-0.603813 0.162197 
-0.52423 0.335295 
-0.51335 0.349648 
-0.613494 0.0977285 
-0.449608 0.416673 
-0.419605 0.440759 
-0.403577 0.452088 
-0.351101 0.48267 
-0.291749 0.50671 
-0.489785 0.377424 
-0.047338 0.503328 
-0.12587 0.522145 
-0.0998712 0.517826 
-0.176581 0.525267 
-0.312162 0.499616 
-0.501891 0.363671 
-0.201086 0.524302 
-0.270254 0.512907 
-0.463639 0.403968 
-0.332031 0.491544 
-0.612952 0.0385555 
0.425139 0.236663 
0.337822 0.277417 
-0.614331 0.0778388 
0.39618 0.250251 
0.554624 0.156574 
0.47609 0.210803 
0.517265 0.185692 
0.497929 0.19816 
0.0570869 0.451749 
0.0311399 0.46721 
0.643124 -0.00620936 
-0.0210626 0.49314 
0.109277 0.416887 
0.278755 0.30706 
0.219802 0.341238 
0.570502 0.141297 
-0.386854 0.462873 
0.596253 0.110611 
0.536233 0.171899 
-0.224894 0.521831 
0.0829464 0.434971 
0.451792 0.2236 
0.005126 0.481051 
0.135995 0.398027 
0.16323 0.378848 
-0.073664 0.511568 
0.308348 0.291761 
0.249193 0.323528 
-0.58491 0.223518 
0.191159 0.359771 
0.617304 0.0762117 
0.639225 0.0152653 
0.63358 0.0363366 
-0.539266 0.313472 
0.367046 0.263728 
ZONE T="boundary5"
0.645801 -0.0389362 
-0.605722 -0.00906718 
-0.529468 -0.171361 
-0.54881 -0.143617 
-0.282164 -0.37189 
0.640871 -0.105068 
0.643898 -0.0830259 
-0.60932 0.00973039 
-0.601217 -0.0275271 
-0.558016 -0.128762 
-0.566635 -0.113558 
-0.574792 -0.0976842 
0.504646 -0.376021 
-0.204043 -0.407838 
-0.224273 -0.399283 
0.320431 -0.466617 
0.291929 -0.472682 
-0.263336 -0.381295 
-0.0666288 -0.45352 
-0.0406675 -0.459839 
-0.182701 -0.41633 
-0.115455 -0.439678 
-0.138407 -0.432277 
-0.161169 -0.42436 
-0.411133 -0.290825 
-0.424853 -0.279874 
-0.438275 -0.268548 
-0.508809 -0.197254 
-0.30004 -0.362481 
-0.31771 -0.35269 
-0.334474 -0.342918 
-0.382142 -0.312156 
-0.39677 -0.301678 
-0.3667 -0.32265 
-0.35102 -0.33277 
0.559967 -0.314793 
0.462467 -0.407661 
-0.244314 -0.390303 
-0.589625 -0.0633468 
-0.611981 0.0288584 
0.58486 -0.27372 
0.597635 -0.246745 
-0.486749 -0.221921 
-0.595839 -0.045627 
0.528648 -0.353029 
0.631332 -0.149213 
0.126773 -0.483118 
0.0981233 -0.48134 
0.0407163 -0.474985 
0.013015 -0.470626 
0.0693582 -0.478613 
-0.0145237 -0.465476 
0.264907 -0.477114 
0.238002 -0.480364 
0.183246 -0.483737 
0.155484 -0.483925 
0.210992 -0.482547 
0.645585 -0.0609768 
-0.582606 -0.0806844 
0.383938 -0.447099 
0.352291 -0.457953 
0.407943 -0.437144 
0.431502 -0.425699 
0.447185 -0.417029 
0.477448 -0.397485 
0.516853 -0.364879 
0.491935 -0.386579 
-0.463302 -0.245642 
0.61857 -0.19174 
0.611362 -0.212268 
-0.0911373 -0.446893 
0.625176 -0.171006 
0.539855 -0.340616 
0.569214 -0.300966 
0.577783 -0.286729 
0.550228 -0.327939 
0.604742 -0.229609 
0.636643 -0.127108 
-0.539378 -0.157657 
0.642541 -0.0940679 
-0.60764 0.000309292 
-0.562401 -0.121203 
-0.603585 -0.0183249 
-0.553484 -0.136234 
-0.214181 -0.403613 
0.306218 -0.469829 
-0.272775 -0.376643 
-0.0536696 -0.456764 
-0.126953 -0.436043 
-0.171957 -0.420403 
-0.41803 -0.285396 
-0.519333 -0.184464 
-0.193396 -0.412142 
-0.326119 -0.34785 
-0.308902 -0.357634 
-0.389488 -0.306962 
-0.374453 -0.31745 
-0.358889 -0.327755 
-0.403987 -0.296299 
-0.253849 -0.385849 
-0.610773 0.0192779 
0.59148 -0.260344 
-0.49794 -0.209733 
0.112441 -0.482348 
0.0268491 -0.472906 
0.0550225 -0.47691 
0.251471 -0.478876 
-0.291126 -0.367232 
0.169365 -0.483953 
0.197125 -0.483271 
0.644916 -0.0720143 
0.368207 -0.452796 
-0.0276151 -0.462744 
0.41981 -0.431602 
0.45488 -0.412432 
0.510815 -0.370522 
0.498351 -0.381374 
0.470019 -0.402663 
0.396012 -0.442293 
-0.475168 -0.233924 
-0.592838 -0.0545241 
0.522822 -0.359025 
0.615039 -0.20203 
-0.103319 -0.443359 
0.534327 -0.346892 
0.564674 -0.307936 
0.581386 -0.28026 
0.573582 -0.293898 
0.545117 -0.334341 
0.601256 -0.238205 
0.608108 -0.22096 
-0.598639 -0.0366098 
0.555176 -0.321425 
0.484759 -0.392122 
-0.342776 -0.337891 
-0.234318 -0.394846 
-0.570797 -0.105664 
-0.586217 -0.0720565 
-0.578796 -0.0892287 
-0.431603 -0.274258 
0.634106 -0.138189 
0.628353 -0.160137 
0.439391 -0.42145 
0.645885 -0.0499578 
-0.078904 -0.450281 
-0.450938 -0.25726 
0.638894 -0.116114 
-0.149811 -0.428383 
0.141125 -0.483646 
0.278442 -0.475047 
-0.000773549 -0.468149 
0.224508 -0.481585 
0.0837292 -0.480092 
0.336428 -0.462531 
0.621952 -0.181398 
