ZONE T="boundary0"
-4 -0.349588 
-4 -0.293072 
-4 -0.249134 
-4 0.783289 
-4 0.566577 
-4 0.398476 
-4 0.267846 
-4 -0.205195 
-4 -0.14694 
-4 -0.411295 
-4 -0.573351 
-4 -0.00957474 
-4 -0.0782573 
-4 1 
-4 -0.473003 
-4 -0.673699 
-4 -0.836849 
-4 -1 
-4 0.333161 
-4 0.138702 
-4 0.203274 
-4 0.0645637 
-4 -0.32133 
-4 0.674933 
-4 -0.176068 
-4 -0.227165 
-4 -0.112599 
-4 0.891644 
-4 -0.271103 
-4 -0.442149 
-4 -0.380442 
-4 -0.623525 
-4 -0.523177 
-4 -0.755274 
-4 -0.918425 
-4 0.300503 
-4 0.23556 
-4 0.0274945 
-4 0.482527 
-4 0.365818 
-4 0.170988 
-4 0.101633 
-4 -0.043916 
ZONE T="boundary1"
1.17784 1 
1.2929 1 
3.76034 1 
-0.265257 1 
-0.225325 1 
0.0872103 1 
0.95396 1 
-0.441031 1 
2.57693 1 
4 1 
3.52069 1 
0.39626 1 
-4 1 
-1.87012 1 
1.39655 1 
3.26724 1 
3.07157 1 
2.8759 1 
0.734691 1 
0.624235 1 
-1.55656 1 
-2.68451 1 
-2.2307 1 
-3.56581 1 
2.42745 1 
-3.17351 1 
-3.43505 1 
1.5002 1 
1.70434 1 
-2.92901 1 
0.019875 1 
-0.0474603 1 
0.149991 1 
-0.185394 1 
-0.116427 1 
-0.641451 1 
0.304515 1 
-0.857934 1 
-0.749692 1 
-1.08141 1 
0.510247 1 
-0.541241 1 
0.212771 1 
0.845148 1 
1.06277 1 
-0.969671 1 
-1.43129 1 
-1.30601 1 
-1.19371 1 
1.90847 1 
2.27796 1 
2.09322 1 
-3.69658 1 
-0.353144 1 
2.72642 1 
1.23537 1 
-0.245291 1 
3.88017 1 
3.64052 1 
1.34473 1 
2.97374 1 
0.679463 1 
-2.05041 1 
-3.30428 1 
1.60227 1 
-2.4576 1 
0.0535427 1 
-0.0137926 1 
0.1186 1 
-0.205359 1 
-0.15091 1 
0.350388 1 
-0.803813 1 
0.453254 1 
-0.591346 1 
-0.491136 1 
0.258643 1 
0.567241 1 
0.899554 1 
1.00837 1 
1.1203 1 
-1.02554 1 
-1.71334 1 
1.44838 1 
-1.24986 1 
3.16941 1 
3.39397 1 
2.18559 1 
-3.84829 1 
2.35271 1 
-3.05126 1 
1.80641 1 
2.00085 1 
2.50219 1 
0.181381 1 
-0.3092 1 
-0.0819436 1 
-0.695572 1 
-0.397087 1 
-3.6312 1 
2.65167 1 
0.78992 1 
-1.13756 1 
-3.50043 1 
2.80116 1 
-1.49392 1 
-0.913802 1 
-1.36865 1 
-2.80676 1 
ZONE T="boundary2"
4 -0.605447 
4 -0.174006 
4 0.35117 
4 0.522444 
4 0.641833 
4 1 
4 0.761222 
4 -0.802724 
4 0.0452995 
4 -0.511594 
4 -0.417741 
4 0.399881 
4 0.302459 
4 0.194364 
4 0.248411 
4 0.119832 
4 0.157098 
4 -0.0643531 
4 -0.119179 
4 -1 
4 -0.223389 
4 -0.248081 
4 -0.345257 
4 -0.272773 
4 0.880611 
4 -0.464667 
4 0.461163 
4 0.326815 
4 0.221387 
4 0.0825656 
4 -0.0095268 
4 -0.0917663 
4 -0.558521 
4 -0.704085 
4 -0.901362 
4 -0.235735 
4 -0.198698 
4 -0.381499 
4 -0.309015 
4 -0.260427 
4 0.275435 
4 0.138465 
4 0.175731 
4 0.701528 
4 0.375526 
4 0.582139 
4 -0.146593 
ZONE T="boundary3"
-3.81132 -1 
-3.62264 -1 
-0.954749 -1 
-0.880279 -1 
0.0631235 -1 
-3.41116 -1 
-3.19967 -1 
-1.02922 -1 
-2.76703 -1 
-0.399652 -1 
-0.326727 -1 
-1.37242 -1 
2.21216 -1 
2.05386 -1 
-2.11741 -1 
2.93812 -1 
-2.36063 -1 
-1.9958 -1 
-1.87419 -1 
-1.58158 -1 
-1.48404 -1 
-1.67912 -1 
-2.56383 -1 
2.65429 -1 
3.20588 -1 
3.47364 -1 
3.73682 -1 
0.76866 -1 
0.174002 -1 
0.118222 -1 
0.309314 -1 
0.269548 -1 
0.229783 -1 
0.00802479 -1 
0.675706 -1 
-0.224313 -1 
-0.121899 -1 
-0.0569373 -1 
-0.5455 -1 
0.485798 -1 
0.582751 -1 
0.388844 -1 
0.934469 -1 
0.851564 -1 
-4 -1 
-0.749351 -1 
1.03332 -1 
1.13217 -1 
1.25353 -1 
1.37488 -1 
1.46286 -1 
1.55084 -1 
1.7268 -1 
-1.14501 -1 
-1.2608 -1 
-2.98335 -1 
2.37046 -1 
2.51238 -1 
4 -1 
3.86841 -1 
-0.173106 -1 
-0.472576 -1 
-0.618424 -1 
-0.683888 -1 
-3.71698 -1 
-0.917514 -1 
-3.30541 -1 
-0.991985 -1 
-0.363189 -1 
-3.5169 -1 
2.13301 -1 
-1.935 -1 
-1.53281 -1 
-1.77666 -1 
-2.05661 -1 
-2.46223 -1 
3.33976 -1 
3.60523 -1 
0.146112 -1 
0.289431 -1 
0.201892 -1 
0.0906724 -1 
0.0355741 -1 
-0.0244563 -1 
0.534275 -1 
0.893016 -1 
-3.90566 -1 
0.983895 -1 
0.810112 -1 
1.08275 -1 
1.19285 -1 
1.31421 -1 
1.50685 -1 
1.63882 -1 
0.629228 -1 
-0.814815 -1 
-1.08711 -1 
-1.31661 -1 
-3.09151 -1 
1.89033 -1 
2.29131 -1 
2.44142 -1 
2.58333 -1 
3.072 -1 
3.80261 -1 
3.9342 -1 
-2.23902 -1 
2.7962 -1 
0.249665 -1 
-0.147503 -1 
0.437321 -1 
-0.19871 -1 
-0.275521 -1 
-0.436114 -1 
-0.0894183 -1 
0.349079 -1 
0.722183 -1 
-0.71662 -1 
-0.651156 -1 
-0.509038 -1 
-0.581962 -1 
-1.2029 -1 
-1.42823 -1 
-1.63035 -1 
1.41887 -1 
-2.87519 -1 
-2.66543 -1 
ZONE T="boundary4"
-0.148831 0.522018 
-0.121366 0.522744 
0.560086 0.156475 
0.538723 0.17518 
0.645187 0.0189559 
0.641539 0.0318172 
-0.626398 0.0221349 
0.0645679 0.483756 
0.0898294 0.472362 
-0.0668407 0.519339 
-0.0399545 0.515255 
-0.230747 0.510143 
-0.203615 0.515702 
0.650426 -0.007122 
0.65203 -0.0202667 
0.648136 0.00602485 
-0.623041 0.0958978 
-0.618516 0.120929 
-0.612303 0.14602 
-0.625859 0.0710284 
-0.626973 0.0464229 
-0.597428 0.189988 
-0.604437 0.171091 
-0.581443 0.226252 
-0.589731 0.208382 
-0.572529 0.243803 
-0.546552 0.287502 
-0.535106 0.304023 
0.241436 0.378982 
0.215258 0.39717 
0.114893 0.459647 
-0.491406 0.356984 
-0.507636 0.338886 
-0.523032 0.320088 
-0.384025 0.445603 
-0.360027 0.45981 
-0.335309 0.472716 
-0.284009 0.494375 
-0.257593 0.503016 
-0.451167 0.39574 
-0.471787 0.376865 
-0.563108 0.260813 
-0.17626 0.519669 
-0.0940465 0.521848 
-0.407245 0.430154 
0.65298 -0.0335612 
-0.429654 0.413505 
0.580112 0.136262 
0.322504 0.322581 
0.350989 0.303405 
0.379458 0.284588 
0.514714 0.193871 
0.436073 0.247514 
0.46317 0.229632 
0.40786 0.265991 
0.489935 0.211541 
0.0389968 0.493794 
0.0129707 0.502452 
-0.0132767 0.509599 
0.190158 0.414141 
0.164808 0.430529 
0.139825 0.445689 
0.63725 0.0443967 
0.62666 0.068988 
-0.309954 0.484252 
0.267542 0.360661 
0.613529 0.0925373 
0.597788 0.115207 
0.295003 0.341484 
-0.135103 0.522584 
0.549551 0.165999 
0.643447 0.0254111 
0.0772623 0.478212 
-0.0533696 0.517494 
-0.21722 0.513119 
0.651311 -0.0136838 
0.649366 -0.000533249 
-0.620982 0.108451 
-0.615606 0.133524 
-0.626626 0.0587361 
-0.601033 0.180577 
-0.585668 0.217355 
-0.577064 0.235067 
-0.59367 0.199223 
-0.54091 0.295819 
0.228367 0.388104 
0.102426 0.466143 
-0.499621 0.348026 
-0.51544 0.329574 
-0.372119 0.452866 
-0.347753 0.46643 
-0.270861 0.498882 
-0.461597 0.386434 
-0.24422 0.506772 
-0.189966 0.517885 
-0.0804258 0.520795 
-0.529146 0.312113 
-0.608557 0.158615 
-0.481722 0.36705 
-0.626896 0.0342749 
-0.395735 0.43803 
-0.555037 0.274287 
-0.567896 0.252351 
-0.418557 0.421974 
0.570293 0.146566 
0.365214 0.293968 
0.526836 0.18468 
0.39366 0.275279 
0.502398 0.202808 
-0.624658 0.0834876 
0.0518421 0.488941 
-0.000106888 0.506211 
0.202742 0.405708 
0.177531 0.422416 
-0.0265773 0.51262 
0.127421 0.45279 
0.639476 0.0381355 
0.632272 0.0568323 
0.646745 0.0125101 
0.652588 -0.0269076 
-0.297051 0.489494 
0.254493 0.369824 
-0.440524 0.404761 
-0.1077 0.522498 
0.0260388 0.498301 
0.476594 0.220644 
0.152374 0.438211 
0.605928 0.104064 
-0.322709 0.478657 
-0.162562 0.521045 
0.281263 0.351052 
0.336729 0.312954 
0.308737 0.331998 
0.449638 0.238591 
0.421976 0.256756 
0.620388 0.0809305 
0.589175 0.125929 
ZONE T="boundary5"
-0.413904 -0.294305 
-0.436651 -0.279358 
-0.58894 -0.114166 
-0.577271 -0.135034 
-0.00992245 -0.438807 
-0.0376037 -0.433675 
-0.258527 -0.369813 
-0.620281 -0.0252513 
-0.624159 -0.00176856 
0.556403 -0.301071 
-0.626398 0.0221349 
-0.148034 -0.406822 
-0.230947 -0.38006 
-0.312732 -0.34739 
-0.339282 -0.335109 
-0.203366 -0.389611 
-0.0651311 -0.427923 
-0.0927949 -0.421505 
-0.175591 -0.398568 
-0.120294 -0.414505 
0.483534 -0.368111 
-0.549605 -0.17493 
-0.498198 -0.230115 
-0.488595 -0.238781 
-0.564152 -0.155281 
-0.607724 -0.0707653 
-0.599099 -0.0927368 
-0.364874 -0.322286 
-0.390033 -0.308562 
0.630425 -0.165613 
-0.458305 -0.263642 
-0.478794 -0.247221 
0.459435 -0.383638 
0.650467 -0.0867672 
-0.285872 -0.358908 
-0.614796 -0.0482526 
-0.533693 -0.193966 
-0.516527 -0.212357 
0.129314 -0.453849 
0.101267 -0.452366 
0.0177245 -0.44326 
0.0733348 -0.450079 
0.0455052 -0.447033 
0.157422 -0.454473 
0.270392 -0.44709 
0.18566 -0.454178 
0.242191 -0.450561 
0.213896 -0.4529 
0.298543 -0.442389 
0.326441 -0.436392 
0.381513 -0.420039 
0.354168 -0.428967 
0.408324 -0.409527 
0.434232 -0.397467 
0.547199 -0.31183 
0.527476 -0.332241 
0.506322 -0.350916 
0.581286 -0.266753 
0.595724 -0.242336 
0.652 -0.0734746 
0.565158 -0.289955 
0.608665 -0.217145 
0.638988 -0.139524 
0.64574 -0.11325 
0.652944 -0.060181 
0.65298 -0.0335612 
0.620261 -0.191502 
-0.42536 -0.286959 
-0.583279 -0.124696 
-0.0237789 -0.436321 
-0.622427 -0.0135431 
-0.244766 -0.375016 
-0.326051 -0.341348 
-0.0789811 -0.424789 
-0.161834 -0.402766 
-0.134184 -0.410736 
-0.0513842 -0.430875 
-0.493421 -0.234476 
-0.570873 -0.145262 
-0.603602 -0.0818252 
-0.377517 -0.315542 
-0.468647 -0.255554 
-0.299339 -0.353239 
-0.35213 -0.328803 
-0.525231 -0.203274 
0.115284 -0.453212 
0.059409 -0.448648 
0.00388661 -0.441117 
0.171541 -0.454444 
0.199783 -0.453666 
-0.617741 -0.0367995 
0.367903 -0.424694 
0.312528 -0.439558 
0.421374 -0.403704 
0.446952 -0.390769 
0.471625 -0.376093 
0.537543 -0.322234 
0.517081 -0.341785 
0.256309 -0.448971 
0.58871 -0.254666 
0.551855 -0.306497 
0.031602 -0.445234 
-0.106564 -0.418077 
0.560836 -0.295557 
0.573448 -0.278512 
0.602359 -0.229826 
0.634906 -0.152634 
0.087292 -0.451321 
0.648367 -0.100055 
0.652546 -0.0668328 
0.651305 -0.0801288 
-0.189502 -0.394163 
-0.217182 -0.38491 
0.653278 -0.04687 
0.143365 -0.454272 
0.284493 -0.444897 
0.340353 -0.432859 
0.228054 -0.451867 
0.394997 -0.414985 
0.495091 -0.35973 
0.625515 -0.178625 
-0.40204 -0.301556 
-0.272232 -0.364445 
-0.625488 0.0101645 
-0.611457 -0.0595701 
-0.541784 -0.184561 
-0.557027 -0.165216 
-0.507469 -0.221347 
-0.594202 -0.103537 
-0.483719 -0.243029 
0.642595 -0.126445 
0.614619 -0.204395 
-0.447571 -0.27163 
