ZONE T="boundary0"
-4 -0.264729 
-4 0.444498 
-4 0.597436 
-4 0.223507 
-4 -0.392276 
-4 -0.443146 
-4 0.334615 
-4 0.279061 
-4 -0.0566447 
-4 1 
-4 0.798718 
-4 -0.341406 
-4 -0.122098 
-4 -0.187551 
-4 0.1006 
-4 -0.581695 
-4 -0.686271 
-4 -0.790848 
-4 0.698077 
-4 -1 
-4 0.162053 
-4 0.389556 
-4 0.520967 
-4 -0.417711 
-4 0.306838 
-4 0.899359 
-4 -0.303067 
-4 -0.0893714 
-4 -0.154825 
-4 0.0219776 
-4 -0.51242 
-4 -0.738559 
-4 0.647756 
-4 -0.633983 
-4 -0.895424 
-4 -0.366841 
-4 0.251284 
-4 0.19278 
-4 0.362086 
-4 0.131327 
-4 0.417027 
-4 -0.22614 
-4 0.748397 
ZONE T="boundary1"
-0.210036 1 
2.36337 1 
2.22255 1 
-1.35123 1 
-1.2567 1 
-0.0115474 1 
0.308379 1 
0.402033 1 
3.61963 1 
-2.42163 1 
2.56002 1 
-3.23346 1 
-3.57418 1 
-1.83316 1 
-2.82012 1 
4 1 
3.80982 1 
3.23927 1 
2.99797 1 
2.75668 1 
-4 1 
-1.99539 1 
-2.15762 1 
1.92118 1 
1.53778 1 
1.31493 1 
-3.78709 1 
-2.68564 1 
-0.271378 1 
-0.332721 1 
-0.53271 1 
-0.085932 1 
0.813566 1 
-0.147984 1 
0.0256448 1 
-0.638783 1 
0.503776 1 
0.214725 1 
0.0628371 1 
0.605518 1 
-0.960845 1 
-0.85285 1 
0.709542 1 
0.91803 1 
-0.744855 1 
-1.06151 1 
-1.16217 1 
1.02249 1 
-1.53802 1 
1.6492 1 
1.16871 1 
2.08173 1 
1.0956 1 
1.76062 1 
-2.9546 1 
0.138781 1 
-0.432715 1 
2.29296 1 
0.355206 1 
2.4617 1 
-3.40382 1 
3.90491 1 
3.42945 1 
2.87732 1 
-2.0765 1 
-1.91428 1 
1.42635 1 
-3.68063 1 
-3.89354 1 
-2.55363 1 
-2.28962 1 
3.11862 1 
-0.30205 1 
-0.240707 1 
-0.17901 1 
0.00704869 1 
-0.585746 1 
0.261552 1 
0.452904 1 
0.554647 1 
-0.906848 1 
0.761554 1 
0.65753 1 
0.865798 1 
-0.691819 1 
3.71472 1 
-1.11184 1 
-0.798853 1 
0.970262 1 
-1.30396 1 
-1.44463 1 
-1.20943 1 
1.24182 1 
1.59349 1 
2.15214 1 
1.05905 1 
1.70491 1 
-3.09403 1 
-2.75288 1 
-2.88736 1 
-1.68559 1 
2.65835 1 
1.8409 1 
2.00146 1 
0.176753 1 
-0.382718 1 
-0.482713 1 
-0.0487397 1 
-0.116958 1 
0.0442409 1 
0.100809 1 
-1.01118 1 
1.13216 1 
ZONE T="boundary2"
4 -0.406638 
4 -0.299126 
4 0.276757 
4 0.227995 
4 0.184151 
4 -0.237053 
4 0.456845 
4 0.0480557 
4 0.140306 
4 -0.502215 
4 1 
4 -1 
4 -0.798895 
4 -0.597791 
4 0.325519 
4 0.391182 
4 0.524739 
4 0.592634 
4 -0.174981 
4 -0.352882 
4 -0.109588 
4 -0.0441951 
4 0.728422 
4 0.864211 
4 0.206073 
4 0.0941811 
4 -0.454426 
4 -0.698343 
4 0.301138 
4 0.252376 
4 0.424013 
4 0.358351 
4 0.490792 
4 -0.206017 
4 -0.0768916 
4 -0.26809 
4 0.558686 
4 0.660528 
4 0.796317 
4 0.932106 
4 -0.899448 
4 -0.37976 
4 -0.326004 
4 0.00193027 
4 -0.142284 
4 -0.550003 
4 0.162229 
ZONE T="boundary3"
-3.84793 -1 
-1.2708 -1 
-0.428237 -1 
0.123604 -1 
-0.0659328 -1 
0.905384 -1 
0.844125 -1 
0.253553 -1 
0.319244 -1 
-0.892033 -1 
-0.283471 -1 
0.187862 -1 
-0.678596 -1 
-0.625415 -1 
1.4756 -1 
0.454766 -1 
0.387005 -1 
0.966642 -1 
1.03737 -1 
1.62298 -1 
1.77036 -1 
-3.69586 -1 
-3.39173 -1 
1.98207 -1 
-1.3939 -1 
-1.51701 -1 
3.1308 -1 
3.5654 -1 
-3.11908 -1 
-2.84643 -1 
-2.12125 -1 
2.41925 -1 
2.64473 -1 
4 -1 
2.19377 -1 
2.88777 -1 
-0.355854 -1 
-0.179558 -1 
0.0593471 -1 
-0.00329285 -1 
-0.122746 -1 
0.523219 -1 
0.722365 -1 
0.783245 -1 
0.657018 -1 
-0.526826 -1 
-0.576121 -1 
0.591672 -1 
-0.731778 -1 
1.10809 -1 
1.19487 -1 
1.28165 -1 
1.37862 -1 
-0.83814 -1 
-4 -1 
-2.35069 -1 
-2.59856 -1 
-0.999819 -1 
-1.80981 -1 
-1.66341 -1 
-1.16225 -1 
2.76625 -1 
-1.96553 -1 
-0.945926 -1 
-1.05371 -1 
0.874754 -1 
0.286398 -1 
0.155733 -1 
-0.652006 -1 
0.420885 -1 
1.002 -1 
1.69667 -1 
-3.5438 -1 
-1.45545 -1 
3.3481 -1 
-2.98276 -1 
-3.2554 -1 
2.53199 -1 
3.7827 -1 
2.30651 -1 
0.220707 -1 
0.353124 -1 
-0.392046 -1 
0.0280271 -1 
-0.0943392 -1 
-0.0346128 -1 
0.488992 -1 
0.752805 -1 
0.689691 -1 
0.936013 -1 
-0.551473 -1 
-0.231515 -1 
-0.151152 -1 
-0.477532 -1 
-0.705187 -1 
1.15148 -1 
1.23826 -1 
1.42711 -1 
1.33014 -1 
-0.784959 -1 
-0.865087 -1 
-3.92397 -1 
-3.7719 -1 
1.87621 -1 
2.08792 -1 
-2.7225 -1 
-2.47462 -1 
-2.23597 -1 
-1.73661 -1 
-1.59021 -1 
-1.33235 -1 
1.54929 -1 
-2.04339 -1 
0.557445 -1 
0.0914758 -1 
0.813685 -1 
-0.319663 -1 
0.624345 -1 
-0.600768 -1 
1.07273 -1 
-0.918979 -1 
-1.02676 -1 
-0.972872 -1 
-1.10798 -1 
-1.21652 -1 
3.00928 -1 
2.82701 -1 
2.70549 -1 
-1.88767 -1 
ZONE T="boundary4"
0.109269 0.496908 
0.136454 0.495131 
-0.577042 -0.0548048 
-0.574714 -0.0396183 
0.0847741 -0.0131257 
0.0863456 -0.0358559 
-0.571811 -0.0245785 
-0.568348 -0.00971314 
0.0842445 0.496589 
-0.510174 0.122459 
0.0619558 0.49491 
0.0915307 -0.0580143 
0.109076 0.0705696 
0.242952 0.456596 
0.303871 0.331112 
0.303921 0.350181 
-0.0526299 0.469326 
-0.075541 0.461309 
0.270381 0.431267 
0.257413 0.444725 
-0.559856 0.0193047 
-0.550996 0.04347 
-0.542153 0.0640119 
-0.537277 0.0742692 
-0.524195 0.0990803 
-0.128386 0.439596 
-0.102155 0.450922 
0.0396849 0.492043 
-0.481229 0.163905 
-0.492103 0.149191 
-0.469968 0.178294 
-0.458634 0.19205 
-0.432322 0.221798 
-0.417299 0.237698 
-0.44701 0.205527 
-0.40263 0.252556 
0.160148 0.491498 
-0.387643 0.267046 
-0.374185 0.27946 
-0.360457 0.291568 
-0.289268 0.347024 
-0.272172 0.358831 
0.132474 0.104195 
0.120119 0.0878829 
-0.30909 0.332663 
-0.344654 0.304873 
-0.25484 0.370285 
-0.328549 0.317803 
0.211449 0.475063 
0.227675 0.466598 
-0.240782 0.379211 
-0.226579 0.387909 
-0.211868 0.396585 
-0.197008 0.405012 
-0.147999 0.430437 
-0.167383 0.420814 
-0.0294682 0.476522 
-0.0129389 0.481074 
0.00369667 0.485139 
0.0216466 0.488918 
-0.182266 0.41304 
0.301496 0.368189 
0.159275 0.133627 
0.0866912 0.00936704 
0.0993456 0.0514622 
0.295259 0.291312 
0.301089 0.311558 
0.0918096 0.0313252 
0.145531 0.119278 
0.296948 0.384949 
0.186057 0.484877 
0.185757 0.158843 
0.212229 0.183066 
0.224085 0.194197 
0.255987 0.227395 
0.285934 0.270356 
0.272901 0.249083 
0.281408 0.416594 
0.290503 0.400606 
0.235668 0.205537 
0.122894 0.496313 
-0.575952 -0.0472005 
0.0851092 -0.0245225 
-0.573335 -0.0320847 
-0.57015 -0.0171294 
0.0967626 0.496967 
0.0884874 -0.047042 
-0.064118 0.465415 
0.264101 0.438189 
-0.555608 0.0314538 
-0.539746 0.0691556 
-0.546703 0.0537974 
-0.530915 0.0867711 
-0.564368 0.00487377 
-0.517336 0.110863 
-0.115318 0.445372 
0.0730944 0.495905 
-0.486718 0.156588 
-0.464341 0.185206 
-0.424853 0.229791 
0.304226 0.340668 
-0.452857 0.198821 
-0.475645 0.171138 
-0.410005 0.245168 
0.148352 0.49357 
-0.39518 0.259847 
-0.367354 0.285552 
-0.28075 0.352972 
0.126148 0.0961538 
-0.352595 0.298268 
-0.263535 0.364602 
0.21967 0.471019 
-0.247829 0.374777 
-0.219242 0.392278 
-0.204457 0.40083 
-0.233698 0.383589 
-0.13822 0.435076 
-0.157719 0.425682 
-0.0212181 0.478856 
0.0126575 0.487106 
-0.439713 0.213708 
-0.189655 0.409058 
0.0306538 0.490565 
-0.0410802 0.473031 
-0.336638 0.311384 
-0.0888946 0.456239 
-0.299223 0.339906 
-0.318867 0.325296 
-0.380948 0.273291 
0.303008 0.359242 
-0.174842 0.41696 
-0.00463477 0.483169 
-0.501323 0.135954 
0.0853129 -0.0018424 
0.103951 0.0611311 
0.114412 0.0793548 
0.298535 0.301365 
0.0888705 0.0204353 
0.0952816 0.0415213 
0.138898 0.111834 
0.299488 0.376653 
0.0508073 0.493617 
0.152326 0.126528 
0.250354 0.450861 
0.199018 0.170957 
0.218183 0.18861 
0.302822 0.321314 
0.29097 0.280708 
0.279766 0.25955 
0.235448 0.461789 
0.286213 0.408752 
0.293964 0.392883 
0.276123 0.424102 
0.17239 0.146388 
0.26474 0.238056 
0.198927 0.480368 
0.17321 0.488539 
0.246048 0.216305 
0.229919 0.199836 
ZONE T="boundary5"
-0.557742 -0.244156 
-0.549877 -0.266485 
0.256597 -0.169337 
-0.488411 -0.38059 
-0.578574 -0.146487 
-0.579778 -0.131249 
-0.578774 -0.0700447 
-0.579914 -0.0853617 
-0.577042 -0.0548048 
-0.580456 -0.100655 
0.371521 -0.171354 
-0.575852 -0.168381 
-0.571995 -0.190196 
-0.565527 -0.217793 
-0.444992 -0.434576 
-0.157463 -0.617467 
-0.12841 -0.626893 
-0.234566 -0.586596 
-0.21057 -0.597204 
0.49396 -0.63496 
0.51473 -0.626664 
-0.184209 -0.607783 
-0.0674412 -0.6434 
-0.0355848 -0.650461 
-0.0990206 -0.635371 
-0.00164204 -0.656931 
-0.413459 -0.466782 
-0.474455 -0.399436 
-0.540883 -0.28846 
-0.530216 -0.31116 
0.0915307 -0.0580143 
-0.359892 -0.512052 
-0.32101 -0.539178 
-0.340665 -0.525991 
-0.396311 -0.482424 
-0.37857 -0.497424 
-0.258148 -0.575179 
-0.504614 -0.35641 
0.167001 -0.144462 
0.650521 -0.261045 
-0.279729 -0.563788 
0.0325219 -0.662427 
0.212746 -0.676269 
0.177045 -0.675503 
0.318646 -0.672113 
0.140575 -0.673702 
0.103756 -0.0854381 
0.121358 -0.109518 
0.0682931 -0.667158 
0.104238 -0.670907 
-0.518317 -0.333499 
0.283573 -0.674647 
0.248535 -0.675998 
0.364702 -0.666747 
0.408231 -0.659179 
0.452425 -0.648475 
0.473262 -0.642165 
0.400591 -0.171365 
0.430205 -0.172312 
0.446966 -0.173451 
0.535152 -0.617311 
0.557642 -0.605403 
0.557692 -0.198385 
0.539828 -0.191754 
0.592702 -0.215411 
0.575453 -0.20629 
0.60081 -0.576425 
0.579473 -0.591908 
0.695906 -0.431369 
0.699838 -0.37508 
0.699791 -0.404142 
0.294248 -0.171666 
0.637813 -0.541978 
0.619889 -0.56012 
0.653276 -0.523258 
0.667469 -0.502329 
0.685897 -0.316162 
0.679769 -0.47937 
0.689046 -0.456331 
0.192181 -0.155442 
0.218485 -0.163112 
0.608609 -0.225302 
0.671099 -0.287821 
0.481582 -0.177601 
0.464274 -0.175194 
0.623757 -0.236316 
0.142716 -0.129093 
-0.300877 -0.551672 
0.661418 -0.274018 
0.695461 -0.345958 
0.69132 -0.3309 
0.332507 -0.171856 
0.52165 -0.186206 
0.501691 -0.181346 
0.67913 -0.301712 
-0.553946 -0.25537 
-0.579247 -0.138874 
-0.579419 -0.077698 
-0.57406 -0.179314 
-0.577356 -0.157453 
-0.561813 -0.231029 
-0.142979 -0.622303 
-0.222614 -0.592002 
0.50439 -0.630936 
-0.197438 -0.602609 
-0.170878 -0.612736 
-0.083265 -0.639511 
-0.0186397 -0.653821 
-0.42953 -0.450974 
-0.48153 -0.390085 
-0.545518 -0.27753 
-0.535694 -0.299879 
-0.330898 -0.532672 
-0.387511 -0.490006 
-0.369301 -0.504825 
-0.246409 -0.580991 
-0.496672 -0.368607 
-0.268988 -0.569575 
0.194889 -0.676012 
0.158801 -0.674729 
0.111936 -0.0979391 
0.0503885 -0.664917 
0.0862505 -0.669154 
-0.524404 -0.322403 
0.266055 -0.675463 
0.301116 -0.673535 
0.386512 -0.663288 
0.430411 -0.654229 
0.415373 -0.171688 
0.43858 -0.172818 
0.546485 -0.61154 
0.548804 -0.194931 
0.483646 -0.638674 
0.462871 -0.645423 
0.590285 -0.584381 
0.700349 -0.389647 
0.629043 -0.551254 
0.660624 -0.512982 
0.684715 -0.467995 
0.698299 -0.417849 
0.584155 -0.2107 
0.096905 -0.0720596 
0.205221 -0.159658 
0.179402 -0.15039 
-0.577982 -0.0624165 
-0.580409 -0.11596 
0.472929 -0.176309 
-0.580259 -0.0930062 
-0.40496 -0.474684 
0.154542 -0.137289 
-0.310999 -0.545512 
-0.350344 -0.51911 
0.568669 -0.598851 
0.645746 -0.532801 
0.656118 -0.267427 
-0.568967 -0.204045 
0.237434 -0.166813 
0.275377 -0.170863 
-0.290357 -0.557822 
-0.113751 -0.631249 
0.693549 -0.338391 
0.131583 -0.119812 
-0.511608 -0.345041 
-0.460071 -0.417295 
0.230638 -0.676268 
0.313342 -0.171937 
0.351968 -0.171602 
0.122395 -0.672428 
0.616284 -0.230666 
0.600747 -0.22022 
0.524996 -0.622121 
0.610506 -0.568471 
0.692844 -0.443975 
0.673922 -0.491032 
0.386028 -0.171277 
0.698218 -0.360472 
0.666414 -0.280817 
0.637664 -0.24815 
0.511695 -0.18363 
-0.0515414 -0.647049 
0.0154184 -0.659798 
0.3417 -0.669737 
0.682672 -0.308868 
0.675273 -0.294695 
0.688771 -0.32349 
0.491653 -0.179341 
0.455619 -0.174245 
0.530777 -0.188849 
0.566635 -0.20219 
