ZONE T="boundary0"
-4 -0.372849 
-4 -0.331099 
-4 0.116062 
-4 0.199737 
-4 0.263172 
-4 0.390435 
-4 0.318776 
-4 0.573899 
-4 0.482167 
-4 0.1579 
-4 -0.237293 
-4 -0.185237 
-4 -0.148881 
-4 0.680424 
-4 0.786949 
-4 1 
-4 0.0381258 
-4 0.0770941 
-4 -0.0398108 
-4 -0.112524 
-4 -0.289348 
-4 -0.634189 
-4 -0.561334 
-4 -0.430664 
-4 -0.817095 
-4 -1 
-4 -0.488478 
-4 -0.351974 
-4 0.231455 
-4 0.354605 
-4 0.290974 
-4 0.528033 
-4 0.136981 
-4 -0.167059 
-4 0.627161 
-4 0.733687 
-4 0.893475 
-4 0.178819 
-4 0.0576099 
-4 -0.000842536 
-4 0.436301 
-4 -0.310224 
-4 -0.263321 
-4 -0.130702 
-4 -0.0761675 
-4 -0.597761 
-4 -0.908547 
-4 -0.725642 
-4 -0.211265 
-4 -0.459571 
-4 -0.524906 
-4 -0.401756 
-4 0.0965782 
ZONE T="boundary1"
3.5019 1 
3.15244 1 
-1.35315 1 
-1.44111 1 
-3.67885 1 
-3.51828 1 
-3.83943 1 
-0.611006 1 
-0.505904 1 
-1.81677 1 
-4 1 
-3.17522 1 
1.0259 1 
1.12891 1 
1.9202 1 
1.6974 1 
1.4746 1 
1.586 1 
-1.53503 1 
-2.62889 1 
-2.42006 1 
4 1 
3.75095 1 
-2.81082 1 
-2.99274 1 
2.41666 1 
2.22499 1 
2.88039 1 
-2.014 1 
-2.21122 1 
0.27932 1 
0.156498 1 
-0.0442735 1 
-0.114088 1 
0.0910193 1 
0.0255407 1 
-0.242349 1 
-0.178218 1 
-0.321575 1 
-0.400802 1 
0.340731 1 
-0.719847 1 
-1.04923 1 
-0.938962 1 
-0.828689 1 
0.673127 1 
0.764535 1 
0.855943 1 
0.537635 1 
0.402143 1 
1.23193 1 
-3.3577 1 
1.35326 1 
-1.26519 1 
-1.15721 1 
-1.62894 1 
2.60833 1 
3.32717 1 
-1.39713 1 
-3.59856 1 
-0.558455 1 
1.07741 1 
1.8088 1 
1.5303 1 
-2.52447 1 
3.87547 1 
-2.90178 1 
2.32083 1 
3.01642 1 
-2.11261 1 
0.217909 1 
-0.0791806 1 
0.05828 1 
-0.00936635 1 
-0.210283 1 
-0.146153 1 
-0.281962 1 
-0.361189 1 
0.310026 1 
-0.665427 1 
-0.994098 1 
-0.774268 1 
-0.453353 1 
-3.75914 1 
0.718831 1 
0.810239 1 
0.605381 1 
0.469889 1 
0.940922 1 
1.18042 1 
-3.43799 1 
-1.2112 1 
-1.10322 1 
-3.91971 1 
-1.72286 1 
3.62642 1 
-1.48807 1 
-2.31564 1 
-1.58198 1 
-1.91538 1 
2.5125 1 
-2.71985 1 
2.0726 1 
-3.08398 1 
-3.26646 1 
0.371437 1 
0.123759 1 
-0.883825 1 
1.41393 1 
1.2926 1 
1.6417 1 
-1.30917 1 
2.74436 1 
ZONE T="boundary2"
4 -0.711342 
4 -0.607011 
4 -0.374898 
4 0.198022 
4 0.146843 
4 0.25225 
4 0.375194 
4 0.340836 
4 1 
4 -0.502679 
4 0.306479 
4 0.225136 
4 0.51342 
4 0.0956641 
4 -0.00512381 
4 0.582931 
4 -0.438788 
4 -0.307936 
4 -0.105912 
4 -0.207208 
4 0.721954 
4 -0.855671 
4 -1 
4 0.443908 
4 -0.274455 
4 -0.240974 
4 -0.173443 
4 -0.659176 
4 0.172433 
4 0.358015 
4 -0.554845 
4 0.0452701 
4 -0.406843 
4 -0.0555178 
4 0.652443 
4 0.860977 
4 -0.783506 
4 -0.927835 
4 0.121254 
4 0.279365 
4 0.323658 
4 0.238693 
4 0.409551 
4 0.211579 
4 0.548176 
4 0.478664 
4 -0.470734 
4 -0.257714 
4 -0.291195 
4 -0.190326 
4 -0.224091 
4 -0.139677 
4 -0.341417 
ZONE T="boundary3"
0.108519 -1 
-0.245912 -1 
-0.608112 -1 
-1.30175 -1 
-1.4762 -1 
-0.448945 -1 
-0.524998 -1 
-1.19412 -1 
0.854633 -1 
0.964337 -1 
1.08039 -1 
3.4301 -1 
-1.66226 -1 
1.19645 -1 
-3.56686 -1 
-3.78343 -1 
1.80198 -1 
1.97406 -1 
-2.57668 -1 
-2.26192 -1 
-1.84832 -1 
2.16476 -1 
3.24014 -1 
2.75689 -1 
2.99851 -1 
-0.100391 -1 
-0.309402 -1 
0.253378 -1 
-0.372893 -1 
0.519718 -1 
0.632324 -1 
0.328709 -1 
0.424213 -1 
-0.691225 -1 
-0.0307007 -1 
0.744929 -1 
0.178048 -1 
0.03899 -1 
-0.75009 -1 
-0.173152 -1 
-0.926682 -1 
-0.808954 -1 
-1.0865 -1 
-4 -1 
1.30027 -1 
1.40409 -1 
-3.31776 -1 
1.6299 -1 
-3.06865 -1 
-2.94566 -1 
-2.82267 -1 
4 -1 
3.81003 -1 
2.35546 -1 
2.26011 -1 
3.62007 -1 
2.55618 -1 
1.517 -1 
-1.38897 -1 
-0.566555 -1 
1.02236 -1 
-1.56923 -1 
-3.67515 -1 
1.88802 -1 
-2.4193 -1 
-2.05512 -1 
2.8777 -1 
-0.277657 -1 
-0.410919 -1 
0.576021 -1 
0.376461 -1 
-0.065546 -1 
0.688627 -1 
0.143284 -1 
0.0737546 -1 
0.00414465 -1 
0.215713 -1 
-0.649669 -1 
-0.136772 -1 
0.291043 -1 
-0.341147 -1 
-0.867818 -1 
-0.486972 -1 
0.471966 -1 
-1.14031 -1 
1.35218 -1 
0.799781 -1 
-1.24793 -1 
1.13842 -1 
-3.44231 -1 
-1.75529 -1 
-1.00659 -1 
-3.1932 -1 
-2.88416 -1 
3.90502 -1 
2.30779 -1 
-3.89172 -1 
1.71594 -1 
3.11933 -1 
-3.00715 -1 
3.52509 -1 
-2.69967 -1 
3.33512 -1 
-0.209532 -1 
-0.720658 -1 
-0.779522 -1 
2.45582 -1 
2.21243 -1 
2.06941 -1 
3.71505 -1 
2.65653 -1 
1.24836 -1 
0.909485 -1 
1.46054 -1 
1.57345 -1 
ZONE T="boundary4"
-0.104609 0.407711 
-0.128063 0.400542 
-0.546707 0.154762 
-0.321706 0.324925 
-0.602184 0.0467637 
-0.606957 0.0289606 
-0.382717 0.293006 
-0.214432 0.370554 
0.610598 0.202037 
0.602929 0.223142 
0.623782 0.0200205 
-0.252781 0.355421 
-0.615134 -0.0255393 
-0.234284 0.362866 
0.554845 0.309529 
-0.610706 0.0109328 
0.51831 0.348717 
0.538958 0.328246 
-0.596418 0.0642233 
-0.584141 0.0935778 
-0.589699 0.0812695 
-0.570994 0.118438 
-0.578074 0.105677 
-0.563368 0.130909 
-0.555288 0.14298 
0.482744 0.376758 
-0.528247 0.177314 
-0.507972 0.198836 
-0.613429 -0.00725869 
-0.337743 0.317078 
-0.36038 0.305383 
-0.305566 0.332504 
-0.288421 0.340242 
0.440357 0.401858 
-0.410619 0.276104 
0.627096 0.136675 
0.622547 0.159827 
-0.194478 0.377977 
-0.271187 0.347726 
-0.172983 0.38564 
-0.0793954 0.414934 
-0.0540032 0.421682 
-0.0268962 0.428278 
-0.15137 0.392999 
-0.485761 0.21963 
0.630868 0.0659883 
0.468877 0.385814 
0.45479 0.39414 
0.410655 0.415491 
0.425639 0.408967 
0.380421 0.426713 
0.348621 0.436075 
0.0293419 0.439847 
0.0584817 0.44465 
0.569317 0.289383 
0.507438 0.358131 
0.496164 0.36707 
0.630126 0.11321 
0.119894 0.45189 
0.15195 0.454007 
0.0890858 0.448762 
0.250343 0.452437 
0.283454 0.448797 
0.316799 0.443281 
0.617073 0.181172 
0.594341 0.243575 
0.628343 0.0428617 
0.582648 0.267146 
0.631438 0.0895851 
0.000422251 0.434265 
-0.423921 0.267373 
0.184148 0.454894 
0.216969 0.454433 
-0.462003 0.239503 
-0.437005 0.258302 
-0.449621 0.249065 
-0.116352 0.404175 
-0.604698 0.0378949 
0.60689 0.212636 
-0.224371 0.366743 
-0.608959 0.019972 
0.528869 0.338718 
-0.599426 0.055533 
-0.586983 0.0874515 
-0.574602 0.112094 
-0.559389 0.136985 
-0.581169 0.0996574 
-0.593179 0.0727922 
-0.567247 0.124713 
-0.518288 0.188243 
-0.612195 0.00185483 
-0.349099 0.311308 
-0.371594 0.299283 
-0.297007 0.336405 
-0.31365 0.328746 
-0.32974 0.321036 
-0.396762 0.284719 
0.625001 0.148285 
-0.204467 0.374298 
-0.279816 0.344014 
-0.0920212 0.411381 
-0.0404714 0.425055 
-0.162191 0.389358 
-0.497021 0.209398 
-0.261997 0.351605 
-0.0667187 0.41837 
-0.614408 -0.0163885 
0.461879 0.390054 
0.418179 0.412301 
-0.551055 0.148913 
0.433034 0.405486 
0.364599 0.43166 
0.0438907 0.442351 
0.562287 0.299603 
0.512925 0.353483 
0.489512 0.371993 
0.475863 0.381365 
0.501849 0.36266 
-0.243544 0.359174 
0.447614 0.398075 
0.628814 0.124967 
0.135908 0.453097 
-0.183745 0.381847 
0.26692 0.450832 
0.547089 0.319046 
0.619949 0.170535 
0.598767 0.233415 
0.61396 0.191644 
0.626318 0.0313849 
-0.537683 0.166206 
0.588714 0.255469 
0.629855 0.0543936 
0.631007 0.101408 
-0.139733 0.396816 
0.0737635 0.446825 
0.104473 0.450455 
0.0148598 0.437151 
0.200557 0.454842 
-0.0132582 0.431352 
0.233665 0.453635 
0.16804 0.45461 
0.332763 0.439918 
0.300164 0.446278 
0.631397 0.0777776 
0.576215 0.278402 
-0.443343 0.253724 
-0.474012 0.229725 
-0.455842 0.244325 
-0.417297 0.27178 
-0.430491 0.262881 
0.395637 0.421371 
ZONE T="boundary5"
0.40963 -0.236068 
-0.595649 -0.168749 
-0.583562 -0.201395 
-0.56976 -0.232157 
-0.614361 -0.0803352 
-0.615571 -0.0621133 
-0.615839 -0.0438427 
-0.612243 -0.098453 
-0.472714 -0.37121 
-0.459702 -0.38445 
-0.600889 -0.151647 
-0.605411 -0.134346 
-0.609249 -0.116457 
-0.248582 -0.520517 
-0.312294 -0.491673 
-0.270854 -0.511407 
-0.29175 -0.501924 
-0.225999 -0.528747 
-0.151992 -0.548961 
-0.177705 -0.543087 
-0.0989559 -0.557248 
-0.126126 -0.55365 
0.623782 0.0200205 
-0.20198 -0.536425 
0.285999 -0.39326 
-0.484962 -0.35795 
-0.615134 -0.0255393 
-0.537255 -0.289838 
-0.554415 -0.261493 
-0.49679 -0.344325 
-0.518101 -0.31738 
-0.331543 -0.481188 
-0.350415 -0.470032 
-0.368075 -0.458752 
-0.446281 -0.397286 
-0.431957 -0.410151 
-0.417227 -0.42256 
0.489427 -0.163675 
0.50667 -0.149017 
-0.401486 -0.43498 
0.0669524 -0.546587 
0.336367 -0.325764 
0.470121 -0.179938 
-0.385344 -0.446883 
-0.0441318 -0.560242 
-0.0717846 -0.55946 
-0.0161459 -0.55945 
0.0397678 -0.55267 
0.0120734 -0.556938 
0.163485 -0.506386 
0.141368 -0.518574 
0.0927829 -0.53889 
0.184648 -0.492715 
0.117754 -0.529475 
0.20506 -0.477443 
0.24809 -0.437577 
0.302239 -0.37206 
0.269696 -0.413326 
0.225777 -0.45962 
0.352286 -0.304509 
0.31929 -0.349011 
0.388667 -0.259287 
0.450826 -0.196593 
0.368595 -0.283556 
0.429975 -0.215694 
0.617191 -0.00224641 
0.608611 -0.023805 
0.52361 -0.134052 
0.540228 -0.118359 
0.556109 -0.101892 
0.598102 -0.0445862 
0.585734 -0.0645711 
0.571507 -0.0838796 
-0.576899 -0.216884 
-0.615082 -0.0712329 
-0.615825 -0.0529808 
-0.46626 -0.377881 
-0.598356 -0.160225 
-0.613414 -0.0894079 
-0.610853 -0.107474 
-0.603242 -0.143021 
-0.281345 -0.506762 
-0.302068 -0.496893 
-0.112558 -0.555617 
-0.214027 -0.53271 
-0.189875 -0.539884 
-0.478889 -0.364627 
-0.546062 -0.275802 
-0.490929 -0.351184 
-0.527893 -0.303757 
-0.359292 -0.464466 
-0.453041 -0.39092 
-0.424641 -0.416414 
-0.259761 -0.51607 
-0.164878 -0.546169 
0.498073 -0.156369 
-0.507651 -0.331014 
-0.393463 -0.440997 
-0.0579582 -0.56004 
-0.0301285 -0.56005 
0.0534135 -0.549863 
-0.409407 -0.428834 
-0.237329 -0.524742 
0.0799333 -0.542965 
0.174177 -0.499739 
0.129654 -0.524239 
0.194973 -0.48526 
-0.43917 -0.403775 
0.294174 -0.382714 
0.277926 -0.403371 
0.344289 -0.315107 
0.327816 -0.337383 
0.360383 -0.293982 
-0.341027 -0.475693 
-0.321964 -0.486516 
0.440322 -0.20603 
0.152527 -0.512678 
0.479772 -0.171793 
0.460439 -0.18821 
0.51519 -0.14159 
0.548276 -0.110233 
0.603582 -0.0343168 
0.578804 -0.0743685 
0.215558 -0.468718 
-0.37676 -0.45289 
-0.607432 -0.125424 
0.620739 0.00880677 
-0.61561 -0.0346874 
0.378527 -0.271318 
0.531997 -0.126291 
-0.0853798 -0.558529 
0.0259593 -0.555031 
0.419689 -0.225746 
0.399015 -0.247536 
0.10535 -0.534408 
0.237108 -0.448807 
0.31079 -0.360563 
-0.139082 -0.551454 
-0.00201223 -0.558415 
0.259052 -0.425626 
-0.562308 -0.24694 
0.613143 -0.0131284 
0.592124 -0.0547126 
0.563955 -0.0930179 
-0.589902 -0.185182 
