ZONE T="boundary0"
-4 -0.199797 
-4 -0.262701 
-4 -0.32897 
-4 -0.231249 
-4 0.313645 
-4 0.387825 
-4 0.244793 
-4 0.474512 
-4 -0.105107 
-4 0.168621 
-4 -0.381197 
-4 -0.684253 
-4 -0.558838 
-4 -0.039908 
-4 -0.433423 
-4 0.0969559 
-4 0.0252905 
-4 0.7806 
-4 0.561199 
-4 -0.842127 
-4 -1 
-4 1 
-4 -0.295835 
-4 -0.246975 
-4 0.350735 
-4 0.279219 
-4 0.431169 
-4 -0.152452 
-4 0.206707 
-4 -0.621546 
-4 -0.40731 
-4 -0.215523 
-4 -0.355083 
-4 -0.0725073 
-4 0.0611232 
-4 -0.00730874 
-4 -0.49613 
-4 0.517856 
-4 -0.76319 
-4 -0.921063 
-4 0.8903 
-4 0.670899 
-4 0.132789 
ZONE T="boundary1"
3.58951 1 
3.79475 1 
2.14087 1 
1.80245 1 
-0.0491319 1 
-0.11102 1 
-0.286624 1 
0.169499 1 
0.318839 1 
-0.400339 1 
1.33465 1 
1.11118 1 
1.22291 1 
3.05919 1 
-1.78099 1 
-1.94322 1 
-2.80912 1 
-3.06806 1 
1.54731 1 
2.65988 1 
2.40037 1 
-3.32701 1 
-2.56718 1 
0.483829 1 
0.394505 1 
0.243173 1 
0.573152 1 
0.095825 1 
-0.172908 1 
-0.229766 1 
-0.497451 1 
0.0233465 1 
-0.596079 1 
-0.694708 1 
-0.79515 1 
0.84502 1 
0.709086 1 
4 1 
-0.895592 1 
-1.10601 1 
-1.0008 1 
-1.34361 1 
-1.22481 1 
-3.49526 1 
-3.66351 1 
3.32435 1 
3.45693 1 
0.9781 1 
-3.83175 1 
-1.61875 1 
-1.48118 1 
-4 1 
-2.32525 1 
-2.13424 1 
2.85953 1 
3.69213 1 
1.97166 1 
-0.0800759 1 
1.27878 1 
-1.86211 1 
-2.93859 1 
2.53012 1 
0.52849 1 
0.439167 1 
0.132662 1 
-0.448895 1 
-0.0128927 1 
-0.141964 1 
-0.258195 1 
-0.201337 1 
-0.343481 1 
-0.546765 1 
-0.744929 1 
0.777053 1 
3.89738 1 
-0.645393 1 
-0.845371 1 
-1.0534 1 
-0.948196 1 
-1.28421 1 
3.39064 1 
1.04464 1 
1.16705 1 
-3.41114 1 
-3.57938 1 
-1.54997 1 
-1.69987 1 
1.44098 1 
-3.74763 1 
-3.91588 1 
1.67488 1 
-2.03873 1 
-2.22974 1 
-2.68815 1 
2.95936 1 
-3.19754 1 
2.27062 1 
0.206336 1 
0.281006 1 
0.356672 1 
0.0595858 1 
0.91156 1 
0.641119 1 
3.19177 1 
-1.16541 1 
-1.4124 1 
3.52322 1 
-2.44622 1 
2.7597 1 
ZONE T="boundary2"
4 -0.415372 
4 -0.354249 
4 0.0436095 
4 -0.0223042 
4 0.197622 
4 0.26786 
4 0.346426 
4 0.43025 
4 0.109523 
4 -0.166663 
4 0.757037 
4 0.878519 
4 -1 
4 -0.738248 
4 -0.268372 
4 -0.311311 
4 -0.0944836 
4 0.514074 
4 0.635556 
4 -0.541933 
4 -0.476495 
4 -0.217518 
4 -0.607371 
4 1 
4 -0.384811 
4 0.0106527 
4 0.232741 
4 0.817778 
4 -0.869124 
4 0.307143 
4 -0.289842 
4 0.153573 
4 0.0765664 
4 -0.0583939 
4 0.472162 
4 0.388338 
4 -0.509214 
4 -0.19209 
4 -0.33278 
4 -0.130573 
4 0.574815 
4 0.696296 
4 -0.672809 
4 0.939259 
4 -0.242945 
4 -0.445934 
4 -0.574652 
ZONE T="boundary3"
-1.02599 -1 
-0.912114 -1 
3.4112 -1 
0.0903711 -1 
0.135107 -1 
-0.633194 -1 
-0.291253 -1 
-0.249157 -1 
-0.168831 -1 
1.26131 -1 
-0.11607 -1 
-3.21451 -1 
-3.41089 -1 
0.923573 -1 
-2.40706 -1 
-1.14442 -1 
4 -1 
3.5584 -1 
2.11318 -1 
2.98777 -1 
3.19948 -1 
3.7056 -1 
-2.00504 -1 
-2.94138 -1 
2.75147 -1 
-2.20605 -1 
-2.66824 -1 
-0.398046 -1 
-0.0633089 -1 
-0.00883668 -1 
-0.547969 -1 
-0.333349 -1 
-0.462744 -1 
-0.699241 -1 
0.0456355 -1 
0.206835 -1 
0.450184 -1 
0.364373 -1 
-0.838701 -1 
-0.765288 -1 
0.527897 -1 
-1.35973 -1 
-1.26285 -1 
-4 -1 
-3.80363 -1 
1.04205 -1 
0.60561 -1 
0.705355 -1 
-1.4566 -1 
-1.66537 -1 
0.8051 -1 
-3.60726 -1 
1.46147 -1 
1.57256 -1 
1.68365 -1 
1.95662 -1 
1.82013 -1 
-1.8352 -1 
2.26974 -1 
2.51517 -1 
-2.80481 -1 
1.15168 -1 
0.278562 -1 
0.321468 -1 
-0.969054 -1 
0.112739 -1 
-0.270205 -1 
-3.3127 -1 
-1.08521 -1 
3.4848 -1 
3.09363 -1 
3.632 -1 
-0.208994 -1 
-0.0896894 -1 
-0.14245 -1 
-0.0360728 -1 
-0.365697 -1 
-0.505356 -1 
-0.430395 -1 
-0.590581 -1 
-0.666217 -1 
0.0680033 -1 
0.0183994 -1 
0.170971 -1 
0.407279 -1 
-0.801994 -1 
0.489041 -1 
-1.31129 -1 
3.30534 -1 
-3.90181 -1 
0.655482 -1 
-1.56098 -1 
0.755228 -1 
3.8528 -1 
-3.70544 -1 
-3.50907 -1 
1.36139 -1 
1.62811 -1 
1.88838 -1 
1.75189 -1 
-3.07795 -1 
2.86962 -1 
-2.30655 -1 
-2.10555 -1 
-2.53765 -1 
2.39246 -1 
-1.92012 -1 
-1.75029 -1 
-2.73653 -1 
-2.87309 -1 
2.0349 -1 
2.19146 -1 
1.2065 -1 
1.09686 -1 
0.242699 -1 
0.342921 -1 
0.300015 -1 
-0.875407 -1 
-0.732264 -1 
-0.312301 -1 
0.864336 -1 
0.566753 -1 
2.63332 -1 
-1.20364 -1 
0.982809 -1 
1.51702 -1 
-1.40816 -1 
ZONE T="boundary4"
-0.113909 0.490675 
-0.0870993 0.496548 
-0.312166 0.415889 
-0.625777 0.0329196 
0.64274 0.000391487 
0.64091 0.0148835 
0.173967 0.506122 
0.204234 0.50101 
0.44181 0.383419 
0.429003 0.395104 
0.643832 -0.0141585 
-0.61975 0.0567154 
0.143413 0.509779 
-0.265684 0.438957 
-0.241727 0.449393 
-0.630396 0.00909589 
-0.612328 0.080413 
0.454257 0.371109 
0.477375 0.34541 
-0.593445 0.12715 
-0.603549 0.103908 
-0.576033 0.161197 
-0.585052 0.144329 
0.49844 0.318235 
0.517483 0.29003 
-0.56666 0.177364 
-0.438408 0.329574 
-0.289276 0.427734 
-0.504395 0.263546 
-0.517767 0.247353 
-0.556766 0.193221 
-0.474254 0.296241 
-0.490464 0.279272 
-0.398569 0.361287 
-0.418772 0.34582 
-0.45739 0.312574 
-0.528059 0.234124 
-0.377809 0.376005 
-0.356463 0.390018 
-0.334636 0.403277 
-0.217066 0.459185 
-0.192096 0.468167 
-0.166435 0.476468 
-0.14052 0.483933 
-0.00355337 0.509113 
-0.0319328 0.505809 
-0.0595863 0.501637 
0.609655 0.116063 
-0.538025 0.220648 
-0.633602 -0.0146976 
0.024903 0.511428 
0.63508 0.0439671 
0.415776 0.406227 
0.328152 0.461034 
0.297424 0.474279 
0.387685 0.42705 
0.358414 0.445287 
0.566221 0.203008 
0.534812 0.261042 
0.0541363 0.512748 
0.113453 0.512005 
0.0833698 0.51297 
0.235527 0.494017 
0.596006 0.145201 
0.638336 0.0294831 
0.631132 0.0585183 
0.62145 0.0873437 
0.550774 0.232006 
0.266469 0.48521 
0.581442 0.173987 
-0.100528 0.49372 
0.641915 0.00764904 
0.189133 0.503754 
0.435465 0.389327 
0.64338 -0.00687628 
0.158713 0.508129 
-0.253748 0.444273 
-0.628257 0.0210397 
-0.62293 0.0448588 
-0.616201 0.0686143 
0.466058 0.358483 
-0.598647 0.115594 
-0.608095 0.0922184 
-0.580618 0.152803 
0.508175 0.304281 
-0.571414 0.169319 
-0.589328 0.135779 
-0.300771 0.421907 
-0.511149 0.255505 
-0.482443 0.287836 
-0.4975 0.27147 
-0.561775 0.185331 
-0.408742 0.353647 
-0.4659 0.304487 
-0.522955 0.24077 
-0.367198 0.383106 
-0.388256 0.368739 
-0.277527 0.433444 
-0.345607 0.396742 
-0.204617 0.463777 
-0.153507 0.480305 
-0.0177565 0.507583 
-0.0733634 0.499206 
-0.127242 0.487413 
-0.447984 0.321168 
0.488143 0.332009 
-0.547571 0.207054 
-0.632172 -0.00277865 
0.0106656 0.510395 
0.422445 0.400733 
0.312904 0.467926 
0.373229 0.436459 
-0.229437 0.45439 
0.52632 0.275642 
0.0395146 0.512223 
0.128446 0.511053 
0.0687532 0.512999 
-0.428668 0.337791 
0.21993 0.49773 
0.63679 0.0367436 
0.448094 0.377327 
0.626557 0.0730194 
0.639711 0.0221989 
0.615758 0.101786 
0.633183 0.0512636 
-0.323455 0.409679 
0.602976 0.130697 
0.558521 0.217517 
-0.179299 0.472422 
-0.0457763 0.503838 
0.282035 0.479995 
0.343431 0.453446 
0.588802 0.15963 
0.251065 0.489843 
0.542877 0.24657 
-0.533083 0.227417 
0.0984177 0.512642 
0.573865 0.188511 
0.401942 0.416928 
ZONE T="boundary5"
0.559939 -0.228641 
-0.0937732 -0.388264 
-0.121522 -0.390983 
0.57586 -0.210009 
-0.57651 -0.258691 
-0.587594 -0.240584 
-0.635395 -0.0384282 
-0.507342 -0.33346 
-0.523072 -0.320502 
-0.634729 -0.0854897 
-0.635772 -0.0620346 
-0.622988 -0.154598 
-0.628351 -0.131812 
0.637803 -0.0854666 
-0.598048 -0.220861 
-0.63226 -0.108762 
0.630141 -0.112905 
0.634342 -0.0992537 
-0.416537 -0.381504 
-0.46438 -0.361034 
-0.616145 -0.177103 
-0.231516 -0.400428 
-0.258702 -0.401526 
-0.204285 -0.398629 
-0.176794 -0.396324 
0.460098 -0.305918 
0.446924 -0.312563 
-0.537956 -0.30644 
0.473035 -0.298776 
-0.56436 -0.275929 
-0.551624 -0.291666 
0.643832 -0.0141585 
-0.149336 -0.393731 
-0.486825 -0.347907 
0.640538 -0.0714273 
0.420029 -0.324403 
0.105334 -0.374344 
0.0765888 -0.375817 
0.615269 -0.148762 
0.278288 -0.36035 
0.249368 -0.364045 
-0.0655866 -0.385636 
-0.00902079 -0.381029 
-0.0374781 -0.383223 
0.0193467 -0.379096 
0.0480105 -0.377369 
0.220512 -0.366972 
0.134018 -0.372857 
0.191635 -0.369314 
0.162842 -0.371223 
0.335767 -0.350003 
0.307125 -0.355724 
0.364215 -0.342993 
0.392327 -0.334525 
-0.607835 -0.1992 
0.497432 -0.283398 
0.520686 -0.26596 
0.540868 -0.248148 
-0.633602 -0.0146976 
0.64251 -0.0572757 
0.643717 -0.0430127 
-0.312527 -0.400726 
0.590737 -0.190105 
0.625254 -0.126284 
-0.428794 -0.377118 
-0.440861 -0.37225 
0.644158 -0.0286406 
-0.339199 -0.398389 
-0.365514 -0.394502 
0.603715 -0.169976 
-0.3913 -0.388921 
-0.285695 -0.401698 
-0.107646 -0.389614 
0.568046 -0.219451 
-0.582193 -0.249725 
-0.515317 -0.327114 
-0.635429 -0.0737713 
-0.63576 -0.0502298 
-0.625851 -0.143249 
-0.633674 -0.0971464 
0.636164 -0.0923828 
-0.245107 -0.401078 
-0.217896 -0.399602 
0.453541 -0.309301 
-0.530633 -0.313597 
-0.558121 -0.283903 
-0.570577 -0.267412 
-0.135427 -0.392362 
-0.544913 -0.299167 
-0.475744 -0.354709 
0.639265 -0.078465 
-0.497235 -0.340896 
0.0909624 -0.375076 
-0.592973 -0.230804 
0.26384 -0.362302 
-0.619748 -0.165907 
-0.630486 -0.120319 
-0.0796789 -0.386928 
-0.023249 -0.382094 
0.00516379 -0.380032 
0.0623011 -0.376577 
0.119677 -0.37361 
0.177241 -0.370312 
0.321473 -0.353012 
0.378326 -0.33895 
0.292725 -0.358164 
-0.603117 -0.210111 
0.433575 -0.318711 
0.485384 -0.291327 
0.4666 -0.302409 
0.406253 -0.329676 
0.530945 -0.257245 
0.64321 -0.050152 
0.583467 -0.200183 
0.627783 -0.119625 
0.632331 -0.106106 
0.64162 -0.0643645 
0.509239 -0.274921 
-0.434851 -0.374745 
-0.634674 -0.0265509 
-0.452739 -0.366886 
0.644034 -0.0358294 
0.644091 -0.0213972 
0.234947 -0.365592 
-0.352391 -0.396652 
-0.190535 -0.397525 
-0.0515317 -0.3844 
0.148432 -0.372066 
0.206078 -0.368206 
0.35003 -0.346668 
-0.163061 -0.395052 
0.0336795 -0.378207 
0.550577 -0.238566 
-0.612168 -0.18822 
0.609697 -0.15948 
0.620498 -0.137627 
0.597404 -0.180155 
-0.422689 -0.37937 
-0.403992 -0.38545 
-0.37846 -0.391935 
-0.325883 -0.399742 
-0.29912 -0.401369 
-0.272201 -0.401741 
