ZONE T="boundary0"
-4 -1 
-4 0.203771 
-4 0.250467 
-4 0.313645 
-4 0.462006 
-4 1 
-4 0.830196 
-4 0.0924497 
-4 0.14811 
-4 -0.684253 
-4 -0.842127 
-4 0.660392 
-4 0.387825 
-4 -0.0483951 
-4 -0.0953434 
-4 0.561199 
-4 -0.00144684 
-4 -0.230925 
-4 -0.197029 
-4 -0.163134 
-4 -0.357381 
-4 -0.262539 
-4 -0.433423 
-4 -0.509465 
-4 -0.596859 
-4 -0.325767 
-4 -0.294153 
-4 0.227119 
-4 0.282056 
-4 0.915098 
-4 0.12028 
-4 0.175941 
-4 -0.921063 
-4 0.745294 
-4 0.424916 
-4 0.350735 
-4 -0.0718693 
-4 0.610796 
-4 0.511603 
-4 -0.213977 
-4 -0.553162 
-4 -0.640556 
-4 -0.76319 
-4 0.0455014 
-4 -0.180082 
-4 -0.129239 
-4 -0.246732 
-4 -0.341574 
-4 -0.024921 
-4 -0.278346 
-4 -0.395402 
-4 -0.30996 
-4 -0.471444 
ZONE T="boundary1"
-4 1 
-3.78291 1 
1.33465 1 
-0.106209 1 
0.0696516 1 
-0.158657 1 
0.183705 1 
-0.310121 1 
-0.380634 1 
0.506767 1 
-0.490558 1 
-0.985625 1 
2.3086 1 
2.14558 1 
-1.32563 1 
-1.44227 1 
2.47162 1 
1.54731 1 
1.63177 1 
1.97314 1 
-3.56581 1 
-3.32701 1 
3.45268 1 
4 1 
3.81756 1 
3.63512 1 
2.65988 1 
2.84814 1 
3.05919 1 
-0.239607 1 
0.00794534 1 
-0.0537609 1 
0.243173 1 
0.404704 1 
-0.731262 1 
-0.796653 1 
0.353673 1 
0.302641 1 
-1.10921 1 
-0.600481 1 
0.568034 1 
0.952399 1 
0.852117 1 
-0.862043 1 
1.07942 1 
0.751836 1 
0.629302 1 
-1.21742 1 
-1.5589 1 
-1.78419 1 
1.20645 1 
1.46284 1 
1.8007 1 
-2.00949 1 
-2.32225 1 
3.27024 1 
-3.08821 1 
-2.53002 1 
-2.73779 1 
-2.913 1 
-3.89145 1 
-0.345377 1 
2.22709 1 
-1.38395 1 
1.58954 1 
3.72634 1 
2.75401 1 
-0.199132 1 
0.0387985 1 
-0.0229078 1 
-0.132433 1 
-0.079985 1 
0.126678 1 
-0.274864 1 
0.213439 1 
-0.763957 1 
0.328157 1 
0.455736 1 
-1.04742 1 
-0.665872 1 
-0.923834 1 
-0.54552 1 
-0.435596 1 
0.690569 1 
0.801976 1 
-1.67154 1 
-1.16331 1 
-1.50058 1 
-3.67436 1 
1.27055 1 
1.39875 1 
2.05936 1 
-1.89684 1 
-3.44641 1 
1.88692 1 
-3.20761 1 
3.5439 1 
2.39011 1 
3.16471 1 
2.95366 1 
1.50508 1 
-2.42614 1 
-2.16587 1 
-2.6339 1 
2.56575 1 
-2.82539 1 
-3.00061 1 
3.90878 1 
0.537401 1 
0.598668 1 
-0.829348 1 
0.272907 1 
0.379189 1 
-1.27153 1 
0.902258 1 
3.36146 1 
1.01591 1 
1.14294 1 
1.71623 1 
ZONE T="boundary2"
4 -0.633586 
4 -0.552569 
4 -0.420276 
4 -0.857302 
4 -0.714603 
4 -0.210131 
4 -0.151553 
4 -0.180842 
4 0.208782 
4 0.328354 
4 -0.110082 
4 -1 
4 0.0143298 
4 0.796249 
4 1 
4 -0.311798 
4 -0.260964 
4 -0.0686115 
4 0.116618 
4 0.150714 
4 -0.366037 
4 0.491177 
4 0.237817 
4 0.266851 
4 0.592497 
4 0.389857 
4 0.0825217 
4 -0.593077 
4 -0.486423 
4 -0.785953 
4 -0.166197 
4 -0.928651 
4 0.898124 
4 -0.130817 
4 -0.0893468 
4 -0.0271409 
4 0.133666 
4 0.297603 
4 0.541837 
4 0.440517 
4 -0.674095 
4 -0.235548 
4 -0.286381 
4 -0.195486 
4 0.252334 
4 0.223299 
4 0.179748 
4 0.0484258 
4 0.0995697 
4 0.359106 
4 -0.393157 
4 0.694373 
4 -0.338917 
ZONE T="boundary3"
-4 -1 
-3.74774 -1 
-3.00744 -1 
3.73832 -1 
3.60747 -1 
-0.909609 -1 
-0.801429 -1 
0.0626237 -1 
0.00398298 -1 
0.123684 -1 
-0.687833 -1 
-0.360499 -1 
-0.283521 -1 
0.570971 -1 
-0.574238 -1 
3.86916 -1 
4 -1 
-1.37791 -1 
-1.51472 -1 
0.37238 -1 
-0.467368 -1 
-3.49548 -1 
1.56019 -1 
3.21493 -1 
3.47663 -1 
2.7606 -1 
2.91205 -1 
1.80711 -1 
1.94715 -1 
2.26509 -1 
2.43712 -1 
-2.79599 -1 
-1.99466 -1 
-2.20673 -1 
-1.8231 -1 
-2.60739 -1 
-2.41879 -1 
-0.206544 -1 
0.278562 -1 
0.231654 -1 
-0.0546578 -1 
0.184745 -1 
-0.130601 -1 
0.471676 -1 
0.68597 -1 
0.800969 -1 
1.15986 -1 
-1.13599 -1 
-1.0228 -1 
0.92423 -1 
1.04749 -1 
-1.25695 -1 
1.27223 -1 
1.36276 -1 
1.4533 -1 
-1.65153 -1 
-3.21889 -1 
2.10612 -1 
1.66707 -1 
2.60916 -1 
-3.87387 -1 
3.67289 -1 
-0.855519 -1 
0.0333034 -1 
0.0931541 -1 
-0.32201 -1 
3.93458 -1 
-1.44631 -1 
-0.413933 -1 
-3.62161 -1 
3.34578 -1 
2.83632 -1 
1.87713 -1 
-2.90172 -1 
-2.10069 -1 
-1.90888 -1 
-2.70169 -1 
3.06349 -1 
-2.31276 -1 
-0.245032 -1 
0.255108 -1 
-0.0253374 -1 
0.154215 -1 
-0.520803 -1 
-0.168572 -1 
-0.0926293 -1 
0.325471 -1 
0.521324 -1 
-0.631036 -1 
-0.744631 -1 
0.422028 -1 
0.628471 -1 
0.74347 -1 
-1.07939 -1 
0.8626 -1 
-1.19647 -1 
1.40803 -1 
3.54205 -1 
-1.58312 -1 
-2.51309 -1 
-3.35719 -1 
2.02664 -1 
-3.11317 -1 
-1.73731 -1 
3.80374 -1 
2.68488 -1 
2.52314 -1 
1.3175 -1 
1.61363 -1 
2.1856 -1 
2.3511 -1 
0.208199 -1 
-0.966204 -1 
0.98586 -1 
-1.31743 -1 
1.21604 -1 
1.50674 -1 
1.73709 -1 
1.10368 -1 
ZONE T="boundary4"
-0.395604 0.314429 
-0.264983 0.388009 
-0.241649 0.398342 
-0.144558 0.434144 
0.648446 0.0513247 
0.647031 0.0657159 
-0.287749 0.377213 
-0.540837 0.175709 
0.609717 0.195777 
0.597139 0.224261 
-0.499014 0.225454 
-0.484743 0.24021 
0.452039 0.397877 
0.466162 0.3882 
0.54952 0.306442 
0.539726 0.319061 
0.558856 0.293294 
0.567632 0.279775 
-0.61401 0.0224541 
-0.607777 0.04568 
-0.621868 -0.0244044 
-0.618705 -0.000932556 
-0.580021 0.11354 
-0.590745 0.0913118 
-0.561454 0.145775 
-0.570977 0.130037 
-0.551427 0.160939 
-0.600008 0.068674 
-0.374904 0.328241 
-0.52074 0.201035 
-0.470027 0.254501 
-0.45303 0.269896 
-0.353783 0.341369 
0.479941 0.377854 
-0.435478 0.284633 
-0.332174 0.353908 
-0.310223 0.365814 
-0.218058 0.408076 
-0.193902 0.417338 
-0.169509 0.425993 
-0.415812 0.299907 
-0.119392 0.441666 
0.0130615 0.470019 
0.040638 0.47356 
-0.0676967 0.45496 
-0.0411227 0.460682 
0.590408 0.238337 
0.493272 0.366885 
-0.0936403 0.448647 
0.648601 0.00842463 
0.649197 0.0368919 
0.437529 0.406949 
0.406999 0.42353 
0.375629 0.437555 
0.528859 0.331862 
0.583337 0.252244 
0.575729 0.266151 
0.517425 0.344159 
0.505593 0.355794 
0.0690333 0.476338 
-0.0143821 0.465681 
0.156433 0.47909 
0.186684 0.47786 
0.0975168 0.478217 
0.126963 0.479175 
0.216874 0.475408 
0.630984 0.138068 
0.621073 0.167036 
0.64496 0.0802388 
0.639044 0.109153 
0.649253 0.0226456 
0.248366 0.471445 
0.311654 0.458588 
0.279823 0.465927 
0.343666 0.449207 
-0.253349 0.393251 
0.647819 0.058528 
0.603565 0.210079 
-0.491935 0.232888 
0.459152 0.393114 
0.54469 0.312804 
0.563313 0.286579 
-0.611079 0.0341164 
-0.620475 -0.0126438 
-0.58555 0.102507 
-0.566297 0.137955 
-0.5462 0.168373 
-0.595552 0.0800644 
-0.385311 0.321422 
-0.510038 0.213389 
-0.4616 0.262278 
-0.477441 0.247414 
-0.364395 0.334888 
-0.444323 0.277347 
-0.32124 0.359938 
-0.299025 0.37159 
-0.229884 0.403283 
-0.181733 0.421741 
-0.405773 0.307259 
-0.15706 0.430147 
-0.425718 0.292366 
0.0268363 0.471891 
-0.0544296 0.457911 
-0.206009 0.412783 
-0.343025 0.347719 
0.486668 0.372444 
-0.530977 0.188523 
0.554257 0.299918 
-0.106539 0.44524 
-0.616545 0.0107978 
-0.276402 0.382686 
0.444831 0.402488 
0.391444 0.430832 
0.534364 0.325524 
0.579591 0.25923 
0.523211 0.338076 
0.499493 0.361407 
0.473108 0.383103 
0.171565 0.478624 
0.0832672 0.477392 
0.626216 0.152615 
0.646073 0.0729881 
0.635245 0.123674 
-0.57559 0.121838 
0.648907 0.0441125 
0.649312 0.0297688 
-0.131999 0.437985 
0.649017 0.0155307 
0.511573 0.350042 
-0.0277701 0.463273 
-0.000676383 0.467948 
0.112235 0.478823 
0.141698 0.479266 
-0.0806897 0.451888 
0.0548245 0.475059 
0.201792 0.476791 
0.232643 0.47361 
0.29579 0.462478 
0.327732 0.454143 
0.359746 0.443652 
0.26413 0.468884 
-0.556514 0.153406 
0.593812 0.231318 
0.571745 0.273001 
0.58692 0.245315 
-0.604074 0.0572381 
0.642277 0.0947513 
0.42243 0.415546 
0.615545 0.181465 
ZONE T="boundary5"
0.541098 -0.189027 
-0.574553 -0.254493 
0.472022 -0.237088 
0.497195 -0.22131 
-0.497841 -0.361422 
-0.623516 -0.0479202 
-0.62367 -0.0714223 
0.645144 -0.0195138 
0.64234 -0.0331903 
-0.615378 -0.14156 
-0.609764 -0.164743 
-0.622351 -0.0948777 
-0.619581 -0.118266 
-0.563826 -0.274102 
-0.478316 -0.380544 
-0.19567 -0.497468 
-0.223289 -0.495802 
-0.251115 -0.492293 
-0.278771 -0.48692 
-0.306242 -0.479646 
-0.33337 -0.470471 
-0.140866 -0.495607 
-0.0608477 -0.48119 
-0.168083 -0.497375 
-0.113841 -0.492245 
0.591623 -0.137679 
-0.087218 -0.487412 
-0.526913 -0.328192 
-0.539938 -0.310968 
-0.552126 -0.293151 
-0.410501 -0.432322 
-0.512763 -0.345164 
-0.456864 -0.399158 
0.647231 -0.00564206 
-0.621868 -0.0244044 
0.638815 -0.0466689 
0.605419 -0.118557 
-0.584736 -0.23348 
0.576445 -0.155545 
0.559281 -0.172945 
-0.434195 -0.416479 
-0.00897716 -0.465057 
-0.034764 -0.473694 
0.0166539 -0.45537 
0.0676038 -0.433404 
0.0932202 -0.42134 
0.0422082 -0.444751 
-0.594401 -0.210734 
-0.602754 -0.187827 
0.197613 -0.369779 
0.11872 -0.408909 
0.144785 -0.395972 
0.170815 -0.383007 
0.307769 -0.318187 
0.279678 -0.330933 
0.224437 -0.356777 
0.252072 -0.343693 
0.391757 -0.279718 
0.363883 -0.292787 
0.335733 -0.305591 
0.419238 -0.266151 
0.648601 0.00842463 
0.519569 -0.205793 
0.624017 -0.0856191 
0.617739 -0.0979954 
0.629647 -0.0728949 
0.634568 -0.0599478 
0.446264 -0.251851 
-0.359914 -0.459459 
-0.385625 -0.446734 
0.484692 -0.229337 
-0.623779 -0.0596709 
0.643833 -0.0263711 
-0.61274 -0.153193 
-0.621145 -0.106594 
-0.623193 -0.0831611 
-0.488218 -0.371128 
-0.209494 -0.496857 
-0.237232 -0.494277 
-0.292567 -0.483514 
-0.319882 -0.475287 
-0.154465 -0.496696 
-0.127333 -0.494121 
-0.073998 -0.484468 
-0.569311 -0.264365 
-0.533526 -0.319657 
-0.546139 -0.302133 
-0.505398 -0.353382 
0.640668 -0.0399537 
0.598716 -0.128262 
-0.617654 -0.129945 
0.568018 -0.164402 
-0.519939 -0.336763 
-0.579772 -0.244049 
-0.445664 -0.407997 
-0.0218314 -0.469509 
0.0038776 -0.460329 
0.0804349 -0.427427 
-0.59873 -0.199337 
0.13176 -0.402454 
0.184207 -0.376373 
0.293719 -0.32454 
0.105985 -0.415158 
0.211014 -0.363248 
0.265867 -0.337281 
0.550315 -0.181132 
0.377849 -0.286306 
0.349824 -0.299213 
0.321756 -0.311887 
0.405541 -0.273018 
-0.62288 -0.0361499 
0.648007 0.00138203 
0.508476 -0.213692 
-0.467732 -0.390017 
0.584203 -0.146758 
0.620959 -0.0918489 
0.626917 -0.079295 
0.636781 -0.0533375 
0.611804 -0.108414 
0.646279 -0.012592 
0.632194 -0.0664547 
-0.558096 -0.283701 
0.530459 -0.197576 
0.432808 -0.259107 
-0.422473 -0.424589 
-0.181878 -0.497638 
-0.346732 -0.465187 
-0.398179 -0.439731 
-0.0477672 -0.477593 
-0.264988 -0.489837 
-0.100502 -0.490009 
0.0294664 -0.450157 
0.157799 -0.389485 
0.459208 -0.244586 
-0.372873 -0.453309 
0.0549358 -0.439152 
0.238243 -0.3502 
-0.589713 -0.22217 
-0.606421 -0.176335 
