ZONE T="boundary0"
-4 -0.528198 
-4 -0.646149 
-4 -0.446231 
-4 -0.364264 
-4 -0.29062 
-4 0.0337675 
-4 -0.0491691 
-4 0.549774 
-4 0.774887 
-4 1 
-4 0.312828 
-4 0.278222 
-4 0.116704 
-4 0.662331 
-4 0.18016 
-4 0.243615 
-4 0.347434 
-4 -0.175023 
-4 -0.216975 
-4 -0.253797 
-4 -0.133072 
-4 -0.764099 
-4 -1 
-4 0.465907 
-4 0.38204 
-4 -0.587173 
-4 -0.327442 
-4 -0.00770082 
-4 0.887444 
-4 0.295525 
-4 0.0752358 
-4 0.606052 
-4 0.148432 
-4 0.211888 
-4 0.330131 
-4 -0.195999 
-4 -0.272208 
-4 -0.0911205 
-4 -0.405248 
-4 -0.487215 
-4 -0.88205 
-4 0.507841 
-4 0.718609 
-4 -0.705124 
-4 0.260918 
-4 0.423974 
-4 -0.235386 
-4 -0.154048 
-4 0.364737 
ZONE T="boundary1"
-4 1 
-3.28067 1 
-1.76737 1 
0.0328952 1 
0.0938992 1 
0.919221 1 
-0.178003 1 
0.57878 1 
0.315198 1 
0.239467 1 
0.166683 1 
-3.54529 1 
-0.71614 1 
-0.824173 1 
-3.01604 1 
3.35528 1 
-3.77264 1 
-1.94207 1 
3.67764 1 
-2.86196 1 
-2.70787 1 
1.63463 1 
2.39409 1 
2.52786 1 
2.66164 1 
2.04542 1 
2.26031 1 
3.07535 1 
2.79542 1 
-0.0281087 1 
0.390929 1 
-0.336715 1 
-0.103056 1 
-0.612125 1 
-0.422412 1 
-0.50811 1 
-0.379563 1 
0.696006 1 
0.484855 1 
-0.932207 1 
0.807614 1 
4 1 
-0.257359 1 
1.0283 1 
-1.03774 1 
-1.14327 1 
-1.36589 1 
-1.25458 1 
-1.55393 1 
1.83054 1 
-2.41232 1 
-2.56009 1 
1.13737 1 
1.43873 1 
-2.11677 1 
1.53668 1 
1.36339 1 
1.28805 1 
-2.26454 1 
0.0633972 1 
0.277333 1 
-0.770156 1 
-3.14835 1 
-3.65897 1 
-3.41298 1 
-2.78491 1 
2.59475 1 
2.15287 1 
2.93538 1 
0.00239329 1 
0.353064 1 
0.203075 1 
-0.140529 1 
-0.465261 1 
-0.400988 1 
-0.560117 1 
0.637393 1 
0.531818 1 
0.130291 1 
-0.87819 1 
0.75181 1 
0.863417 1 
3.83882 1 
3.51646 1 
0.437892 1 
0.973758 1 
-1.0905 1 
3.21532 1 
-0.984972 1 
-1.19893 1 
-1.31024 1 
-1.45991 1 
-1.66065 1 
-2.939 1 
-3.88632 1 
1.93798 1 
-2.48621 1 
1.73258 1 
-2.02942 1 
-1.85472 1 
2.3272 1 
2.46098 1 
2.72853 1 
-0.0655822 1 
-0.664132 1 
-0.297037 1 
-0.217681 1 
-0.358139 1 
1.08283 1 
1.58566 1 
1.32572 1 
1.4877 1 
1.40106 1 
1.21271 1 
-2.19065 1 
-2.63398 1 
-2.33843 1 
ZONE T="boundary2"
4 -0.317948 
4 0.182472 
4 -0.230846 
4 -0.185062 
4 0.0995102 
4 0.140991 
4 0.539418 
4 0.442802 
4 -0.359265 
4 -1 
4 -0.752212 
4 -0.276631 
4 0.25806 
4 0.333648 
4 -0.115715 
4 -0.0463671 
4 0.388225 
4 0.636034 
4 0.818017 
4 1 
4 -0.504424 
4 -0.431845 
4 0.49111 
4 -0.338607 
4 -0.876106 
4 -0.297289 
4 0.220266 
4 0.295854 
4 -0.150388 
4 -0.253738 
4 -0.207954 
4 -0.0810409 
4 0.0265715 
4 0.415514 
4 0.360936 
4 0.587726 
4 0.727025 
4 -0.468134 
4 -0.628318 
4 0.909008 
4 0.161732 
4 0.120251 
4 -0.395555 
ZONE T="boundary3"
-3.15804 -1 
-1.53291 -1 
-1.45206 -1 
0.195281 -1 
0.0361292 -1 
0.868133 -1 
0.777034 -1 
-0.347088 -1 
-0.207255 -1 
0.318325 -1 
0.387709 -1 
-0.524519 -1 
-0.435803 -1 
-3.50736 -1 
1.29485 -1 
-1.72702 -1 
-1.61376 -1 
1.88919 -1 
-2.81802 -1 
2.08416 -1 
2.81069 -1 
2.31148 -1 
2.5388 -1 
3.69541 -1 
4 -1 
0.486781 -1 
0.585854 -1 
-0.0888544 -1 
-0.148055 -1 
0.248941 -1 
0.14162 -1 
-0.0263626 -1 
0.681444 -1 
0.959231 -1 
1.07133 -1 
1.18342 -1 
1.40627 -1 
1.55025 -1 
1.69422 -1 
-4 -1 
-3.75368 -1 
3.84771 -1 
3.39082 -1 
-2.24738 -1 
-2.06678 -1 
-1.84027 -1 
-0.731182 -1 
-0.62785 -1 
-0.949701 -1 
-0.840442 -1 
-1.06247 -1 
-1.17524 -1 
-3.3327 -1 
-1.31365 -1 
-2.623 -1 
3.08258 -1 
-2.42799 -1 
-1.49249 -1 
0.822583 -1 
-0.277172 -1 
0.353017 -1 
-0.480161 -1 
-1.67039 -1 
-2.98803 -1 
1.98667 -1 
2.42514 -1 
2.19782 -1 
0.437245 -1 
0.536317 -1 
-0.118455 -1 
0.222111 -1 
0.0888748 -1 
0.00488333 -1 
0.168451 -1 
0.283633 -1 
-0.0576085 -1 
-0.177655 -1 
-0.391446 -1 
0.729239 -1 
0.633649 -1 
0.913682 -1 
1.01528 -1 
1.12737 -1 
1.35056 -1 
1.47826 -1 
1.23913 -1 
1.62223 -1 
-3.87684 -1 
3.92385 -1 
-3.63052 -1 
3.54312 -1 
-1.95352 -1 
-0.576184 -1 
-0.679516 -1 
-0.895071 -1 
1.79171 -1 
-1.78364 -1 
-1.57334 -1 
-1.00609 -1 
-0.785812 -1 
-3.42003 -1 
-2.72051 -1 
3.2367 -1 
-2.33769 -1 
2.67474 -1 
-3.24537 -1 
-2.15708 -1 
3.77156 -1 
-2.5255 -1 
-1.24445 -1 
-1.38286 -1 
-1.11886 -1 
2.94663 -1 
ZONE T="boundary4"
-0.329095 0.496396 
-0.310266 0.507875 
-0.27005 0.529698 
-0.225182 0.55014 
-0.41633 0.430446 
-0.597892 0.0677147 
-0.433794 0.414146 
-0.596342 0.0331834 
-0.597544 0.0503338 
0.306063 0.375903 
0.295561 0.409363 
-0.59599 0.102966 
-0.593757 0.120639 
-0.590708 0.138217 
-0.566406 0.219235 
-0.554827 0.246123 
-0.541574 0.272765 
0.232324 0.516381 
-0.576424 0.191917 
-0.50919 0.325631 
-0.49032 0.351265 
-0.526328 0.299381 
-0.469604 0.376392 
-0.451597 0.396172 
-0.398256 0.446086 
-0.381371 0.45968 
-0.364034 0.472708 
-0.346757 0.484829 
-0.291068 0.518732 
-0.201347 0.559464 
-0.175301 0.568504 
-0.121367 0.583543 
-0.0916965 0.589726 
-0.0619347 0.594414 
-0.0312915 0.597591 
-0.148942 0.576467 
-0.597374 0.0853007 
0.313392 0.349305 
-0.248666 0.539927 
0.320746 0.322364 
0.289744 0.425025 
0.251968 0.493553 
0.283406 0.440041 
0.269195 0.46771 
0.443652 0.134199 
0.418891 0.154809 
0.393459 0.179477 
0.328777 0.295498 
0.0641597 0.595303 
0.209182 0.537237 
0.183683 0.554936 
0.155642 0.569725 
0.125978 0.581291 
0.491291 0.0971295 
0.513679 0.0784438 
0.554334 0.036937 
0.60603 -0.0638995 
0.597544 -0.0370694 
0.468238 0.11511 
0.586127 -0.0112915 
0.00082087 0.59901 
0.0324693 0.598319 
0.602154 -0.0503666 
0.338145 0.268957 
0.352387 0.237339 
0.534821 0.058548 
0.370363 0.207844 
0.0954653 0.589702 
-0.584733 0.164138 
0.571625 0.0135451 
-0.319728 0.502213 
-0.59705 0.0417517 
0.301044 0.392734 
-0.594977 0.111816 
-0.592332 0.129446 
-0.548391 0.259539 
-0.571612 0.205649 
-0.499932 0.338578 
-0.517947 0.312629 
-0.460709 0.38638 
-0.425139 0.422378 
-0.442787 0.405249 
-0.389871 0.452954 
-0.355444 0.478838 
-0.337972 0.490683 
-0.372757 0.466266 
-0.300711 0.513382 
-0.188368 0.564116 
-0.280607 0.524307 
-0.0768415 0.592258 
-0.0466305 0.596215 
-0.162161 0.572621 
-0.534148 0.286186 
-0.597741 0.0765115 
0.309777 0.362629 
-0.236971 0.545143 
-0.259402 0.534906 
0.31703 0.335831 
0.29273 0.417229 
0.28666 0.432576 
0.276656 0.454083 
0.43114 0.144333 
0.40588 0.166819 
0.324637 0.308898 
-0.597826 0.0590227 
0.242491 0.505281 
0.221082 0.527188 
0.196703 0.546485 
0.140969 0.57591 
0.26096 0.480906 
0.502593 0.0879209 
-0.596788 0.0941422 
-0.213307 0.554913 
0.479806 0.106173 
-0.407367 0.43835 
-0.106566 0.586813 
0.455913 0.124606 
-0.135191 0.580155 
-0.0152407 0.598554 
0.04835 0.597118 
0.604183 -0.0571041 
-0.560796 0.232757 
0.333259 0.282157 
0.344837 0.252945 
0.381448 0.193261 
0.54482 0.0479673 
0.0798796 0.592841 
0.110828 0.585865 
0.0166573 0.598937 
0.16988 0.562746 
-0.480134 0.363969 
-0.587927 0.151226 
-0.5808 0.178095 
0.599941 -0.0436884 
0.592194 -0.024019 
0.579219 0.00133144 
0.563282 0.0254704 
0.524424 0.0686877 
0.360888 0.222275 
ZONE T="boundary5"
-0.368693 -0.284868 
-0.520196 -0.151448 
-0.536772 -0.128861 
-0.123784 -0.403559 
-0.591459 -0.000237991 
-0.594305 0.0163115 
-0.572546 -0.0628691 
-0.578345 -0.0477699 
0.559229 -0.324388 
0.573519 -0.302227 
-0.544548 -0.116992 
-0.55224 -0.104202 
0.511903 -0.37537 
-0.559397 -0.0911259 
-0.272113 -0.339656 
-0.288009 -0.331527 
-0.583448 -0.0323018 
0.50032 -0.384693 
-0.184942 -0.37966 
-0.145115 -0.395605 
-0.1651 -0.387781 
-0.203465 -0.371759 
-0.22187 -0.363598 
-0.256107 -0.34756 
-0.239043 -0.355697 
-0.0794902 -0.418744 
-0.0565085 -0.425897 
-0.102285 -0.411156 
0.0672819 -0.455343 
-0.384769 -0.274157 
-0.431924 -0.238997 
-0.453854 -0.2205 
-0.352381 -0.295175 
-0.474139 -0.201887 
-0.483871 -0.192321 
-0.302984 -0.323593 
-0.335212 -0.305488 
-0.596342 0.0331834 
-0.409073 -0.256776 
-0.587829 -0.0164564 
0.447124 -0.417985 
-0.317847 -0.315429 
0.361923 -0.44987 
0.54201 -0.345972 
0.0165974 -0.445199 
-0.00825663 -0.43924 
0.147989 -0.465603 
0.17779 -0.467429 
0.120464 -0.462953 
0.0930967 -0.459437 
0.207702 -0.468114 
0.303157 -0.461669 
0.271922 -0.465345 
0.0416448 -0.450555 
-0.0324805 -0.432829 
0.417114 -0.431643 
0.461887 -0.410061 
0.475392 -0.401997 
0.38959 -0.441725 
0.488496 -0.393329 
0.522993 -0.365512 
0.602328 -0.230435 
-0.502577 -0.172454 
0.594682 -0.255692 
-0.566271 -0.0771792 
0.598752 -0.243143 
0.614646 -0.147132 
0.608387 -0.203321 
0.614385 -0.119155 
0.611588 -0.0913514 
0.612595 -0.175172 
0.609162 -0.0775395 
0.58507 -0.279754 
0.60603 -0.0638995 
0.241096 -0.467433 
0.332411 -0.456655 
-0.528678 -0.140296 
-0.592986 0.00801948 
-0.575536 -0.0553536 
0.56665 -0.313485 
-0.548459 -0.110636 
-0.280076 -0.33562 
-0.58099 -0.0400663 
0.506168 -0.380101 
-0.540715 -0.122962 
-0.155124 -0.391731 
-0.212682 -0.367711 
-0.24759 -0.351658 
-0.264124 -0.343636 
-0.0680186 -0.422377 
-0.113052 -0.407404 
-0.175037 -0.383758 
-0.134467 -0.399626 
-0.376764 -0.279563 
-0.442981 -0.229859 
-0.464098 -0.211305 
-0.479034 -0.197134 
-0.295511 -0.327587 
-0.343824 -0.300379 
-0.360566 -0.290069 
-0.194218 -0.375742 
-0.589745 -0.00836926 
-0.585736 -0.0244056 
-0.310431 -0.31954 
-0.59543 0.0247353 
-0.090907 -0.415004 
-0.420585 -0.248 
0.00415076 -0.442294 
-0.23047 -0.359677 
0.162879 -0.466655 
0.106765 -0.4613 
0.192741 -0.467919 
0.287562 -0.46371 
0.0291024 -0.447956 
-0.0445148 -0.429428 
-0.0203884 -0.436103 
0.468685 -0.406105 
0.403438 -0.436919 
0.494457 -0.389079 
0.454551 -0.414108 
0.517509 -0.37051 
0.481995 -0.39774 
-0.511546 -0.162086 
-0.56949 -0.0700594 
0.596782 -0.249439 
0.605598 -0.216933 
0.600599 -0.236806 
0.613318 -0.10522 
0.613895 -0.161173 
0.432263 -0.42513 
-0.562911 -0.0841903 
0.375819 -0.44601 
-0.326554 -0.310502 
0.607686 -0.0706987 
-0.555886 -0.0977008 
0.590155 -0.267833 
-0.493358 -0.182514 
0.610463 -0.0844299 
-0.397009 -0.265592 
0.0801732 -0.45748 
0.0544455 -0.453035 
0.25652 -0.466571 
0.134214 -0.46439 
0.347216 -0.453481 
0.579564 -0.291128 
0.614818 -0.133141 
0.532735 -0.355969 
0.550893 -0.335398 
0.610748 -0.189286 
0.317816 -0.459357 
0.224401 -0.467971 
