ZONE T="boundary0"
-4 -0.349817 
-4 -0.381197 
-4 0.204877 
-4 0.353862 
-4 0.277389 
-4 0.474512 
-4 0.414187 
-4 0.0643566 
-4 0.737256 
-4 0.605884 
-4 0.868628 
-4 -1 
-4 0.134617 
-4 0.540198 
-4 1 
-4 -0.470017 
-4 -0.558838 
-4 -0.318438 
-4 -0.141952 
-4 -0.179861 
-4 -0.0198431 
-4 -0.104043 
-4 -0.779419 
-4 -0.21777 
-4 -0.255679 
-4 -0.287058 
-4 0.315625 
-4 0.44435 
-4 0.241133 
-4 0.384024 
-4 0.67157 
-4 0.0994867 
-4 0.507355 
-4 0.573041 
-4 0.934314 
-4 0.802942 
-4 -0.160906 
-4 -0.514428 
-4 -0.425607 
-4 -0.669129 
-4 -0.88971 
-4 -0.365507 
-4 -0.334127 
-4 -0.236725 
-4 -0.198815 
-4 -0.122997 
-4 -0.061943 
-4 0.0222567 
-4 0.169747 
-4 -0.302748 
-4 -0.271369 
ZONE T="boundary1"
4 1 
3.72846 1 
0.483829 1 
0.596457 1 
0.709086 1 
0.843593 1 
0.9781 1 
-0.33933 1 
-1.49204 1 
-1.56156 1 
0.401334 1 
0.318839 1 
2.10141 1 
-3.51465 1 
3.27443 1 
3.09194 1 
-3.0917 1 
-3.83175 1 
3.5927 1 
-2.15416 1 
2.62995 1 
2.36568 1 
1.80245 1 
2.86095 1 
-2.58417 1 
-2.35071 1 
0.244169 1 
-0.0438367 1 
-0.11102 1 
0.0964228 1 
-0.154921 1 
-0.198822 1 
-0.494058 1 
-0.594836 1 
-0.269076 1 
-0.416694 1 
0.0233465 1 
-0.695615 1 
-0.897975 1 
-0.796795 1 
-4 1 
1.22291 1 
1.33726 1 
-3.66351 1 
-1.00539 1 
-1.1128 1 
1.10051 1 
-1.2329 1 
-1.63108 1 
-1.35299 1 
-1.71272 1 
-1.79435 1 
1.4516 1 
-1.95761 1 
1.62703 1 
1.53931 1 
3.45693 1 
-2.81762 1 
-3.36579 1 
0.169499 1 
3.86423 1 
0.540143 1 
0.910846 1 
-1.5268 1 
0.360087 1 
0.442581 1 
3.18319 1 
2.49782 1 
2.74545 1 
-2.46744 1 
0.281504 1 
-0.0774283 1 
-0.544447 1 
-0.176871 1 
-0.304203 1 
-0.378012 1 
0.0598847 1 
-0.645225 1 
-0.847385 1 
0.652772 1 
-3.91588 1 
1.28008 1 
-3.74763 1 
-1.0591 1 
0.77634 1 
1.0393 1 
1.16171 1 
-1.17285 1 
-1.59632 1 
-1.42252 1 
-1.6719 1 
-1.75353 1 
-1.87598 1 
1.71474 1 
1.58317 1 
-2.25244 1 
-2.05589 1 
1.95193 1 
-3.58908 1 
1.39443 1 
3.52481 1 
2.97644 1 
-2.7009 1 
-3.44022 1 
0.206834 1 
-0.13297 1 
0.132961 1 
-0.0102451 1 
-0.233949 1 
-0.455376 1 
-2.95466 1 
-3.22874 1 
-1.29295 1 
3.36568 1 
3.66058 1 
1.49546 1 
-0.746205 1 
-0.951682 1 
2.23355 1 
ZONE T="boundary2"
4 -0.396061 
4 -0.311311 
4 -0.593169 
4 -0.705529 
4 -0.48081 
4 -0.130573 
4 1 
4 0.766451 
4 -0.0780052 
4 0.338906 
4 -0.852764 
4 -1 
4 -0.025437 
4 0.0354608 
4 0.0963585 
4 -0.217518 
4 -0.174045 
4 -0.264414 
4 0.188692 
4 0.142525 
4 0.278516 
4 0.218633 
4 0.649677 
4 0.532903 
4 0.248575 
4 0.308458 
4 0.369354 
4 0.43025 
4 0.481576 
4 -0.353686 
4 -0.649349 
4 0.883226 
4 -0.779146 
4 -0.0517211 
4 -0.104289 
4 0.0659096 
4 0.00501186 
4 -0.195782 
4 -0.438435 
4 -0.53699 
4 0.119442 
4 0.708064 
4 -0.926382 
4 -0.152309 
4 -0.240966 
4 -0.287863 
4 0.233604 
4 0.165608 
4 0.293487 
4 0.203663 
4 0.263545 
4 0.323682 
4 0.35413 
4 0.399802 
4 0.455913 
4 0.50724 
4 0.59129 
ZONE T="boundary3"
-1.8352 -1 
-1.02827 -1 
-0.912114 -1 
-0.333349 -1 
-0.462744 -1 
-0.291253 -1 
-0.249157 -1 
-0.0624533 -1 
-0.633194 -1 
-0.547969 -1 
0.0903711 -1 
0.148603 -1 
0.463539 -1 
-0.772654 -1 
0.705355 -1 
0.584447 -1 
1.45584 -1 
-3.41089 -1 
1.69635 -1 
1.57256 -1 
4 -1 
3.63654 -1 
1.96666 -1 
2.11318 -1 
-2.20605 -1 
-2.02063 -1 
2.86962 -1 
2.98777 -1 
-1.51255 -1 
-4 -1 
-3.70544 -1 
-1.25208 -1 
-3.00966 -1 
-2.60593 -1 
2.63332 -1 
2.75147 -1 
-2.40599 -1 
0.264151 -1 
0.321468 -1 
-0.00883668 -1 
0.206835 -1 
-0.182613 -1 
-0.11607 -1 
0.814464 -1 
-1.14017 -1 
1.15168 -1 
1.03763 -1 
0.923573 -1 
1.33912 -1 
1.82013 -1 
-1.38231 -1 
-1.67388 -1 
2.31418 -1 
2.51517 -1 
3.27308 -1 
3.45481 -1 
-0.970191 -1 
-0.398046 -1 
-0.270205 -1 
0.119487 -1 
0.644901 -1 
1.63445 -1 
3.81827 -1 
-2.11334 -1 
2.92869 -1 
-3.85272 -1 
-3.21027 -1 
-2.8078 -1 
2.6924 -1 
0.29281 -1 
-0.312301 -1 
0.392503 -1 
0.0407672 -1 
0.177719 -1 
-0.149342 -1 
-0.215885 -1 
0.523993 -1 
-0.035645 -1 
-0.0892616 -1 
-0.505356 -1 
0.759909 -1 
-0.590581 -1 
-0.842384 -1 
-0.702924 -1 
-1.19612 -1 
-1.08422 -1 
0.980599 -1 
1.09465 -1 
1.2454 -1 
1.39748 -1 
1.5142 -1 
1.75824 -1 
-1.31719 -1 
-1.59321 -1 
-1.75454 -1 
-1.92792 -1 
-2.30602 -1 
-3.55816 -1 
2.21368 -1 
2.03992 -1 
2.41467 -1 
2.57425 -1 
3.13043 -1 
2.81054 -1 
-2.50596 -1 
0.235493 -1 
0.869018 -1 
3.36395 -1 
3.54568 -1 
-1.44743 -1 
1.89339 -1 
ZONE T="boundary4"
0.0683256 0.523241 
0.0978178 0.519859 
-0.416619 0.38305 
-0.620845 0.0964793 
-0.046166 0.523426 
-0.0176945 0.525201 
-0.074054 0.520565 
-0.637348 0.00226396 
-0.635435 0.0256542 
-0.473953 0.333471 
-0.455654 0.350638 
-0.627166 0.0728346 
0.632571 0.0150717 
0.623758 0.0433441 
0.628557 0.02922 
-0.579351 0.194278 
-0.613117 0.120023 
0.440462 0.317474 
0.417739 0.344539 
-0.596358 0.160765 
-0.604022 0.143412 
-0.588146 0.177662 
-0.568514 0.213137 
-0.532031 0.267516 
-0.519384 0.283708 
-0.557022 0.231613 
-0.506143 0.299442 
-0.490391 0.31677 
-0.436668 0.367062 
-0.395942 0.398237 
-0.374584 0.41267 
-0.283062 0.462423 
-0.306932 0.451148 
-0.352677 0.426269 
-0.330044 0.439142 
-0.182331 0.49888 
-0.156006 0.50573 
-0.233759 0.482392 
-0.632037 0.049201 
-0.101845 0.516614 
0.0107786 0.525796 
-0.129015 0.511685 
-0.54485 0.249785 
-0.258785 0.472793 
0.63995 -0.028026 
0.638285 -0.0135863 
0.32871 0.427709 
0.300981 0.446806 
0.355519 0.406372 
0.381424 0.382805 
0.523424 0.205347 
0.503159 0.233155 
0.405835 0.357767 
0.462095 0.289653 
0.482983 0.261242 
0.562737 0.151857 
0.126963 0.51502 
0.039464 0.525168 
-0.208399 0.49105 
0.156429 0.5085 
0.185348 0.500368 
0.580954 0.125405 
0.635834 0.000728033 
0.61823 0.0573284 
0.597773 0.0982038 
0.612069 0.0710365 
0.214961 0.490087 
0.24395 0.477901 
0.272683 0.463508 
0.543231 0.17859 
0.0830943 0.521731 
-0.0319374 0.524459 
-0.0601223 0.522133 
-0.636575 0.0139732 
-0.464892 0.342147 
0.626246 0.0363129 
-0.617143 0.108303 
-0.624174 0.0847008 
0.429242 0.33113 
-0.600272 0.152124 
-0.583818 0.186007 
-0.574018 0.203756 
-0.592327 0.16925 
-0.525782 0.275669 
-0.498355 0.308184 
-0.512835 0.291634 
-0.426724 0.375156 
-0.482254 0.3252 
-0.385334 0.405557 
-0.295051 0.456898 
-0.363696 0.419575 
-0.169199 0.502428 
-0.633915 0.0374525 
-0.0879668 0.518724 
-0.341422 0.432814 
-0.0034589 0.525648 
-0.142537 0.508835 
-0.446244 0.358944 
-0.538524 0.25871 
-0.562846 0.222423 
-0.270972 0.467721 
0.639217 -0.0207937 
0.315007 0.437504 
0.368654 0.3948 
-0.406356 0.390745 
0.513259 0.219216 
0.411828 0.351191 
0.472613 0.2755 
0.112423 0.517626 
0.0539077 0.52437 
-0.195401 0.495087 
0.141741 0.511963 
-0.318545 0.445254 
-0.629776 0.0610528 
0.571974 0.138715 
0.634299 0.00792259 
0.621077 0.0503696 
0.615225 0.0642166 
0.605184 0.08476 
0.637156 -0.00641168 
0.630656 0.0221726 
-0.551015 0.240751 
0.589569 0.11193 
-0.221119 0.486839 
-0.246317 0.47771 
-0.115452 0.514278 
0.0251267 0.525639 
0.170947 0.504642 
0.200234 0.495459 
0.229552 0.48423 
0.286973 0.455406 
0.34229 0.417272 
0.553043 0.165259 
0.493076 0.247194 
0.533326 0.191956 
0.451391 0.303652 
0.258435 0.470949 
-0.608724 0.131776 
0.3938 0.370462 
ZONE T="boundary5"
0.530422 -0.291927 
0.549454 -0.272264 
-0.617003 -0.13185 
-0.573475 -0.209714 
-0.0716411 -0.3889 
-0.0990109 -0.385329 
-0.463972 -0.301371 
0.63645 -0.0997608 
-0.637763 -0.0209272 
-0.636671 -0.0438539 
-0.637348 0.00226396 
-0.608191 -0.152659 
0.638685 -0.0855064 
-0.634063 -0.0664572 
0.633505 -0.113827 
-0.367559 -0.338634 
-0.341699 -0.34536 
-0.315643 -0.351257 
-0.624241 -0.110515 
-0.288978 -0.356586 
-0.208128 -0.370023 
-0.0442796 -0.392334 
-0.126293 -0.381663 
-0.153629 -0.377892 
-0.180852 -0.374031 
0.62985 -0.127834 
-0.517714 -0.266499 
-0.501813 -0.278362 
-0.417195 -0.322393 
-0.441002 -0.31254 
-0.546714 -0.240438 
-0.532573 -0.253937 
-0.560541 -0.22553 
0.616669 -0.165049 
-0.386416 -0.333048 
-0.485256 -0.289238 
-0.40506 -0.326847 
-0.585932 -0.192265 
0.149316 -0.407996 
0.121322 -0.407165 
-0.597834 -0.172808 
0.093507 -0.405729 
0.0381711 -0.401385 
0.0657706 -0.403774 
0.010608 -0.398634 
0.262703 -0.403205 
0.234062 -0.405851 
0.177378 -0.408123 
0.205708 -0.407444 
-0.0168425 -0.3956 
0.348474 -0.387747 
0.319949 -0.394293 
0.29128 -0.399407 
0.404774 -0.369757 
0.376809 -0.379613 
0.581425 -0.230471 
-0.235183 -0.365848 
0.458806 -0.344391 
0.640166 -0.0712069 
0.64088 -0.0568598 
0.606355 -0.187419 
0.594754 -0.208928 
0.625544 -0.14164 
0.63995 -0.028026 
-0.629924 -0.0886981 
0.640813 -0.0424659 
-0.262252 -0.361387 
0.50811 -0.311351 
-0.452578 -0.307137 
0.567033 -0.250836 
0.484409 -0.328679 
0.432254 -0.358019 
0.540143 -0.282291 
-0.0853264 -0.387129 
-0.637408 -0.0324001 
0.63766 -0.0926471 
-0.63556 -0.055178 
0.635065 -0.106812 
-0.354658 -0.342112 
-0.620816 -0.121249 
-0.328691 -0.348401 
-0.139961 -0.37979 
-0.637743 -0.00932911 
-0.19449 -0.372047 
-0.16724 -0.375976 
0.631762 -0.120852 
-0.509855 -0.272551 
-0.42917 -0.317635 
-0.539745 -0.247292 
-0.553744 -0.233089 
-0.37701 -0.335914 
-0.474718 -0.295483 
-0.395766 -0.33003 
-0.411143 -0.324659 
-0.579853 -0.201094 
0.135314 -0.407663 
-0.525239 -0.260329 
0.107409 -0.406518 
0.0519647 -0.402629 
0.0243844 -0.400051 
0.248392 -0.404665 
0.163344 -0.408153 
0.191543 -0.407891 
0.334252 -0.391204 
0.305642 -0.397017 
-0.0305644 -0.393992 
0.390867 -0.374902 
-0.592064 -0.182645 
0.64062 -0.0640373 
-0.0579621 -0.390636 
0.588251 -0.2198 
0.627776 -0.134761 
0.639521 -0.0783656 
0.621323 -0.153425 
-0.612789 -0.142335 
-0.632188 -0.077614 
0.640481 -0.0352391 
0.640945 -0.0496615 
0.277009 -0.401457 
-0.248721 -0.363659 
-0.221657 -0.367965 
-0.302324 -0.353997 
-0.0031213 -0.397149 
0.219889 -0.406768 
0.362697 -0.383881 
-0.275622 -0.359043 
-0.112652 -0.383508 
0.0796324 -0.404811 
-0.567134 -0.217722 
-0.493615 -0.28392 
-0.458298 -0.304301 
-0.627277 -0.0996576 
0.57439 -0.240768 
0.558459 -0.261725 
0.496438 -0.320259 
0.471763 -0.336788 
0.445654 -0.351448 
0.418613 -0.364122 
-0.6032 -0.162829 
0.600715 -0.198261 
0.611696 -0.176318 
-0.446812 -0.309883 
0.519479 -0.301882 
