ZONE T="boundary0"
-4 -1 
-4 -0.250482 
-4 -0.207694 
-4 -0.299341 
-4 0.323357 
-4 0.270599 
-4 0.527403 
-4 0.376116 
-4 0.45176 
-4 0.881851 
-4 0.202928 
-4 -0.591346 
-4 -0.164906 
-4 -0.125154 
-4 -0.685567 
-4 -0.3482 
-4 -0.497125 
-4 -0.422663 
-4 0.0646797 
-4 -0.00589728 
-4 -0.0854016 
-4 0.135257 
-4 0.645552 
-4 0.763702 
-4 1 
-4 -0.229088 
-4 0.296978 
-4 0.413938 
-4 -0.14503 
-4 -0.842783 
-4 -0.323771 
-4 -0.274911 
-4 -0.459894 
-4 -0.385432 
-4 -0.105278 
-4 -0.0456494 
-4 -0.638456 
-4 -0.544235 
-4 0.236763 
-4 0.169092 
-4 0.0293912 
-4 0.0999682 
-4 0.586478 
-4 0.489581 
-4 0.704627 
-4 -0.1863 
-4 0.349737 
-4 0.822776 
-4 0.940925 
ZONE T="boundary1"
0.983331 1 
0.400523 1 
0.467659 1 
-2.03235 1 
-0.426771 1 
0.0164284 1 
-0.0474419 1 
1.10047 1 
1.21761 1 
0.335027 1 
-0.236073 1 
-0.173693 1 
-3.49939 1 
1.32979 1 
1.64664 1 
-3.12668 1 
3.0666 1 
1.85131 1 
2.03418 1 
-2.86042 1 
0.820369 1 
-2.39944 1 
2.63539 1 
2.21705 1 
0.14147 1 
0.205501 1 
-0.528621 1 
0.534794 1 
0.601929 1 
-0.324921 1 
0.0789493 1 
0.669064 1 
-0.111312 1 
-0.641696 1 
-0.754771 1 
4 1 
0.269532 1 
3.64098 1 
1.44196 1 
-0.957044 1 
-0.855907 1 
3.49739 1 
3.35379 1 
-1.61009 1 
-1.37907 1 
-1.77668 1 
2.851 1 
-1.85997 1 
-2.20472 1 
-2.59416 1 
-3.7497 1 
-1.0942 1 
-1.23135 1 
3.82049 1 
-1.52679 1 
-1.69338 1 
-3.87485 1 
-4 1 
0.434091 1 
-0.0155068 1 
1.15904 1 
0.367775 1 
-0.204883 1 
-3.31304 1 
1.94275 1 
2.42622 1 
0.173486 1 
-0.477696 1 
0.568362 1 
0.0476888 1 
0.744717 1 
-0.142502 1 
-0.0793771 1 
-0.375846 1 
-0.585158 1 
-0.698233 1 
0.90185 1 
0.30228 1 
0.501226 1 
0.635497 1 
1.0419 1 
1.38587 1 
-0.906475 1 
1.2737 1 
-0.805339 1 
1.5443 1 
3.2102 1 
1.74898 1 
2.9588 1 
-1.81832 1 
-2.30208 1 
-2.4968 1 
-2.11853 1 
-1.94616 1 
-2.72729 1 
-2.99355 1 
2.74319 1 
2.12561 1 
-3.62455 1 
-1.16277 1 
-1.02562 1 
-0.280497 1 
0.237516 1 
0.11021 1 
3.56918 1 
3.91024 1 
3.73073 1 
3.42559 1 
-1.30521 1 
-1.45293 1 
-1.65173 1 
-1.56844 1 
-1.73503 1 
-3.81227 1 
-3.93742 1 
ZONE T="boundary2"
4 -0.834987 
4 -0.669975 
4 -0.359384 
4 0.243652 
4 0.297533 
4 -0.304621 
4 -0.249859 
4 0.613178 
4 0.742119 
4 0.871059 
4 0.0302983 
4 -0.574095 
4 -0.190676 
4 -0.131493 
4 -0.478215 
4 0.417634 
4 0.357583 
4 0.110035 
4 0.46652 
4 -0.0505974 
4 -0.418799 
4 1 
4 -1 
4 0.189771 
4 0.149903 
4 0.216712 
4 0.515406 
4 -0.752481 
4 0.270592 
4 -0.27724 
4 0.806589 
4 -0.332002 
4 -0.622035 
4 -0.161085 
4 0.387609 
4 0.0701666 
4 -0.0101496 
4 -0.448507 
4 -0.389091 
4 -0.526155 
4 0.677648 
4 0.93553 
4 -0.917494 
4 0.327558 
4 0.169837 
4 0.230182 
4 0.490963 
4 0.442077 
4 -0.220267 
4 -0.0910453 
4 0.564292 
4 0.203241 
4 0.129969 
ZONE T="boundary3"
-3.69114 -1 
-4 -1 
3.08945 -1 
3.38399 -1 
-0.0680622 -1 
-1.0586 -1 
-0.92825 -1 
-0.813479 -1 
-0.242537 -1 
1.3123 -1 
1.3819 -1 
2.35055 -1 
2.49867 -1 
1.49089 -1 
1.59989 -1 
2.01016 -1 
2.20243 -1 
0.479534 -1 
-3.55449 -1 
-1.18894 -1 
1.70889 -1 
2.79406 -1 
3.68526 -1 
-2.89407 -1 
-1.96909 -1 
-2.17778 -1 
-2.38647 -1 
-2.64027 -1 
-0.626077 -1 
-0.538469 -1 
-0.300736 -1 
-0.375798 -1 
-0.719778 -1 
-0.184339 -1 
-0.126201 -1 
0.050782 -1 
0.163676 -1 
0.264174 -1 
0.364672 -1 
0.594396 -1 
0.785173 -1 
1.11202 -1 
3.84263 -1 
0.883255 -1 
0.689784 -1 
1.2427 -1 
4 -1 
-1.53919 -1 
1.81789 -1 
0.981337 -1 
-1.66822 -1 
-1.29956 -1 
-1.41017 -1 
-1.81865 -1 
-3.15596 -1 
-3.41785 -1 
-0.450861 -1 
-3.84557 -1 
3.23672 -1 
-0.993423 -1 
1.3471 -1 
2.42461 -1 
1.54539 -1 
2.10629 -1 
3.53463 -1 
2.27649 -1 
-2.07343 -1 
-0.582273 -1 
-0.338267 -1 
-0.766629 -1 
-0.213438 -1 
-0.271637 -1 
-0.0971315 -1 
-0.15527 -1 
-0.672927 -1 
-0.00864011 -1 
0.107229 -1 
0.213925 -1 
0.314423 -1 
0.422103 -1 
0.536965 -1 
-0.870864 -1 
3.76395 -1 
0.834214 -1 
0.64209 -1 
1.2775 -1 
-1.12377 -1 
3.92132 -1 
1.4364 -1 
1.76339 -1 
0.932296 -1 
-1.6037 -1 
-1.47468 -1 
-1.24425 -1 
2.64637 -1 
-2.76717 -1 
-2.51337 -1 
2.94176 -1 
-3.02501 -1 
-2.28213 -1 
-1.89387 -1 
-3.62281 -1 
-3.48617 -1 
-3.2869 -1 
-0.413329 -1 
-0.494665 -1 
-1.74343 -1 
0.737478 -1 
1.04668 -1 
1.17736 -1 
-1.35486 -1 
1.91402 -1 
1.65439 -1 
ZONE T="boundary4"
0.558038 0.293893 
-0.196769 0.427323 
-0.174372 0.435531 
-0.338639 0.359088 
-0.496089 0.231832 
-0.585803 0.0999986 
-0.570808 0.129362 
0.541924 0.317305 
0.573297 0.267915 
0.649538 0.00227808 
-0.561744 0.144926 
0.647384 0.0564597 
-0.483031 0.245846 
-0.46958 0.259468 
-0.531247 0.189581 
-0.520095 0.203811 
0.649166 0.0382403 
-0.608916 0.0380591 
-0.614313 0.0169027 
-0.602339 0.0590212 
-0.594621 0.0796892 
-0.541949 0.175002 
-0.552111 0.160139 
-0.455146 0.273199 
-0.440276 0.286449 
-0.508286 0.217993 
-0.218949 0.418568 
-0.240096 0.409614 
-0.618517 -0.00438123 
-0.424548 0.299577 
-0.408422 0.312201 
-0.391638 0.324543 
-0.374513 0.336392 
0.636377 0.111214 
-0.319861 0.369955 
-0.300815 0.380338 
-0.356725 0.347983 
-0.150833 0.443493 
-0.127087 0.450859 
-0.0501443 0.470297 
-0.0768583 0.464301 
-0.281037 0.390488 
-0.621525 -0.0257285 
0.619745 0.162835 
0.403722 0.432487 
0.376214 0.445285 
0.346717 0.45671 
0.316428 0.466303 
0.533502 0.328219 
0.476879 0.385228 
0.515707 0.348864 
0.497337 0.36735 
-0.261015 0.400147 
0.455426 0.401472 
0.0340529 0.484041 
0.0948389 0.489044 
0.0644005 0.487065 
0.285443 0.474154 
0.640927 0.092906 
0.644627 0.0746081 
0.631133 0.129304 
0.610496 0.186862 
0.600608 0.210642 
0.649894 0.0202461 
0.587443 0.239882 
-0.102068 0.457912 
0.00532661 0.48023 
-0.0232581 0.475534 
0.430535 0.417676 
0.126446 0.489947 
0.158062 0.489624 
0.222002 0.48492 
0.190046 0.487979 
0.253882 0.48034 
-0.185596 0.431496 
-0.578574 0.114817 
0.550192 0.305746 
-0.476356 0.252708 
-0.525725 0.196738 
0.648401 0.0473621 
-0.611759 0.0275172 
-0.605769 0.0485842 
-0.590343 0.0899006 
-0.598617 0.069406 
-0.56635 0.137187 
-0.547094 0.167614 
-0.556996 0.152576 
-0.447765 0.279884 
-0.536657 0.182335 
-0.502234 0.224955 
-0.22955 0.414155 
-0.416533 0.305951 
-0.432465 0.293077 
-0.383117 0.330528 
-0.400076 0.318434 
-0.616562 0.00628913 
-0.310371 0.375206 
-0.365659 0.342248 
-0.207886 0.423015 
-0.162628 0.439587 
-0.138983 0.447251 
-0.0635228 0.467393 
-0.329285 0.364583 
-0.290958 0.385475 
-0.489609 0.238886 
-0.514242 0.210945 
-0.620168 -0.0150348 
0.390075 0.439115 
-0.347718 0.353595 
0.361559 0.451237 
0.331646 0.461736 
0.537762 0.3228 
0.506681 0.358267 
0.487266 0.376472 
0.52479 0.338703 
-0.271055 0.395379 
0.079611 0.488188 
-0.462418 0.266392 
0.638747 0.102083 
0.642883 0.0837783 
0.633836 0.120282 
0.605626 0.198782 
0.615207 0.174881 
0.646121 0.0655511 
0.649662 0.0292483 
0.649855 0.011259 
0.580563 0.253998 
-0.114601 0.454468 
-0.0894849 0.46119 
-0.250585 0.404945 
-0.00898405 0.477992 
0.417261 0.425322 
0.0196747 0.482248 
0.0492138 0.485681 
-0.0367202 0.473011 
0.466292 0.393535 
0.110638 0.489645 
0.142256 0.489942 
0.443128 0.409802 
0.206042 0.486631 
0.237971 0.482825 
0.269704 0.477455 
0.594153 0.22532 
0.300992 0.470448 
0.565894 0.281039 
0.174063 0.488972 
0.625661 0.146143 
ZONE T="boundary5"
-0.103122 -0.464888 
-0.128011 -0.471346 
-0.564046 -0.284698 
-0.573436 -0.267734 
0.49744 -0.232569 
0.48451 -0.240378 
-0.621806 -0.11088 
-0.623468 -0.0896904 
-0.623986 -0.0684258 
-0.619018 -0.131946 
-0.615121 -0.152881 
-0.582162 -0.250131 
-0.610126 -0.173712 
-0.42429 -0.428909 
-0.250029 -0.483251 
-0.274004 -0.481229 
-0.320508 -0.472736 
-0.297344 -0.477743 
0.57783 -0.166983 
-0.364617 -0.458652 
-0.342735 -0.466412 
-0.385281 -0.449841 
-0.226013 -0.483756 
-0.201577 -0.48277 
0.649538 0.00227808 
-0.177234 -0.480346 
0.641737 -0.0501198 
-0.15256 -0.476494 
-0.505244 -0.363039 
-0.518577 -0.348318 
-0.490818 -0.377505 
-0.405464 -0.439749 
-0.590138 -0.232122 
-0.553911 -0.301181 
0.645465 -0.032947 
-0.542926 -0.31734 
-0.531244 -0.332939 
0.587303 -0.1561 
0.601497 -0.137518 
-0.475748 -0.391195 
-0.442542 -0.416976 
-0.459455 -0.404546 
0.614238 -0.117587 
0.648064 -0.0154757 
-0.597603 -0.213136 
-0.623344 -0.047097 
0.288455 -0.3186 
0.265142 -0.32596 
-0.0783515 -0.457342 
-0.0278204 -0.439121 
-0.0530304 -0.448627 
0.0510816 -0.406294 
0.0239766 -0.417857 
-0.00190282 -0.428696 
0.19853 -0.347984 
0.167323 -0.359187 
0.0782429 -0.394733 
0.136143 -0.371063 
0.10717 -0.382682 
0.231875 -0.336697 
0.311669 -0.311271 
0.338579 -0.302594 
0.392962 -0.283463 
0.44607 -0.260757 
0.47136 -0.247798 
0.365289 -0.293558 
-0.621525 -0.0257285 
0.567909 -0.177368 
0.623864 -0.0994108 
0.630884 -0.083485 
0.636879 -0.0669647 
-0.604253 -0.193783 
0.522683 -0.215622 
0.535015 -0.206365 
0.42025 -0.272454 
0.546983 -0.196627 
-0.115536 -0.468257 
-0.568838 -0.276271 
0.491003 -0.236523 
-0.622779 -0.100297 
-0.623871 -0.0790624 
-0.620551 -0.121432 
-0.612756 -0.163329 
-0.262034 -0.482432 
-0.308967 -0.475428 
-0.331671 -0.469751 
-0.375015 -0.454404 
-0.213791 -0.483448 
-0.189392 -0.481732 
-0.140259 -0.474072 
-0.511996 -0.355758 
-0.498119 -0.370362 
-0.414953 -0.434464 
-0.586244 -0.241169 
-0.559072 -0.292998 
0.643744 -0.0415648 
-0.537173 -0.325207 
0.594587 -0.146954 
-0.395448 -0.444947 
-0.483367 -0.384445 
-0.467688 -0.397978 
-0.433499 -0.423072 
-0.577897 -0.258982 
0.276799 -0.322272 
-0.0907052 -0.461236 
-0.0403992 -0.443955 
0.0375322 -0.412086 
0.0110492 -0.423311 
0.182904 -0.35351 
0.0646573 -0.400498 
0.0926932 -0.388667 
0.121638 -0.376815 
0.151712 -0.365048 
0.215187 -0.342266 
-0.593972 -0.22267 
0.2485 -0.331281 
0.300066 -0.314942 
0.325137 -0.306966 
-0.548511 -0.309324 
0.458795 -0.254441 
0.477961 -0.244136 
0.351955 -0.298138 
-0.623811 -0.0577578 
-0.238027 -0.48369 
0.648944 -0.00661089 
0.572928 -0.172232 
0.619226 -0.108592 
0.582631 -0.161598 
0.627506 -0.0915066 
0.634021 -0.0752758 
0.646908 -0.024233 
-0.45108 -0.410874 
-0.525 -0.340703 
-0.622581 -0.0364009 
-0.617205 -0.14244 
-0.353737 -0.462706 
-0.601036 -0.203497 
-0.164876 -0.478588 
-0.0656599 -0.45309 
-0.285703 -0.479673 
0.379162 -0.28861 
-0.0148407 -0.433969 
0.63945 -0.0585833 
0.608081 -0.12769 
-0.607309 -0.183783 
0.433224 -0.266752 
0.406658 -0.27809 
0.510199 -0.224309 
0.557642 -0.187215 
0.528893 -0.211051 
0.541046 -0.201558 
