ZONE T="boundary0"
-4 -1 
-4 -0.712441 
-4 -0.446231 
-4 -0.364264 
-4 -0.29062 
-4 0.465907 
-4 0.243615 
-4 -0.0491691 
-4 0.0337675 
-4 0.116704 
-4 -0.528198 
-4 0.662331 
-4 1 
-4 0.887444 
-4 0.18016 
-4 0.312828 
-4 -0.216975 
-4 -0.133072 
-4 0.38204 
-4 0.774887 
-4 0.549774 
-4 -0.856221 
-4 -0.327442 
-4 0.0752358 
-4 -0.62032 
-4 0.943722 
-4 -0.00770082 
-4 0.148432 
-4 0.211888 
-4 0.278222 
-4 -0.175023 
-4 -0.253797 
-4 -0.0911205 
-4 0.347434 
-4 0.423974 
-4 0.831165 
-4 0.606052 
-4 0.718609 
-4 0.507841 
-4 -0.405248 
-4 -0.487215 
ZONE T="boundary1"
-3.14835 1 
2.00745 1 
4 1 
-0.410816 1 
-0.336715 1 
-0.0281087 1 
-0.0933926 1 
-0.178003 1 
-1.76737 1 
0.150623 1 
1.02521 1 
0.919221 1 
0.813232 1 
-1.48278 1 
-0.932207 1 
-1.03754 1 
1.43873 1 
1.65362 1 
1.83054 1 
-4 1 
-2.11677 1 
-2.3997 1 
3.07766 1 
3.35528 1 
-2.86196 1 
3.63291 1 
-3.41298 1 
2.79542 1 
2.51318 1 
2.26031 1 
0.239467 1 
0.696006 1 
0.0938992 1 
0.0371753 1 
0.328312 1 
-0.262613 1 
-0.826876 1 
-0.71614 1 
0.390929 1 
0.453546 1 
-0.50811 1 
0.57878 1 
-0.605404 1 
-1.249 1 
-1.14327 1 
0.637393 1 
-1.36589 1 
-1.62508 1 
-1.55393 1 
1.13737 1 
-3.77264 1 
-3.54529 1 
-1.94207 1 
-3.01604 1 
-3.28067 1 
1.24953 1 
-2.70787 1 
-0.373765 1 
-0.0607506 1 
0.866226 1 
-0.984872 1 
1.54618 1 
1.74208 1 
-2.25823 1 
3.21647 1 
3.81646 1 
2.38674 1 
0.195045 1 
0.0655372 1 
0.00453331 1 
0.122261 1 
-0.135698 1 
-0.220308 1 
0.35962 1 
0.422238 1 
-0.459463 1 
0.972216 1 
-0.879541 1 
-0.771508 1 
0.516163 1 
-0.299664 1 
-0.660772 1 
-0.556757 1 
-1.19614 1 
-1.0904 1 
-1.30745 1 
0.754619 1 
-1.42434 1 
-1.5895 1 
-1.69623 1 
1.08129 1 
-3.88632 1 
-3.47913 1 
-1.85472 1 
-3.65897 1 
-3.21451 1 
-2.02942 1 
-3.34682 1 
-3.0822 1 
1.34413 1 
1.91899 1 
3.4941 1 
2.6543 1 
2.13388 1 
-2.55378 1 
0.6667 1 
0.608087 1 
0.28389 1 
1.19345 1 
-1.51836 1 
-2.939 1 
-2.78491 1 
2.93654 1 
ZONE T="boundary2"
4 -0.359265 
4 -0.431845 
4 -0.697527 
4 -0.276631 
4 -0.317948 
4 -0.230846 
4 0.182472 
4 1 
4 0.818017 
4 0.140991 
4 0.0995102 
4 -1 
4 -0.185062 
4 0.333648 
4 -0.0463671 
4 0.00225865 
4 -0.0949929 
4 -0.504424 
4 0.539418 
4 0.636034 
4 0.388225 
4 0.442802 
4 0.220266 
4 0.25806 
4 0.295854 
4 -0.395555 
4 -0.297289 
4 0.909008 
4 0.120251 
4 -0.848764 
4 -0.338607 
4 -0.253738 
4 -0.207954 
4 0.0508844 
4 -0.140027 
4 -0.0220542 
4 -0.07068 
4 -0.600976 
4 0.727025 
4 0.360936 
4 0.587726 
4 0.49111 
4 0.415514 
4 0.201369 
4 0.239163 
4 0.276957 
4 0.314751 
4 0.161732 
4 -0.468134 
ZONE T="boundary3"
-4 -1 
-3.3327 -1 
0.179558 -1 
0.14162 -1 
-0.425951 -1 
-0.0314245 -1 
-0.347088 -1 
-0.731182 -1 
-0.623086 -1 
-1.06012 -1 
0.585854 -1 
3.08258 -1 
0.840761 -1 
0.777034 -1 
3.69541 -1 
1.69422 -1 
-3.50736 -1 
-3.75368 -1 
-2.623 -1 
-2.81802 -1 
2.08416 -1 
2.77433 -1 
2.5388 -1 
2.30327 -1 
4 -1 
-2.24738 -1 
-1.84027 -1 
-1.61376 -1 
0.0361292 -1 
0.387709 -1 
0.457092 -1 
0.318325 -1 
0.103683 -1 
0.248941 -1 
0.713307 -1 
1.0777 -1 
0.959231 -1 
-0.268226 -1 
-0.207255 -1 
-0.0888544 -1 
-0.524519 -1 
1.18342 -1 
1.28914 -1 
1.40627 -1 
1.5234 -1 
-1.53291 -1 
-0.839278 -1 
-1.29036 -1 
-1.45206 -1 
-1.17524 -1 
-0.949701 -1 
3.39082 -1 
3.2367 -1 
-3.15804 -1 
-2.98803 -1 
1.86505 -1 
-2.42799 -1 
-2.06678 -1 
3.54312 -1 
-0.146284 -1 
0.160589 -1 
-0.677134 -1 
0.808897 -1 
-3.63052 -1 
-2.72051 -1 
2.65657 -1 
2.19371 -1 
3.84771 -1 
-1.72702 -1 
0.00235238 -1 
0.4224 -1 
0.521473 -1 
0.122652 -1 
0.21425 -1 
0.64958 -1 
1.01847 -1 
-0.23774 -1 
-0.475235 -1 
-0.38652 -1 
-0.307657 -1 
1.23628 -1 
1.46483 -1 
1.13056 -1 
-1.57334 -1 
-1.37121 -1 
-1.49249 -1 
-1.11768 -1 
-1.00491 -1 
-1.2328 -1 
3.31376 -1 
-3.07304 -1 
-2.90302 -1 
1.60881 -1 
1.77964 -1 
1.9746 -1 
2.42103 -1 
2.92846 -1 
-3.87684 -1 
-3.24537 -1 
-3.42003 -1 
3.61926 -1 
3.15964 -1 
-1.95352 -1 
3.46697 -1 
-0.17677 -1 
-0.0601394 -1 
-0.117569 -1 
0.0699061 -1 
0.283633 -1 
0.353017 -1 
0.745171 -1 
0.899996 -1 
-2.33769 -1 
-2.15708 -1 
-0.89449 -1 
-0.573802 -1 
1.34771 -1 
-2.5255 -1 
-0.78523 -1 
ZONE T="boundary4"
-0.305131 0.499268 
-0.324222 0.48806 
-0.242833 0.530574 
-0.219138 0.540569 
-0.342164 0.476754 
-0.394652 0.438827 
-0.601444 0.11626 
-0.604386 0.0985679 
-0.606466 0.0808622 
0.333304 0.42409 
0.326118 0.438866 
-0.264435 0.520577 
-0.607345 0.0285103 
-0.607658 0.0632142 
-0.607949 0.0457541 
-0.570131 0.214574 
-0.581228 0.187396 
-0.597682 0.133835 
-0.557522 0.2413 
0.36129 0.341926 
0.368083 0.316506 
0.533261 0.0602184 
0.551243 0.0378534 
0.384797 0.259897 
-0.285687 0.50987 
-0.449398 0.389787 
-0.467994 0.3703 
-0.413158 0.423478 
-0.431074 0.407469 
-0.509166 0.320165 
-0.489482 0.345505 
-0.377413 0.452145 
-0.359737 0.464902 
-0.195107 0.549724 
-0.168854 0.558645 
-0.1145 0.573704 
-0.0845581 0.580089 
-0.0233898 0.588893 
0.00931852 0.591156 
-0.142298 0.566566 
-0.527164 0.294169 
0.345938 0.392507 
0.59942 -0.0620517 
0.339895 0.408629 
0.351586 0.375497 
0.318278 0.453002 
0.493826 0.102209 
0.473525 0.122879 
0.375105 0.29096 
0.107178 0.586069 
0.139448 0.579629 
0.0417532 0.591573 
0.0744878 0.589965 
0.171339 0.570263 
0.257104 0.523733 
0.230601 0.542377 
0.202061 0.557791 
0.280156 0.502889 
0.300849 0.478932 
0.580829 -0.0104537 
0.567294 0.0142257 
0.513968 0.0814812 
0.591511 -0.0358118 
0.396734 0.229477 
0.412977 0.198368 
-0.0544654 0.585142 
0.452526 0.145419 
-0.543311 0.267763 
0.432357 0.169857 
-0.590654 0.159711 
-0.314721 0.49374 
-0.23103 0.535676 
-0.603019 0.107431 
-0.605534 0.089728 
0.329806 0.431527 
-0.253675 0.525665 
-0.607916 0.0544864 
-0.57587 0.201063 
-0.599662 0.125068 
-0.563997 0.228017 
0.542449 0.0491971 
-0.275106 0.515313 
-0.4588 0.380143 
-0.42219 0.415556 
-0.499496 0.332968 
-0.440324 0.398719 
-0.368627 0.458595 
-0.386087 0.445557 
-0.295451 0.504646 
-0.350997 0.470896 
-0.403976 0.431237 
-0.207163 0.545252 
-0.182023 0.554308 
-0.0995627 0.577058 
-0.00704883 0.590246 
-0.155613 0.562731 
-0.518347 0.307293 
-0.333236 0.482476 
0.364698 0.329223 
-0.607173 0.0720459 
-0.60776 0.0371286 
0.342999 0.400601 
0.356601 0.358768 
0.322295 0.44599 
0.33669 0.416401 
0.483651 0.112518 
0.371536 0.303719 
0.123382 0.583184 
0.0581364 0.591037 
0.155506 0.575322 
0.216549 0.550489 
0.244134 0.53346 
0.29087 0.491236 
0.348834 0.384028 
0.595814 -0.0488256 
0.379747 0.275366 
0.50395 0.0918957 
0.390422 0.244549 
0.404394 0.213673 
-0.0695385 0.582783 
-0.0389486 0.587204 
-0.128434 0.570272 
0.462906 0.134033 
-0.550595 0.254627 
-0.535427 0.281082 
0.523741 0.0709647 
0.422283 0.183842 
0.0908716 0.588318 
0.309937 0.466227 
0.186865 0.564431 
-0.594372 0.146829 
0.586502 -0.0229912 
-0.586158 0.173628 
0.559531 0.0262196 
0.574371 0.00205717 
0.268944 0.513665 
-0.478904 0.358046 
0.442213 0.157442 
0.0255353 0.591602 
ZONE T="boundary5"
-0.205625 -0.35978 
-0.485777 -0.204455 
-0.49586 -0.195357 
-0.533295 -0.155903 
-0.541818 -0.145188 
-0.591467 -0.0529227 
-0.596278 -0.0373797 
-0.57976 -0.0823996 
0.574205 -0.271341 
0.584212 -0.248149 
0.592435 -0.223765 
-0.550206 -0.133749 
-0.55808 -0.122027 
-0.585888 -0.0680719 
-0.56582 -0.109342 
-0.572963 -0.0963264 
0.478294 -0.380245 
0.562438 -0.292954 
-0.52442 -0.166256 
0.489879 -0.371977 
0.50125 -0.363051 
-0.146305 -0.381943 
-0.166573 -0.374624 
-0.18674 -0.367078 
-0.224433 -0.352289 
-0.25955 -0.337679 
-0.242026 -0.345074 
-0.0801607 -0.403852 
-0.057105 -0.410711 
-0.103063 -0.396627 
-0.124748 -0.389427 
0.0660042 -0.439298 
-0.441886 -0.239233 
-0.464711 -0.222001 
-0.359064 -0.290494 
-0.307867 -0.316056 
-0.323251 -0.308714 
-0.276012 -0.33053 
0.43787 -0.403871 
-0.515187 -0.176293 
-0.292407 -0.323193 
-0.600297 -0.0214411 
-0.341233 -0.299783 
-0.392748 -0.271479 
0.604496 -0.0888164 
0.606841 -0.115873 
-0.607345 0.0285103 
-0.605856 0.0115359 
-0.6035 -0.00511973 
0.54808 -0.314223 
0.606618 -0.143064 
-0.41807 -0.255617 
0.204204 -0.451966 
0.174848 -0.451249 
0.0915308 -0.443324 
-0.376007 -0.281195 
0.118488 -0.44679 
0.1456 -0.449421 
0.0406461 -0.434612 
0.381786 -0.426663 
0.297525 -0.445844 
0.354828 -0.434495 
0.0157711 -0.429381 
-0.0331017 -0.417384 
0.326061 -0.441022 
-0.00892805 -0.423593 
0.452279 -0.396273 
0.465474 -0.388547 
0.512162 -0.353615 
0.604013 -0.170275 
0.59942 -0.0620517 
0.588554 -0.236038 
0.599164 -0.197546 
0.408608 -0.416977 
0.602303 -0.0753579 
0.267028 -0.449369 
0.236896 -0.451354 
0.530948 -0.334906 
-0.49085 -0.199941 
-0.537607 -0.150586 
-0.593975 -0.0451827 
0.579465 -0.259855 
-0.554205 -0.127929 
-0.582914 -0.075274 
-0.562022 -0.115728 
-0.569467 -0.102876 
-0.588777 -0.0605336 
-0.528904 -0.161119 
-0.54607 -0.139511 
0.495617 -0.36758 
-0.15645 -0.378313 
-0.215038 -0.356059 
-0.250798 -0.341399 
-0.0686482 -0.407331 
-0.113918 -0.393065 
-0.176667 -0.37088 
-0.135539 -0.38572 
-0.453396 -0.230748 
-0.315571 -0.312411 
-0.26779 -0.334126 
-0.475354 -0.213361 
-0.300148 -0.319648 
-0.598394 -0.0294368 
-0.350172 -0.295185 
0.606 -0.102316 
-0.606712 0.0200137 
-0.602008 -0.0133014 
0.555517 -0.303762 
-0.430065 -0.247554 
-0.233238 -0.348703 
-0.196192 -0.363454 
0.189521 -0.451752 
-0.384408 -0.27639 
0.104995 -0.445159 
0.160214 -0.450469 
0.0533092 -0.437035 
0.368366 -0.430784 
0.0281921 -0.43207 
-0.332261 -0.304289 
-0.04512 -0.414104 
0.340492 -0.43797 
-0.0210317 -0.42055 
0.458919 -0.392483 
0.484133 -0.376175 
0.471932 -0.38447 
0.445117 -0.400153 
0.506763 -0.358399 
-0.405493 -0.263683 
0.586443 -0.242115 
-0.576447 -0.0894047 
0.59604 -0.210718 
0.59055 -0.229919 
-0.604788 0.00319278 
-0.28422 -0.326885 
0.395278 -0.422045 
-0.367561 -0.285892 
0.603486 -0.0820729 
0.423374 -0.410725 
0.600948 -0.0686858 
0.282299 -0.447804 
0.0787529 -0.441397 
0.00340457 -0.426555 
-0.0916267 -0.400285 
0.251973 -0.450539 
0.132032 -0.448214 
0.311825 -0.443622 
0.521772 -0.344478 
0.220552 -0.451852 
-0.519846 -0.171314 
0.568573 -0.282284 
-0.505671 -0.185975 
0.601854 -0.183958 
0.539769 -0.324775 
0.6056 -0.156696 
0.607038 -0.129471 
