ZONE T="boundary0"
-4 0.2364 
-4 0.185102 
-4 0.661492 
-4 0.574868 
-4 0.488244 
-4 0.358318 
-4 0.423281 
-4 -0.258615 
-4 0.133804 
-4 0.0341391 
-4 -0.041072 
-4 -0.116283 
-4 -0.209971 
-4 -0.163127 
-4 -0.370631 
-4 -0.434003 
-4 -0.532128 
-4 -0.630253 
-4 1 
-4 0.830746 
-4 -0.282937 
-4 -0.30726 
-4 0.297359 
-4 0.26688 
-4 0.327839 
-4 -1 
-4 -0.815127 
-4 0.210751 
-4 0.531556 
-4 0.3908 
-4 0.61818 
-4 0.0839714 
-4 -0.00346644 
-4 -0.0786775 
-4 -0.139705 
-4 -0.402317 
-4 -0.483066 
-4 -0.581191 
-4 0.915373 
-4 0.746119 
-4 -0.234293 
-4 -0.186549 
-4 -0.295098 
-4 -0.338945 
-4 -0.270776 
-4 0.159453 
-4 0.282119 
-4 0.25164 
-4 0.343079 
-4 0.312599 
-4 0.455763 
-4 -0.72269 
-4 -0.907563 
ZONE T="boundary1"
-1.30521 1 
-0.79937 1 
-0.878207 1 
-1.02562 1 
0.0157913 1 
0.401343 1 
0.495373 1 
-1.45765 1 
-1.86561 1 
1.35167 1 
1.21972 1 
1.56743 1 
1.84041 1 
3.04684 1 
-2.4485 1 
-3.10675 1 
-2.91159 1 
1.08778 1 
-3.73856 1 
-3.52023 1 
2.07697 1 
0.589404 1 
0.303794 1 
0.255019 1 
0.142617 1 
0.0789894 1 
0.352568 1 
0.206245 1 
-0.0474068 1 
-0.179937 1 
-0.241645 1 
-0.113672 1 
-0.426771 1 
-0.365062 1 
-0.641696 1 
-0.534233 1 
0.704887 1 
-1.16542 1 
-1.09552 1 
0.820369 1 
-1.23531 1 
-1.38143 1 
-1.69954 1 
-0.720533 1 
-4 1 
3.632 1 
1.02092 1 
0.954072 1 
1.45955 1 
1.70392 1 
3.816 1 
2.57161 1 
3.264 1 
-2.03168 1 
2.82969 1 
-3.30191 1 
-2.68004 1 
-2.24009 1 
-0.303354 1 
0.887221 1 
4 1 
2.31354 1 
3.448 1 
-0.838788 1 
0.448358 1 
1.2857 1 
-3.6294 1 
0.542389 1 
0.279407 1 
0.110803 1 
0.328181 1 
-0.0158078 1 
0.0473903 1 
-0.210791 1 
-0.395917 1 
-0.480502 1 
0.174431 1 
0.647145 1 
-1.13047 1 
0.762628 1 
-1.27026 1 
-1.41954 1 
-1.5786 1 
-1.34332 1 
-0.759951 1 
-3.86928 1 
-0.951913 1 
0.987498 1 
1.51349 1 
2.93827 1 
-3.20433 1 
3.15542 1 
-2.79582 1 
-1.94865 1 
1.95869 1 
1.77216 1 
1.63567 1 
-2.13588 1 
-2.34429 1 
-1.78258 1 
-0.2725 1 
-0.0805394 1 
-0.146804 1 
1.05435 1 
0.853795 1 
0.920647 1 
-0.587965 1 
0.230632 1 
1.15375 1 
-0.334208 1 
1.40561 1 
3.908 1 
-1.06057 1 
-1.20036 1 
-0.681114 1 
-2.56427 1 
3.356 1 
3.724 1 
3.54 1 
-3.00917 1 
2.44257 1 
-3.41107 1 
2.19525 1 
0.376956 1 
2.70065 1 
ZONE T="boundary2"
4 -0.327484 
4 -0.377727 
4 -0.27724 
4 -0.20905 
4 0.354987 
4 0.642399 
4 0.439093 
4 -0.140861 
4 0.301457 
4 0.0298636 
4 0.146807 
4 -0.0554985 
4 -0.669975 
4 -0.427971 
4 0.247926 
4 0.197366 
4 -0.488472 
4 -0.548973 
4 -0.834987 
4 -1 
4 0.821199 
4 1 
4 -0.352605 
4 -0.243145 
4 0.540746 
4 -0.174955 
4 0.0883351 
4 -0.0128174 
4 -0.402849 
4 0.328222 
4 0.274691 
4 0.39704 
4 -0.458221 
4 -0.609474 
4 -0.518722 
4 -0.752481 
4 -0.917494 
4 0.731799 
4 -0.0981795 
4 0.222646 
4 0.172087 
4 -0.302362 
4 0.9106 
ZONE T="boundary3"
-3.7714 -1 
-3.5428 -1 
-1.69386 -1 
-1.42419 -1 
-0.179276 -1 
-0.111783 -1 
-0.565792 -1 
-0.511463 -1 
-0.827908 -1 
0.280327 -1 
-0.751179 -1 
-0.674451 -1 
0.588204 -1 
1.20589 -1 
1.1049 -1 
-1.85748 -1 
2.35055 -1 
3.48782 -1 
3.65855 -1 
-2.96025 -1 
2.86791 -1 
3.31709 -1 
-3.14425 -1 
-2.77624 -1 
-2.42859 -1 
-2.02109 -1 
0.163676 -1 
0.385573 -1 
0.222002 -1 
0.490819 -1 
-0.0682773 -1 
0.685589 -1 
0.788833 -1 
0.112958 -1 
0.018734 -1 
0.0622397 -1 
-0.29936 -1 
-0.246768 -1 
-0.351951 -1 
-0.996797 -1 
-0.912352 -1 
-1.08759 -1 
3.82927 -1 
4 -1 
0.998487 -1 
1.30688 -1 
1.41743 -1 
1.52799 -1 
1.68013 -1 
1.83228 -1 
0.892077 -1 
-1.30129 -1 
-1.17839 -1 
-1.55902 -1 
2.09141 -1 
2.60923 -1 
-0.457133 -1 
-0.0247716 -1 
-4 -1 
-3.6571 -1 
-0.145529 -1 
-0.538627 -1 
-0.712815 -1 
1.15539 -1 
3.57318 -1 
3.0925 -1 
-3.34353 -1 
-2.60242 -1 
-2.22484 -1 
0.33295 -1 
0.251165 -1 
0.192839 -1 
0.438196 -1 
-0.0900301 -1 
0.0404869 -1 
-0.273064 -1 
0.636897 -1 
0.539511 -1 
-0.789544 -1 
-0.954575 -1 
-0.87013 -1 
-1.0422 -1 
1.05169 -1 
1.25638 -1 
1.36216 -1 
1.47271 -1 
1.60406 -1 
1.75621 -1 
0.737211 -1 
0.840455 -1 
-1.23984 -1 
-1.13299 -1 
-1.36274 -1 
-1.62644 -1 
-1.49161 -1 
3.74391 -1 
-1.77567 -1 
3.40245 -1 
-1.93929 -1 
1.96184 -1 
2.22098 -1 
-3.05225 -1 
-2.86824 -1 
2.73857 -1 
2.47989 -1 
3.91464 -1 
0.138317 -1 
-0.404542 -1 
-0.0465245 -1 
-0.213022 -1 
-0.325655 -1 
0.0875988 -1 
-0.0030188 -1 
-3.8857 -1 
0.945282 -1 
-0.484298 -1 
-0.620121 -1 
ZONE T="boundary4"
-0.421181 0.360053 
-0.268942 0.452631 
-0.247284 0.462025 
-0.591638 0.149769 
0.610973 0.0842265 
-0.55491 0.213485 
-0.522122 0.259022 
-0.509792 0.274174 
-0.564854 0.197924 
-0.62674 0.0557229 
-0.631626 0.0343104 
-0.620731 0.0770735 
-0.533545 0.244054 
-0.605509 0.119212 
-0.574294 0.182149 
-0.583234 0.166096 
-0.637948 -0.00845548 
-0.613639 0.0982589 
-0.453405 0.332622 
-0.43765 0.346481 
0.527021 0.238394 
0.510822 0.266654 
-0.496957 0.28892 
-0.483076 0.303823 
-0.468693 0.31826 
-0.404284 0.373099 
-0.368625 0.398042 
-0.349817 0.40993 
-0.386652 0.385847 
-0.330645 0.421234 
-0.290295 0.442574 
-0.224476 0.471085 
-0.201394 0.479426 
-0.152483 0.49451 
-0.544537 0.228769 
0.543063 0.21011 
0.558207 0.183735 
-0.635367 0.0128953 
0.37318 0.428472 
0.396929 0.4094 
0.293523 0.475496 
0.321591 0.461485 
0.348486 0.445572 
0.499442 0.285575 
0.455335 0.348561 
0.487575 0.304164 
0.471538 0.327342 
-0.126543 0.501153 
0.0142076 0.521819 
0.0453003 0.522905 
-0.0153755 0.519601 
0.0763353 0.522675 
0.234158 0.497914 
0.203236 0.50633 
0.624616 0.0485305 
0.264343 0.487634 
0.629897 0.0306592 
0.634114 0.0125697 
0.618268 0.0664272 
0.602941 0.101733 
0.637151 -0.005448 
0.639013 -0.0235982 
0.573271 0.157469 
-0.310636 0.432213 
-0.177056 0.48736 
-0.0727205 0.512082 
-0.0448908 0.516259 
-0.100411 0.506933 
0.418746 0.389233 
0.437457 0.369605 
0.108324 0.520996 
0.588606 0.129804 
0.140054 0.517792 
0.171837 0.512924 
-0.258149 0.457411 
-0.559938 0.20574 
-0.629319 0.0450462 
-0.623868 0.066434 
-0.527889 0.25158 
-0.578829 0.174158 
-0.587505 0.157967 
-0.609695 0.108781 
-0.569634 0.190072 
-0.445583 0.339615 
0.518977 0.252555 
-0.503436 0.2816 
-0.475944 0.311101 
-0.49008 0.29643 
-0.359267 0.404059 
-0.395519 0.379542 
-0.461109 0.325504 
-0.340274 0.415656 
-0.279658 0.447686 
-0.42947 0.353333 
-0.235916 0.466645 
-0.412784 0.366643 
-0.212967 0.475345 
-0.539094 0.236449 
-0.377686 0.392014 
0.550624 0.196909 
-0.549775 0.221162 
-0.633636 0.0236257 
0.38522 0.41915 
0.307679 0.468737 
0.360981 0.437242 
0.33518 0.453773 
0.505187 0.276149 
0.479684 0.315845 
0.463563 0.338052 
0.493576 0.294915 
0.0297506 0.522524 
0.218762 0.502356 
0.632143 0.0216468 
0.621556 0.0575191 
0.614721 0.0753674 
0.60704 0.0930167 
0.627382 0.0396321 
0.635775 0.00358563 
0.638232 -0.0145069 
-0.6368 0.00223553 
0.565762 0.170609 
-0.300505 0.437471 
-0.617312 0.0877074 
-0.189257 0.48349 
-0.164797 0.491033 
-0.320683 0.426801 
-0.13954 0.497939 
-0.0588226 0.514293 
-0.1135 0.504151 
0.408004 0.399504 
0.446539 0.359211 
-0.0301472 0.518069 
-0.000592673 0.520852 
0.535029 0.224239 
-0.0865871 0.509628 
0.0608216 0.522958 
0.0923424 0.522023 
0.428242 0.37956 
0.581023 0.143677 
0.124211 0.519591 
0.187586 0.509849 
0.249334 0.493016 
0.279035 0.481811 
-0.516019 0.266648 
0.15598 0.515569 
-0.598824 0.134601 
0.59593 0.115845 
ZONE T="boundary5"
-0.636549 -0.0922609 
-0.580811 -0.237068 
-0.616296 -0.171 
-0.600071 -0.205878 
-0.608672 -0.188761 
-0.638669 -0.0716284 
-0.639605 -0.0507646 
-0.639363 -0.0296954 
-0.472491 -0.330157 
-0.488724 -0.321458 
-0.590856 -0.221808 
-0.623012 -0.152294 
-0.63324 -0.112597 
-0.628735 -0.132609 
0.540271 -0.264015 
-0.504447 -0.311743 
-0.519128 -0.301348 
0.227963 -0.382397 
0.196319 -0.383803 
-0.268688 -0.372638 
-0.291688 -0.371509 
-0.31461 -0.369864 
0.630153 -0.112765 
0.624924 -0.129882 
-0.195769 -0.374259 
-0.378912 -0.361108 
-0.358261 -0.364729 
-0.244715 -0.373409 
-0.220726 -0.373905 
-0.170866 -0.374557 
-0.144959 -0.374901 
-0.119133 -0.375346 
0.529229 -0.274611 
-0.533195 -0.28998 
0.505916 -0.294076 
-0.570095 -0.251447 
-0.558619 -0.26505 
-0.54626 -0.277964 
-0.41852 -0.351348 
0.561328 -0.240843 
-0.399283 -0.356598 
-0.455158 -0.338148 
0.517722 -0.284671 
-0.437411 -0.345114 
0.587469 -0.205511 
0.579098 -0.217755 
-0.637948 -0.00845548 
-0.336553 -0.36766 
0.469909 -0.318088 
0.607095 -0.17184 
-0.0923444 -0.37596 
-0.065664 -0.376742 
0.0751658 -0.382494 
0.0460598 -0.381308 
0.01782 -0.38007 
-0.0104736 -0.378838 
0.25002 -0.380792 
-0.0380187 -0.377723 
0.164734 -0.384319 
0.134478 -0.384147 
0.104289 -0.383476 
0.365978 -0.360919 
0.341511 -0.36703 
0.6174 -0.1497 
0.294517 -0.37569 
0.27207 -0.378599 
0.316902 -0.372031 
0.418916 -0.34305 
0.445242 -0.331283 
0.392052 -0.352986 
0.493716 -0.302938 
0.63729 -0.0775304 
0.639077 -0.0596815 
0.551029 -0.252696 
0.570428 -0.229468 
0.634311 -0.0952215 
0.639655 -0.0416998 
0.639013 -0.0235982 
0.59536 -0.19295 
-0.6045 -0.197384 
-0.639285 -0.0612046 
-0.63963 -0.04023 
-0.480675 -0.325928 
-0.595579 -0.213909 
-0.637759 -0.0819616 
-0.631139 -0.122639 
-0.51187 -0.30666 
0.212142 -0.383223 
-0.280191 -0.37213 
-0.303155 -0.37076 
0.627672 -0.121363 
-0.368608 -0.363025 
-0.256702 -0.373066 
-0.208245 -0.374095 
-0.157908 -0.37472 
-0.132043 -0.375108 
0.534812 -0.269377 
-0.526253 -0.295776 
-0.564461 -0.258337 
-0.539824 -0.284075 
-0.408937 -0.354093 
-0.585945 -0.22951 
-0.463886 -0.33428 
-0.428012 -0.348359 
0.583342 -0.211673 
-0.6388 -0.0190674 
-0.626026 -0.142497 
-0.612618 -0.179938 
-0.105733 -0.375632 
0.0606127 -0.381919 
0.00367476 -0.379448 
-0.0790003 -0.37633 
0.238995 -0.381664 
-0.0242431 -0.378266 
0.149603 -0.384305 
0.11938 -0.383864 
0.353778 -0.364117 
0.180524 -0.384161 
-0.635046 -0.102455 
0.283303 -0.377234 
0.329231 -0.369661 
0.26105 -0.379773 
0.432179 -0.337395 
0.379067 -0.357132 
0.481961 -0.310747 
0.511872 -0.28944 
0.499865 -0.298574 
0.457694 -0.32491 
0.523534 -0.279707 
0.638334 -0.06862 
-0.183315 -0.374408 
0.545715 -0.258417 
0.565933 -0.235198 
-0.552542 -0.271605 
0.635948 -0.0863997 
0.632375 -0.104026 
0.621336 -0.139856 
0.556243 -0.246826 
-0.496664 -0.316723 
-0.446336 -0.341755 
0.639519 -0.0506945 
0.639487 -0.0326426 
-0.619797 -0.161699 
-0.232719 -0.373683 
0.305723 -0.373958 
0.0897254 -0.383018 
0.405561 -0.348231 
-0.0518372 -0.377212 
0.0319408 -0.380693 
-0.575559 -0.244336 
-0.389127 -0.358972 
-0.347423 -0.366295 
-0.325592 -0.368847 
0.612456 -0.160866 
0.601408 -0.182495 
0.591476 -0.199269 
0.574817 -0.223653 
