ZONE T="boundary0"
-4 -1 
-4 -0.131934 
-4 -0.205611 
-4 0.514022 
-4 0.352029 
-4 0.433025 
-4 0.0741658 
-4 -0.332539 
-4 -0.284196 
-4 -0.507535 
-4 0.0104041 
-4 0.293814 
-4 -0.0607651 
-4 0.635516 
-4 -0.725642 
-4 0.878505 
-4 0.757011 
-4 -0.244903 
-4 -0.380881 
-4 -0.616588 
-4 0.137927 
-4 0.235599 
-4 0.186763 
-4 1 
-4 -0.168773 
-4 0.392527 
-4 -0.308367 
-4 0.042285 
-4 -0.0963497 
-4 0.574769 
-4 -0.862821 
-4 0.817758 
-4 -0.26455 
-4 -0.35671 
-4 -0.225257 
-4 -0.444208 
-4 -0.0251805 
-4 -0.562062 
-4 -0.671115 
-4 0.106047 
-4 0.211181 
-4 0.322921 
-4 0.264707 
-4 0.473523 
-4 0.696263 
-4 0.939253 
-4 0.162345 
ZONE T="boundary1"
1.81003 1 
1.63472 1 
-3.50732 1 
1.11424 1 
1.23698 1 
0.361066 1 
-0.934953 1 
0.0916719 1 
0.156489 1 
-0.34982 1 
-0.263617 1 
-0.624274 1 
-0.487047 1 
-3.75366 1 
-3.875 1 
-1.0385 1 
4 1 
3.60929 1 
1.35971 1 
-2.8576 1 
-3.01205 1 
1.98535 1 
2.20487 1 
-2.54871 1 
2.42439 1 
2.62294 1 
3.21858 1 
3.02003 1 
3.41393 1 
-0.126346 1 
-0.177413 1 
0.214727 1 
0.0268544 1 
-0.0242125 1 
-0.0752793 1 
0.272965 1 
0.455596 1 
0.538048 1 
0.679507 1 
0.6205 1 
0.809977 1 
0.881439 1 
0.738515 1 
-4 1 
-0.831407 1 
-0.72784 1 
-1.24065 1 
-1.13958 1 
0.939641 1 
0.997842 1 
-1.4571 1 
-1.34887 1 
-1.72632 1 
-1.90095 1 
-2.07557 1 
-2.31214 1 
1.49721 1 
2.82148 1 
-2.70315 1 
-3.1665 1 
-1.59171 1 
-3.33691 1 
1.72237 1 
1.17561 1 
0.124081 1 
-0.306719 1 
-0.55566 1 
-3.81433 1 
3.80464 1 
-2.93483 1 
2.09511 1 
2.31463 1 
2.52366 1 
3.1193 1 
3.51161 1 
-0.220515 1 
0.0592632 1 
-0.0497459 1 
0.243846 1 
0.408331 1 
0.185608 1 
0.317016 1 
0.496822 1 
-0.15188 1 
-0.418434 1 
0.579274 1 
0.845708 1 
-3.9375 1 
-0.779624 1 
-0.676057 1 
-0.986726 1 
-1.19011 1 
-0.88318 1 
0.91054 1 
1.29835 1 
1.05604 1 
-1.29476 1 
-1.40298 1 
-1.81364 1 
-1.98826 1 
-2.19386 1 
1.89769 1 
3.31626 1 
2.92076 1 
-3.63049 1 
-2.62593 1 
-2.78038 1 
-2.43042 1 
0.00132099 1 
-0.100813 1 
0.774246 1 
0.650003 1 
0.709011 1 
0.968741 1 
-1.08904 1 
1.56596 1 
1.42846 1 
2.72221 1 
-1.5244 1 
-1.65902 1 
-3.25171 1 
-3.42212 1 
-3.08928 1 
ZONE T="boundary2"
4 -0.705258 
4 -0.596703 
4 -0.38681 
4 -0.488148 
4 -0.21712 
4 -0.285473 
4 -0.129615 
4 0.456414 
4 0.415466 
4 -0.0660774 
4 0.0707054 
4 -0.00253975 
4 0.292622 
4 0.255454 
4 -0.852629 
4 1 
4 0.657985 
4 0.828993 
4 -0.336142 
4 -1 
4 0.218286 
4 0.557199 
4 0.33357 
4 0.374518 
4 0.14395 
4 -0.650981 
4 -0.437479 
4 -0.251296 
4 0.43594 
4 0.274038 
4 -0.778943 
4 -0.173367 
4 -0.310807 
4 -0.0343086 
4 -0.0978462 
4 -0.542426 
4 0.0340828 
4 -0.926314 
4 0.506806 
4 0.607592 
4 0.107328 
4 0.914496 
4 0.743489 
4 0.23687 
4 0.354044 
4 0.313096 
4 -0.361476 
4 0.181118 
4 0.394992 
ZONE T="boundary3"
-3.74284 -1 
-4 -1 
-1.81218 -1 
-0.969646 -1 
-1.22208 -1 
-1.15116 -1 
-0.168419 -1 
-0.0999635 -1 
2.80293 -1 
2.59274 -1 
-0.708533 -1 
-0.833942 -1 
-0.528528 -1 
0.153918 -1 
-0.618531 -1 
-0.416194 -1 
-3.50736 -1 
-3.27189 -1 
1.98347 -1 
2.26658 -1 
0.513348 -1 
0.629517 -1 
3.85917 -1 
-1.66962 -1 
-1.52707 -1 
3.22489 -1 
3.43666 -1 
2.42966 -1 
3.01311 -1 
-3.0416 -1 
-2.92646 -1 
1.47996 -1 
1.54818 -1 
-2.56421 -1 
-2.68777 -1 
-0.236139 -1 
-0.0315085 -1 
0.0392103 -1 
0.109929 -1 
0.241897 -1 
-1.0604 -1 
0.285886 -1 
0.967209 -1 
0.399617 -1 
0.342752 -1 
-0.303859 -1 
0.745685 -1 
3.71833 -1 
4 -1 
0.856447 -1 
-1.293 -1 
-1.41003 -1 
1.07737 -1 
1.18752 -1 
1.29963 -1 
1.41173 -1 
-2.06464 -1 
1.68463 -1 
1.83405 -1 
1.6164 -1 
-2.31711 -1 
0.197908 -1 
-2.19087 -1 
-2.81132 -1 
-3.87142 -1 
-1.18662 -1 
2.69784 -1 
-0.663532 -1 
-0.472361 -1 
-3.38962 -1 
2.12502 -1 
0.571432 -1 
-1.59835 -1 
3.33078 -1 
2.34812 -1 
-2.98403 -1 
1.51407 -1 
-0.202279 -1 
-0.065736 -1 
-0.134191 -1 
0.00385091 -1 
0.0745697 -1 
0.263892 -1 
0.371185 -1 
-0.901794 -1 
-1.01503 -1 
-0.57353 -1 
-0.360027 -1 
0.456483 -1 
0.687601 -1 
3.92958 -1 
0.801066 -1 
-1.10578 -1 
-0.771237 -1 
-1.25754 -1 
-3.6251 -1 
3.5775 -1 
-1.35152 -1 
1.13244 -1 
3.78875 -1 
0.911828 -1 
1.35568 -1 
-1.93841 -1 
1.75934 -1 
1.65051 -1 
1.90876 -1 
-1.46855 -1 
-2.44066 -1 
2.5112 -1 
3.119 -1 
2.90802 -1 
-1.7409 -1 
-0.269999 -1 
0.175913 -1 
0.131924 -1 
0.219902 -1 
0.314319 -1 
1.24358 -1 
-2.25399 -1 
-2.12776 -1 
-3.15675 -1 
-2.86889 -1 
-2.74955 -1 
-2.62599 -1 
1.02229 -1 
1.44584 -1 
1.58229 -1 
ZONE T="boundary4"
-0.186934 0.48306 
-0.162519 0.492073 
0.555632 0.238069 
-0.587676 0.118855 
-0.574132 0.14687 
-0.605482 0.0741207 
-0.559188 0.174055 
-0.308166 0.42447 
0.409497 0.468633 
0.423596 0.458612 
0.511019 0.358295 
0.518427 0.344224 
0.503016 0.371918 
0.494526 0.384908 
0.437147 0.447876 
0.548198 0.265217 
0.5394 0.293432 
0.562917 0.210797 
0.56991 0.185703 
0.47434 0.411159 
-0.290034 0.434868 
-0.628077 -0.0192958 
-0.62509 -0.000516673 
-0.621321 0.0182735 
-0.616774 0.0370515 
-0.61149 0.0556677 
-0.439802 0.325669 
-0.418741 0.344829 
-0.542933 0.200512 
-0.463455 0.302086 
-0.485518 0.277714 
-0.398797 0.361601 
-0.378248 0.377647 
-0.360529 0.390575 
-0.342431 0.402983 
-0.325443 0.413949 
-0.271627 0.444787 
-0.110971 0.508448 
-0.0838612 0.515696 
-0.137837 0.50035 
-0.251646 0.454869 
-0.231387 0.464403 
0.450136 0.436402 
0.529635 0.319496 
-0.598782 0.0923585 
0.577247 0.160734 
-0.209299 0.474049 
0.462498 0.424216 
0.315945 0.514079 
0.348524 0.501653 
0.485457 0.397415 
-0.0250379 0.528366 
0.139625 0.542168 
0.174397 0.540724 
0.28109 0.524322 
0.380261 0.486309 
0.210019 0.537411 
0.585107 0.134972 
0.619263 -0.0235955 
0.617288 0.00290998 
0.607685 0.0560492 
0.613349 0.0293421 
0.592967 0.109298 
-0.0545503 0.522523 
0.600729 0.0827341 
-0.525312 0.226537 
-0.506148 0.252421 
0.00656379 0.533498 
0.0383016 0.537487 
0.0718171 0.54042 
0.10537 0.542007 
0.245915 0.531976 
-0.174761 0.487659 
-0.581094 0.132952 
-0.566832 0.160555 
0.416611 0.463713 
0.514802 0.351304 
0.498848 0.378466 
0.430442 0.453334 
0.543968 0.279388 
0.507097 0.365156 
0.56637 0.198236 
-0.626678 -0.00989337 
-0.619141 0.0276831 
-0.614222 0.0463835 
-0.608574 0.0649211 
-0.429371 0.335357 
-0.551214 0.187376 
-0.474646 0.290041 
-0.388595 0.369716 
-0.408846 0.353306 
-0.351526 0.396844 
-0.333974 0.408522 
-0.316839 0.419266 
-0.280864 0.439888 
-0.0974442 0.512178 
-0.124436 0.504506 
-0.24155 0.459705 
-0.150209 0.496303 
-0.369437 0.384176 
0.534717 0.306549 
-0.198149 0.478634 
0.524248 0.331969 
0.4564 0.430395 
0.332366 0.508195 
-0.261672 0.449897 
-0.6233 0.00889501 
0.490066 0.391219 
0.443718 0.442228 
0.46851 0.417773 
0.479994 0.404368 
0.157025 0.541656 
-0.593404 0.105677 
0.36457 0.494339 
-0.299135 0.429729 
0.573538 0.173204 
0.581157 0.147842 
0.551981 0.251668 
-0.602217 0.0832691 
0.610698 0.0427299 
0.589056 0.122135 
-0.220378 0.469305 
0.559254 0.224433 
-0.0692338 0.519232 
-0.0398175 0.525568 
0.604335 0.0694196 
-0.53426 0.213617 
-0.495994 0.265196 
0.615542 0.0161565 
-0.00925841 0.531073 
0.596919 0.096031 
0.0224167 0.535636 
0.0885891 0.541385 
0.122501 0.542277 
0.228015 0.534966 
0.263573 0.528444 
-0.515871 0.239582 
0.0550479 0.539118 
0.192236 0.539308 
0.298621 0.519529 
0.395092 0.477821 
0.618539 -0.0103248 
-0.451779 0.314025 
ZONE T="boundary5"
-0.616069 -0.19649 
-0.531403 -0.337376 
-0.542549 -0.326826 
-0.629595 -0.129708 
-0.63128 -0.111691 
-0.627217 -0.147034 
-0.605864 -0.226451 
-0.593618 -0.254355 
-0.624109 -0.164158 
-0.437115 -0.388154 
-0.45213 -0.383626 
-0.371961 -0.39658 
-0.389076 -0.395946 
-0.405403 -0.394351 
-0.42132 -0.391781 
-0.579103 -0.280454 
-0.570935 -0.292792 
-0.337272 -0.395004 
-0.35484 -0.396248 
-0.466907 -0.378048 
-0.300375 -0.38991 
-0.318868 -0.39284 
-0.280828 -0.386149 
-0.261102 -0.381835 
0.539667 -0.231826 
-0.494513 -0.364258 
-0.480881 -0.371653 
-0.519727 -0.347108 
-0.632193 -0.0935037 
-0.632333 -0.0751485 
-0.507336 -0.356144 
-0.240034 -0.376857 
-0.218795 -0.371663 
-0.172682 -0.360711 
-0.195804 -0.366076 
-0.147731 -0.355412 
-0.122786 -0.350784 
-0.631696 -0.056636 
-0.630279 -0.0380158 
-0.628077 -0.0192958 
-0.0957778 -0.346645 
-0.0689147 -0.343486 
-0.0410954 -0.341217 
-0.0136227 -0.339922 
0.0954774 -0.341611 
0.068578 -0.340493 
0.123852 -0.342963 
0.152207 -0.344273 
0.216564 -0.345923 
0.302453 -0.341677 
0.275175 -0.344124 
0.329844 -0.337928 
0.395332 -0.322407 
0.381157 -0.326669 
0.409354 -0.317621 
0.460695 -0.294328 
0.483547 -0.280317 
0.449062 -0.300506 
0.423381 -0.312215 
0.603938 -0.126493 
0.611394 -0.101494 
0.52259 -0.249133 
0.569213 -0.194606 
0.58223 -0.173824 
0.594036 -0.150931 
0.554898 -0.214003 
0.616418 -0.0759322 
0.61943 -0.0367632 
0.61902 -0.0499247 
0.619263 -0.0235955 
0.245792 -0.345542 
0.041546 -0.339717 
0.0140753 -0.339465 
0.184307 -0.345425 
0.503507 -0.265678 
0.35552 -0.333052 
-0.55265 -0.316031 
-0.562127 -0.304654 
-0.537058 -0.332189 
-0.630535 -0.120712 
-0.600044 -0.240548 
-0.628498 -0.138388 
-0.625755 -0.155616 
-0.444665 -0.386015 
-0.380532 -0.39639 
-0.39726 -0.395273 
-0.429254 -0.390099 
-0.575099 -0.286681 
-0.346059 -0.395734 
-0.459569 -0.380963 
-0.363408 -0.396529 
-0.270962 -0.384045 
-0.487762 -0.368071 
-0.525642 -0.342336 
-0.63236 -0.08433 
-0.500992 -0.360306 
-0.513605 -0.351728 
-0.229415 -0.374269 
-0.328069 -0.394024 
-0.184249 -0.363351 
-0.160215 -0.357989 
-0.207303 -0.368852 
-0.135266 -0.353008 
-0.632112 -0.0658918 
-0.631084 -0.0473212 
-0.631834 -0.102605 
-0.47395 -0.374968 
-0.109284 -0.348596 
-0.0823483 -0.344945 
-0.0549981 -0.342226 
-0.0273527 -0.340457 
-0.629274 -0.0286472 
0.0820316 -0.34102 
0.138024 -0.343637 
0.288818 -0.343048 
0.388263 -0.324601 
0.472269 -0.287564 
0.436336 -0.30662 
-0.290598 -0.388104 
0.454909 -0.297475 
0.316163 -0.339975 
0.531287 -0.24064 
0.575927 -0.184343 
0.599276 -0.138827 
0.562233 -0.204436 
-0.413389 -0.393192 
0.614211 -0.0887711 
0.619299 -0.0433444 
-0.250566 -0.37938 
-0.309618 -0.391461 
0.618021 -0.0629575 
0.109664 -0.342278 
0.26048 -0.344977 
0.23117 -0.345847 
0.055068 -0.34005 
0.000235133 -0.339595 
0.0278206 -0.339513 
-0.611276 -0.211588 
0.200423 -0.345777 
0.168247 -0.344911 
0.588386 -0.162506 
0.547436 -0.223048 
0.607965 -0.114081 
0.513216 -0.257601 
0.493675 -0.273199 
0.416394 -0.314989 
0.619417 -0.0301804 
0.368379 -0.330053 
0.402363 -0.320081 
0.342707 -0.335662 
-0.557466 -0.310414 
-0.586679 -0.267599 
-0.566612 -0.298784 
-0.620431 -0.180423 
-0.547678 -0.321503 
