ZONE T="boundary0"
-4 -0.31945 
-4 -0.373293 
-4 0.501184 
-4 0.429924 
-4 0.330031 
-4 0.188372 
-4 0.572443 
-4 0.253787 
-4 -0.0673166 
-4 -0.0117491 
-4 0.786222 
-4 -1 
-4 -0.801011 
-4 0.291909 
-4 -0.229926 
-4 -0.292528 
-4 0.122958 
-4 -0.602022 
-4 -0.487658 
-4 -0.430475 
-4 -0.265606 
-4 -0.194245 
-4 -0.158565 
-4 -0.122884 
-4 1 
-4 -0.346372 
-4 0.465554 
-4 0.679332 
-4 -0.900505 
-4 0.272848 
-4 0.379978 
-4 0.31097 
-4 0.22108 
-4 0.536813 
-4 -0.305989 
-4 0.0556045 
-4 -0.701516 
-4 -0.459066 
-4 -0.401884 
-4 -0.247766 
-4 -0.176405 
-4 0.155665 
-4 -0.54484 
-4 -0.0395328 
-4 -0.0951004 
-4 0.893111 
-4 -0.279067 
-4 -0.212086 
-4 -0.140724 
ZONE T="boundary1"
1.38605 1 
0.908409 1 
0.223545 1 
0.780558 1 
-0.192514 1 
-0.261498 1 
0.629922 1 
2.93188 1 
-0.506359 1 
-0.41842 1 
-0.718518 1 
-0.821554 1 
3.82406 1 
3.64813 1 
1.14602 1 
1.06601 1 
4 1 
-1.13217 1 
-1.70026 1 
3.29625 1 
2.66667 1 
2.05171 1 
1.89465 1 
1.59748 1 
3.05334 1 
-3.82088 1 
-2.03741 1 
-2.23305 1 
-2.95392 1 
-2.62433 1 
0.15342 1 
0.0832939 1 
0.332609 1 
0.278077 1 
0.38714 1 
0.441672 1 
-0.330481 1 
-0.924589 1 
0.0126837 1 
-0.0579264 1 
-0.12522 1 
0.535797 1 
-0.612439 1 
1.22603 1 
-1.02838 1 
-1.24364 1 
-1.3551 1 
1.49177 1 
-1.84177 1 
-3.64175 1 
2.36585 1 
2.20878 1 
-3.2835 1 
-2.42869 1 
-3.11871 1 
2.81042 1 
-1.45692 1 
-1.55874 1 
1.74607 1 
2.52291 1 
-4 1 
-0.227006 1 
0.70524 1 
-0.462389 1 
-0.770036 1 
3.73609 1 
1.10601 1 
3.91203 1 
3.47219 1 
1.97318 1 
-2.13523 1 
-2.78912 1 
0.118357 1 
0.250811 1 
0.359875 1 
0.188483 1 
-0.295989 1 
-0.0226213 1 
-0.37445 1 
0.305343 1 
0.582859 1 
0.488735 1 
-0.559399 1 
-0.873071 1 
0.844484 1 
1.18602 1 
-1.08027 1 
-1.29937 1 
-0.976484 1 
-0.665479 1 
0.987209 1 
1.30604 1 
1.43891 1 
-1.77101 1 
-1.93959 1 
2.28731 1 
2.13025 1 
-3.46263 1 
-2.52651 1 
-3.03631 1 
3.17479 1 
2.87115 1 
-1.50783 1 
-1.6295 1 
1.82036 1 
2.73854 1 
2.59479 1 
2.44438 1 
2.99261 1 
-0.158867 1 
0.0479888 1 
0.414406 1 
-0.0915734 1 
-3.91044 1 
-3.20111 1 
1.67178 1 
-1.1879 1 
1.54463 1 
-1.40601 1 
-2.33087 1 
-3.73131 1 
ZONE T="boundary2"
4 -0.687116 
4 -0.104907 
4 0.0257004 
4 0.171905 
4 0.231288 
4 0.350798 
4 0.410926 
4 0.290671 
4 0.643352 
4 0.546085 
4 0.74062 
4 0.87031 
4 1 
4 -0.488716 
4 -0.843558 
4 -0.308771 
4 -0.414706 
4 0.0988026 
4 -1 
4 -0.276847 
4 -0.340695 
4 -0.212998 
4 -0.244923 
4 -0.158953 
4 -0.185975 
4 0.201596 
4 0.260979 
4 0.594719 
4 0.935155 
4 -0.587916 
4 -0.765337 
4 -0.0396031 
4 -0.451711 
4 0.0622515 
4 0.320735 
4 -0.921779 
4 0.478506 
4 0.691986 
4 0.805465 
4 -0.377701 
4 -0.292809 
4 -0.324733 
4 -0.228961 
4 -0.13193 
4 -0.260885 
4 -0.199487 
4 -0.172464 
4 0.135354 
4 0.380862 
ZONE T="boundary3"
-2.51854 -1 
-2.18706 -1 
-0.444624 -1 
1.17212 -1 
0.703257 -1 
1.29831 -1 
1.42451 -1 
1.93127 -1 
1.78105 -1 
-0.964693 -1 
-1.71331 -1 
-4 -1 
-3.06296 -1 
-2.85002 -1 
3.62224 -1 
-3.2759 -1 
-3.45693 -1 
-3.63795 -1 
-2.68428 -1 
-1.95019 -1 
2.49247 -1 
2.37152 -1 
2.25058 -1 
3.27325 -1 
3.05018 -1 
0.137534 -1 
-0.754055 -1 
0.0013815 -1 
0.0661953 -1 
0.208873 -1 
0.490362 -1 
0.59564 -1 
0.252926 -1 
0.296978 -1 
0.385084 -1 
-0.546407 -1 
-0.31723 -1 
-0.648191 -1 
-0.133622 -1 
-0.0634323 -1 
-0.203812 -1 
-0.260521 -1 
-0.859918 -1 
4 -1 
-1.15506 -1 
-1.06947 -1 
0.810874 -1 
0.918399 -1 
1.02592 -1 
1.52767 -1 
3.74816 -1 
-1.24065 -1 
-1.4542 -1 
-1.34743 -1 
-1.58375 -1 
1.63084 -1 
2.73436 -1 
2.09092 -1 
1.09902 -1 
3.49631 -1 
-2.3528 -1 
1.85616 -1 
-2.95649 -1 
-3.36641 -1 
-3.81898 -1 
-3.54744 -1 
-2.06862 -1 
2.31105 -1 
3.16171 -1 
-3.16943 -1 
0.0337884 -1 
0.173203 -1 
0.543001 -1 
0.274952 -1 
0.341031 -1 
-0.380927 -1 
-0.495516 -1 
-0.597299 -1 
-0.701123 -1 
-0.0985272 -1 
-0.168717 -1 
-0.232166 -1 
-0.288875 -1 
-0.912306 -1 
-1.11226 -1 
-1.01708 -1 
0.437723 -1 
0.972161 -1 
0.757066 -1 
-0.806987 -1 
1.36141 -1 
1.23522 -1 
3.87408 -1 
-1.19786 -1 
-1.40081 -1 
-1.29404 -1 
-1.64853 -1 
-1.83175 -1 
-1.51898 -1 
1.70595 -1 
3.6852 -1 
-2.76715 -1 
-2.60141 -1 
2.89227 -1 
2.01109 -1 
2.61341 -1 
2.432 -1 
0.101865 -1 
0.230899 -1 
-0.0310254 -1 
0.649448 -1 
1.06247 -1 
2.17075 -1 
1.57926 -1 
1.47609 -1 
0.864637 -1 
1.13557 -1 
3.38478 -1 
3.55928 -1 
ZONE T="boundary4"
-0.310416 0.426975 
-0.288551 0.438031 
-0.625187 0.0573588 
-0.630589 0.0347223 
-0.428973 0.348769 
-0.410563 0.3633 
-0.542543 0.227218 
0.640327 -0.00374247 
0.64183 -0.0199107 
-0.446596 0.333828 
-0.463669 0.318269 
-0.195577 0.475934 
-0.171019 0.483732 
0.429816 0.381354 
0.448482 0.361784 
0.634542 0.0284113 
0.637897 0.0123176 
0.630304 0.0444596 
0.467089 0.339886 
0.619358 0.0763965 
-0.61853 0.0798952 
-0.634706 0.0121013 
-0.610646 0.102273 
-0.60158 0.124414 
-0.569182 0.186678 
-0.556245 0.207195 
0.549746 0.210512 
0.535723 0.235124 
-0.586025 0.156778 
-0.119801 0.497304 
-0.0930664 0.503003 
-0.24326 0.458236 
-0.266338 0.448377 
-0.494485 0.286968 
-0.508109 0.271541 
-0.52118 0.255657 
-0.479364 0.302895 
-0.391658 0.377189 
-0.352165 0.403237 
-0.331486 0.415446 
-0.372131 0.390541 
-0.637535 -0.0104837 
-0.219875 0.46735 
0.575541 0.165131 
-0.145517 0.490934 
-0.0661695 0.507808 
-0.0381309 0.511836 
-0.00998953 0.514876 
0.0488015 0.517945 
0.019392 0.516972 
0.368738 0.431831 
0.389794 0.416483 
0.605624 0.107935 
0.297864 0.471308 
0.347021 0.445763 
0.410289 0.39956 
0.563746 0.185966 
0.51942 0.263247 
0.0788025 0.517743 
0.110149 0.516185 
0.141276 0.513194 
0.32275 0.45933 
0.267958 0.48343 
0.236679 0.493773 
0.587081 0.144216 
0.625235 0.060424 
0.596595 0.126183 
0.612768 0.0922835 
0.48475 0.316625 
0.50233 0.290853 
0.172884 0.508574 
0.204948 0.502113 
-0.299528 0.432592 
-0.62804 0.0460763 
-0.419832 0.356115 
0.641197 -0.0118154 
-0.455203 0.326126 
-0.183329 0.479931 
0.439289 0.371704 
0.636328 0.0203873 
0.632525 0.0364625 
-0.622006 0.06867 
-0.632803 0.0234396 
-0.606249 0.113399 
-0.61473 0.0911339 
-0.549485 0.217268 
0.542736 0.222818 
-0.562814 0.196999 
-0.594083 0.14073 
-0.106457 0.500265 
-0.254839 0.4534 
-0.501365 0.279314 
-0.514712 0.263655 
-0.437851 0.341376 
-0.341876 0.409427 
-0.362201 0.396972 
-0.636279 0.000828032 
-0.231603 0.462886 
-0.320997 0.421296 
-0.158297 0.487436 
-0.0521673 0.509944 
-0.0240732 0.51348 
0.0340926 0.517601 
-0.486998 0.295001 
0.37938 0.424316 
-0.471585 0.310652 
0.639225 0.0043048 
0.357982 0.438957 
0.400169 0.408177 
0.569661 0.175558 
0.457942 0.350969 
0.527633 0.249221 
-0.207761 0.47174 
-0.277486 0.443293 
0.094485 0.51714 
0.125731 0.514873 
0.334991 0.452736 
0.310397 0.465506 
0.252402 0.488853 
0.283013 0.477619 
0.581352 0.154695 
0.627864 0.0524717 
0.601178 0.117092 
0.616138 0.0843718 
0.622383 0.0684418 
-0.40117 0.370325 
-0.381951 0.383948 
-0.532051 0.24158 
0.556748 0.198238 
0.591887 0.135225 
-0.0796377 0.505517 
0.476071 0.328373 
0.493696 0.303847 
0.0638037 0.517998 
-0.132685 0.494223 
0.420187 0.390603 
0.00469189 0.516062 
0.511009 0.277134 
0.15711 0.511087 
-0.57783 0.171855 
0.188962 0.505568 
0.609259 0.100137 
0.220877 0.498182 
ZONE T="boundary5"
-0.603613 -0.203728 
0.614225 -0.157321 
-0.346096 -0.375812 
-0.635804 -0.099307 
-0.638206 -0.077413 
-0.63929 -0.0552891 
0.638238 -0.0836762 
-0.62056 -0.163209 
-0.612765 -0.18372 
0.64183 -0.0199107 
0.641946 -0.0520229 
-0.632073 -0.120935 
-0.48255 -0.332945 
-0.296718 -0.380259 
-0.271718 -0.381261 
-0.37016 -0.372066 
-0.246165 -0.381681 
-0.194398 -0.381374 
-0.22059 -0.381669 
-0.114683 -0.380062 
-0.168258 -0.380938 
-0.141433 -0.380466 
-0.567982 -0.260097 
-0.502695 -0.320526 
0.634969 -0.0993226 
-0.553687 -0.276831 
-0.538107 -0.29247 
-0.521031 -0.307128 
-0.0599225 -0.379674 
-0.0872613 -0.379782 
-0.439568 -0.353052 
-0.461461 -0.343784 
-0.393859 -0.367094 
-0.416966 -0.360806 
-0.592956 -0.223437 
0.640566 -0.0679167 
0.365591 -0.356017 
0.340509 -0.362287 
-0.637535 -0.0104837 
0.591367 -0.197697 
-0.581062 -0.242272 
-0.321625 -0.378491 
-0.639064 -0.0329602 
0.0811522 -0.381108 
0.052455 -0.380736 
0.109851 -0.381336 
0.0241149 -0.380332 
-0.0320651 -0.379745 
0.138972 -0.381303 
0.416157 -0.339193 
0.390462 -0.348507 
0.168114 -0.380873 
0.312921 -0.367864 
0.197713 -0.379887 
0.227327 -0.378197 
0.285222 -0.37225 
0.478556 -0.308219 
0.441388 -0.328261 
0.460196 -0.31877 
0.495458 -0.297203 
0.511802 -0.285161 
-0.626997 -0.142247 
0.548708 -0.251584 
0.56446 -0.233908 
0.578351 -0.216305 
0.603415 -0.177996 
0.623567 -0.135732 
0.630823 -0.114652 
0.532057 -0.267969 
0.64237 -0.0360283 
0.2563 -0.375711 
-0.00428878 -0.379977 
-0.637172 -0.0883788 
-0.638913 -0.0663596 
-0.61683 -0.173528 
-0.634107 -0.110151 
-0.284221 -0.380845 
-0.207493 -0.381548 
-0.181327 -0.381166 
-0.154844 -0.380699 
-0.128057 -0.380251 
-0.492746 -0.326934 
-0.560993 -0.268599 
-0.546048 -0.284801 
-0.529713 -0.299966 
-0.0735908 -0.379706 
-0.4506 -0.348615 
-0.405463 -0.364128 
0.641376 -0.0599799 
-0.382046 -0.369745 
-0.258942 -0.381536 
-0.47211 -0.338564 
0.353086 -0.359297 
-0.59845 -0.213672 
-0.58717 -0.232956 
-0.333876 -0.377279 
-0.638461 -0.0217116 
-0.358152 -0.374086 
0.0668038 -0.380933 
0.0382854 -0.380533 
-0.0459929 -0.379688 
0.124411 -0.381361 
0.403377 -0.344038 
0.153543 -0.381146 
0.212525 -0.379139 
-0.233377 -0.381719 
0.299093 -0.370195 
0.326746 -0.365231 
0.450854 -0.323639 
0.378074 -0.35242 
0.503718 -0.291302 
-0.623948 -0.152781 
0.487084 -0.302829 
0.42886 -0.333929 
0.571531 -0.225205 
0.609002 -0.167754 
0.627398 -0.125262 
-0.574682 -0.251302 
0.584996 -0.207097 
0.636719 -0.0915233 
0.63952 -0.0758136 
0.633006 -0.107017 
0.540521 -0.259917 
0.619103 -0.146616 
0.597549 -0.187943 
-0.309179 -0.379483 
-0.511995 -0.314005 
0.64222 -0.0279653 
-0.428334 -0.35712 
-0.63934 -0.0441236 
0.642278 -0.0440285 
0.0955012 -0.381247 
0.241822 -0.377066 
-0.100971 -0.379902 
-0.0181757 -0.379843 
0.182915 -0.380458 
0.270776 -0.374111 
0.00991315 -0.380143 
-0.608354 -0.1938 
0.46945 -0.313623 
-0.629704 -0.131632 
0.556724 -0.242871 
0.522099 -0.276764 
