ZONE T="boundary0"
-4 0.200916 
-4 0.246159 
-4 1 
-4 0.799917 
-4 0.399007 
-4 0.49942 
-4 0.142758 
-4 -0.595241 
-4 -1 
-4 -0.699447 
-4 0.599833 
-4 -0.273326 
-4 -0.16915 
-4 -0.221238 
-4 -0.110808 
-4 -0.0524656 
-4 0.0846003 
-4 0.0160673 
-4 0.345205 
-4 0.291403 
-4 -0.368716 
-4 -0.491035 
-4 -0.321021 
-4 -0.429876 
-4 0.223537 
-4 0.899958 
-4 0.449213 
-4 -0.849723 
-4 -0.195194 
-4 -0.139979 
-4 -0.0816366 
-4 -0.0181991 
-4 0.113679 
-4 0.171837 
-4 0.0503338 
-4 0.268781 
-4 0.318304 
-4 0.372106 
-4 0.549627 
-4 -0.247282 
-4 -0.297174 
-4 -0.344869 
-4 -0.460456 
-4 -0.399296 
-4 -0.543138 
-4 -0.647344 
-4 0.699875 
ZONE T="boundary1"
-4 1 
3.51525 1 
3.75 1 
1.19016 1 
1.26355 1 
0.811688 1 
0.695544 1 
0.372502 1 
0.286025 1 
1.33693 1 
0.458979 1 
-1.22444 1 
-3.0042 1 
2.89438 1 
2.66389 1 
-2.46185 1 
-2.65256 1 
4 1 
-2.82838 1 
3.32006 1 
3.12487 1 
2.22027 1 
1.68491 1 
2.08643 1 
1.95259 1 
-3.23021 1 
0.0598679 1 
-0.00693077 1 
-0.270878 1 
-0.135202 1 
-0.0710664 1 
-0.85849 1 
-0.742797 1 
-0.372294 1 
-0.540867 1 
0.51812 1 
0.206346 1 
0.126667 1 
-0.641832 1 
0.415741 1 
0.577261 1 
-0.974183 1 
0.927832 1 
-1.11242 1 
-1.33646 1 
-1.45819 1 
1.51092 1 
1.059 1 
1.81875 1 
-1.88402 1 
-2.27115 1 
-3.45622 1 
-3.72811 1 
-2.07758 1 
2.44208 1 
-0.20304 1 
-0.456581 1 
-1.57991 1 
-1.73196 1 
3.63263 1 
1.22685 1 
0.753616 1 
0.329264 1 
2.77914 1 
-2.5572 1 
3.875 1 
3.22247 1 
2.01951 1 
0.0264686 1 
-0.103134 1 
-0.800643 1 
-0.321586 1 
0.48855 1 
0.166506 1 
-0.591349 1 
0.394121 1 
-0.692314 1 
0.636403 1 
0.86976 1 
0.43736 1 
-1.0433 1 
-1.28045 1 
-1.16843 1 
-1.39732 1 
1.30024 1 
1.42393 1 
1.59792 1 
-0.916336 1 
1.75183 1 
1.88567 1 
-3.34322 1 
3.00963 1 
-3.59217 1 
-1.9808 1 
-2.3665 1 
-2.91629 1 
-2.74047 1 
-2.17436 1 
2.55299 1 
-3.1172 1 
-3.86406 1 
3.41766 1 
-0.236959 1 
-0.414437 1 
-0.498724 1 
-0.169121 1 
0.547691 1 
0.0932672 1 
0.246186 1 
-0.0389986 1 
-1.51905 1 
-1.65594 1 
0.993415 1 
2.15335 1 
2.33118 1 
-1.80799 1 
1.12458 1 
ZONE T="boundary2"
4 -1 
4 -0.719247 
4 -0.49393 
4 -0.362199 
4 0.210458 
4 -0.261725 
4 0.335951 
4 0.397987 
4 1 
4 -0.286843 
4 -0.0767893 
4 -0.0120681 
4 0.0674671 
4 0.147002 
4 0.107235 
4 -0.14151 
4 0.489049 
4 0.273915 
4 0.58011 
4 0.790055 
4 -0.201618 
4 -0.231671 
4 -0.311962 
4 -0.859623 
4 -0.606588 
4 -0.428065 
4 0.366969 
4 -0.274284 
4 -0.0444287 
4 0.0276995 
4 0.127118 
4 0.304933 
4 0.534579 
4 0.443518 
4 0.895028 
4 -0.216645 
4 -0.299403 
4 -0.246698 
4 -0.171564 
4 -0.10915 
4 -0.33708 
4 0.242187 
4 0.17873 
4 0.0873509 
4 0.685083 
ZONE T="boundary3"
-3.70673 -1 
-1.56032 -1 
-1.49284 -1 
-2.06084 -1 
4 -1 
3.67204 -1 
0.180214 -1 
0.119017 -1 
-1.76277 -1 
-1.62781 -1 
0.457939 -1 
0.565086 -1 
-4 -1 
-3.21655 -1 
-3.41346 -1 
1.2883 -1 
3.53439 -1 
-0.853477 -1 
-0.964606 -1 
-3.01963 -1 
-2.80487 -1 
-2.59011 -1 
1.40831 -1 
1.81988 -1 
2.02121 -1 
2.43884 -1 
2.23002 -1 
-2.32548 -1 
2.66579 -1 
2.89274 -1 
0.296101 -1 
-0.462578 -1 
0.350792 -1 
-0.377987 -1 
-0.293396 -1 
0.0792717 -1 
0.241411 -1 
-0.186612 -1 
-0.039965 -1 
0.0395261 -1 
-0.113289 -1 
-0.240004 -1 
-0.547052 -1 
-0.631527 -1 
0.813758 -1 
0.689422 -1 
1.02289 -1 
0.918326 -1 
-1.39419 -1 
1.16828 -1 
1.09559 -1 
-1.18564 -1 
-1.07574 -1 
-1.29554 -1 
1.51343 -1 
1.61856 -1 
-2.19316 -1 
-2.4578 -1 
3.01874 -1 
3.14474 -1 
3.39674 -1 
-0.742502 -1 
3.27074 -1 
-1.52658 -1 
3.83602 -1 
-1.69529 -1 
0.511513 -1 
-3.85337 -1 
-3.315 -1 
-1.91181 -1 
-0.909041 -1 
-3.5601 -1 
-3.11809 -1 
-2.69749 -1 
1.92055 -1 
2.33443 -1 
2.77926 -1 
0.0991445 -1 
0.268756 -1 
0.323447 -1 
0.404366 -1 
-0.000219461 -1 
0.0593989 -1 
0.149616 -1 
-0.213308 -1 
-0.504815 -1 
-0.589289 -1 
-0.14995 -1 
-0.420282 -1 
0.75159 -1 
0.627254 -1 
0.970609 -1 
1.13193 -1 
-1.13069 -1 
-1.24059 -1 
-1.59406 -1 
1.34831 -1 
1.05924 -1 
-1.02017 -1 
-1.34487 -1 
-1.44352 -1 
1.22829 -1 
1.566 -1 
1.71922 -1 
-2.127 -1 
-2.52395 -1 
3.08174 -1 
-2.25932 -1 
2.12562 -1 
0.210812 -1 
-0.2667 -1 
-0.335691 -1 
-0.0766268 -1 
-0.797989 -1 
-0.687014 -1 
3.20774 -1 
3.60321 -1 
-2.91225 -1 
1.46087 -1 
0.866042 -1 
2.55231 -1 
2.95574 -1 
3.46556 -1 
-2.39164 -1 
3.33374 -1 
ZONE T="boundary4"
-0.15478 0.365467 
-0.178308 0.361082 
-0.634969 -0.00623709 
-0.35979 0.323493 
-0.341979 0.328028 
-0.534392 0.238151 
-0.546125 0.227293 
-0.440302 0.296487 
-0.425183 0.302634 
-0.286133 0.340422 
-0.305128 0.336445 
0.475008 0.340366 
0.454617 0.352586 
-0.393412 0.313754 
-0.469604 0.282563 
0.510272 0.314254 
0.529339 0.296683 
-0.557636 0.215481 
-0.599295 0.157746 
-0.630286 0.0694679 
-0.633097 0.0507155 
-0.626344 0.0879648 
-0.455181 0.289782 
-0.621277 0.106077 
-0.570071 0.201147 
-0.581221 0.186528 
-0.635405 0.0127642 
-0.5222 0.248355 
-0.605827 0.14507 
-0.616805 0.119199 
-0.61171 0.13209 
0.411067 0.373368 
0.433638 0.363411 
-0.634795 0.031765 
-0.483437 0.274875 
-0.509756 0.257774 
-0.496927 0.266551 
-0.591499 0.171107 
-0.37666 0.318825 
-0.265843 0.344489 
-0.324105 0.332249 
-0.201881 0.35668 
-0.223706 0.352582 
-0.245568 0.348426 
0.627547 0.076291 
0.625888 0.0988317 
0.622375 0.12132 
0.616701 0.145023 
0.621142 0.00937092 
0.388151 0.381925 
0.493003 0.327934 
0.547112 0.277298 
0.0336486 0.398117 
0.122101 0.408014 
0.152172 0.409884 
0.212655 0.410701 
0.242991 0.409397 
0.0923321 0.405347 
0.334045 0.396945 
0.361171 0.39025 
0.303782 0.402668 
0.609163 0.168401 
0.600095 0.190942 
0.625174 0.0315294 
0.627309 0.0537942 
0.58908 0.213835 
0.576821 0.235617 
0.562656 0.257202 
-0.104507 0.374796 
-0.0778774 0.379665 
-0.129628 0.370146 
-0.0512379 0.384426 
0.00470442 0.393785 
0.0626951 0.401989 
-0.023297 0.389235 
0.27339 0.406768 
0.182365 0.410821 
-0.166544 0.363275 
-0.350895 0.325804 
-0.540327 0.232795 
-0.43277 0.299628 
0.464913 0.346644 
-0.409383 0.308438 
0.519986 0.305664 
-0.631833 0.0601128 
-0.462431 0.286248 
-0.623955 0.0970606 
-0.575761 0.193925 
-0.635315 0.00326066 
-0.602641 0.151448 
-0.614336 0.125675 
-0.61912 0.112665 
-0.60885 0.138616 
0.422428 0.36856 
-0.476563 0.278795 
-0.52836 0.243328 
-0.503394 0.262239 
-0.595488 0.164479 
-0.490231 0.270792 
-0.516035 0.25314 
-0.586485 0.1789 
-0.385053 0.316344 
-0.551959 0.221463 
-0.368238 0.321206 
-0.563967 0.208411 
-0.275991 0.342474 
-0.314623 0.334378 
-0.33305 0.330173 
-0.190094 0.358883 
-0.234638 0.350513 
0.626952 0.0875776 
0.619775 0.133228 
-0.635233 0.022269 
-0.628459 0.0787469 
-0.255708 0.34647 
-0.212793 0.354636 
0.501752 0.321239 
0.538434 0.28718 
0.484105 0.334293 
0.399668 0.377807 
0.137128 0.409059 
0.227828 0.410205 
0.347653 0.393783 
-0.634084 0.0412527 
0.374723 0.38629 
0.604818 0.179748 
0.62339 0.0204071 
-0.295635 0.338457 
0.583125 0.224824 
0.569937 0.24654 
-0.091194 0.37724 
-0.142204 0.367808 
0.626477 0.0426383 
0.444211 0.35816 
0.594775 0.202479 
-0.117068 0.372475 
0.624356 0.11011 
-0.064561 0.382062 
0.0191678 0.396003 
0.0481622 0.400117 
-0.0372726 0.386858 
0.0775033 0.403748 
0.107207 0.406774 
0.258204 0.408256 
0.288611 0.404909 
0.197509 0.410901 
0.318952 0.400016 
-0.009303 0.391548 
0.167263 0.410477 
-0.447774 0.293207 
0.627667 0.0650392 
0.613148 0.156781 
0.555087 0.267407 
ZONE T="boundary5"
-0.507293 -0.301833 
-0.420291 -0.386963 
0.615283 -0.0124654 
-0.573583 -0.205069 
-0.582746 -0.188 
-0.451526 -0.360044 
-0.494252 -0.316858 
-0.606454 -0.135462 
-0.633532 -0.0251685 
-0.634969 -0.00623709 
-0.631142 -0.043984 
-0.618739 -0.099374 
-0.591298 -0.170724 
-0.623701 -0.0811083 
-0.627851 -0.062635 
-0.312526 -0.458287 
-0.332222 -0.447337 
-0.369298 -0.424365 
-0.350944 -0.436141 
-0.55367 -0.238422 
-0.542962 -0.254687 
-0.386804 -0.412343 
-0.403919 -0.399784 
-0.15515 -0.520267 
-0.519814 -0.286392 
-0.204161 -0.50535 
-0.227159 -0.497063 
-0.292487 -0.468608 
-0.179778 -0.513226 
-0.271337 -0.478658 
-0.436245 -0.373641 
-0.59923 -0.153171 
-0.531659 -0.270727 
-0.563891 -0.221856 
-0.466361 -0.345977 
-0.480546 -0.331639 
0.0121861 -0.545162 
-0.0179728 -0.543611 
-0.0467801 -0.540907 
-0.0747992 -0.537154 
-0.129016 -0.526767 
-0.102687 -0.532327 
0.103482 -0.541255 
0.134924 -0.536554 
0.0727691 -0.544101 
0.0422603 -0.545357 
0.165743 -0.530007 
0.312219 -0.463047 
0.283813 -0.481963 
0.333372 -0.446386 
0.353626 -0.428005 
0.412519 -0.357532 
0.431151 -0.329142 
0.447054 -0.302763 
0.522324 -0.176659 
-0.612979 -0.117499 
0.535523 -0.15726 
0.548738 -0.137983 
0.562691 -0.117191 
0.576065 -0.0961126 
0.607723 -0.0338529 
0.598573 -0.0548644 
0.58799 -0.0755355 
0.621142 0.00937092 
-0.249873 -0.488022 
0.507332 -0.199466 
0.492866 -0.222774 
0.477457 -0.249231 
0.462416 -0.275929 
0.373813 -0.406947 
0.392994 -0.384046 
0.226076 -0.510674 
0.196386 -0.521361 
0.254249 -0.498112 
-0.578233 -0.196571 
-0.634372 -0.0157119 
-0.632453 -0.0345908 
-0.62588 -0.0718949 
-0.621319 -0.0902678 
-0.360167 -0.430325 
-0.341627 -0.441812 
-0.548378 -0.246595 
-0.395411 -0.40613 
-0.215694 -0.5013 
-0.302547 -0.463526 
-0.281953 -0.473718 
-0.42832 -0.380365 
-0.602926 -0.14435 
-0.537377 -0.262753 
-0.558841 -0.230176 
-0.5688 -0.213498 
-0.443939 -0.366902 
-0.48746 -0.324304 
-0.378098 -0.418422 
-0.500835 -0.309399 
-0.473511 -0.338864 
-0.595343 -0.161983 
-0.00290085 -0.544552 
-0.0608071 -0.539166 
-0.629607 -0.0533287 
-0.0887654 -0.534873 
-0.142111 -0.523633 
0.0575236 -0.544917 
0.119238 -0.539136 
0.0881456 -0.542882 
0.298224 -0.472823 
0.343656 -0.437373 
0.422002 -0.34345 
-0.513619 -0.294165 
0.439199 -0.316012 
-0.167493 -0.516851 
-0.192003 -0.509392 
0.542138 -0.147625 
0.528902 -0.166943 
0.555762 -0.127617 
0.569467 -0.106708 
0.603324 -0.0444359 
0.582147 -0.085893 
-0.587096 -0.179398 
-0.525803 -0.278609 
-0.459 -0.353069 
-0.609806 -0.126513 
-0.615953 -0.108466 
-0.412155 -0.393437 
-0.322417 -0.452891 
0.618431 -0.00160685 
-0.260643 -0.483426 
0.59343 -0.0652757 
0.514766 -0.188018 
0.500018 -0.211066 
0.48508 -0.235953 
-0.238553 -0.492636 
0.383585 -0.395653 
0.0272231 -0.545432 
0.32294 -0.454903 
-0.115876 -0.529665 
0.469927 -0.262574 
0.211328 -0.516287 
0.3639 -0.417654 
-0.0323893 -0.542405 
0.454788 -0.289375 
0.269203 -0.490355 
0.402953 -0.370938 
0.150386 -0.533523 
0.181139 -0.525946 
0.611702 -0.0232303 
0.24028 -0.504658 
