ZONE T="boundary0"
-4 -0.335762 
-4 -0.206103 
-4 -0.181252 
-4 -0.106696 
-4 0.0447827 
-4 0.441218 
-4 0.541898 
-4 0.247063 
-4 0.191547 
-4 0.642579 
-4 0.82129 
-4 -1 
-4 1 
-4 -0.848215 
-4 -0.1564 
-4 -0.444004 
-4 -0.570217 
-4 0.371898 
-4 0.302578 
-4 -0.696431 
-4 -0.270933 
-4 -0.238518 
-4 0.118165 
-4 0.154856 
-4 -0.193677 
-4 -0.0309569 
-4 0.491558 
-4 0.219305 
-4 0.731934 
-4 -0.389883 
-4 0.406558 
-4 0.337238 
-4 0.592239 
-4 0.910645 
-4 -0.924108 
-4 -0.772323 
-4 -0.168826 
-4 -0.222311 
-4 -0.254725 
-4 -0.303347 
-4 -0.131548 
-4 0.0814739 
-4 0.27482 
-4 -0.50711 
-4 -0.633324 
-4 0.173202 
-4 0.136511 
ZONE T="boundary1"
-2.00155 1 
-1.59508 1 
-1.52663 1 
1.48594 1 
1.62134 1 
4 1 
3.65622 1 
1.35054 1 
-1.10495 1 
-1.45819 1 
-0.137053 1 
-0.210219 1 
-0.283385 1 
-1.79832 1 
-1.6967 1 
0.805906 1 
-0.758746 1 
-4 1 
-3.59217 1 
-2.5572 1 
-2.18403 1 
-3.02929 1 
1.95259 1 
2.66823 1 
2.44208 1 
2.19734 1 
2.89438 1 
-3.23021 1 
3.10341 1 
0.434502 1 
0.64057 1 
0.356558 1 
0.278614 1 
-0.00559926 1 
-0.456468 1 
0.205861 1 
0.133107 1 
0.571881 1 
0.0637538 1 
0.70926 1 
1.09179 1 
-0.649683 1 
-0.553076 1 
0.902551 1 
1.22116 1 
-0.867809 1 
-1.19326 1 
-1.28157 1 
-0.986379 1 
-3.41119 1 
1.78697 1 
-2.3665 1 
-2.82838 1 
3.31243 1 
3.48433 1 
-1.56085 1 
1.55364 1 
3.82811 1 
-0.173636 1 
-0.246802 1 
-1.74751 1 
-3.79608 1 
-2.09279 1 
2.55516 1 
2.78131 1 
-3.12975 1 
2.31971 1 
-0.0713263 1 
0.169484 1 
0.39553 1 
0.242238 1 
0.503191 1 
0.317586 1 
0.606226 1 
0.674915 1 
-0.369926 1 
-0.60138 1 
0.99717 1 
-0.813278 1 
-1.23741 1 
-0.704215 1 
-1.04566 1 
-0.927094 1 
0.854229 1 
0.757583 1 
1.28585 1 
-1.49241 1 
-1.36988 1 
-1.64589 1 
-1.89994 1 
-3.3207 1 
1.86978 1 
2.07496 1 
2.99889 1 
-2.46185 1 
-2.69279 1 
-3.50168 1 
1.70415 1 
-2.92884 1 
3.57027 1 
-2.27526 1 
0.0984304 1 
0.0290773 1 
-0.504772 1 
-1.1491 1 
1.15648 1 
3.39838 1 
1.41824 1 
3.20792 1 
ZONE T="boundary2"
4 -0.242997 
4 -0.201618 
4 -0.284376 
4 0.210458 
4 -0.00466108 
4 0.107235 
4 -0.613516 
4 -0.806758 
4 1 
4 0.273205 
4 -0.0719323 
4 -0.139203 
4 0.616787 
4 -0.524046 
4 -0.434576 
4 0.744524 
4 0.335951 
4 0.158847 
4 0.489049 
4 0.4125 
4 -0.359476 
4 -1 
4 -0.222307 
4 0.0512868 
4 -0.710137 
4 -0.105568 
4 -0.479311 
4 0.872262 
4 -0.170411 
4 0.304578 
4 0.241832 
4 0.450774 
4 0.374225 
4 0.133041 
4 -0.568781 
4 0.680655 
4 0.552918 
4 -0.903379 
4 -0.0382967 
4 0.184653 
4 -0.397026 
4 -0.321926 
4 -0.263686 
ZONE T="boundary3"
-1.41065 -1 
-0.175468 -1 
0.026558 -1 
-0.0380042 -1 
-4 -1 
-3.60827 -1 
-0.301921 -1 
-0.248369 -1 
-3.41241 -1 
-0.9643 -1 
1.0526 -1 
1.53376 -1 
-2.92394 -1 
-2.77764 -1 
-1.70406 -1 
1.84581 -1 
-1.53139 -1 
2.59061 -1 
3.53439 -1 
-1.28992 -1 
-2.07404 -1 
-1.87674 -1 
3.01874 -1 
3.27656 -1 
2.02495 -1 
-3.07024 -1 
-2.45134 -1 
-2.27135 -1 
0.0978018 -1 
0.169046 -1 
-0.409026 -1 
-0.355473 -1 
-0.631527 -1 
-0.547052 -1 
-0.462578 -1 
-0.102566 -1 
0.301827 -1 
0.385708 -1 
0.469588 -1 
0.63398 -1 
0.688777 -1 
0.801022 -1 
-1.07512 -1 
-3.21655 -1 
-0.797989 -1 
-0.853477 -1 
-1.18252 -1 
3.76719 -1 
4 -1 
-0.742502 -1 
0.913266 -1 
1.19194 -1 
1.40087 -1 
1.2964 -1 
-2.63133 -1 
1.66666 -1 
2.73332 -1 
2.23643 -1 
0.579183 -1 
2.44791 -1 
-0.0057231 -1 
-3.80414 -1 
-0.275145 -1 
-3.51034 -1 
-2.85079 -1 
-1.61773 -1 
-1.35028 -1 
-1.97539 -1 
3.14765 -1 
-2.99709 -1 
-2.36134 -1 
0.133424 -1 
-0.211918 -1 
-0.38225 -1 
-0.589289 -1 
-0.435802 -1 
-0.0702853 -1 
0.235436 -1 
0.427648 -1 
-0.504815 -1 
0.661379 -1 
-1.01971 -1 
0.7449 -1 
-3.31448 -1 
-0.825733 -1 
-1.12882 -1 
3.8836 -1 
3.65079 -1 
3.40548 -1 
-0.687014 -1 
0.857144 -1 
1.12227 -1 
1.34863 -1 
-1.7904 -1 
0.982935 -1 
1.93538 -1 
-2.70449 -1 
-2.54134 -1 
1.75623 -1 
2.87603 -1 
1.60021 -1 
1.46731 -1 
2.13069 -1 
-3.1434 -1 
-0.139017 -1 
-0.328697 -1 
0.0621799 -1 
-0.770245 -1 
-0.908888 -1 
0.343767 -1 
0.524386 -1 
2.34217 -1 
2.66197 -1 
-1.23622 -1 
-1.47102 -1 
1.24417 -1 
-2.1727 -1 
2.51926 -1 
0.606581 -1 
ZONE T="boundary4"
0.63696 0.0864956 
-0.600405 0.0464586 
-0.605405 0.0285063 
-0.186753 0.3887 
-0.1648 0.396553 
-0.264854 0.357304 
-0.24616 0.365333 
-0.142705 0.40404 
-0.227346 0.373077 
-0.370647 0.304069 
-0.207114 0.381045 
0.42779 0.412502 
0.563832 0.30195 
-0.612377 -0.00805997 
-0.609403 0.0102909 
0.613778 0.20163 
0.607107 0.219837 
-0.594416 0.0641117 
0.546767 0.323671 
-0.581761 0.0938839 
-0.575549 0.106165 
-0.316212 0.333327 
-0.299778 0.341331 
-0.587485 0.081369 
-0.452378 0.248342 
-0.4709 0.232912 
0.635215 0.109895 
0.631815 0.133391 
-0.552674 0.143666 
-0.614338 -0.026503 
-0.517532 0.187654 
-0.530143 0.173196 
-0.541713 0.158721 
-0.433291 0.263036 
-0.494572 0.211279 
-0.388721 0.293199 
-0.406492 0.281801 
-0.332515 0.32504 
-0.3517 0.314791 
-0.282375 0.349456 
-0.0950576 0.418762 
-0.0695169 0.425837 
-0.118962 0.411622 
0.450965 0.400646 
-0.568635 0.118597 
0.619759 0.183177 
0.631237 0.0177642 
0.528128 0.343591 
0.376172 0.432992 
0.404139 0.42281 
0.492984 0.373632 
0.472359 0.387891 
0.511013 0.35926 
0.128705 0.459515 
0.15956 0.460992 
0.0985915 0.457015 
0.0396753 0.449286 
0.316472 0.448694 
0.34798 0.441344 
0.284828 0.454211 
0.53766 0.333827 
0.626549 0.158344 
0.591313 0.255961 
0.602133 0.232172 
0.636934 0.0632608 
0.635054 0.0403879 
-0.0437979 0.432369 
-0.0165384 0.438628 
0.0109074 0.444218 
0.0686193 0.45354 
0.190489 0.461311 
0.22174 0.460373 
0.253214 0.458054 
0.578421 0.27968 
-0.561243 0.130752 
-0.60303 0.0375169 
-0.175793 0.392672 
-0.255522 0.361355 
-0.236768 0.36924 
-0.611017 0.00113567 
0.610528 0.210765 
-0.597533 0.0553262 
0.555537 0.312997 
-0.578714 0.100054 
-0.308011 0.337363 
-0.591068 0.0727872 
-0.461712 0.240716 
0.633709 0.121671 
-0.523913 0.180492 
-0.536007 0.166022 
-0.442905 0.255782 
-0.506243 0.199652 
-0.379721 0.298696 
-0.397649 0.287568 
-0.324381 0.32922 
-0.342137 0.319971 
-0.361208 0.309491 
-0.273629 0.353414 
-0.153769 0.400343 
-0.0823065 0.422366 
-0.196948 0.384912 
-0.547281 0.151257 
-0.107027 0.415249 
-0.130852 0.407886 
-0.420011 0.27259 
-0.607531 0.0194261 
0.390237 0.428124 
0.482795 0.38094 
0.519707 0.351575 
0.416041 0.417832 
-0.217246 0.3771 
0.144125 0.460394 
0.33228 0.445252 
0.300687 0.451667 
0.362137 0.437374 
0.532945 0.338759 
0.623326 0.170808 
0.596908 0.244151 
0.604662 0.226021 
0.637175 0.0748772 
0.6363 0.0982108 
0.629377 0.145909 
0.502118 0.366597 
0.542268 0.328797 
0.439472 0.40676 
0.461766 0.394443 
-0.291093 0.345429 
-0.0301878 0.435581 
-0.0566759 0.429174 
-0.00283398 0.44151 
0.054131 0.451519 
0.0835908 0.455396 
0.113637 0.458391 
-0.482883 0.222256 
0.025273 0.446852 
0.175022 0.461301 
0.206118 0.461006 
0.237489 0.459392 
0.269044 0.456328 
0.616857 0.192433 
0.633392 0.0290334 
0.636232 0.0518041 
-0.613483 -0.0172684 
0.585101 0.267948 
-0.584685 0.0876548 
0.57136 0.290968 
-0.564997 0.12471 
-0.557024 0.137252 
-0.572153 0.112415 
ZONE T="boundary5"
0.534758 -0.13733 
-0.201208 -0.535692 
-0.17693 -0.541349 
-0.151288 -0.546039 
-0.404562 -0.436987 
-0.270465 -0.512923 
-0.248018 -0.521403 
-0.550086 -0.275149 
-0.540076 -0.291494 
-0.609669 -0.118268 
-0.606032 -0.136367 
-0.612437 -0.100101 
-0.6153 -0.0449754 
-0.61432 -0.0818086 
0.551382 -0.121835 
-0.590237 -0.189912 
-0.583496 -0.207382 
-0.601554 -0.154371 
-0.596289 -0.172185 
-0.225276 -0.528908 
-0.351512 -0.472716 
-0.332207 -0.483748 
-0.312508 -0.494033 
-0.369784 -0.461348 
-0.125577 -0.549416 
-0.0985484 -0.551511 
-0.291666 -0.503902 
-0.506144 -0.338656 
-0.493465 -0.353857 
-0.480259 -0.368602 
-0.421043 -0.424062 
-0.529458 -0.307455 
-0.518083 -0.323265 
-0.387633 -0.449314 
-0.466323 -0.383108 
-0.436702 -0.410861 
0.596781 -0.0662735 
-0.614338 -0.026503 
-0.615284 -0.0634272 
-0.576066 -0.22471 
-0.45189 -0.397118 
-0.0716464 -0.552079 
-0.0442989 -0.551043 
-0.0160596 -0.548179 
0.0116551 -0.54348 
0.145767 -0.488646 
0.12011 -0.503925 
0.0665117 -0.528072 
0.0392507 -0.5368 
0.0938421 -0.516992 
0.242363 -0.406276 
0.170333 -0.471489 
0.193531 -0.452884 
0.218092 -0.430629 
0.280544 -0.364718 
0.261578 -0.385696 
-0.568038 -0.241764 
0.323078 -0.3178 
0.301689 -0.341165 
0.424231 -0.22288 
0.496154 -0.168699 
0.398954 -0.243838 
0.474505 -0.184882 
0.51739 -0.152041 
0.583515 -0.0854241 
0.568112 -0.104227 
0.60819 -0.046418 
0.617773 -0.0257464 
0.625463 -0.00434591 
0.631237 0.0177642 
-0.559369 -0.25862 
0.449292 -0.20358 
0.34829 -0.291487 
0.374226 -0.26617 
-0.164137 -0.543854 
-0.259286 -0.517282 
-0.545158 -0.283369 
-0.607955 -0.127338 
-0.611161 -0.109201 
-0.586949 -0.198679 
-0.603894 -0.145394 
-0.593353 -0.181079 
-0.236686 -0.525277 
-0.322407 -0.488985 
-0.3607 -0.467116 
-0.112076 -0.550651 
-0.28111 -0.508519 
-0.189101 -0.538661 
-0.21328 -0.532437 
-0.138453 -0.547892 
-0.499872 -0.346313 
-0.486926 -0.361287 
-0.523843 -0.315412 
-0.534841 -0.299524 
-0.396152 -0.443226 
-0.473355 -0.375916 
-0.42893 -0.41753 
-0.41286 -0.430599 
-0.613491 -0.0909666 
-0.614942 -0.035733 
-0.579858 -0.21608 
-0.0851007 -0.551988 
-0.0579639 -0.551769 
-0.00216236 -0.546065 
0.133078 -0.496527 
0.0529599 -0.532687 
0.0802809 -0.522795 
-0.512182 -0.331014 
0.158196 -0.480286 
0.182072 -0.46237 
0.230357 -0.418589 
0.252026 -0.396041 
0.312338 -0.329439 
0.291107 -0.352933 
-0.572125 -0.233272 
0.411487 -0.233222 
0.271086 -0.375231 
-0.378763 -0.455413 
0.485358 -0.176827 
0.50684 -0.160456 
0.543172 -0.129694 
0.559896 -0.113175 
0.52615 -0.144776 
0.61321 -0.0361895 
0.628596 0.00664335 
-0.459167 -0.390175 
-0.563779 -0.250231 
-0.341912 -0.478324 
-0.444356 -0.404056 
-0.554805 -0.266928 
-0.615412 -0.0542017 
-0.599016 -0.163306 
-0.614919 -0.0726243 
-0.302136 -0.499072 
0.621857 -0.0151335 
0.575996 -0.0949778 
-0.0301553 -0.549843 
0.461884 -0.194207 
0.436696 -0.213138 
0.0255118 -0.540385 
0.205967 -0.441937 
0.107097 -0.510709 
0.361145 -0.278705 
0.38648 -0.254874 
0.33559 -0.304547 
0.602698 -0.0564697 
0.590344 -0.0759867 
