ZONE T="boundary0"
-4 -0.382809 
-4 -0.327943 
-4 0.280083 
-4 0.549832 
-4 0.168832 
-4 0.130289 
-4 -0.0748405 
-4 0.383056 
-4 0.774916 
-4 0.305826 
-4 0.33157 
-4 0.0146589 
-4 0.0917456 
-4 -0.16434 
-4 -0.218709 
-4 -0.491035 
-4 -0.599262 
-4 -0.300511 
-4 -0.245894 
-4 0.466444 
-4 -0.799631 
-4 -1 
-4 0.662374 
-4 0.224458 
-4 0.25227 
-4 -0.273078 
-4 -0.11959 
-4 -0.699447 
-4 0.887458 
-4 1 
-4 -0.355376 
-4 0.149561 
-4 0.292955 
-4 0.0532023 
-4 -0.191524 
-4 -0.0300908 
-4 -0.545149 
-4 -0.314227 
-4 0.508138 
-4 -0.899816 
-4 0.718645 
-4 0.238364 
-4 0.318698 
-4 0.266177 
-4 0.196645 
-4 0.111017 
-4 0.357313 
-4 -0.436922 
-4 -0.286795 
-4 -0.259486 
-4 -0.232301 
-4 -0.141965 
-4 -0.0972153 
-4 0.42475 
-4 -0.649354 
-4 -0.749539 
-4 0.606103 
-4 0.943729 
-4 0.831187 
ZONE T="boundary1"
1.98126 1 
1.55089 1 
-1.45735 1 
-0.316104 1 
-0.257044 1 
0.194775 1 
0.126667 1 
0.80707 1 
1.15803 1 
1.05044 1 
-0.432082 1 
-0.135202 1 
-0.197984 1 
1.26561 1 
-1.33324 1 
3.50621 1 
1.44518 1 
-1.21557 1 
1.65661 1 
-3.46485 1 
-2.06555 1 
-1.8235 1 
2.41619 1 
-2.47674 1 
-2.89519 1 
-1.58145 1 
-1.70248 1 
2.91323 1 
-3.73242 1 
-0.835942 1 
-0.920641 1 
-0.374093 1 
0.461832 1 
0.584519 1 
0.26696 1 
0.339145 1 
-0.54806 1 
-0.649652 1 
-0.751243 1 
-0.00693077 1 
-0.0724197 1 
0.0585581 1 
-1.09791 1 
-1.00927 1 
0.928755 1 
0.695794 1 
3.34161 1 
3.12742 1 
2.66471 1 
1.81893 1 
4 1 
2.19872 1 
-3.18002 1 
-2.27115 1 
3.8354 1 
3.6708 1 
-3.86621 1 
-4 1 
-0.286574 1 
0.160721 1 
1.10423 1 
-0.166593 1 
1.35539 1 
-1.94453 1 
-2.68596 1 
-1.64197 1 
-0.878291 1 
-0.403087 1 
0.523175 1 
0.303052 1 
-0.490071 1 
-0.598856 1 
-0.0396752 1 
0.0258137 1 
-0.103811 1 
0.0926124 1 
-1.05359 1 
-0.964958 1 
-1.15674 1 
-1.27441 1 
-0.793592 1 
-1.39529 1 
-1.5194 1 
0.400488 1 
-1.76299 1 
0.867912 1 
0.640156 1 
1.21182 1 
3.23452 1 
2.78897 1 
1.49803 1 
1.60375 1 
1.90009 1 
2.08999 1 
-3.59864 1 
-3.0376 1 
2.54045 1 
2.30746 1 
-3.32243 1 
-2.37394 1 
-2.16835 1 
-0.227514 1 
0.230867 1 
-0.345098 1 
-0.700447 1 
3.9177 1 
3.42391 1 
3.7531 1 
1.73777 1 
3.58851 1 
0.989597 1 
0.751432 1 
3.02033 1 
-3.93311 1 
-3.79932 1 
ZONE T="boundary2"
4 -0.261725 
4 -0.362199 
4 0.273915 
4 0.33728 
4 0.440147 
4 -0.0693818 
4 0.21055 
4 0.00703651 
4 -0.812831 
4 -1 
4 -0.311962 
4 -0.160792 
4 0.0834548 
4 0.147002 
4 -0.49393 
4 0.720073 
4 1 
4 -0.625662 
4 0.58011 
4 0.388713 
4 -0.906416 
4 -0.286843 
4 -0.211259 
4 -0.115087 
4 -0.33708 
4 0.305597 
4 0.115229 
4 0.178776 
4 -0.0311726 
4 0.0452456 
4 -0.428065 
4 0.860037 
4 -0.719247 
4 0.510129 
4 0.242232 
4 0.650092 
4 -0.559796 
ZONE T="boundary3"
-1.30185 -1 
-1.58319 -1 
-1.50313 -1 
1.04443 -1 
1.13135 -1 
0.180214 -1 
0.795571 -1 
0.669999 -1 
0.460173 -1 
-0.637765 -1 
-0.518972 -1 
-0.113289 -1 
-0.186612 -1 
0.876544 -1 
0.957517 -1 
1.21902 -1 
1.40831 -1 
-1.66325 -1 
3.78136 -1 
1.80937 -1 
-0.962872 -1 
-0.850398 -1 
1.99794 -1 
4 -1 
3.56272 -1 
3.34408 -1 
-3.21795 -1 
-3.02958 -1 
2.18651 -1 
2.52101 -1 
2.82322 -1 
3.12544 -1 
-3.55474 -1 
-2.82132 -1 
-3.40632 -1 
-2.61306 -1 
-2.35891 -1 
-1.94236 -1 
2.67212 -1 
-0.039965 -1 
0.308665 -1 
0.241411 -1 
-0.240004 -1 
0.0395261 -1 
0.119017 -1 
0.544427 -1 
-0.400179 -1 
0.37592 -1 
-0.293396 -1 
-0.744081 -1 
1.30669 -1 
1.50994 -1 
1.65965 -1 
-4 -1 
-1.07535 -1 
-1.1886 -1 
-1.40249 -1 
-3.70316 -1 
-2.15063 -1 
-1.54316 -1 
1.08789 -1 
0.732785 -1 
-0.578368 -1 
-0.14995 -1 
0.917031 -1 
-0.906635 -1 
1.90366 -1 
3.89068 -1 
3.4534 -1 
-3.12376 -1 
2.35376 -1 
2.97433 -1 
3.23476 -1 
-2.92545 -1 
-2.48599 -1 
0.275038 -1 
-0.0766268 -1 
-0.213308 -1 
0.149616 -1 
0.5023 -1 
-0.459576 -1 
0.210812 -1 
0.342293 -1 
0.607213 -1 
-0.346787 -1 
0.418047 -1 
0.0792717 -1 
1.00098 -1 
0.836058 -1 
-0.690923 -1 
1.45913 -1 
1.17518 -1 
1.26286 -1 
1.5848 -1 
1.3575 -1 
1.73451 -1 
-1.13197 -1 
-1.24522 -1 
-1.35217 -1 
-3.62895 -1 
-1.80281 -1 
-2.0465 -1 
2.09222 -1 
-2.25477 -1 
3.67204 -1 
-3.85158 -1 
-3.48053 -1 
2.74767 -1 
2.59656 -1 
-3.31214 -1 
-2.71719 -1 
-0.000219461 -1 
-0.2667 -1 
-0.797239 -1 
-1.01911 -1 
-1.45281 -1 
-1.62322 -1 
ZONE T="boundary4"
-0.187706 0.388575 
-0.162163 0.384019 
-0.633849 0.0780976 
-0.427035 0.38991 
-0.632677 0.0381032 
0.480182 0.287476 
0.49818 0.275803 
-0.581523 0.265818 
-0.59143 0.248078 
-0.278665 0.401978 
-0.29896 0.403576 
-0.630685 0.0183199 
-0.528381 0.331264 
-0.515729 0.342169 
-0.631093 0.118146 
-0.632972 0.0981466 
-0.628209 0.13798 
-0.622077 0.166989 
-0.600033 0.230317 
-0.60774 0.211948 
-0.410434 0.39465 
-0.57203 0.280663 
-0.613421 0.196332 
-0.488552 0.36155 
-0.562044 0.294475 
-0.551365 0.307587 
0.632032 0.0779513 
0.627004 0.0998846 
-0.540177 0.319804 
-0.136605 0.379528 
-0.393001 0.398516 
-0.47412 0.369939 
-0.375401 0.401361 
-0.50253 0.352214 
-0.45893 0.37754 
-0.108811 0.374916 
-0.211545 0.392706 
-0.44338 0.384141 
-0.338283 0.404288 
-0.356902 0.403308 
-0.25703 0.399548 
-0.319157 0.404375 
0.571567 0.206622 
-0.633742 0.0580369 
0.461642 0.297935 
0.440834 0.308057 
0.396858 0.324861 
0.373867 0.331605 
0.319715 0.343159 
0.346863 0.338053 
0.289379 0.347491 
0.518385 0.260587 
0.537693 0.243593 
0.419588 0.31688 
-0.0216327 0.363722 
0.0402479 0.359225 
0.19717 0.354347 
0.228191 0.352849 
0.134707 0.356126 
0.16613 0.355356 
0.555142 0.22584 
0.619646 0.122718 
0.610294 0.144909 
0.636501 0.0333226 
0.636015 0.0109251 
0.63381 -0.0116034 
0.635192 0.0557287 
-0.235354 0.396521 
0.586082 0.186972 
0.599285 0.165965 
-0.0810454 0.37075 
-0.051292 0.36689 
0.25879 0.35065 
0.00937803 0.361132 
0.0718118 0.357846 
0.103241 0.356882 
-0.174933 0.3863 
0.489273 0.281782 
-0.586612 0.257026 
-0.288809 0.402868 
-0.522137 0.336813 
-0.632158 0.108159 
-0.629777 0.128083 
-0.633535 0.088129 
-0.625421 0.152547 
-0.604007 0.221185 
-0.576882 0.273309 
-0.595853 0.239258 
-0.610665 0.204172 
-0.567135 0.287641 
-0.556799 0.301109 
0.62975 0.0889698 
-0.545859 0.313777 
-0.149385 0.381754 
-0.481402 0.365856 
-0.384224 0.400061 
-0.495614 0.356991 
-0.466586 0.373859 
-0.122711 0.377176 
-0.401749 0.396712 
-0.451207 0.38096 
-0.366168 0.402461 
-0.347602 0.403914 
-0.509206 0.347292 
-0.199621 0.390666 
-0.267841 0.400846 
-0.435254 0.387152 
-0.534363 0.325621 
-0.328724 0.404441 
0.451315 0.303157 
0.385403 0.328376 
-0.633328 0.0480649 
0.333315 0.34076 
0.360404 0.335004 
0.528199 0.252273 
0.47099 0.292845 
0.430272 0.31262 
-0.633918 0.0680679 
0.212683 0.353674 
-0.631795 0.0282011 
0.150419 0.355758 
0.563523 0.216377 
0.636476 0.0221187 
0.633845 0.0668722 
-0.223443 0.394664 
0.579001 0.196928 
-0.618042 0.181751 
0.592889 0.176598 
0.636076 0.0445385 
-0.0661733 0.368737 
0.54657 0.234869 
0.408276 0.321027 
-0.0949327 0.372771 
-0.00613014 0.362338 
0.243495 0.351854 
0.274095 0.349206 
0.0248127 0.360101 
0.0560296 0.358473 
-0.0364662 0.36522 
0.304567 0.345488 
0.18165 0.354898 
0.0875274 0.357325 
0.118974 0.356491 
-0.418772 0.392404 
-0.246185 0.398097 
-0.309058 0.404082 
0.508427 0.268388 
0.623578 0.111381 
0.605001 0.155547 
0.635119 -0.000359314 
0.615208 0.133912 
ZONE T="boundary5"
-0.13543 -0.489225 
-0.160083 -0.481627 
0.6024 -0.122819 
-0.557105 -0.182117 
-0.567177 -0.1653 
-0.472818 -0.291124 
-0.619517 -0.0396356 
-0.624067 -0.0205825 
-0.60129 -0.0950947 
-0.608097 -0.076899 
-0.627803 -0.00124989 
-0.576678 -0.148159 
-0.327959 -0.405601 
-0.309122 -0.416553 
-0.614184 -0.0584084 
-0.486423 -0.276464 
-0.289982 -0.426976 
-0.26989 -0.437198 
-0.397316 -0.358481 
-0.413348 -0.345816 
-0.206303 -0.465131 
-0.22804 -0.456299 
-0.249513 -0.446855 
-0.585549 -0.130743 
-0.523913 -0.23061 
-0.511935 -0.246179 
-0.535466 -0.214718 
-0.546527 -0.198576 
0.420483 -0.428053 
0.443292 -0.408574 
-0.38067 -0.370866 
-0.428999 -0.332686 
-0.593775 -0.113023 
-0.45874 -0.305342 
-0.444081 -0.319241 
-0.630685 0.0183199 
-0.363674 -0.382773 
0.515482 -0.317791 
0.466224 -0.385381 
0.506548 -0.332382 
0.487376 -0.35989 
0.558137 -0.228944 
0.0910571 -0.523679 
0.0597359 -0.522646 
0.0295223 -0.520492 
-0.000621001 -0.517237 
-0.0840987 -0.502524 
0.122353 -0.523441 
0.251455 -0.507024 
0.219431 -0.513697 
0.154756 -0.521779 
0.347998 -0.473095 
-0.110561 -0.496085 
0.315507 -0.487188 
0.282389 -0.498623 
0.396483 -0.445454 
0.372613 -0.460176 
0.497215 -0.346369 
-0.345978 -0.394437 
0.61079 -0.100605 
0.531654 -0.287912 
0.565827 -0.210658 
0.573523 -0.192401 
0.583569 -0.168635 
0.593498 -0.144885 
0.545366 -0.25869 
-0.499417 -0.261519 
0.630009 -0.0340523 
0.624788 -0.0563182 
0.63381 -0.0116034 
0.618314 -0.0784902 
-0.183314 -0.473713 
-0.0291057 -0.513159 
-0.0574551 -0.508134 
0.186945 -0.518597 
-0.147785 -0.485518 
-0.562209 -0.173749 
-0.621894 -0.0301327 
-0.604783 -0.0860299 
-0.626042 -0.0109359 
-0.318579 -0.411143 
-0.616948 -0.0490492 
-0.47968 -0.283849 
-0.572001 -0.15677 
-0.279972 -0.432158 
-0.299588 -0.42183 
-0.405378 -0.352207 
-0.217202 -0.460792 
-0.23881 -0.451654 
-0.517977 -0.238436 
-0.551879 -0.190387 
0.432082 -0.418545 
-0.529743 -0.222703 
-0.389037 -0.364734 
-0.597618 -0.104094 
-0.465836 -0.298289 
-0.451465 -0.312348 
-0.436591 -0.32602 
-0.372214 -0.37688 
0.45501 -0.397231 
0.477072 -0.372867 
0.0753929 -0.523318 
0.0446204 -0.521708 
0.0144371 -0.519 
0.106708 -0.523723 
0.235493 -0.510592 
0.138566 -0.522795 
-0.541054 -0.206686 
-0.589745 -0.121921 
-0.259735 -0.442098 
0.331895 -0.480467 
0.266988 -0.503062 
-0.123021 -0.492747 
0.384678 -0.453028 
-0.611235 -0.067684 
0.492365 -0.353182 
-0.354868 -0.388668 
0.50195 -0.339423 
0.511084 -0.32513 
0.523815 -0.302991 
0.569672 -0.201527 
0.561983 -0.219801 
0.578549 -0.180516 
0.597997 -0.133869 
0.606673 -0.11174 
0.53868 -0.273384 
-0.421223 -0.339309 
-0.49298 -0.269043 
0.55182 -0.243847 
-0.505734 -0.253896 
-0.629355 0.00851963 
-0.337007 -0.400082 
0.627561 -0.0452227 
0.614659 -0.089583 
-0.581192 -0.13949 
-0.171727 -0.477753 
-0.0973547 -0.499407 
0.621687 -0.0674429 
-0.19484 -0.469506 
0.588558 -0.156769 
-0.0148797 -0.515317 
-0.0433006 -0.510764 
0.360414 -0.466843 
-0.0707985 -0.505433 
0.408652 -0.436988 
0.203223 -0.516364 
0.299054 -0.493208 
0.170872 -0.520384 
0.632097 -0.0228593 
