ZONE T="boundary0"
-4 -0.273326 
-4 0.200916 
-4 -0.218709 
-4 0.291403 
-4 0.251236 
-4 0.466444 
-4 0.399007 
-4 0.33157 
-4 0.130289 
-4 -0.321021 
-4 -0.368716 
-4 -0.429876 
-4 -0.595241 
-4 -0.491035 
-4 -1 
-4 -0.699447 
-4 -0.849723 
-4 1 
-4 -0.0524656 
-4 -0.110808 
-4 0.0389117 
-4 0.0846003 
-4 -0.16915 
-4 0.733222 
-4 0.599833 
-4 -0.246018 
-4 0.271319 
-4 0.432726 
-4 0.226076 
-4 0.165602 
-4 -0.344869 
-4 -0.774585 
-4 -0.0816366 
-4 -0.460456 
-4 -0.399296 
-4 -0.00677699 
-4 0.365288 
-4 -0.297174 
-4 -0.139979 
-4 0.666528 
-4 -0.647344 
-4 -0.543138 
-4 -0.924862 
-4 0.866611 
-4 0.311486 
-4 -0.193929 
-4 0.061756 
-4 0.107445 
-4 0.533139 
ZONE T="boundary1"
-3.23021 1 
2.22027 1 
2.00883 1 
4 1 
0.126667 1 
0.0598679 1 
0.458979 1 
0.927832 1 
0.812274 1 
-1.11242 1 
-1.33646 1 
-4 1 
-3.72811 1 
1.42393 1 
1.33693 1 
2.43172 1 
1.26355 1 
1.19016 1 
-2.07758 1 
-2.27115 1 
-3.0042 1 
-2.82838 1 
3.35367 1 
3.51525 1 
-3.45622 1 
-1.88402 1 
3.12487 1 
2.89607 1 
-0.0710664 1 
-0.135202 1 
-0.270878 1 
-0.316104 1 
-0.372294 1 
-0.540867 1 
0.695544 1 
0.578813 1 
-0.00693077 1 
-0.225653 1 
3.83842 1 
0.232906 1 
-0.428485 1 
-0.974183 1 
0.339145 1 
0.286025 1 
-1.0433 1 
-1.22444 1 
1.04339 1 
3.67684 1 
-0.742797 1 
-0.641832 1 
-0.85849 1 
2.66389 1 
-2.46185 1 
-2.65256 1 
1.59792 1 
1.51092 1 
1.68491 1 
-1.45819 1 
-1.73196 1 
-1.57991 1 
2.11455 1 
0.0932672 1 
0.870053 1 
-3.86406 1 
1.38043 1 
2.326 1 
1.22685 1 
-2.17436 1 
-2.91629 1 
3.43446 1 
-3.34322 1 
-3.1172 1 
-3.59217 1 
3.01047 1 
-0.103134 1 
-0.293491 1 
-0.0389986 1 
0.753909 1 
0.637178 1 
3.91921 1 
0.179786 1 
0.0264686 1 
-0.344199 1 
-0.484676 1 
0.312585 1 
-1.07786 1 
0.399062 1 
0.518896 1 
0.985611 1 
-0.692314 1 
3.59605 1 
-1.00874 1 
-0.800643 1 
-0.916336 1 
-1.16843 1 
3.75763 1 
2.77998 1 
3.23927 1 
-1.9808 1 
-2.5572 1 
1.55442 1 
-2.74047 1 
1.84687 1 
1.46742 1 
-1.39732 1 
-2.3665 1 
0.259466 1 
-0.180427 1 
-0.248265 1 
-0.40039 1 
1.64141 1 
1.11678 1 
1.30024 1 
-0.591349 1 
-1.28045 1 
-1.51905 1 
-1.80799 1 
-1.65594 1 
2.54781 1 
ZONE T="boundary2"
4 -0.719247 
4 -0.606588 
4 -0.311962 
4 -0.261725 
4 -0.859623 
4 0.147002 
4 0.0452456 
4 -0.213639 
4 0.790055 
4 1 
4 0.335951 
4 -0.0693818 
4 -0.14151 
4 0.489049 
4 0.58011 
4 0.685083 
4 0.397987 
4 -0.362199 
4 -0.428065 
4 0.210458 
4 0.273915 
4 -0.0120681 
4 -0.49393 
4 -1 
4 -0.662918 
4 -0.286843 
4 0.0961239 
4 0.895028 
4 -0.105446 
4 0.632596 
4 -0.395132 
4 0.242187 
4 0.17873 
4 -0.0407249 
4 0.366969 
4 0.443518 
4 0.304933 
4 0.534579 
4 -0.177575 
4 0.737569 
4 -0.460998 
4 -0.550259 
4 -0.789435 
4 -0.929812 
4 0.0165888 
4 -0.237682 
4 -0.33708 
ZONE T="boundary3"
-0.240004 -1 
-0.186612 -1 
0.0395261 -1 
-0.293396 -1 
-0.462578 -1 
0.180214 -1 
0.460173 -1 
-1.39419 -1 
-1.29554 -1 
-4 -1 
-3.60897 -1 
-1.18564 -1 
1.61856 -1 
1.8288 -1 
-2.82132 -1 
-3.01963 -1 
-2.06084 -1 
2.02121 -1 
2.89274 -1 
3.12143 -1 
3.39674 -1 
3.67204 -1 
3.53439 -1 
-2.59011 -1 
2.43884 -1 
2.66405 -1 
0.669999 -1 
0.565086 -1 
0.241411 -1 
0.350792 -1 
0.119017 -1 
-0.039965 -1 
-0.113289 -1 
-0.377987 -1 
-0.547052 -1 
0.957517 -1 
0.813758 -1 
1.08827 -1 
1.02289 -1 
-0.742502 -1 
1.24829 -1 
1.16828 -1 
-3.21795 -1 
-1.69529 -1 
-1.07574 -1 
-1.49284 -1 
-1.56032 -1 
-0.964606 -1 
3.83602 -1 
4 -1 
-1.62781 -1 
2.21363 -1 
-0.853477 -1 
-1.91181 -1 
-1.76277 -1 
-2.35891 -1 
-3.41346 -1 
1.51343 -1 
0.296101 -1 
-0.631527 -1 
1.40831 -1 
-0.213308 -1 
-0.2667 -1 
-1.34487 -1 
-3.80449 -1 
1.72368 -1 
-2.92048 -1 
3.00708 -1 
3.60321 -1 
2.55144 -1 
0.617543 -1 
0.210812 -1 
0.405483 -1 
-0.0766268 -1 
-0.335691 -1 
-0.14995 -1 
-0.420282 -1 
-0.504815 -1 
0.885638 -1 
0.51263 -1 
1.05558 -1 
0.990205 -1 
0.741879 -1 
1.20829 -1 
-1.13069 -1 
-1.52658 -1 
-1.24059 -1 
-1.02017 -1 
3.46556 -1 
3.91801 -1 
-1.66155 -1 
3.75403 -1 
3.25908 -1 
2.32623 -1 
-0.797989 -1 
-2.20988 -1 
-1.98632 -1 
-1.83729 -1 
-3.51122 -1 
-3.31571 -1 
1.566 -1 
-2.47451 -1 
-2.70572 -1 
-3.11879 -1 
1.925 -1 
-0.000219461 -1 
0.323447 -1 
0.268756 -1 
0.149616 -1 
0.0792717 -1 
-0.687014 -1 
-0.589289 -1 
-0.909041 -1 
2.77839 -1 
1.3283 -1 
1.12827 -1 
-1.44352 -1 
-1.59406 -1 
-1.72903 -1 
1.46087 -1 
2.11742 -1 
ZONE T="boundary4"
-0.18578 0.358341 
-0.160903 0.361454 
0.587685 0.208746 
0.575003 0.230136 
-0.636707 -0.000623299 
-0.637653 0.0185784 
-0.555242 0.238517 
-0.46484 0.30174 
-0.332669 0.33904 
-0.31408 0.341987 
0.544588 0.270982 
0.560439 0.251301 
-0.29427 0.344838 
-0.637583 0.0378128 
-0.566434 0.226284 
-0.578442 0.211428 
-0.634232 0.0761025 
-0.630895 0.0949526 
-0.53176 0.260214 
-0.636453 0.0570363 
-0.543765 0.249729 
-0.622418 0.126901 
-0.626438 0.113461 
-0.612335 0.153479 
-0.606241 0.16654 
-0.598898 0.180333 
-0.589131 0.196284 
-0.493184 0.28706 
-0.617769 0.14013 
-0.519434 0.269827 
-0.506664 0.278712 
-0.479323 0.294682 
-0.419009 0.319209 
-0.434654 0.31397 
-0.40263 0.32403 
-0.386096 0.328304 
-0.450061 0.30811 
-0.368706 0.332253 
-0.274456 0.347474 
-0.253173 0.350151 
-0.351201 0.335755 
-0.208817 0.35553 
-0.231931 0.352739 
-0.0555433 0.375687 
-0.0834058 0.3718 
-0.136122 0.364658 
0.62607 0.0948938 
0.407985 0.364153 
0.43052 0.354599 
0.6222 0.0054167 
0.625983 0.0276505 
0.00120188 0.383503 
0.0301747 0.387252 
-0.109722 0.368186 
0.358242 0.38025 
0.38513 0.372332 
0.48997 0.320328 
0.471912 0.332372 
0.451492 0.344176 
0.0895237 0.393846 
0.149706 0.398207 
0.119546 0.396378 
0.301074 0.391936 
0.210261 0.399201 
0.240478 0.398094 
0.331219 0.386576 
0.526577 0.289922 
0.507338 0.307041 
0.622333 0.117273 
0.616388 0.140806 
0.608536 0.163953 
0.627935 0.0724173 
0.627901 0.0499404 
-0.0277182 0.379565 
0.0597896 0.390765 
0.270789 0.395723 
0.179926 0.399194 
0.599113 0.18621 
-0.173338 0.359886 
0.581517 0.219544 
-0.637304 0.0089721 
-0.323379 0.340551 
0.552708 0.261297 
-0.304178 0.343444 
-0.572561 0.218953 
-0.632705 0.085553 
-0.637748 0.0281967 
-0.549582 0.244202 
-0.624507 0.120204 
-0.62881 0.104242 
-0.609371 0.160046 
-0.594146 0.188388 
-0.620172 0.133543 
-0.58391 0.203941 
-0.637153 0.047433 
-0.537836 0.255055 
-0.513109 0.274355 
-0.486302 0.290958 
-0.49998 0.282975 
-0.525664 0.265105 
-0.426858 0.316664 
-0.39438 0.326232 
-0.442389 0.311121 
-0.263815 0.348828 
-0.457487 0.305007 
-0.472125 0.298298 
-0.341943 0.337445 
-0.284365 0.346178 
-0.359964 0.334056 
-0.197296 0.356929 
-0.220372 0.354134 
-0.0694733 0.37374 
-0.560926 0.232479 
-0.148509 0.363044 
0.419324 0.359544 
0.624318 0.0164938 
0.0156831 0.385408 
0.371743 0.37649 
0.481036 0.326492 
0.441085 0.349547 
0.134617 0.39739 
-0.635481 0.0665861 
0.225372 0.398795 
0.344772 0.383595 
0.517133 0.298677 
0.627238 0.0836737 
0.396613 0.3684 
-0.242551 0.351452 
-0.122918 0.366409 
0.56791 0.240849 
0.628156 0.0611772 
-0.0965615 0.369984 
-0.0416315 0.377631 
0.0449746 0.389055 
0.0746479 0.392368 
0.104525 0.395192 
0.255644 0.397075 
0.285953 0.394015 
0.19509 0.399329 
0.316181 0.38946 
-0.013261 0.381551 
0.164809 0.398814 
-0.377415 0.33034 
0.498765 0.313829 
0.59359 0.197575 
0.604019 0.175163 
0.535784 0.280642 
0.624429 0.10612 
0.619603 0.129099 
0.461798 0.33844 
0.612685 0.152454 
0.627175 0.0387742 
-0.615134 0.14684 
-0.602664 0.173487 
-0.410841 0.321692 
ZONE T="boundary5"
-0.490725 -0.311598 
-0.628247 -0.0574421 
-0.571462 -0.200107 
-0.561505 -0.216883 
-0.476963 -0.326218 
-0.623709 -0.076007 
-0.636707 -0.000623299 
-0.605463 -0.130468 
-0.612285 -0.112524 
-0.631955 -0.0386767 
-0.580874 -0.183081 
-0.618385 -0.0943442 
-0.365011 -0.418435 
-0.38276 -0.406354 
-0.308532 -0.451979 
-0.327885 -0.441269 
-0.416326 -0.381174 
-0.432232 -0.368053 
-0.346892 -0.429972 
-0.39974 -0.394019 
-0.15108 -0.51432 
-0.199981 -0.49922 
-0.223444 -0.490693 
-0.288156 -0.462446 
-0.176258 -0.506984 
-0.267459 -0.472276 
-0.528667 -0.265559 
-0.516595 -0.281253 
-0.551064 -0.233374 
-0.540111 -0.249632 
-0.447715 -0.354453 
-0.462567 -0.340562 
-0.503992 -0.296548 
0.0162436 -0.540945 
-0.0139933 -0.538936 
-0.0428325 -0.53586 
-0.125682 -0.520808 
-0.0987113 -0.526724 
-0.0715725 -0.531683 
0.10816 -0.538901 
0.139991 -0.535022 
0.0771616 -0.541036 
0.0464504 -0.541671 
-0.597916 -0.148254 
-0.634791 -0.0197208 
-0.589718 -0.165771 
0.202561 -0.521711 
0.171304 -0.529373 
0.232976 -0.512058 
0.321997 -0.467771 
0.292518 -0.485545 
0.261964 -0.500541 
0.344007 -0.451969 
0.365104 -0.434403 
0.405971 -0.391944 
0.444795 -0.338224 
0.462459 -0.308721 
0.386107 -0.414134 
0.475256 -0.285509 
0.487619 -0.262027 
0.616637 -0.0165526 
0.60944 -0.0381411 
0.503302 -0.232026 
0.6222 0.0054167 
-0.245598 -0.481831 
0.519551 -0.202456 
0.529843 -0.184698 
0.554005 -0.144685 
0.540339 -0.167147 
0.567524 -0.122243 
0.600738 -0.0594345 
0.590706 -0.080482 
0.579465 -0.101536 
0.426001 -0.366085 
-0.566546 -0.208532 
-0.626079 -0.0667486 
-0.608961 -0.121528 
-0.630208 -0.0480798 
-0.621143 -0.0852028 
-0.373932 -0.412463 
-0.424329 -0.374675 
-0.355996 -0.424272 
-0.337432 -0.435694 
-0.391298 -0.400251 
-0.211747 -0.495052 
-0.298385 -0.457292 
-0.277846 -0.467441 
-0.522697 -0.273456 
-0.545647 -0.241542 
-0.556343 -0.225165 
-0.615427 -0.103464 
-0.469823 -0.333447 
-0.455196 -0.347565 
-0.510357 -0.288953 
-0.576236 -0.191631 
-0.483903 -0.318964 
-0.318249 -0.446698 
-0.440027 -0.361313 
0.00111656 -0.540098 
-0.0284262 -0.537537 
-0.0851628 -0.529323 
-0.138407 -0.51767 
0.0618119 -0.541531 
0.124105 -0.537181 
0.0926768 -0.540161 
-0.593895 -0.157048 
0.186996 -0.525794 
-0.497421 -0.304128 
0.307452 -0.476986 
0.247574 -0.506562 
0.35471 -0.443378 
0.453798 -0.32358 
0.396233 -0.40322 
0.333141 -0.460068 
0.468929 -0.297157 
0.481475 -0.273789 
0.613228 -0.0274105 
0.495426 -0.247005 
-0.256567 -0.47714 
0.511324 -0.217178 
0.524662 -0.193554 
-0.635868 -0.0101833 
0.535068 -0.175906 
0.5608 -0.133482 
0.605254 -0.0488549 
-0.112222 -0.523885 
-0.408083 -0.38766 
-0.534452 -0.25764 
-0.601773 -0.139395 
-0.633486 -0.0292148 
-0.585369 -0.174463 
-0.18815 -0.503198 
-0.163699 -0.510758 
0.58519 -0.0910635 
0.573562 -0.111926 
0.595858 -0.0700225 
-0.234556 -0.486349 
0.0313452 -0.541472 
0.416209 -0.379195 
0.37579 -0.424467 
-0.0572208 -0.533907 
0.155691 -0.532428 
0.277397 -0.493364 
0.61963 -0.00562244 
0.217853 -0.517147 
0.435604 -0.352302 
0.547166 -0.155908 
