ZONE T="boundary0"
-4 -0.275356 
-4 -0.177734 
-4 0.0704874 
-4 0.109199 
-4 0.26482 
-4 0.30392 
-4 0.356534 
-4 0.14791 
-4 0.22572 
-4 0.409149 
-4 -0.549847 
-4 -0.643696 
-4 0.606459 
-4 1 
-4 -0.821848 
-4 -0.0160714 
-4 -0.10263 
-4 0.507804 
-4 -0.239062 
-4 -0.1527 
-4 0.803229 
-4 -1 
-4 -0.202769 
-4 -0.311649 
-4 -0.347942 
-4 -0.40197 
-4 -0.455998 
-4 0.0898429 
-4 0.330227 
-4 0.186815 
-4 -0.596771 
-4 -0.0593508 
-4 0.128554 
-4 0.24527 
-4 0.458476 
-4 0.28437 
-4 -0.127665 
-4 -0.910924 
-4 0.901615 
-4 -0.732772 
-4 0.382842 
-4 -0.257209 
-4 -0.329796 
-4 -0.220916 
-4 -0.293502 
-4 -0.374956 
-4 -0.428984 
-4 -0.502922 
-4 0.027208 
-4 0.557131 
-4 0.704844 
-4 -0.165217 
-4 -0.190252 
ZONE T="boundary1"
0.205436 1 
1.01587 1 
1.12579 1 
0.343837 1 
0.449997 1 
0.899973 1 
0.784072 1 
-0.120127 1 
-3.27791 1 
-3.5016 1 
-0.806895 1 
-0.883576 1 
-1.91104 1 
1.2357 1 
-3.7508 1 
-4 1 
-2.76433 1 
-2.47445 1 
-2.27981 1 
-3.05421 1 
2.3102 1 
3.25473 1 
2.08587 1 
1.89747 1 
3.00631 1 
-0.255796 1 
-0.324772 1 
0.556156 1 
0.670114 1 
-0.46667 1 
0.085891 1 
0.0162283 1 
-0.0534344 1 
-0.186819 1 
4 1 
3.75158 1 
-0.626661 1 
-0.716778 1 
1.43353 1 
3.50316 1 
1.5713 1 
-1.23765 1 
1.70907 1 
-1.17563 1 
-2.08517 1 
-1.45549 1 
-1.73692 1 
2.77042 1 
2.53453 1 
-1.5493 1 
-1.64311 1 
-0.960258 1 
-0.546665 1 
-1.03694 1 
-1.11362 1 
-1.36168 1 
1.07083 1 
0.396917 1 
0.842023 1 
-3.38976 1 
-0.845236 1 
1.18075 1 
-3.8754 1 
-2.37713 1 
-3.16606 1 
3.13052 1 
-0.290284 1 
0.613135 1 
-0.395721 1 
0.274637 1 
0.145664 1 
-0.0186031 1 
0.0510596 1 
-0.153473 1 
-0.0867806 1 
3.87579 1 
-0.761837 1 
0.503076 1 
0.727093 1 
0.957923 1 
1.33462 1 
3.62737 1 
3.37894 1 
1.50241 1 
-3.6262 1 
1.64018 1 
-1.9981 1 
-2.90927 1 
-1.82398 1 
-2.18249 1 
2.65247 1 
2.42236 1 
2.19803 1 
-2.61939 1 
-1.5962 1 
2.88836 1 
1.99167 1 
-0.221307 1 
-0.671719 1 
-0.586663 1 
-0.506668 1 
-0.998598 1 
-0.921917 1 
-1.29966 1 
-1.20664 1 
-1.14463 1 
-1.50239 1 
-1.40858 1 
-1.69001 1 
1.80327 1 
-1.07528 1 
ZONE T="boundary2"
4 -0.21107 
4 0.122126 
4 -0.0103045 
4 -0.118947 
4 0.471012 
4 0.558652 
4 0.668989 
4 -0.382187 
4 -0.0827328 
4 -0.324583 
4 -0.295782 
4 -0.26698 
4 -0.462512 
4 -0.542837 
4 -0.155161 
4 0.206975 
4 0.235259 
4 0.383372 
4 0.427192 
4 1 
4 0.779326 
4 -0.657128 
4 0.178692 
4 0.309316 
4 0.272287 
4 -0.771419 
4 -0.885709 
4 -1 
4 0.613821 
4 -0.0465186 
4 -0.353385 
4 -0.281381 
4 -0.502675 
4 0.0559105 
4 0.221117 
4 0.514832 
4 -0.599983 
4 0.724158 
4 0.889663 
4 -0.183116 
4 -0.239025 
4 -0.10084 
4 -0.137054 
4 -0.42235 
4 -0.310182 
4 0.192834 
4 0.346344 
4 0.290801 
4 0.449102 
4 0.405282 
4 0.150409 
4 -0.714273 
4 -0.942855 
4 -0.828564 
4 0.253773 
ZONE T="boundary3"
-3.5097 -1 
-1.49752 -1 
-1.92438 -1 
-1.76107 -1 
-0.253006 -1 
-0.187201 -1 
1.08567 -1 
1.18346 -1 
0.245327 -1 
1.67406 -1 
-1.06791 -1 
-0.952488 -1 
-0.501915 -1 
-1.17354 -1 
-0.725303 -1 
-0.613536 -1 
-1.38835 -1 
-0.837069 -1 
1.2941 -1 
-2.29318 -1 
-2.49867 -1 
3.75 -1 
-3.75485 -1 
2.71605 -1 
-2.94312 -1 
-3.22641 -1 
3.07451 -1 
3.30589 -1 
0.205063 -1 
0.366119 -1 
0.466136 -1 
0.127791 -1 
-0.0354387 -1 
0.566153 -1 
-0.121397 -1 
0.0505192 -1 
0.00754026 -1 
0.285591 -1 
0.621156 -1 
0.731163 -1 
0.786167 -1 
-0.390295 -1 
3.53726 -1 
0.887027 -1 
-1.27917 -1 
0.987887 -1 
1.40475 -1 
1.53941 -1 
1.8497 -1 
2.02535 -1 
-2.08768 -1 
-4 -1 
2.89528 -1 
2.20766 -1 
2.38997 -1 
-2.7209 -1 
0.67616 -1 
3.875 -1 
4 -1 
-1.84272 -1 
-0.220104 -1 
1.13457 -1 
-1.0102 -1 
-0.669419 -1 
-1.44293 -1 
1.23878 -1 
-2.39592 -1 
-1.12072 -1 
-3.36805 -1 
3.1902 -1 
0.225195 -1 
0.416128 -1 
0.516144 -1 
0.0290297 -1 
0.265459 -1 
-0.557726 -1 
0.593654 -1 
0.758665 -1 
-0.321651 -1 
-0.781186 -1 
0.836597 -1 
-0.894778 -1 
-1.22636 -1 
-1.33376 -1 
1.03678 -1 
1.47208 -1 
1.34943 -1 
1.60673 -1 
3.42157 -1 
1.76188 -1 
1.93753 -1 
-2.19043 -1 
-3.87742 -1 
-1.62929 -1 
2.9849 -1 
2.1165 -1 
2.55301 -1 
-2.00603 -1 
-3.08476 -1 
-2.83201 -1 
-2.60978 -1 
2.80567 -1 
-0.154299 -1 
-0.0139492 -1 
0.0891552 -1 
0.648658 -1 
0.937457 -1 
0.166427 -1 
-0.446105 -1 
0.325855 -1 
-0.0784176 -1 
3.9375 -1 
2.29882 -1 
-3.63227 -1 
3.8125 -1 
0.703661 -1 
3.64363 -1 
ZONE T="boundary4"
-0.375671 0.369566 
-0.356083 0.372531 
-0.636924 0.0104933 
-0.638511 0.0313835 
-0.638983 0.0523807 
0.638389 0.0160731 
0.639366 0.0352737 
-0.294214 0.377283 
-0.315601 0.376304 
-0.638297 0.0734619 
-0.431 0.355854 
-0.448553 0.349473 
-0.636414 0.0944738 
-0.633304 0.115355 
-0.497483 0.324823 
-0.624924 0.151068 
-0.628957 0.135976 
-0.609457 0.193267 
-0.481832 0.333953 
-0.465402 0.342222 
-0.577823 0.248866 
-0.590589 0.229395 
-0.600542 0.211706 
-0.620205 0.16594 
-0.563734 0.267143 
-0.250151 0.377783 
-0.552238 0.280061 
0.489737 0.300739 
0.502496 0.291799 
-0.52665 0.303883 
-0.512607 0.314669 
-0.54006 0.292151 
0.524901 0.273798 
0.476594 0.309101 
-0.394515 0.365861 
-0.413106 0.361269 
-0.272773 0.377738 
-0.335897 0.374767 
0.636065 -0.00318179 
-0.227513 0.377514 
0.638971 0.054558 
0.259405 0.373983 
0.637179 0.0737855 
0.397499 0.345698 
0.423451 0.335887 
0.344107 0.360754 
0.31687 0.366242 
0.371196 0.353896 
0.543541 0.256121 
0.534392 0.265139 
0.449548 0.323996 
-0.10117 0.37492 
0.604592 0.173013 
-0.0739619 0.374785 
0.200395 0.377722 
0.230434 0.376267 
0.0767133 0.377478 
0.170366 0.378417 
0.10813 0.378144 
0.139249 0.378512 
0.561075 0.236796 
0.629254 0.112386 
0.633992 0.0928736 
0.592819 0.193309 
0.622809 0.132387 
0.615003 0.151739 
-0.203507 0.377019 
0.577612 0.215752 
-0.17953 0.376429 
-0.15397 0.375809 
-0.12846 0.375291 
0.0452676 0.37668 
-0.0449228 0.37491 
-0.0159801 0.375292 
0.288332 0.370677 
0.0146806 0.375919 
-0.365893 0.371151 
-0.637855 0.0209286 
0.639046 0.0256645 
-0.304911 0.376867 
-0.439822 0.352787 
-0.637506 0.083982 
-0.627027 0.143545 
-0.473681 0.338213 
-0.584387 0.239248 
-0.605143 0.202556 
-0.622651 0.158531 
-0.595703 0.220628 
-0.558086 0.27369 
0.496167 0.296341 
-0.519714 0.309387 
-0.533449 0.298124 
-0.489729 0.32951 
-0.505127 0.319867 
-0.457031 0.345971 
-0.403841 0.363681 
-0.283494 0.377569 
-0.346001 0.373744 
-0.546243 0.2862 
0.638249 0.0641876 
-0.42209 0.35868 
-0.238831 0.37768 
0.410551 0.340995 
-0.570959 0.258143 
0.330519 0.363656 
0.357695 0.357501 
0.539008 0.260675 
0.436603 0.330171 
-0.325756 0.375616 
0.483211 0.304992 
-0.638788 0.0629267 
0.463223 0.316826 
-0.261462 0.377808 
0.215419 0.3771 
0.123689 0.378375 
0.552483 0.246618 
-0.638889 0.0418795 
0.631802 0.102673 
0.598877 0.18326 
0.619074 0.14213 
0.635758 0.0833579 
0.626216 0.122445 
0.637391 0.0064256 
-0.385115 0.367821 
0.609994 0.162472 
-0.215509 0.377285 
0.569526 0.226418 
-0.191518 0.376729 
-0.141214 0.375532 
-0.166749 0.376111 
-0.0875643 0.374822 
-0.114813 0.375078 
-0.0594408 0.374813 
-0.0304498 0.375072 
0.244927 0.375242 
0.273883 0.372467 
0.384405 0.349983 
-0.000648301 0.375582 
0.154807 0.378533 
0.302624 0.368612 
0.0299749 0.376289 
0.0609904 0.377086 
0.0924211 0.377838 
-0.635013 0.104938 
-0.631287 0.125699 
0.639342 0.044919 
0.529689 0.269514 
0.185382 0.378154 
0.585419 0.204668 
-0.615134 0.179723 
0.513893 0.28304 
ZONE T="boundary5"
-0.579549 -0.166929 
-0.568968 -0.185387 
-0.40949 -0.36466 
-0.492462 -0.288723 
-0.506834 -0.272383 
0.627655 -0.0412101 
-0.634273 -0.0102076 
-0.636924 0.0104933 
-0.613918 -0.0906025 
-0.62039 -0.0708966 
-0.630603 -0.0306964 
-0.625962 -0.050928 
-0.589426 -0.148095 
-0.557751 -0.203449 
-0.545947 -0.221138 
-0.269284 -0.448904 
-0.290909 -0.438547 
-0.151322 -0.492163 
-0.312195 -0.427516 
-0.391189 -0.378257 
-0.372218 -0.391408 
-0.598407 -0.129204 
-0.176333 -0.484713 
-0.533539 -0.238537 
0.606971 -0.0971272 
-0.246809 -0.458811 
-0.224034 -0.46801 
-0.200314 -0.476736 
0.0110251 -0.520563 
-0.606585 -0.110028 
-0.520592 -0.25554 
0.61482 -0.0785606 
-0.477134 -0.304907 
-0.461221 -0.320529 
0.598452 -0.115423 
-0.444535 -0.335789 
0.556651 -0.194707 
0.542363 -0.221191 
0.636065 -0.00318179 
-0.126091 -0.498813 
-0.0179699 -0.517954 
0.0400682 -0.522093 
-0.0997858 -0.504849 
-0.0733091 -0.51002 
-0.0456976 -0.514462 
0.410466 -0.405858 
0.0703468 -0.522501 
0.131733 -0.519386 
0.16264 -0.515648 
0.100553 -0.521653 
0.193724 -0.510262 
0.621741 -0.0599584 
0.284565 -0.483407 
0.254965 -0.494196 
0.311595 -0.471516 
0.224576 -0.50314 
0.365134 -0.441006 
0.391275 -0.421972 
0.428879 -0.388414 
0.464252 -0.348324 
0.447009 -0.369051 
0.337977 -0.457754 
-0.427325 -0.350465 
0.632455 -0.0223062 
0.578407 -0.154509 
0.567573 -0.1746 
0.588633 -0.135044 
0.528104 -0.247766 
-0.332701 -0.416051 
-0.352828 -0.40394 
0.513455 -0.274228 
0.481567 -0.324933 
0.497963 -0.300141 
-0.574342 -0.176206 
-0.499723 -0.280619 
-0.63573 0.00012654 
-0.617263 -0.0807852 
-0.632564 -0.0204741 
-0.623291 -0.0609438 
-0.551919 -0.21234 
-0.280137 -0.44381 
-0.301596 -0.433116 
-0.381758 -0.38491 
-0.212208 -0.472467 
-0.235457 -0.463499 
-0.513789 -0.264023 
0.610988 -0.0878829 
-0.563436 -0.194466 
-0.53981 -0.229885 
-0.400396 -0.371533 
-0.484873 -0.296886 
-0.469247 -0.312789 
0.602784 -0.106308 
-0.452945 -0.328232 
0.549491 -0.207939 
-0.594011 -0.138694 
-0.602596 -0.119658 
-0.00348378 -0.519391 
-0.0595219 -0.512359 
-0.112963 -0.501938 
0.0552062 -0.522451 
0.14721 -0.517707 
0.0854551 -0.522237 
0.178218 -0.513162 
0.618391 -0.0693003 
0.269853 -0.489043 
-0.628403 -0.0408393 
0.239839 -0.498901 
0.378389 -0.431744 
0.400991 -0.41406 
0.455777 -0.358812 
0.419802 -0.397274 
0.324902 -0.46486 
-0.418468 -0.357637 
-0.163857 -0.488538 
0.630196 -0.0317942 
-0.138733 -0.495588 
0.562112 -0.184652 
0.583557 -0.144795 
0.573007 -0.164562 
0.593603 -0.125263 
0.624824 -0.050624 
-0.610356 -0.100354 
-0.527135 -0.247091 
0.634414 -0.0127732 
-0.584578 -0.157559 
0.535242 -0.234482 
-0.258086 -0.453946 
-0.342813 -0.410076 
-0.188355 -0.480818 
-0.362574 -0.397752 
0.438088 -0.378869 
0.52086 -0.261042 
-0.435993 -0.3432 
-0.322493 -0.421864 
0.473073 -0.336751 
0.0255401 -0.521465 
-0.0865683 -0.507542 
0.489918 -0.31264 
-0.0318483 -0.516328 
0.116157 -0.520701 
0.50584 -0.287264 
0.351712 -0.449637 
0.298176 -0.47768 
0.209202 -0.506922 
