ZONE T="boundary0"
-4 -1 
-4 -0.207442 
-4 -0.256851 
-4 -0.474867 
-4 0.161688 
-4 0.324223 
-4 0.260978 
-4 -0.158032 
-4 0.773258 
-4 0.546515 
-4 0.0804913 
-4 -0.3038 
-4 0.387468 
-4 -0.000705085 
-4 1 
-4 -0.826124 
-4 -0.412808 
-4 -0.0793687 
-4 -0.118701 
-4 -0.280326 
-4 -0.652249 
-4 -0.350749 
-4 0.211333 
-4 0.466992 
-4 -0.232146 
-4 0.2926 
-4 0.659887 
-4 0.355845 
-4 0.886629 
-4 -0.182737 
-4 -0.443838 
-4 -0.0400369 
-4 -0.138366 
-4 -0.563558 
-4 -0.381779 
-4 -0.0990346 
-4 0.121089 
-4 0.18651 
-4 0.506754 
-4 0.236155 
-4 0.42723 
-4 -0.913062 
-4 -0.739187 
-4 -0.292063 
-4 0.0398931 
-4 -0.327275 
-4 -0.268588 
ZONE T="boundary1"
-2.93758 1 
1.90407 1 
2.09618 1 
1.30962 1 
3.50633 1 
3.75316 1 
-0.0461848 1 
0.0273859 1 
1.49218 1 
1.71196 1 
0.177413 1 
0.100957 1 
0.341777 1 
0.429685 1 
-0.363613 1 
0.967463 1 
3.20685 1 
-0.748427 1 
-0.638414 1 
-4 1 
0.25387 1 
0.632302 1 
0.742744 1 
2.44835 1 
2.27226 1 
-1.72398 1 
-1.57028 1 
-2.07162 1 
-2.26557 1 
3.00446 1 
-2.52533 1 
-3.52821 1 
-0.118141 1 
-0.190097 1 
-0.245504 1 
-0.300911 1 
-0.426315 1 
-0.479339 1 
-0.532364 1 
-0.803433 1 
-0.85844 1 
0.530993 1 
-0.915082 1 
-1.20159 1 
-1.31817 1 
0.853186 1 
4 1 
-1.44422 1 
-1.87767 1 
-3.30914 1 
-3.76411 1 
-1.08501 1 
1.19568 1 
1.08174 1 
-3.19961 1 
1.4009 1 
2.80208 1 
-2.65521 1 
-2.7851 1 
-3.09007 1 
2.62521 1 
-0.971723 1 
2.00012 1 
3.62974 1 
-0.00939941 1 
1.60207 1 
0.139185 1 
0.385731 1 
3.35659 1 
-0.69342 1 
0.297823 1 
0.687523 1 
2.3603 1 
1.80801 1 
-2.16859 1 
-2.39545 1 
-0.154119 1 
-0.273208 1 
-0.394964 1 
-0.332262 1 
-0.505852 1 
-0.830937 1 
0.480339 1 
0.215641 1 
-0.886761 1 
-1.25988 1 
0.797965 1 
3.87658 1 
-1.50725 1 
-1.3812 1 
-1.80082 1 
-1.64713 1 
-3.41868 1 
-3.88205 1 
1.13871 1 
-3.25437 1 
1.35526 1 
3.10566 1 
1.44654 1 
2.90327 1 
-1.97465 1 
-2.72016 1 
-3.01383 1 
-2.86134 1 
2.18422 1 
2.53678 1 
-2.59027 1 
0.0641713 1 
-0.943402 1 
-1.02836 1 
-1.1433 1 
-0.217801 1 
-0.0821629 1 
0.910325 1 
-0.452827 1 
-0.585389 1 
-0.77593 1 
0.581647 1 
1.0246 1 
1.25265 1 
2.71365 1 
-3.64616 1 
-3.14484 1 
ZONE T="boundary2"
4 -0.840715 
4 -0.681429 
4 0.0766311 
4 0.126711 
4 -0.406768 
4 0.188951 
4 0.38688 
4 0.501923 
4 0.0265509 
4 -1 
4 0.578016 
4 -0.233072 
4 -0.258013 
4 -0.581066 
4 -0.480703 
4 -0.282953 
4 -0.0452122 
4 0.251191 
4 0.319035 
4 0.654109 
4 0.827055 
4 1 
4 0.740582 
4 -0.175024 
4 -0.204048 
4 -0.116975 
4 -0.0810938 
4 -0.332834 
4 -0.761072 
4 0.101671 
4 -0.920357 
4 -0.245542 
4 -0.530884 
4 -0.00933064 
4 0.220071 
4 0.051591 
4 0.157831 
4 0.352958 
4 0.444401 
4 0.285113 
4 0.616063 
4 0.53997 
4 0.913527 
4 -0.189536 
4 -0.270483 
4 -0.21856 
4 -0.146 
4 -0.0990346 
4 -0.063153 
4 -0.307894 
4 -0.443736 
4 -0.631248 
4 0.783818 
4 0.697346 
4 -0.369801 
ZONE T="boundary3"
-3.60819 -1 
-4 -1 
-1.31117 -1 
-1.18329 -1 
-0.791656 -1 
3.22193 -1 
0.272643 -1 
-0.130997 -1 
0.579414 -1 
-0.481552 -1 
1.48326 -1 
0.0773958 -1 
0.147291 -1 
-0.371722 -1 
-0.256228 -1 
-1.42076 -1 
0.921645 -1 
1.31695 -1 
1.22337 -1 
1.57666 -1 
2.5464 -1 
2.88416 -1 
-3.34137 -1 
-2.98215 -1 
3.80548 -1 
4 -1 
-2.5922 -1 
3.61096 -1 
3.41644 -1 
-2.40996 -1 
-2.03514 -1 
-1.84258 -1 
0.502175 -1 
0.695689 -1 
-0.193613 -1 
-0.0268008 -1 
0.0252973 -1 
0.217186 -1 
0.328099 -1 
0.424936 -1 
0.811965 -1 
1.02572 -1 
1.1298 -1 
-0.591381 -1 
-0.691519 -1 
1.67006 -1 
1.81918 -1 
1.96829 -1 
2.11282 -1 
2.25734 -1 
-0.989467 -1 
-0.92353 -1 
-1.0554 -1 
-2.22771 -1 
-1.53034 -1 
-1.68646 -1 
-3.80409 -1 
-1.24723 -1 
0.112343 -1 
-0.313975 -1 
-1.36597 -1 
1.27016 -1 
2.71528 -1 
-3.16176 -1 
3.90274 -1 
3.05304 -1 
-2.78718 -1 
3.5137 -1 
-2.50108 -1 
-1.93886 -1 
0.540795 -1 
0.637552 -1 
-0.162305 -1 
-0.0788991 -1 
-0.000751631 -1 
0.182239 -1 
0.300371 -1 
0.244915 -1 
0.376518 -1 
-0.426637 -1 
0.753827 -1 
0.866805 -1 
1.17658 -1 
1.07776 -1 
0.973683 -1 
-0.536467 -1 
-0.741587 -1 
-0.64145 -1 
1.4001 -1 
1.62336 -1 
1.74462 -1 
1.52996 -1 
1.89373 -1 
2.18508 -1 
-0.956498 -1 
-1.11935 -1 
2.04055 -1 
2.40187 -1 
-3.47478 -1 
-2.31883 -1 
-1.6084 -1 
-1.47555 -1 
-2.13143 -1 
-1.76452 -1 
3.31919 -1 
0.463556 -1 
-0.224921 -1 
0.0513466 -1 
-1.02244 -1 
-0.857593 -1 
3.70822 -1 
ZONE T="boundary4"
-0.141772 0.485974 
-0.167864 0.489802 
-0.374594 0.45805 
-0.625489 0.0262183 
-0.627157 0.0507246 
-0.604945 0.195908 
-0.582507 0.250644 
-0.573912 0.267566 
0.645078 0.0545319 
0.635951 0.0801747 
0.609686 0.128461 
-0.0646194 0.466062 
-0.62566 0.100702 
-0.485916 0.382604 
-0.298962 0.483508 
-0.272948 0.488356 
-0.115896 0.480665 
-0.0901454 0.473974 
-0.610962 0.176835 
-0.617526 0.151432 
-0.627227 0.0755697 
-0.622428 0.126027 
-0.465532 0.40064 
-0.590638 0.232886 
-0.598068 0.214804 
-0.558361 0.294377 
-0.547475 0.310903 
-0.535892 0.326908 
-0.505182 0.363301 
-0.521004 0.345524 
-0.398589 0.446069 
-0.324664 0.476822 
-0.349912 0.468322 
-0.220388 0.492581 
-0.246712 0.491373 
-0.0390358 0.456989 
-0.0136487 0.447016 
0.0120755 0.436121 
-0.421809 0.432447 
0.0377037 0.424697 
0.0640194 0.412617 
-0.444156 0.417271 
-0.194072 0.492033 
0.145448 0.375457 
0.174489 0.362971 
0.450934 0.255545 
0.421291 0.269297 
0.359705 0.29384 
0.391042 0.281878 
0.328082 0.305271 
0.478577 0.241082 
0.656117 -0.026131 
0.574005 0.171219 
0.090306 0.40044 
0.529967 0.208529 
0.505509 0.225105 
0.117841 0.387803 
0.296517 0.316453 
0.624176 0.104784 
0.651475 0.0281049 
0.655135 0.00112119 
0.655952 -0.0124403 
0.553398 0.190159 
0.203628 0.351038 
0.264857 0.327792 
0.234225 0.339144 
0.593088 0.150381 
-0.15479 0.48808 
-0.626522 0.0384579 
-0.578297 0.259149 
0.640851 0.0674729 
-0.285998 0.48616 
-0.10298 0.477479 
-0.614438 0.164184 
-0.626647 0.0881483 
-0.620177 0.138768 
-0.475866 0.391782 
-0.608059 0.186404 
-0.594442 0.223882 
-0.586661 0.241806 
-0.553009 0.3027 
-0.541771 0.318968 
-0.51321 0.354517 
-0.495697 0.3731 
-0.386693 0.452264 
-0.311872 0.480391 
-0.362342 0.4634 
-0.23356 0.4922 
-0.128798 0.483495 
-0.0517855 0.461644 
-0.624248 0.11339 
-0.0007557 0.441641 
-0.528571 0.336314 
0.0508726 0.418681 
-0.259856 0.490092 
-0.410313 0.439452 
-0.433107 0.425041 
-0.18095 0.491122 
0.159942 0.369154 
-0.566371 0.281107 
0.43619 0.262588 
0.375409 0.287952 
0.343911 0.299602 
0.464846 0.248486 
0.0771618 0.406528 
0.517869 0.217011 
0.104064 0.394097 
0.0249108 0.430457 
-0.337362 0.472793 
-0.0773396 0.470157 
0.312301 0.310866 
-0.454977 0.409126 
0.653646 0.0146593 
0.656116 -0.0192847 
0.655626 -0.00565464 
0.131626 0.381588 
0.563893 0.180898 
-0.207225 0.492523 
-0.0263049 0.452097 
0.492157 0.233286 
0.189031 0.35694 
0.280676 0.322092 
0.406221 0.27572 
0.2189 0.345024 
-0.601606 0.205393 
-0.627394 0.0631466 
0.64862 0.0414015 
0.630382 0.0926319 
0.617233 0.116807 
0.601649 0.13962 
0.583784 0.161017 
0.541855 0.199565 
0.249522 0.333415 
ZONE T="boundary5"
0.213544 -0.474804 
0.184831 -0.476893 
-0.559391 -0.154076 
-0.572457 -0.133177 
0.299355 -0.461227 
-0.495039 -0.232993 
-0.625489 0.0262183 
0.0704118 -0.474985 
0.0420683 -0.472211 
0.409394 -0.422888 
-0.611327 -0.0448222 
-0.61753 -0.0215925 
-0.584227 -0.111782 
-0.622267 0.0021079 
-0.594645 -0.0899261 
-0.180502 -0.421276 
-0.208003 -0.41133 
-0.235213 -0.400624 
-0.288996 -0.376727 
-0.315207 -0.363622 
-0.069984 -0.45299 
-0.0421713 -0.45897 
0.013875 -0.468602 
-0.125388 -0.438702 
-0.0977864 -0.446218 
-0.153065 -0.43036 
-0.262279 -0.389074 
-0.512776 -0.213987 
-0.476323 -0.251477 
-0.545044 -0.174517 
-0.529475 -0.194494 
-0.603684 -0.0676157 
-0.340992 -0.34967 
-0.365872 -0.335088 
-0.390216 -0.319601 
-0.456545 -0.269411 
0.27085 -0.46706 
0.242234 -0.471554 
0.355418 -0.445222 
0.327642 -0.453959 
0.616884 -0.188502 
0.65068 -0.0807254 
0.654564 -0.0534752 
0.435308 -0.409132 
0.098834 -0.476885 
0.127436 -0.477874 
-0.0141924 -0.464184 
0.156059 -0.477896 
0.45402 -0.397708 
0.382832 -0.434845 
0.472186 -0.385233 
0.49517 -0.367148 
0.506114 -0.35748 
0.545681 -0.3151 
0.52664 -0.337136 
-0.435666 -0.286704 
-0.413681 -0.303342 
0.605211 -0.214989 
0.554538 -0.303565 
0.641019 -0.121344 
0.644705 -0.107847 
0.570931 -0.27952 
0.585643 -0.254309 
0.592455 -0.241344 
0.627582 -0.161608 
0.634685 -0.141603 
0.656117 -0.026131 
0.199198 -0.475988 
-0.566067 -0.143715 
0.0562295 -0.473706 
-0.614612 -0.0332563 
-0.589597 -0.100931 
-0.194287 -0.416398 
-0.221646 -0.406073 
-0.302153 -0.370277 
-0.056098 -0.456075 
-0.111612 -0.442552 
-0.139254 -0.434624 
-0.275684 -0.383001 
-0.504005 -0.223581 
-0.485776 -0.242331 
-0.53738 -0.184599 
-0.55235 -0.164389 
-0.353496 -0.342488 
-0.378118 -0.32746 
0.256567 -0.469466 
0.34159 -0.449782 
-0.607683 -0.0562783 
-0.599334 -0.0788395 
0.652896 -0.0671393 
-0.466533 -0.260553 
0.422466 -0.416228 
-0.578495 -0.122563 
0.0846154 -0.476047 
0.113131 -0.477497 
-0.000174407 -0.466493 
0.0279585 -0.47051 
0.227906 -0.473328 
-0.166814 -0.425911 
0.141748 -0.478009 
0.17045 -0.477526 
-0.0282 -0.461674 
0.285137 -0.464314 
0.369202 -0.440237 
0.313545 -0.457775 
-0.620088 -0.00978016 
0.444739 -0.403544 
0.463189 -0.391595 
-0.521234 -0.204333 
0.500688 -0.362367 
0.536374 -0.326302 
0.516572 -0.347505 
-0.446202 -0.278175 
-0.402032 -0.311591 
0.611161 -0.201795 
0.550165 -0.309375 
0.642914 -0.11461 
0.578492 -0.267035 
0.622365 -0.175108 
0.589091 -0.247848 
0.637956 -0.131507 
0.631221 -0.151636 
0.483848 -0.376406 
0.655646 -0.0398205 
0.598961 -0.228229 
-0.328158 -0.356753 
0.647931 -0.0943385 
-0.0839081 -0.449698 
-0.248788 -0.394947 
-0.424763 -0.295141 
-0.624073 0.0141371 
0.396207 -0.429075 
0.562957 -0.291694 
