ZONE T="boundary0"
-4 -0.363831 
-4 0.197627 
-4 0.247354 
-4 0.753381 
-4 -0.625684 
-4 0.0824479 
-4 0.0169961 
-4 -0.0531301 
-4 -0.123256 
-4 -0.177764 
-4 0.506762 
-4 0.630072 
-4 0.346907 
-4 -0.318624 
-4 -0.275448 
-4 -0.232272 
-4 0.297131 
-4 -0.409038 
-4 -0.523598 
-4 -0.72777 
-4 -0.863885 
-4 -1 
-4 1 
-4 0.1479 
-4 0.426835 
-4 0.222491 
-4 0.049722 
-4 -0.0881932 
-4 0.568417 
-4 -0.297036 
-4 -0.15051 
-4 -0.205018 
-4 -0.018067 
-4 0.272243 
-4 -0.386435 
-4 -0.25386 
-4 -0.466318 
-4 -0.341228 
-4 -0.574641 
-4 -0.676727 
-4 -0.931943 
-4 0.691726 
-4 0.876691 
-4 -0.795828 
-4 0.172763 
-4 0.115174 
-4 0.322019 
-4 0.466799 
-4 0.386871 
ZONE T="boundary1"
4 1 
3.7456 1 
-0.745528 1 
-0.858686 1 
0.518431 1 
0.420385 1 
0.340006 1 
0.259628 1 
1.05919 1 
1.20576 1 
0.121907 1 
-0.271347 1 
0.98812 1 
-0.637042 1 
-1.08085 1 
-0.969766 1 
-1.5358 1 
-1.69522 1 
3.4912 1 
2.87101 1 
2.64536 1 
2.41971 1 
-3.40917 1 
-3.67954 1 
-3.13881 1 
-2.91834 1 
-2.69788 1 
2.08852 1 
-2.47007 1 
0.057559 1 
0.190767 1 
-0.00678847 1 
-0.0716528 1 
-0.136517 1 
0.766762 1 
-0.485991 1 
-0.435641 1 
-0.536341 1 
-0.203932 1 
-0.353494 1 
-0.312421 1 
0.616478 1 
0.917045 1 
0.69162 1 
-1.22524 1 
1.35232 1 
1.66258 1 
1.5574 1 
1.45486 1 
-3.83977 1 
-1.36963 1 
-1.45272 1 
-4 1 
-1.85465 1 
-3.27399 1 
3.18111 1 
1.97812 1 
1.76776 1 
2.19892 1 
-2.24227 1 
-2.04846 1 
3.8728 1 
-0.802107 1 
0.469408 1 
0.299817 1 
1.13248 1 
-1.61551 1 
3.6184 1 
2.53254 1 
-3.02858 1 
-2.80811 1 
0.156337 1 
0.0253853 1 
0.0897328 1 
0.225198 1 
0.380195 1 
-0.104085 1 
-0.460816 1 
-0.511166 1 
-0.23764 1 
-0.332957 1 
-0.691285 1 
-0.394567 1 
-0.586691 1 
0.567455 1 
0.654049 1 
-1.15304 1 
-0.914226 1 
-1.02531 1 
0.952583 1 
0.841904 1 
1.02366 1 
1.27904 1 
1.60999 1 
1.40359 1 
-1.29744 1 
-1.49426 1 
-1.77494 1 
-3.34158 1 
3.33615 1 
-3.54435 1 
-3.75965 1 
-3.91988 1 
1.87294 1 
-3.2064 1 
-2.58398 1 
3.02606 1 
-2.35617 1 
2.03332 1 
-1.95155 1 
-2.14536 1 
2.14372 1 
2.75819 1 
2.30931 1 
-0.0392206 1 
-0.170225 1 
-0.291884 1 
1.71517 1 
-1.41118 1 
1.50613 1 
0.729191 1 
ZONE T="boundary2"
4 -0.657128 
4 -0.579005 
4 -0.362199 
4 -0.431541 
4 -0.500883 
4 0.31027 
4 0.630962 
4 0.50795 
4 1 
4 0.023208 
4 -0.0545781 
4 -1 
4 0.753975 
4 -0.828564 
4 -0.268518 
4 -0.186076 
4 -0.132364 
4 -0.329723 
4 -0.297247 
4 0.353352 
4 0.396434 
4 0.164355 
4 0.0937816 
4 0.237313 
4 0.200834 
4 0.273792 
4 -0.239789 
4 -0.618067 
4 -0.466212 
4 -0.539944 
4 0.569456 
4 0.876987 
4 -0.914282 
4 -0.15922 
4 -0.282882 
4 -0.345961 
4 -0.313485 
4 -0.39687 
4 0.374893 
4 -0.015685 
4 0.129068 
4 -0.0934712 
4 0.219073 
4 0.292031 
4 -0.742846 
4 -0.254153 
4 -0.212932 
4 0.331811 
4 0.255552 
4 0.452192 
4 0.692469 
4 0.0584948 
4 0.182595 
ZONE T="boundary3"
-3.4439 -1 
2.40901 -1 
2.26177 -1 
-1.18517 -1 
0.644247 -1 
0.859566 -1 
0.967954 -1 
1.38994 -1 
-0.713936 -1 
-0.632237 -1 
1.08199 -1 
3.52707 -1 
3.76354 -1 
1.53036 -1 
4 -1 
1.29298 -1 
-3.86098 -1 
-3.72195 -1 
2.11454 -1 
3.04774 -1 
3.28741 -1 
-1.91573 -1 
-1.80406 -1 
-2.9558 -1 
0.7504 -1 
0.538095 -1 
0.307235 -1 
-0.333473 -1 
-0.195457 -1 
-0.129796 -1 
-0.550539 -1 
-0.261117 -1 
0.0247355 -1 
-4 -1 
1.19603 -1 
-0.405828 -1 
-0.795634 -1 
0.175586 -1 
-1.29723 -1 
1.62967 -1 
1.72898 -1 
0.444606 -1 
-3.18379 -1 
-2.7278 -1 
-2.8418 -1 
-1.66107 -1 
-2.02739 -1 
1.92176 -1 
-1.51809 -1 
-1.40766 -1 
-2.60853 -1 
-2.48926 -1 
-1.07311 -1 
-0.877332 -1 
-0.975221 -1 
-2.25073 -1 
2.69242 -1 
2.87008 -1 
-2.37 -1 
0.351117 -1 
-0.0525305 -1 
0.0624482 -1 
0.263352 -1 
0.100161 -1 
2.33539 -1 
0.91376 -1 
-0.673087 -1 
3.64531 -1 
3.88177 -1 
-3.79146 -1 
2.18816 -1 
3.40724 -1 
-3.58293 -1 
-1.85989 -1 
0.697323 -1 
0.591171 -1 
0.804983 -1 
-0.162627 -1 
-3.93049 -1 
1.13901 -1 
1.02497 -1 
-0.478184 -1 
-0.591388 -1 
-0.754785 -1 
1.34146 -1 
1.46015 -1 
1.24451 -1 
1.67933 -1 
1.58001 -1 
0.49135 -1 
-3.31385 -1 
-2.7848 -1 
-3.06979 -1 
-1.58958 -1 
-1.73257 -1 
-1.35245 -1 
-1.97156 -1 
3.16757 -1 
-1.46287 -1 
-2.5489 -1 
-0.926277 -1 
-1.02417 -1 
-1.2412 -1 
-1.12914 -1 
1.82537 -1 
2.01815 -1 
-2.13906 -1 
2.55072 -1 
2.78125 -1 
2.95891 -1 
-2.31036 -1 
0.397862 -1 
-0.228287 -1 
0.0435919 -1 
-0.0911635 -1 
-0.0138975 -1 
0.329176 -1 
0.219469 -1 
0.285293 -1 
0.0813046 -1 
0.137874 -1 
-0.297295 -1 
-0.36965 -1 
-0.836483 -1 
-2.8988 -1 
-2.42963 -1 
-2.66817 -1 
ZONE T="boundary4"
0.483521 0.19608 
-0.364513 0.464119 
-0.618332 0.0449225 
-0.599806 0.173028 
-0.617217 0.0255264 
-0.487256 0.365032 
-0.474223 0.37862 
-0.431129 0.417655 
-0.554015 0.275605 
-0.382387 0.453064 
-0.61735 0.0843435 
-0.612074 0.124087 
-0.615244 0.104204 
-0.61838 0.0645363 
-0.607871 0.143885 
-0.582696 0.218848 
-0.595278 0.186648 
-0.574025 0.237913 
-0.564611 0.256609 
-0.446186 0.404947 
-0.544054 0.291836 
-0.326805 0.484471 
-0.533737 0.307297 
-0.511585 0.336884 
-0.499812 0.350997 
-0.522863 0.322369 
-0.415632 0.429812 
-0.39922 0.441749 
-0.346238 0.474467 
-0.218624 0.523344 
-0.242294 0.51713 
-0.264506 0.510164 
-0.286424 0.502186 
-0.194758 0.528373 
-0.169351 0.532376 
-0.143888 0.534994 
-0.306998 0.493662 
0.631647 0.0196169 
0.637041 -0.00076971 
-0.460433 0.392031 
0.342681 0.295581 
0.296968 0.33239 
0.319719 0.31374 
0.27283 0.352754 
0.201556 0.413009 
0.363192 0.279934 
0.442973 0.223491 
0.461712 0.210901 
0.383827 0.264701 
0.424211 0.236222 
0.403982 0.250277 
0.0217456 0.516173 
-0.00596581 0.523953 
-0.0620135 0.533768 
-0.0343289 0.529879 
0.102687 0.481235 
0.0763504 0.494687 
0.177703 0.431775 
0.15338 0.449541 
0.128398 0.466103 
0.504988 0.180862 
0.524911 0.165694 
0.62457 0.039539 
0.615822 0.0589145 
0.577742 0.115628 
0.591928 0.0978091 
0.64283 -0.0424813 
0.640748 -0.0214329 
0.56145 0.133227 
-0.116919 0.536235 
-0.0900833 0.535881 
0.544091 0.149604 
0.604748 0.0787814 
0.0494515 0.506324 
0.225253 0.393382 
0.248804 0.373325 
-0.617908 0.0352174 
-0.480798 0.371883 
-0.613788 0.114166 
-0.616429 0.0942881 
-0.617999 0.0744475 
-0.61849 0.0547297 
-0.610096 0.134013 
-0.58927 0.20286 
-0.569412 0.247309 
-0.578454 0.228424 
-0.597596 0.179856 
-0.549113 0.283769 
-0.505759 0.343992 
-0.517287 0.329676 
-0.438714 0.411369 
-0.493595 0.35807 
-0.407481 0.435857 
-0.423434 0.423803 
-0.336572 0.479568 
-0.390855 0.447485 
-0.230495 0.520382 
-0.275509 0.506299 
-0.18208 0.530544 
-0.156636 0.533858 
-0.559418 0.266166 
-0.528368 0.314882 
-0.538967 0.299614 
-0.296755 0.498034 
-0.206721 0.526007 
0.308309 0.323016 
0.284873 0.342534 
0.352908 0.287713 
0.452344 0.217193 
0.414077 0.243213 
-0.355425 0.469382 
0.433582 0.229836 
0.373484 0.272275 
0.331164 0.304603 
0.00795184 0.520298 
-0.0481409 0.532048 
0.0896163 0.488169 
0.189697 0.422486 
0.140986 0.457982 
0.165627 0.440786 
0.515025 0.17338 
-0.453366 0.398551 
0.641993 -0.0319356 
0.634553 0.00948072 
-0.373503 0.458678 
-0.316948 0.489169 
-0.467387 0.385386 
0.47264 0.203523 
-0.253439 0.513774 
-0.130411 0.535813 
-0.103498 0.536258 
0.534607 0.15778 
0.598533 0.08843 
0.393883 0.257449 
0.0356768 0.511486 
0.0629903 0.500728 
0.21345 0.403255 
0.237047 0.383379 
0.494306 0.188545 
-0.0200999 0.527158 
-0.0760315 0.535049 
0.115643 0.473857 
0.260813 0.363029 
0.639101 -0.0110627 
0.628314 0.0296533 
0.620395 0.0493191 
0.569753 0.124577 
0.610497 0.0689692 
0.585003 0.106856 
0.552897 0.141553 
-0.604097 0.158529 
ZONE T="boundary5"
-0.542224 -0.16368 
-0.530686 -0.1782 
-0.617217 0.0255264 
-0.581711 -0.100504 
-0.573049 -0.116883 
-0.563464 -0.13303 
0.573859 -0.284511 
0.545767 -0.322397 
0.535 -0.334357 
-0.553175 -0.148618 
-0.219245 -0.384555 
-0.198167 -0.39263 
-0.239423 -0.376417 
0.40961 -0.420524 
0.384196 -0.430659 
-0.334314 -0.332031 
-0.351908 -0.322464 
-0.0599539 -0.435314 
-0.132289 -0.415172 
-0.15469 -0.407957 
-0.176944 -0.400332 
-0.0850165 -0.428883 
-0.492555 -0.219299 
-0.50577 -0.20603 
-0.46443 -0.244975 
-0.589544 -0.0836847 
-0.518526 -0.192305 
-0.369293 -0.312488 
-0.259452 -0.367924 
-0.38611 -0.30228 
-0.402666 -0.29162 
-0.418689 -0.280644 
-0.449592 -0.257317 
-0.607698 -0.0307899 
-0.478685 -0.232357 
0.523804 -0.345665 
0.512096 -0.356441 
-0.278681 -0.359362 
-0.297758 -0.350443 
-0.602566 -0.0488236 
-0.596502 -0.0664645 
0.631188 -0.148515 
0.609553 -0.213494 
-0.434385 -0.269178 
0.625258 -0.169378 
-0.611872 -0.0123708 
-0.316124 -0.341423 
0.136326 -0.464201 
0.106146 -0.462403 
0.0760819 -0.459604 
-0.00797223 -0.446755 
0.0189474 -0.451649 
-0.0347217 -0.441191 
0.358494 -0.439245 
0.261307 -0.459556 
0.291928 -0.45499 
0.198554 -0.46448 
0.16742 -0.464939 
0.229993 -0.462715 
-0.615055 0.00641697 
0.325215 -0.448192 
0.565201 -0.297426 
0.555935 -0.309944 
0.642293 -0.0848839 
0.639861 -0.106103 
0.643317 -0.0636842 
0.58205 -0.270991 
0.589643 -0.257114 
0.63613 -0.127282 
0.600045 -0.235709 
0.61783 -0.191697 
0.64283 -0.0424813 
-0.108734 -0.422261 
0.461126 -0.393864 
0.435719 -0.408151 
0.0474374 -0.456037 
0.487322 -0.376321 
-0.53653 -0.170999 
-0.577482 -0.108747 
0.540455 -0.328442 
-0.547782 -0.156209 
-0.208724 -0.388639 
-0.229352 -0.38053 
0.396978 -0.42578 
-0.343137 -0.327296 
-0.143507 -0.411616 
-0.165835 -0.404196 
-0.499217 -0.212719 
-0.524674 -0.185312 
-0.36063 -0.317528 
-0.410717 -0.286191 
-0.457059 -0.251204 
-0.394424 -0.297008 
-0.471605 -0.23872 
0.518014 -0.351119 
-0.28824 -0.354948 
-0.599652 -0.0576841 
-0.269086 -0.363686 
-0.426581 -0.274972 
-0.568355 -0.125015 
0.628341 -0.15898 
-0.609911 -0.0216084 
0.121227 -0.463431 
0.0911012 -0.461126 
0.00547063 -0.449289 
0.276645 -0.45746 
0.182988 -0.464864 
-0.325243 -0.336775 
-0.616268 0.0159574 
-0.0473556 -0.438324 
-0.306962 -0.345978 
-0.485671 -0.225882 
-0.249456 -0.372215 
0.560641 -0.303739 
0.550926 -0.316232 
0.569604 -0.291018 
0.641244 -0.095512 
0.578031 -0.277798 
0.58592 -0.264092 
0.60492 -0.224654 
-0.377734 -0.307438 
0.633796 -0.13793 
0.638147 -0.116719 
0.621666 -0.180578 
-0.585735 -0.0921444 
0.642987 -0.0742919 
0.643269 -0.0530771 
-0.55841 -0.140883 
-0.51221 -0.199225 
-0.0968929 -0.425632 
-0.605254 -0.0398411 
-0.0725038 -0.432167 
-0.187572 -0.396527 
0.448551 -0.401238 
-0.0213653 -0.444056 
-0.12053 -0.418775 
0.151869 -0.464715 
0.371404 -0.435128 
0.341926 -0.443986 
0.0331757 -0.453944 
0.214282 -0.463766 
0.422768 -0.414557 
0.0617452 -0.457926 
0.308621 -0.451833 
0.245667 -0.461316 
-0.613593 -0.0029983 
-0.442035 -0.263308 
-0.593136 -0.0751198 
0.529467 -0.340079 
0.613801 -0.202638 
0.499929 -0.366657 
0.474407 -0.385366 
0.594986 -0.246481 
