ZONE T="boundary0"
-4 -0.214028 
-4 -0.27585 
-4 -0.35449 
-4 0.507804 
-4 0.443747 
-4 -0.133875 
-4 0.145917 
-4 0.21614 
-4 0.0707856 
-4 -0.00434575 
-4 -0.0691102 
-4 -0.475908 
-4 -0.415199 
-4 0.379689 
-4 0.328126 
-4 0.276562 
-4 1 
-4 0.815426 
-4 -0.60434 
-4 -0.732772 
-4 0.630853 
-4 0.72314 
-4 -0.540124 
-4 -1 
-4 -0.866386 
-4 -0.244939 
-4 0.475775 
-4 -0.173951 
-4 0.181028 
-4 0.0332199 
-4 -0.101492 
-4 -0.445554 
-4 0.302344 
-4 0.907713 
-4 0.246351 
-4 0.108351 
-4 -0.31517 
-4 -0.384844 
-4 -0.668556 
-4 -0.036728 
-4 0.569328 
-4 -0.508016 
-4 -0.572232 
-4 -0.933193 
-4 -0.799579 
-4 0.676996 
-4 0.411718 
-4 0.769283 
-4 0.353908 
ZONE T="boundary1"
-2.75763 1 
-3.04081 1 
1.11779 1 
1.00838 1 
0.67255 1 
0.214864 1 
0.149084 1 
-0.255796 1 
-0.435719 1 
0.0833029 1 
-0.345757 1 
-0.0519493 1 
-0.576248 1 
-1.89103 1 
-2.47445 1 
-4 1 
-3.74398 1 
1.3131 1 
1.45151 1 
1.58992 1 
-2.05189 1 
-2.26317 1 
4 1 
3.82999 1 
3.65999 1 
3.31997 1 
1.94939 1 
1.76965 1 
-2.61604 1 
3.04821 1 
2.32207 1 
2.77644 1 
2.13573 1 
0.0156768 1 
-0.153872 1 
0.400489 1 
0.276739 1 
0.567457 1 
0.338614 1 
-0.716778 1 
0.462365 1 
-0.838518 1 
-0.960258 1 
-1.17563 1 
-1.31556 1 
-3.48796 1 
-1.59283 1 
-1.73017 1 
1.21544 1 
-1.38553 1 
-1.45549 1 
-3.26439 1 
0.898962 1 
0.842359 1 
0.785756 1 
-1.06795 1 
0.729153 1 
-2.89922 1 
1.06308 1 
0.181974 1 
-0.390738 1 
1.52071 1 
-2.15753 1 
3.915 1 
3.48998 1 
1.85952 1 
2.54926 1 
2.04256 1 
0.0494899 1 
-0.102911 1 
-0.300776 1 
0.116193 1 
-0.204834 1 
0.245802 1 
0.369552 1 
-0.646513 1 
-0.505983 1 
0.307677 1 
0.431427 1 
0.620003 1 
-0.777648 1 
0.514911 1 
-1.2456 1 
-3.61597 1 
3.74499 1 
-1.6615 1 
1.26427 1 
-1.42051 1 
1.67979 1 
3.18409 1 
2.91232 1 
-2.36881 1 
-1.97146 1 
-1.8106 1 
-3.1526 1 
-0.0181362 1 
-3.87199 1 
1.16662 1 
0.953669 1 
0.870661 1 
-3.37618 1 
-0.899388 1 
2.2289 1 
1.3823 1 
-1.0141 1 
-1.12179 1 
-1.52416 1 
-1.35054 1 
0.814058 1 
-2.68684 1 
-2.54525 1 
0.757454 1 
0.700851 1 
ZONE T="boundary2"
4 -0.252711 
4 -0.209217 
4 -0.136921 
4 0.430588 
4 0.0841938 
4 0.140843 
4 0.374484 
4 0.197492 
4 0.00978406 
4 -1 
4 -0.657128 
4 -0.462512 
4 -0.296205 
4 -0.828564 
4 1 
4 -0.0646257 
4 -0.379359 
4 -0.337782 
4 0.257937 
4 0.505772 
4 0.580956 
4 0.790478 
4 -0.274458 
4 0.318381 
4 -0.230964 
4 0.112518 
4 0.402536 
4 0.0469889 
4 -0.55982 
4 -0.742846 
4 -0.100774 
4 -0.173069 
4 -0.316994 
4 0.169168 
4 0.543364 
4 -0.0274208 
4 0.685717 
4 0.46818 
4 -0.914282 
4 0.895239 
4 -0.263585 
4 -0.35857 
4 -0.285332 
4 -0.420935 
4 0.288159 
4 0.346433 
4 0.227715 
ZONE T="boundary3"
0.466136 -1 
-0.838603 -1 
-0.724748 -1 
0.058725 -1 
0.67616 -1 
0.566153 -1 
-0.405384 -1 
-0.328301 -1 
-1.16232 -1 
-1.26318 -1 
-0.610893 -1 
1.40505 -1 
3.52794 -1 
3.31426 -1 
-3.49063 -1 
-1.06147 -1 
3.76397 -1 
4 -1 
-2.98338 -1 
-2.74034 -1 
2.02868 -1 
2.20766 -1 
2.97845 -1 
-1.74954 -1 
-2.47803 -1 
-2.21571 -1 
-1.46455 -1 
-1.60704 -1 
-1.98263 -1 
-3.35852 -1 
-3.22641 -1 
3.14635 -1 
2.42514 -1 
0.305723 -1 
0.38593 -1 
-0.508139 -1 
-0.122065 -1 
-0.186641 -1 
0.112081 -1 
0.200912 -1 
0.253318 -1 
0.0053688 -1 
-0.058348 -1 
0.786167 -1 
-0.251217 -1 
-4 -1 
-3.74531 -1 
-0.950035 -1 
0.887027 -1 
0.987887 -1 
1.141 -1 
1.06444 -1 
1.21755 -1 
1.2941 -1 
-1.36386 -1 
2.64263 -1 
1.51599 -1 
1.68285 -1 
1.8497 -1 
-0.781676 -1 
0.621156 -1 
-0.366843 -1 
-1.21275 -1 
-0.667821 -1 
3.4211 -1 
-1.1119 -1 
3.88199 -1 
-2.86186 -1 
2.11817 -1 
-2.34687 -1 
-1.5358 -1 
-3.29246 -1 
3.23031 -1 
0.345827 -1 
-0.559516 -1 
-0.154353 -1 
0.156497 -1 
0.279521 -1 
0.227115 -1 
0.426033 -1 
0.0854031 -1 
-0.0264896 -1 
0.0320469 -1 
0.516144 -1 
0.731163 -1 
-0.289759 -1 
-0.456762 -1 
-3.87266 -1 
-0.894319 -1 
3.0624 -1 
0.937457 -1 
1.10272 -1 
0.836597 -1 
1.25583 -1 
3.64596 -1 
-3.61797 -1 
-1.31352 -1 
2.81054 -1 
2.3164 -1 
1.59942 -1 
1.76628 -1 
1.93919 -1 
-2.09917 -1 
-3.10489 -1 
-1.67829 -1 
2.53389 -1 
-1.86608 -1 
-0.0902064 -1 
-0.218929 -1 
-1.41421 -1 
-1.00575 -1 
1.02616 -1 
1.17927 -1 
-3.42457 -1 
1.34957 -1 
1.46052 -1 
-2.60919 -1 
ZONE T="boundary4"
0.608734 0.192962 
0.598517 0.214842 
-0.544427 0.204752 
-0.240169 0.359696 
-0.515837 0.231987 
-0.632206 -0.0133438 
-0.57153 0.172428 
0.624592 0.150042 
0.554618 0.284085 
0.585282 0.239369 
0.570629 0.262604 
-0.218995 0.365569 
-0.32075 0.334909 
-0.339857 0.328252 
-0.393575 0.307017 
-0.376215 0.31436 
-0.502826 0.242749 
0.617788 0.170352 
-0.6297 0.0268184 
-0.626567 0.0467751 
-0.622161 0.0664717 
-0.559434 0.187858 
-0.616472 0.0858464 
0.546087 0.294177 
-0.603572 0.118481 
-0.609525 0.10477 
-0.590125 0.144203 
-0.596953 0.131881 
0.515709 0.324419 
0.526656 0.314409 
0.53714 0.303926 
-0.582738 0.156212 
0.636888 0.0897635 
-0.196722 0.371526 
-0.174418 0.37728 
-0.358102 0.321506 
-0.488824 0.253397 
-0.474448 0.263425 
-0.459205 0.27316 
-0.443622 0.282272 
-0.427321 0.291014 
-0.528453 0.220643 
0.50335 0.334729 
0.490524 0.344461 
-0.410738 0.299195 
-0.301557 0.341242 
-0.261308 0.353604 
-0.281459 0.347554 
-0.127329 0.388754 
-0.102381 0.394447 
-0.0773694 0.399861 
-0.0508269 0.405256 
-0.150893 0.383127 
0.634259 0.109226 
0.630195 0.129285 
0.633673 0.0126745 
0.636588 0.0317503 
0.358082 0.407183 
0.385432 0.398494 
-0.631566 0.0067661 
0.437911 0.376313 
0.477391 0.353533 
0.463877 0.362034 
0.061942 0.423184 
0.0916731 0.426271 
0.152383 0.429959 
0.182617 0.430326 
0.242911 0.427697 
0.272527 0.424559 
0.301707 0.420119 
0.330549 0.414273 
0.212895 0.429599 
-0.0241879 0.410267 
0.63808 0.0509166 
0.638176 0.0703015 
0.592093 0.22721 
0.121972 0.428576 
0.00402106 0.415087 
0.0323497 0.41937 
0.41191 0.3883 
0.603773 0.203971 
-0.229589 0.362657 
-0.330318 0.331624 
-0.384918 0.310744 
0.621334 0.160245 
-0.628293 0.0368214 
-0.624524 0.0566589 
-0.565595 0.180231 
-0.619476 0.0762056 
0.550404 0.289174 
-0.606633 0.111662 
-0.59361 0.138081 
0.521238 0.319474 
0.531957 0.309226 
-0.577259 0.164405 
-0.586499 0.150249 
-0.600345 0.125221 
0.562841 0.273506 
-0.185576 0.374427 
-0.552066 0.196425 
-0.509386 0.237434 
-0.481687 0.258484 
-0.466876 0.26837 
-0.451457 0.27779 
0.496992 0.339668 
-0.402185 0.303169 
-0.419062 0.295171 
-0.271392 0.350609 
-0.207865 0.368573 
-0.311166 0.338113 
-0.114863 0.391633 
-0.0641079 0.402604 
-0.139118 0.385968 
-0.367179 0.317985 
-0.613155 0.0953655 
0.635736 0.0995161 
0.635308 0.0221846 
-0.0898833 0.397191 
-0.348996 0.324925 
-0.43551 0.286716 
-0.632037 -0.00328424 
-0.291518 0.344432 
0.50959 0.329646 
0.484007 0.349069 
0.613426 0.181723 
0.470679 0.357855 
-0.536558 0.212816 
0.0767965 0.424824 
0.167498 0.430273 
0.257736 0.42629 
0.316165 0.417379 
-0.250746 0.356678 
0.227912 0.428801 
-0.0375175 0.407813 
0.627556 0.139707 
0.638303 0.0606075 
0.632389 0.119288 
0.595353 0.221052 
0.541663 0.299097 
-0.162662 0.38023 
0.344362 0.410911 
0.37182 0.403037 
0.106813 0.427534 
0.137171 0.429389 
0.0181737 0.4173 
0.287143 0.422511 
0.39875 0.393602 
0.0471337 0.421364 
-0.0100952 0.412741 
-0.49588 0.248146 
0.578169 0.251121 
0.637702 0.0800431 
-0.630788 0.0168065 
0.63751 0.041319 
-0.522205 0.226381 
0.588738 0.233316 
0.197758 0.430105 
0.451027 0.369415 
0.425011 0.382524 
ZONE T="boundary5"
-0.24487 -0.495858 
-0.267872 -0.486979 
-0.57075 -0.226133 
-0.580724 -0.207764 
-0.523917 -0.296439 
-0.510317 -0.313143 
0.492139 -0.208295 
0.512782 -0.185611 
-0.629976 -0.0534148 
-0.631661 -0.0334172 
-0.632206 -0.0133438 
-0.612803 -0.131892 
-0.618573 -0.112535 
-0.627203 -0.073278 
-0.623388 -0.0929879 
-0.589999 -0.189086 
-0.412163 -0.405418 
0.533331 -0.163056 
-0.2209 -0.504088 
-0.290534 -0.477247 
-0.374203 -0.431819 
-0.333648 -0.455829 
-0.354146 -0.444195 
0.616712 -0.0425012 
0.60847 -0.0601093 
-0.145933 -0.523512 
-0.119491 -0.528177 
-0.1714 -0.517956 
-0.196649 -0.511397 
-0.536848 -0.279229 
-0.598528 -0.170065 
-0.560145 -0.24415 
-0.548831 -0.261906 
-0.393426 -0.418964 
-0.495677 -0.329774 
-0.464279 -0.361592 
-0.48041 -0.345844 
0.576102 -0.111708 
0.623694 -0.0244917 
0.629358 -0.00611123 
-0.430131 -0.391399 
-0.0378747 -0.53551 
-0.0653962 -0.534238 
-0.0929276 -0.531739 
-0.00932935 -0.535499 
0.0190537 -0.534096 
0.0772213 -0.526579 
0.106667 -0.520179 
0.245313 -0.460616 
0.135465 -0.51205 
0.164021 -0.501993 
0.191969 -0.490037 
0.219134 -0.476208 
0.357552 -0.364694 
0.2922 -0.426505 
0.339669 -0.383223 
0.374972 -0.345633 
0.393303 -0.324701 
-0.606104 -0.151083 
0.411324 -0.303487 
0.316175 -0.405757 
0.633673 0.0126745 
0.598976 -0.0774132 
0.588499 -0.0941148 
0.548339 -0.146073 
0.471318 -0.231897 
0.450838 -0.256047 
0.562875 -0.128732 
-0.447567 -0.376735 
-0.312288 -0.466935 
0.26906 -0.444379 
0.431116 -0.279766 
0.0483303 -0.531124 
-0.256412 -0.491525 
-0.575818 -0.216992 
-0.517198 -0.304856 
0.502436 -0.196927 
-0.630958 -0.0434279 
-0.632079 -0.0233846 
-0.615802 -0.122247 
-0.628723 -0.063365 
-0.621101 -0.102791 
0.523082 -0.174354 
-0.232924 -0.500087 
-0.279249 -0.482219 
-0.34395 -0.450105 
0.612736 -0.0513739 
-0.132735 -0.52598 
-0.158694 -0.52086 
-0.208809 -0.507858 
-0.530468 -0.287898 
-0.594361 -0.179619 
-0.55457 -0.25308 
-0.565525 -0.235187 
-0.402857 -0.412277 
-0.383873 -0.425479 
-0.472418 -0.353794 
-0.503077 -0.321529 
-0.421212 -0.398491 
0.626692 -0.0153533 
-0.0516418 -0.535029 
0.00487155 -0.534974 
0.0919923 -0.523601 
0.149823 -0.507253 
0.178093 -0.496247 
0.232349 -0.468628 
0.34868 -0.374027 
0.384186 -0.33521 
-0.602418 -0.160614 
0.402345 -0.31412 
0.328054 -0.394631 
0.593852 -0.0858366 
0.46103 -0.243927 
0.555677 -0.137461 
0.582413 -0.102992 
0.569577 -0.120289 
0.540878 -0.154602 
0.603856 -0.068835 
0.631689 0.00324104 
0.62036 -0.0335579 
-0.488119 -0.33788 
0.366318 -0.355216 
-0.542924 -0.270625 
-0.609562 -0.141525 
-0.455993 -0.369241 
-0.58545 -0.198469 
-0.625423 -0.0831574 
-0.184056 -0.5148 
-0.323019 -0.461481 
-0.364231 -0.438099 
0.280754 -0.435607 
-0.438917 -0.384148 
-0.301458 -0.472191 
-0.0236013 -0.535676 
0.121129 -0.516338 
0.257305 -0.452675 
0.421238 -0.29164 
0.481671 -0.22004 
-0.106227 -0.530096 
0.062808 -0.529054 
0.205665 -0.48335 
0.304327 -0.416296 
-0.0791748 -0.53314 
0.0337126 -0.532807 
0.44097 -0.267898 
