ZONE T="boundary0"
-4 -1 
-4 -0.782466 
-4 0.776016 
-4 1 
-4 -0.476052 
-4 -0.564931 
-4 -0.673699 
-4 -0.285139 
-4 -0.336156 
-4 -0.258491 
-4 -0.097757 
-4 -0.178547 
-4 -0.231843 
-4 -0.0169667 
-4 0.471404 
-4 0.24415 
-4 0.35412 
-4 0.317463 
-4 0.280806 
-4 0.214726 
-4 0.390776 
-4 0.552032 
-4 -0.387173 
-4 0.155878 
-4 0.185302 
-4 0.126454 
-4 0.0905986 
-4 0.0547435 
-4 -0.891233 
-4 0.888008 
-4 -0.520492 
-4 -0.728082 
-4 -0.310648 
-4 -0.205195 
-4 -0.0573619 
-4 0.335791 
-4 0.299135 
-4 0.229438 
-4 0.664024 
-4 -0.361665 
-4 -0.431613 
-4 -0.271815 
-4 -0.245167 
-4 -0.138152 
-4 0.262478 
-4 0.372448 
-4 0.200014 
-4 0.43109 
-4 -0.619315 
-4 0.511718 
-4 0.141166 
-4 0.17059 
-4 0.108526 
-4 0.072671 
-4 0.0188884 
ZONE T="boundary1"
1.69034 1 
1.87122 1 
3.84824 1 
0.162389 1 
0.0955048 1 
0.511976 1 
4 1 
3.39296 1 
3.54472 1 
2.86493 1 
-0.632701 1 
-0.742353 1 
0.732287 1 
0.851649 1 
2.26366 1 
-4 1 
2.47522 1 
-2.47173 1 
-2.23406 1 
3.26095 1 
-1.99638 1 
-2.96671 1 
-3.16883 1 
-3.37095 1 
0.622132 1 
-0.031928 1 
-0.0924758 1 
0.239052 1 
0.0286198 1 
0.413845 1 
0.315715 1 
-0.534474 1 
-0.14627 1 
-0.200064 1 
-0.318156 1 
-0.436247 1 
-0.852006 1 
-0.968714 1 
3.69648 1 
-1.31427 1 
-1.19985 1 
1.08301 1 
0.97101 1 
1.30668 1 
1.19501 1 
1.41835 1 
1.55435 1 
2.0521 1 
-3.52821 1 
-2.71922 1 
-1.08542 1 
-1.81233 1 
-1.62827 1 
-3.68547 1 
3.12894 1 
-0.377201 1 
-0.25911 1 
-1.47127 1 
-1.54977 1 
1.78078 1 
0.128947 1 
3.92412 1 
3.46884 1 
-0.687527 1 
0.791968 1 
-2.35289 1 
2.67007 1 
-3.06777 1 
0.567054 1 
-0.0622019 1 
0.200721 1 
0.0620622 1 
0.46291 1 
0.277383 1 
-0.119373 1 
-0.173167 1 
-0.48536 1 
-0.797179 1 
-0.91036 1 
3.6206 1 
3.77236 1 
-1.25706 1 
0.91133 1 
3.32695 1 
1.25084 1 
1.13901 1 
1.02701 1 
1.36252 1 
1.62234 1 
1.48635 1 
2.36944 1 
1.96166 1 
-3.44958 1 
-2.59547 1 
-2.11522 1 
-3.26989 1 
-2.84296 1 
-1.14263 1 
-1.7203 1 
-3.60684 1 
-3.84274 1 
-1.90435 1 
3.19495 1 
-0.00165408 1 
0.36478 1 
-0.583587 1 
-0.288633 1 
-0.406724 1 
-0.229587 1 
-0.347678 1 
0.677209 1 
-1.39277 1 
-1.58902 1 
2.99693 1 
-1.02707 1 
2.15788 1 
-1.51052 1 
ZONE T="boundary2"
4 -0.350218 
4 -0.706704 
4 -0.282932 
4 -0.235461 
4 -0.537329 
4 0.200439 
4 0.516579 
4 0.663305 
4 -0.142123 
4 -0.188792 
4 0.115594 
4 0.042805 
4 0.328084 
4 0.374613 
4 0.445596 
4 1 
4 -0.853352 
4 -1 
4 -0.443774 
4 0.158016 
4 0.281555 
4 -0.0860531 
4 0.747479 
4 0.831653 
4 -0.0299837 
4 -0.259196 
4 -0.622017 
4 -0.316575 
4 0.589942 
4 -0.165457 
4 0.0791993 
4 0.351348 
4 -0.780028 
4 -0.490552 
4 -0.396996 
4 0.179227 
4 0.240997 
4 0.136805 
4 0.481088 
4 0.410104 
4 0.789566 
4 0.705392 
4 0.915826 
4 -0.926676 
4 0.30482 
4 -0.0580184 
4 -0.114088 
4 0.00641064 
4 -0.212126 
ZONE T="boundary3"
-4 -1 
3.09784 -1 
2.63048 -1 
2.87125 -1 
-0.198996 -1 
-0.12852 -1 
3.7415 -1 
3.483 -1 
0.331616 -1 
-1.00464 -1 
-1.14248 -1 
0.404445 -1 
0.694695 -1 
-2.75914 -1 
-2.92952 -1 
-0.269472 -1 
-0.348644 -1 
1.32312 -1 
3.29042 -1 
-1.9626 -1 
-2.15276 -1 
-3.11328 -1 
-3.29705 -1 
4 -1 
-3.48081 -1 
-3.66457 -1 
-3.83228 -1 
2.38972 -1 
2.17377 -1 
0.0693449 -1 
0.258788 -1 
0.59665 -1 
0.500547 -1 
0.197478 -1 
0.00252268 -1 
0.136168 -1 
-0.0629986 -1 
-0.427815 -1 
-0.568347 -1 
-0.498081 -1 
1.01113 -1 
-0.77755 -1 
-0.672949 -1 
0.79274 -1 
-1.38843 -1 
-1.28032 -1 
1.39054 -1 
1.48812 -1 
1.5857 -1 
0.901936 -1 
1.13342 -1 
1.2557 -1 
1.77176 -1 
1.95782 -1 
-1.77243 -1 
-1.63449 -1 
-1.49654 -1 
-2.58877 -1 
-2.37076 -1 
-0.891095 -1 
2.75086 -1 
-0.163758 -1 
3.61225 -1 
-1.07356 -1 
-2.84433 -1 
-0.234234 -1 
-2.05768 -1 
3.87075 -1 
3.38671 -1 
2.98454 -1 
3.19413 -1 
-3.38893 -1 
-3.74843 -1 
2.28174 -1 
-3.20517 -1 
0.295202 -1 
0.368031 -1 
0.548598 -1 
0.452496 -1 
0.228133 -1 
0.0359339 -1 
-0.030238 -1 
-0.533214 -1 
-0.388229 -1 
-0.462948 -1 
0.102756 -1 
-0.72525 -1 
0.743717 -1 
-1.33438 -1 
1.35683 -1 
1.53691 -1 
-0.309058 -1 
0.645672 -1 
0.956534 -1 
-0.620648 -1 
1.19456 -1 
1.86479 -1 
1.67873 -1 
0.847338 -1 
-3.57269 -1 
-3.91614 -1 
-3.0214 -1 
-1.86752 -1 
-1.56551 -1 
-2.47976 -1 
-2.26176 -1 
1.07227 -1 
2.06579 -1 
2.5101 -1 
0.166823 -1 
-0.0957593 -1 
-0.834323 -1 
-0.947868 -1 
1.43933 -1 
1.28941 -1 
-1.2114 -1 
-1.44248 -1 
-1.70346 -1 
-2.67395 -1 
ZONE T="boundary4"
-0.148505 0.508091 
0.643007 -0.0284068 
0.641535 -0.0154534 
-0.120654 0.514778 
-0.0924965 0.520302 
-0.307488 0.445106 
0.324069 0.433428 
0.348564 0.413888 
-0.356502 0.416097 
-0.380119 0.40021 
-0.639421 0.0243227 
-0.642224 -0.000237225 
-0.634878 0.0490093 
-0.628618 0.0737682 
-0.520225 0.271013 
-0.537088 0.249405 
-0.620683 0.0985117 
0.0217741 0.530015 
0.0504411 0.529163 
-0.590676 0.165907 
-0.60002 0.147624 
-0.61113 0.123147 
-0.580655 0.183842 
-0.558486 0.219201 
-0.569853 0.201696 
-0.468036 0.32774 
-0.447136 0.34716 
-0.547978 0.23444 
-0.00699266 0.529513 
0.272941 0.46677 
0.246398 0.480604 
0.164088 0.511182 
0.191892 0.502741 
-0.485573 0.310136 
-0.425464 0.365736 
-0.502431 0.291902 
-0.282159 0.458175 
-0.332277 0.431073 
-0.0641593 0.524617 
-0.0355994 0.527704 
-0.230013 0.481307 
-0.203234 0.491324 
0.55137 0.168439 
0.533375 0.192154 
-0.176064 0.500259 
-0.256323 0.470251 
0.079175 0.5269 
0.10768 0.523192 
0.135976 0.517979 
0.613523 0.072878 
0.600407 0.0970977 
0.568981 0.144653 
0.394893 0.369726 
0.416661 0.345573 
0.298844 0.451058 
0.372149 0.392627 
0.495899 0.242539 
0.514555 0.217143 
0.457648 0.294617 
0.437554 0.320424 
0.476918 0.268675 
0.219396 0.492555 
0.624543 0.0481593 
0.639419 -0.00261438 
-0.403132 0.383407 
0.633229 0.0229709 
0.58529 0.121203 
0.642352 -0.0219198 
-0.106603 0.517689 
0.336462 0.423854 
-0.368388 0.408266 
-0.641037 0.012066 
-0.631947 0.0614378 
-0.52877 0.260296 
-0.62484 0.0861995 
0.0361156 0.52976 
-0.585746 0.174919 
-0.564236 0.210491 
-0.575328 0.192814 
-0.595436 0.15681 
-0.457685 0.337556 
-0.55328 0.226854 
0.259777 0.473903 
0.178052 0.507165 
-0.605742 0.13546 
-0.542581 0.241958 
-0.637356 0.036703 
-0.436393 0.356555 
-0.476885 0.319017 
-0.294888 0.451763 
-0.319951 0.438209 
-0.344462 0.423701 
-0.049894 0.526318 
-0.216674 0.48645 
0.542387 0.180297 
-0.162324 0.504317 
-0.189694 0.495929 
-0.134614 0.51158 
-0.269301 0.464339 
-0.0213035 0.528769 
0.00739092 0.529931 
0.093454 0.52523 
-0.0783491 0.522612 
-0.511442 0.281553 
0.607179 0.0851046 
-0.243223 0.475909 
0.56024 0.156586 
-0.494089 0.301098 
0.405907 0.357776 
0.360505 0.403434 
0.505195 0.229806 
0.447688 0.30759 
0.48642 0.25561 
0.121865 0.520776 
0.0648251 0.52821 
0.150081 0.514778 
0.311592 0.44245 
0.232988 0.486793 
0.205721 0.497859 
0.286015 0.459127 
0.523942 0.204615 
0.619288 0.0606346 
0.640556 -0.0090198 
-0.391708 0.391919 
0.636635 0.0102575 
-0.616086 0.110898 
-0.414385 0.374679 
0.57725 0.133003 
0.383665 0.381331 
0.467341 0.281688 
0.629173 0.0356682 
0.59302 0.109255 
0.427218 0.333095 
ZONE T="boundary5"
0.585688 -0.225758 
0.599931 -0.202865 
0.0645831 -0.399896 
0.092547 -0.401517 
0.533713 -0.287658 
0.513257 -0.305356 
-0.562331 -0.232711 
-0.553679 -0.241662 
-0.639958 -0.072489 
-0.642512 -0.0487129 
-0.585963 -0.20416 
-0.570636 -0.223432 
0.643976 -0.0542567 
0.643007 -0.0284068 
0.623191 -0.15512 
0.631839 -0.130485 
-0.592958 -0.194205 
-0.59955 -0.183972 
0.63828 -0.10542 
-0.629354 -0.118814 
-0.621272 -0.141205 
-0.611327 -0.162966 
-0.525295 -0.26679 
-0.535162 -0.25872 
-0.162561 -0.376527 
-0.220972 -0.368647 
-0.250397 -0.36424 
0.00853692 -0.395503 
-0.019579 -0.392851 
-0.0479314 -0.389946 
-0.133609 -0.38014 
-0.0762989 -0.386853 
-0.104939 -0.383571 
-0.191557 -0.372732 
0.340688 -0.384954 
0.313752 -0.3906 
-0.493549 -0.28885 
-0.515116 -0.274467 
-0.33792 -0.347871 
-0.366466 -0.340845 
-0.420651 -0.32379 
-0.642224 -0.000237225 
0.419319 -0.359971 
-0.470549 -0.301841 
-0.394036 -0.332874 
0.203776 -0.402474 
0.175992 -0.403219 
0.120372 -0.402657 
0.148246 -0.403252 
0.0366678 -0.397877 
0.231405 -0.400935 
0.259029 -0.398502 
0.286437 -0.395097 
0.393567 -0.369742 
0.367439 -0.378002 
0.438116 -0.351671 
0.456551 -0.342437 
0.468529 -0.335785 
0.491596 -0.321311 
0.552614 -0.268409 
0.635342 -0.118013 
0.612497 -0.17927 
0.64237 -0.0799615 
-0.279809 -0.359394 
-0.309143 -0.353966 
-0.446224 -0.313464 
-0.643261 -0.0245988 
-0.635576 -0.0958922 
0.569901 -0.247726 
0.592997 -0.214429 
0.0785601 -0.400761 
0.523663 -0.296713 
-0.558049 -0.237227 
-0.641464 -0.0606265 
-0.57849 -0.213944 
0.643817 -0.0413153 
0.627771 -0.14289 
-0.596306 -0.189122 
-0.625543 -0.130092 
-0.566529 -0.228111 
-0.605654 -0.173588 
-0.530268 -0.262804 
-0.235688 -0.36649 
-0.00552388 -0.394208 
-0.0337575 -0.391424 
-0.0906193 -0.38523 
-0.206266 -0.370723 
-0.148085 -0.378354 
0.32725 -0.38793 
-0.504472 -0.281863 
-0.352225 -0.344488 
0.189884 -0.402941 
-0.380295 -0.33701 
0.106455 -0.40215 
0.0506205 -0.398932 
0.162116 -0.403319 
0.245224 -0.399836 
0.217593 -0.40181 
0.272746 -0.396929 
0.300115 -0.392991 
0.380557 -0.374049 
0.406514 -0.365047 
0.447391 -0.347169 
0.462569 -0.339163 
0.502578 -0.31354 
0.480194 -0.328758 
0.428766 -0.355932 
0.633659 -0.124268 
0.606419 -0.191176 
0.636883 -0.111733 
0.640628 -0.0927356 
-0.407404 -0.328501 
0.0225984 -0.396728 
-0.17706 -0.374654 
0.618073 -0.167295 
-0.616524 -0.152187 
-0.119273 -0.381873 
-0.294489 -0.356763 
-0.0621167 -0.388421 
0.134304 -0.403028 
-0.323553 -0.351023 
-0.58951 -0.199217 
0.354105 -0.381645 
-0.265111 -0.36188 
0.643491 -0.067125 
-0.643112 -0.036664 
-0.544588 -0.25037 
-0.632696 -0.107416 
-0.637998 -0.0842346 
-0.642963 -0.0124099 
-0.520245 -0.270677 
0.577982 -0.236879 
0.561458 -0.258235 
0.543361 -0.278226 
-0.482168 -0.295549 
-0.458484 -0.30785 
-0.433516 -0.318813 
