ZONE T="boundary0"
-4 -0.440362 
-4 0.182006 
-4 0.135867 
-4 0.502316 
-4 0.420231 
-4 0.338146 
-4 0.0201045 
-4 -0.251552 
-4 -0.223991 
-4 -0.141309 
-4 -1 
-4 0.228145 
-4 0.283145 
-4 0.626737 
-4 0.751158 
-4 -0.19643 
-4 -0.280712 
-4 -0.0606022 
-4 1 
-4 -0.512534 
-4 -0.368191 
-4 -0.6344 
-4 -0.756267 
-4 -0.309872 
-4 0.158936 
-4 0.461273 
-4 -0.237772 
-4 0.0779856 
-4 0.205075 
-4 0.310645 
-4 0.564526 
-4 0.688947 
-4 -0.16887 
-4 -0.0202488 
-4 0.875579 
-4 -0.476448 
-4 -0.404277 
-4 -0.573467 
-4 -0.695333 
-4 -0.878133 
-4 -0.295292 
-4 -0.266132 
-4 -0.339032 
-4 -0.210211 
-4 0.255645 
-4 0.379188 
-4 -0.100956 
ZONE T="boundary1"
0.974727 1 
0.904422 1 
1.99469 1 
2.1285 1 
3.69073 1 
4 1 
0.357265 1 
0.697135 1 
-0.537617 1 
0.162049 1 
-0.0252796 1 
-0.0848051 1 
0.424023 1 
-1.9994 1 
-2.2832 1 
3.44251 1 
1.22874 1 
-0.266172 1 
-3.53311 1 
-3.84437 1 
3.19429 1 
-1.49184 1 
1.71043 1 
1.85256 1 
1.43521 1 
-2.9383 1 
-3.15789 1 
-3.37748 1 
2.70162 1 
2.94796 1 
0.561795 1 
0.492909 1 
0.226278 1 
0.290507 1 
0.0981475 1 
0.0342459 1 
-0.209027 1 
-0.146916 1 
-0.323318 1 
-0.43761 1 
-0.637623 1 
-0.811446 1 
1.06732 1 
0.765626 1 
0.629465 1 
-1.02615 1 
-0.918798 1 
0.834117 1 
-3.68874 1 
-4 1 
-1.34184 1 
-1.10507 1 
1.15991 1 
1.57282 1 
-1.18399 1 
-2.56701 1 
-1.64185 1 
-1.82063 1 
2.48197 1 
2.26231 1 
1.29756 1 
0.939574 1 
2.0616 1 
3.84536 1 
-0.0550423 1 
-2.1413 1 
3.56662 1 
3.3184 1 
1.7815 1 
-3.26768 1 
2.82479 1 
0.527352 1 
0.323886 1 
0.390644 1 
0.258392 1 
0.194163 1 
0.0661967 1 
-0.177971 1 
-0.2376 1 
-0.380464 1 
-0.58762 1 
-0.294745 1 
-0.11586 1 
0.458466 1 
-0.487613 1 
0.731381 1 
0.00448315 1 
-0.724535 1 
0.59563 1 
-0.972474 1 
-0.865122 1 
0.86927 1 
-3.76655 1 
-3.92218 1 
1.19433 1 
1.64163 1 
1.50402 1 
-3.0481 1 
-2.42511 1 
-2.75266 1 
1.92363 1 
-1.73124 1 
-1.91001 1 
2.59179 1 
-1.56685 1 
0.6633 1 
0.799872 1 
1.02102 1 
1.11362 1 
0.130098 1 
-3.61092 1 
2.37214 1 
2.1954 1 
-1.14453 1 
-1.06561 1 
1.26315 1 
3.07112 1 
-1.26292 1 
1.36639 1 
-1.41684 1 
-3.45529 1 
ZONE T="boundary2"
4 -0.803769 
4 0.180955 
4 0.135509 
4 -0.206467 
4 -0.228289 
4 0.273419 
4 0.334996 
4 1 
4 0.2264 
4 0.392097 
4 0.555289 
4 -0.607537 
4 -1 
4 0.449198 
4 0.0870133 
4 -0.13247 
4 -0.0584736 
4 0.66138 
4 -0.271932 
4 -0.25011 
4 -0.42725 
4 0.83069 
4 0.0385177 
4 -0.517393 
4 -0.293754 
4 -0.360502 
4 -0.472322 
4 0.158232 
4 -0.217378 
4 0.203677 
4 -0.705653 
4 -0.901884 
4 0.420647 
4 0.363546 
4 0.111261 
4 -0.095472 
4 0.608334 
4 -0.261021 
4 0.502243 
4 0.746035 
4 0.915345 
4 -0.169469 
4 -0.2392 
4 -0.282843 
4 -0.393876 
4 -0.327128 
4 0.304207 
4 0.24991 
4 -0.449786 
4 -0.562465 
4 0.0627655 
4 -0.00997797 
4 -0.494858 
ZONE T="boundary3"
-3.62453 -1 
-3.81226 -1 
-0.852946 -1 
-0.749671 -1 
0.371502 -1 
-0.901883 -1 
0.599666 -1 
-0.395799 -1 
0.701754 -1 
0.803842 -1 
-0.624252 -1 
1.05944 -1 
-4 -1 
-1.93914 -1 
-1.75776 -1 
3.13115 -1 
3.51815 -1 
-3.19583 -1 
-2.99997 -1 
-1.57639 -1 
-2.15371 -1 
2.92472 -1 
2.71829 -1 
-2.8041 -1 
-2.58619 -1 
-2.36828 -1 
3.75907 -1 
4 -1 
-0.177233 -1 
-0.0162421 -1 
0.141806 -1 
0.0863653 -1 
0.215278 -1 
-0.0634091 -1 
0.288751 -1 
0.441199 -1 
0.0309249 -1 
-0.283584 -1 
-0.248134 -1 
-0.472564 -1 
-0.319035 -1 
-0.548408 -1 
0.510895 -1 
-0.686962 -1 
-0.950821 -1 
0.93164 -1 
1.19963 -1 
-1.08954 -1 
-1.19942 -1 
-3.41018 -1 
1.36607 -1 
-1.30931 -1 
1.44929 -1 
1.62555 -1 
1.90467 -1 
-1.44285 -1 
2.11227 -1 
2.31986 -1 
2.51907 -1 
1.71859 -1 
-0.212684 -1 
-0.120321 -1 
1.53251 -1 
-3.71839 -1 
-0.801308 -1 
0.752798 -1 
-3.90613 -1 
-1.84845 -1 
3.32465 -1 
-3.0979 -1 
-1.66708 -1 
-2.04642 -1 
2.8215 -1 
-2.47723 -1 
3.87954 -1 
0.114085 -1 
0.178542 -1 
-0.0398256 -1 
0.252014 -1 
0.0073414 -1 
-0.265859 -1 
0.406351 -1 
-0.434182 -1 
-0.357417 -1 
-0.510486 -1 
0.55528 -1 
0.330127 -1 
-0.58633 -1 
-0.655607 -1 
-0.718316 -1 
0.867741 -1 
1.12953 -1 
0.65071 -1 
-3.303 -1 
0.995539 -1 
1.28285 -1 
-3.51735 -1 
-1.25436 -1 
-1.50962 -1 
-1.37608 -1 
3.63861 -1 
-2.26099 -1 
2.00847 -1 
2.21606 -1 
2.41947 -1 
2.61868 -1 
1.81163 -1 
-2.90203 -1 
-2.69515 -1 
-0.194959 -1 
-0.148777 -1 
-0.230409 -1 
0.0586451 -1 
-0.0918652 -1 
-0.30131 -1 
0.476047 -1 
-0.926352 -1 
-0.877415 -1 
-1.14448 -1 
3.02793 -1 
-1.02018 -1 
1.4909 -1 
1.40768 -1 
1.67207 -1 
1.57903 -1 
ZONE T="boundary4"
-0.241806 0.472381 
-0.0715448 0.550872 
0.647129 0.158521 
0.539558 0.553033 
0.519336 0.561274 
0.715234 0.293968 
0.592264 0.525504 
0.614368 0.510527 
0.659619 0.174773 
0.633843 0.142693 
0.699208 0.241938 
0.711627 0.277192 
0.671034 0.191118 
-0.572575 0.0487948 
-0.592035 -0.0413921 
-0.586336 -0.00729656 
-0.578752 0.0263233 
-0.219975 0.485186 
-0.557109 0.0947672 
-0.545959 0.122363 
-0.534977 0.146624 
0.619318 0.126774 
-0.464391 0.266713 
0.509511 0.0368235 
-0.406337 0.338229 
-0.421067 0.321808 
-0.387482 0.357886 
-0.448031 0.288874 
-0.347239 0.395477 
-0.325884 0.413346 
0.674531 0.451458 
-0.286233 0.443262 
-0.264275 0.458193 
-0.306305 0.428619 
0.604033 0.111319 
-0.197734 0.497303 
0.294227 -0.0436671 
0.325033 -0.0380656 
-0.175232 0.508669 
-0.152377 0.519351 
-0.126724 0.530369 
0.587331 0.095721 
-0.100708 0.540556 
-0.0420276 0.5602 
0.0605001 0.584821 
0.0240786 0.577375 
-0.0091357 0.569361 
0.717354 0.310902 
0.0971805 0.590976 
0.136131 0.596102 
0.263231 -0.047668 
0.231376 -0.0502012 
-0.367915 0.376849 
0.579356 0.533193 
0.715117 0.359258 
0.552953 0.546938 
0.635521 0.493523 
0.717968 0.327378 
0.411346 -0.0126509 
0.383714 -0.0224561 
0.463074 0.01039 
0.438115 -0.00152181 
0.569845 0.0806477 
0.487073 0.0233281 
0.137656 -0.0496285 
0.168564 -0.0510172 
0.199661 -0.0512641 
0.550866 0.0655774 
0.531053 0.0511414 
0.566162 0.540369 
0.478921 0.574791 
0.498977 0.568536 
0.655908 0.473763 
0.681607 0.207956 
0.216866 0.602257 
0.25856 0.603068 
0.299882 0.602205 
0.175263 0.599833 
0.702282 0.403032 
0.689645 0.428502 
0.450533 0.582301 
0.422416 0.58837 
0.717168 0.343773 
0.690913 0.22469 
0.706139 0.259339 
0.70757 0.388986 
0.71185 0.374505 
-0.523107 0.170458 
0.354619 -0.0310439 
-0.502194 0.208107 
-0.479886 0.243959 
-0.565576 0.0710234 
0.34295 0.599406 
0.382045 0.595011 
0.529494 0.557271 
0.603458 0.51823 
0.653465 0.166579 
0.713611 0.285544 
0.665423 0.182879 
-0.589427 -0.0243036 
-0.582779 0.00956638 
-0.551686 0.108627 
-0.540583 0.134546 
-0.413764 0.330074 
-0.397 0.348144 
-0.456322 0.277874 
-0.336643 0.404508 
-0.275318 0.450821 
-0.296328 0.43602 
-0.316157 0.421061 
0.611753 0.118973 
-0.208903 0.491332 
0.309665 -0.0410703 
-0.186528 0.503072 
-0.163846 0.514096 
-0.139596 0.524965 
-0.253101 0.465382 
-0.113757 0.535566 
-0.0568257 0.555659 
0.00743664 0.573511 
0.116632 0.593715 
0.247314 -0.0491255 
-0.377784 0.367456 
-0.357663 0.386257 
0.585847 0.529415 
0.54628 0.550042 
0.625125 0.502256 
-0.0256229 0.564927 
0.397598 -0.0177369 
0.450672 0.00428028 
-0.0861713 0.545839 
0.475156 0.0167158 
0.153097 -0.0504571 
0.184105 -0.0512924 
0.541038 0.0582584 
0.559586 0.543712 
0.560436 0.0730172 
0.488978 0.571759 
0.595762 0.103439 
0.578665 0.0881 
0.279224 0.60285 
0.64057 0.150539 
0.15568 0.598142 
0.509194 0.565013 
0.696368 0.415977 
0.717743 0.335587 
0.686375 0.216259 
0.676429 0.19947 
0.702837 0.250575 
0.709843 0.381788 
0.695198 0.233248 
0.716481 0.302415 
0.709077 0.268209 
0.626664 0.134661 
0.520365 0.0438653 
0.424807 -0.00726151 
0.717839 0.319137 
0.70505 0.396058 
0.498373 0.0299498 
-0.230942 0.47887 
-0.52915 0.158595 
0.339873 -0.0347521 
0.215519 -0.0509065 
-0.5129 0.189422 
0.369227 -0.0269479 
0.0788131 0.588058 
0.0422554 0.581262 
-0.434798 0.305543 
-0.491249 0.226166 
-0.569177 0.0599411 
0.196052 0.601244 
0.572794 0.536844 
0.682414 0.440203 
0.665527 0.462875 
0.645956 0.4839 
0.278751 -0.045862 
0.716297 0.351544 
0.464771 0.57872 
-0.561457 0.0829362 
-0.472241 0.255405 
0.237708 0.602868 
0.362522 0.59744 
0.402275 0.591969 
-0.575768 0.0375876 
0.321431 0.601058 
0.436506 0.585488 
0.713634 0.366911 
ZONE T="boundary5"
-0.411735 -0.583103 
-0.394896 -0.59969 
-0.457348 -0.530905 
-0.471955 -0.511466 
-0.540789 -0.391483 
-0.595767 -0.0755806 
-0.597545 -0.109702 
-0.529624 -0.415373 
-0.515178 -0.443131 
-0.583023 -0.261804 
-0.575136 -0.29473 
0.0468712 -0.746159 
-0.262138 -0.694622 
-0.169644 -0.732735 
-0.202117 -0.721552 
-0.312603 -0.664988 
-0.288344 -0.680095 
-0.35758 -0.632257 
-0.336042 -0.648744 
0.0129012 -0.752307 
-0.0232192 -0.754833 
-0.133884 -0.742444 
-0.553999 -0.359554 
-0.565447 -0.327307 
-0.341555 -0.286883 
-0.371957 -0.255505 
-0.305842 -0.311275 
-0.27381 -0.326862 
-0.183558 -0.35407 
-0.240253 -0.339127 
-0.141115 -0.0123349 
-0.212101 -0.347228 
0.0152118 -0.399803 
0.0549453 -0.415528 
-0.592035 -0.0413921 
-0.589182 -0.228419 
-0.441995 -0.549796 
-0.394229 -0.215467 
-0.402816 -0.169861 
-0.247785 -0.0140194 
-0.193756 -0.00977748 
-0.301395 -0.0289624 
-0.340295 -0.0505758 
-0.372969 -0.082058 
-0.0855763 -0.0192845 
0.124436 -0.711937 
0.133866 -0.704772 
0.114011 -0.718837 
0.142556 -0.697227 
0.150191 -0.689673 
0.16432 -0.672545 
0.157118 -0.681881 
0.170613 -0.66298 
0.176049 -0.653185 
0.18846 -0.618059 
0.185142 -0.630784 
0.18064 -0.643209 
0.1903 -0.607358 
0.146653 -0.479641 
0.102816 -0.725252 
0.0936963 -0.436143 
0.084931 -0.0449847 
0.0747328 -0.425251 
0.162756 -0.499987 
0.191334 -0.596172 
0.0899735 -0.731539 
0.076567 -0.737059 
0.190573 -0.572175 
0.188918 -0.561388 
0.182185 -0.537257 
0.186205 -0.549755 
0.191388 -0.582366 
0.17443 -0.519566 
-0.500181 -0.468995 
0.137656 -0.0496285 
0.135849 -0.468529 
-0.0290311 -0.386539 
-0.232529 -0.708962 
-0.132584 -0.364423 
-0.0811657 -0.374506 
-0.376576 -0.616355 
-0.59542 -0.177751 
-0.597412 -0.143729 
-0.0979295 -0.749474 
-0.0608418 -0.753773 
-0.0550337 -0.380178 
-0.395346 -0.123217 
0.0274923 -0.037368 
-0.0293477 -0.0282873 
0.12423 -0.458135 
0.109387 -0.44663 
-0.592765 -0.203143 
0.111243 -0.0476314 
0.0561491 -0.0414422 
-0.403396 -0.591477 
-0.464744 -0.521254 
-0.596897 -0.0926288 
-0.522562 -0.429335 
-0.579305 -0.27832 
-0.535323 -0.403482 
-0.18596 -0.727402 
-0.300567 -0.672691 
-0.275336 -0.68753 
-0.346907 -0.640623 
-0.00508245 -0.754033 
-0.151834 -0.737908 
-0.55993 -0.343503 
-0.357644 -0.272056 
-0.324244 -0.299879 
-0.290053 -0.319533 
-0.25717 -0.333367 
0.0352786 -0.407194 
-0.594144 -0.0584598 
-0.324422 -0.657008 
-0.449762 -0.540423 
-0.384594 -0.236322 
-0.400458 -0.193032 
-0.220859 -0.0108325 
-0.167415 -0.0104119 
-0.357747 -0.0651546 
-0.321481 -0.0386208 
-0.113315 -0.0154285 
-0.427168 -0.56672 
0.0300237 -0.749714 
0.129212 -0.708428 
0.119284 -0.715469 
0.146435 -0.69351 
0.160807 -0.677281 
0.173423 -0.658135 
0.186947 -0.624467 
0.178438 -0.648243 
0.0833223 -0.734401 
0.189482 -0.612731 
0.189847 -0.566774 
0.10847 -0.72213 
0.187679 -0.555553 
0.191071 -0.57727 
0.168926 -0.509614 
0.190927 -0.601782 
-0.486483 -0.490502 
-0.507825 -0.456146 
-0.197865 -0.350779 
0.141356 -0.473993 
0.18433 -0.543474 
0.191528 -0.589281 
0.178579 -0.528319 
0.0618915 -0.742049 
0.183032 -0.637054 
0.167556 -0.667822 
0.153718 -0.685832 
0.0964537 -0.728498 
0.138275 -0.701069 
-0.547598 -0.375602 
-0.226234 -0.343364 
0.064919 -0.420242 
-0.247435 -0.702008 
-0.158122 -0.359422 
-0.38582 -0.608117 
-0.0793973 -0.752008 
-0.217411 -0.715483 
-0.0420022 -0.754742 
-0.597715 -0.126716 
-0.0420101 -0.383258 
-0.385847 -0.101716 
-0.401121 -0.146213 
-0.275019 -0.0199428 
-0.0009699 -0.0329287 
0.155067 -0.489576 
0.130137 -0.463244 
0.101642 -0.441264 
0.0843165 -0.430539 
0.11692 -0.45225 
-0.586308 -0.245149 
-0.594213 -0.19046 
-0.11595 -0.746295 
-0.596644 -0.160754 
-0.570507 -0.311082 
-0.367164 -0.624402 
-0.106874 -0.369373 
0.0980746 -0.0463836 
0.0418047 -0.0394623 
0.0705219 -0.0432885 
-0.00678567 -0.392756 
-0.0680884 -0.377271 
-0.591086 -0.215797 
-0.0574682 -0.0236744 
0.124438 -0.0487169 
