ZONE T="boundary0"
-4 -0.202939 
-4 -0.275647 
-4 0.23062 
-4 0.26182 
-4 0.19942 
-4 0.159281 
-4 0.788503 
-4 1 
-4 -0.0317764 
-4 0.436009 
-4 0.577007 
-4 -0.448954 
-4 -0.346239 
-4 -0.117358 
-4 -0.397596 
-4 -0.642056 
-4 0.119141 
-4 0.324219 
-4 0.380114 
-4 -1 
-4 -0.821028 
-4 -0.239293 
-4 0.24622 
-4 0.179351 
-4 0.894252 
-4 0.506508 
-4 -0.310943 
-4 -0.423275 
-4 -0.545505 
-4 -0.371918 
-4 0.139211 
-4 -0.160148 
-4 -0.074567 
-4 0.0436825 
-4 0.293019 
-4 0.352167 
-4 0.408062 
-4 0.682755 
-4 0.21502 
-4 -0.731542 
-4 -0.910514 
ZONE T="boundary1"
-3.16398 1 
-3.84882 1 
-4 1 
-0.00183343 1 
0.0515551 1 
0.102909 1 
-0.201256 1 
-0.469163 1 
-0.567616 1 
-0.128239 1 
-0.666069 1 
-1.1338 1 
-1.24226 1 
3.13156 1 
-1.83833 1 
-2.06646 1 
-3.39526 1 
-3.69763 1 
2.69789 1 
2.51111 1 
2.91473 1 
-2.51678 1 
-2.93269 1 
0.668227 1 
2.0869 1 
-2.29162 1 
-0.055222 1 
0.280656 1 
0.21746 1 
0.154263 1 
-0.245135 1 
-0.289014 1 
0.322456 1 
0.364256 1 
0.558041 1 
0.447855 1 
0.786127 1 
0.904027 1 
1.39189 1 
1.46582 1 
-0.379089 1 
1.02357 1 
1.53975 1 
-0.892609 1 
-0.779339 1 
-1.35073 1 
-1.48046 1 
-1.61019 1 
1.26751 1 
1.6946 1 
-1.0132 1 
1.14312 1 
4 1 
3.6741 1 
3.40283 1 
1.84945 1 
2.20562 1 
2.32434 1 
-3.92441 1 
0.0772322 1 
-0.51839 1 
-0.164748 1 
-1.18803 1 
-1.9524 1 
-3.54645 1 
2.80631 1 
-2.72474 1 
-2.17904 1 
-0.0285277 1 
0.249058 1 
0.128586 1 
0.185862 1 
-0.267075 1 
0.0248608 1 
-0.0917306 1 
0.301556 1 
-0.223196 1 
0.406055 1 
0.845077 1 
0.502948 1 
0.613134 1 
1.42886 1 
0.9638 1 
1.50278 1 
-0.616842 1 
-0.722704 1 
0.727177 1 
-0.835974 1 
-1.29649 1 
-1.54533 1 
-1.41559 1 
1.3297 1 
-3.27962 1 
-3.77322 1 
-0.952906 1 
-1.72426 1 
1.20531 1 
3.83705 1 
1.08335 1 
-1.0735 1 
3.53847 1 
-2.4042 1 
-3.04833 1 
1.96818 1 
2.6045 1 
3.02315 1 
2.41772 1 
2.14626 1 
1.77203 1 
-0.424126 1 
-0.334052 1 
0.343356 1 
3.2672 1 
1.61718 1 
2.26498 1 
ZONE T="boundary2"
4 -0.34283 
4 -0.581884 
4 -0.190504 
4 -0.123193 
4 -0.480312 
4 0.356297 
4 0.424066 
4 0.0473452 
4 -0.0379237 
4 0.161632 
4 -0.841728 
4 -0.683455 
4 0.568049 
4 0.712033 
4 -1 
4 -0.257816 
4 -0.411571 
4 0.288527 
4 1 
4 0.22508 
4 -0.156849 
4 0.390181 
4 0.00471073 
4 0.104489 
4 -0.762592 
4 0.640041 
4 -0.22416 
4 -0.0805582 
4 -0.300323 
4 -0.445941 
4 -0.531098 
4 -0.377201 
4 0.322412 
4 0.496058 
4 0.856016 
4 -0.920864 
4 0.193356 
4 0.256803 
4 -0.63267 
ZONE T="boundary3"
-3.73326 -1 
-3.2386 -1 
-3.01069 -1 
3.07852 -1 
-0.812758 -1 
-0.75356 -1 
0.306577 -1 
1.27868 -1 
1.37156 -1 
-0.931152 -1 
-0.595546 -1 
-0.49673 -1 
0.40404 -1 
0.501504 -1 
-1.17488 -1 
2.60832 -1 
2.37124 -1 
-1.05302 -1 
-3.46652 -1 
0.61247 -1 
3.74186 -1 
1.72529 -1 
3.48373 -1 
4 -1 
-2.70643 -1 
1.06839 -1 
1.1858 -1 
-2.09557 -1 
2.84342 -1 
-0.229345 -1 
-0.118389 -1 
-0.347759 -1 
-0.0613943 -1 
-0.288552 -1 
0.173386 -1 
-0.694363 -1 
0.837206 -1 
0.950977 -1 
-0.422244 -1 
-0.00439916 -1 
0.0844933 -1 
-4 -1 
0.723436 -1 
-1.29759 -1 
1.47057 -1 
1.56959 -1 
1.881 -1 
-1.6479 -1 
-1.53409 -1 
-2.31563 -1 
-2.51103 -1 
-1.8755 -1 
2.12612 -1 
-1.42029 -1 
-2.85856 -1 
-1.7617 -1 
-3.12465 -1 
-0.783159 -1 
-0.871955 -1 
-0.546138 -1 
0.452772 -1 
2.48978 -1 
-0.992084 -1 
0.556987 -1 
3.28112 -1 
3.87093 -1 
1.12709 -1 
3.6128 -1 
-0.173867 -1 
-0.0898919 -1 
-0.258949 -1 
0.894092 -1 
-0.318156 -1 
-0.0328967 -1 
-0.644955 -1 
-0.723962 -1 
0.239981 -1 
-3.86663 -1 
-3.59989 -1 
0.355309 -1 
0.667953 -1 
0.780321 -1 
-1.23623 -1 
1.00968 -1 
1.32512 -1 
1.52008 -1 
1.23224 -1 
1.80315 -1 
1.64744 -1 
-2.41333 -1 
-2.2056 -1 
-3.35256 -1 
2.00356 -1 
2.24868 -1 
2.72587 -1 
2.96097 -1 
-1.47719 -1 
-2.60873 -1 
-2.7825 -1 
-2.93462 -1 
-1.11395 -1 
-0.385002 -1 
-0.459487 -1 
0.0400471 -1 
0.12894 -1 
1.42107 -1 
-1.591 -1 
-1.8186 -1 
-1.7048 -1 
-1.35894 -1 
-1.98553 -1 
ZONE T="boundary4"
0.596367 0.213144 
0.606324 0.189837 
-0.219709 0.422927 
-0.197407 0.431715 
-0.358149 0.351622 
-0.622904 -0.0251373 
-0.61986 -0.00371253 
-0.510281 0.219465 
-0.497855 0.233784 
-0.282189 0.394603 
0.538333 0.317884 
0.528247 0.330952 
0.494752 0.367407 
0.506437 0.355744 
0.61574 0.1663 
0.57199 0.264122 
0.585574 0.236871 
0.648715 0.0360691 
0.646722 0.0542082 
0.482686 0.378457 
0.635077 0.108975 
-0.61563 0.017637 
-0.610208 0.038898 
0.548006 0.304195 
0.556628 0.290887 
-0.603625 0.0599363 
-0.530505 0.194233 
-0.543551 0.176354 
-0.555914 0.157891 
-0.587082 0.101151 
-0.572063 0.130783 
-0.484792 0.248011 
-0.456872 0.275762 
-0.471324 0.261838 
-0.441974 0.2892 
-0.426189 0.302532 
-0.5959 0.0807147 
-0.393164 0.327871 
-0.375981 0.339886 
-0.409997 0.315354 
-0.34001 0.362862 
-0.321173 0.373853 
-0.262064 0.404352 
-0.30206 0.384347 
-0.174881 0.439936 
-0.241004 0.413906 
-0.0772502 0.468447 
-0.102469 0.462152 
-0.151293 0.447864 
0.622954 0.146831 
0.629602 0.127167 
0.649538 0.000107597 
0.419966 0.423437 
0.445607 0.407232 
0.394336 0.437216 
0.368353 0.44909 
0.517623 0.343568 
0.470177 0.388973 
0.126168 0.492991 
0.0942596 0.492287 
0.0334194 0.487624 
0.158072 0.492432 
0.254232 0.482243 
0.285151 0.475855 
0.190493 0.490493 
0.222415 0.487138 
0.649667 0.0180859 
0.63985 0.0906001 
0.643743 0.0723973 
-0.127493 0.45518 
-0.0237272 0.479429 
-0.0505747 0.474321 
0.0637977 0.490485 
0.00477712 0.483972 
0.31449 0.468141 
0.341588 0.459415 
0.601409 0.201517 
-0.208586 0.427392 
-0.621528 -0.0144055 
-0.504117 0.226668 
0.533358 0.324472 
0.500657 0.361639 
0.611106 0.178098 
0.578944 0.25058 
0.647843 0.0451517 
-0.61789 0.00698997 
-0.613063 0.0283033 
0.55238 0.297583 
-0.607056 0.0494603 
0.564534 0.277639 
-0.537115 0.185358 
-0.549829 0.167188 
-0.57984 0.116102 
-0.491374 0.240945 
-0.464155 0.26886 
-0.434135 0.29593 
-0.591621 0.0909884 
-0.384615 0.33394 
-0.418142 0.309006 
-0.449478 0.282542 
-0.47811 0.254976 
-0.330628 0.36842 
-0.272157 0.399541 
-0.31165 0.379161 
-0.349117 0.357303 
-0.367105 0.345816 
-0.18617 0.435897 
-0.230385 0.418483 
-0.0898814 0.465384 
-0.251565 0.409196 
-0.163113 0.443977 
-0.520554 0.20698 
-0.292157 0.389539 
-0.599898 0.0703755 
0.626357 0.137025 
0.543241 0.311091 
0.432935 0.415571 
0.407267 0.430542 
0.523002 0.337318 
0.476486 0.383782 
0.488777 0.372997 
0.512095 0.349717 
0.110211 0.492793 
0.142123 0.492874 
0.269735 0.479252 
0.206475 0.489 
-0.401627 0.321675 
0.632419 0.118094 
0.591046 0.225042 
0.61941 0.156588 
0.649741 0.00909524 
0.641901 0.0815204 
0.645348 0.063321 
0.637558 0.0998112 
-0.139417 0.451599 
-0.115005 0.45875 
-0.0371698 0.476972 
-0.0639341 0.471479 
0.0485963 0.489185 
0.0190837 0.485911 
0.299874 0.472197 
0.3281 0.463963 
0.0790209 0.491521 
-0.564205 0.144466 
0.381437 0.443355 
0.355047 0.454449 
-0.00949299 0.481811 
0.238356 0.484888 
0.174294 0.49164 
0.649322 0.0270839 
0.458067 0.398341 
ZONE T="boundary5"
-0.410642 -0.434134 
-0.560286 -0.293505 
-0.571382 -0.27459 
0.396594 -0.287811 
0.37435 -0.295666 
-0.616788 -0.152603 
-0.620637 -0.131622 
0.625229 -0.101932 
0.613953 -0.123591 
-0.622904 -0.0251373 
-0.590544 -0.235171 
-0.581443 -0.255153 
-0.61184 -0.173447 
-0.605824 -0.194104 
-0.59866 -0.214849 
-0.623375 -0.110506 
-0.625454 -0.0679641 
-0.203105 -0.472668 
-0.275344 -0.473335 
-0.298876 -0.470585 
-0.251389 -0.474586 
-0.345089 -0.460485 
-0.367584 -0.453139 
-0.227432 -0.47435 
-0.17888 -0.469633 
-0.129819 -0.459717 
-0.154305 -0.46526 
0.345011 -0.305079 
-0.624985 -0.0892833 
-0.469527 -0.395752 
-0.48746 -0.380579 
-0.548169 -0.311842 
-0.534707 -0.329993 
-0.389372 -0.444375 
-0.0800229 -0.445337 
0.632025 -0.0859114 
-0.450788 -0.409731 
-0.322259 -0.466281 
-0.0546248 -0.436734 
-0.431058 -0.422606 
-0.10517 -0.453069 
-0.504396 -0.364409 
-0.520274 -0.347363 
-0.624765 -0.0465654 
-0.0292504 -0.427544 
-0.00275612 -0.417538 
0.079673 -0.386118 
0.0517078 -0.396611 
0.109036 -0.375524 
0.229373 -0.337756 
0.199248 -0.346432 
0.138402 -0.36547 
0.168867 -0.355649 
0.259343 -0.329417 
0.287449 -0.32167 
0.418574 -0.279251 
0.315374 -0.313829 
0.462802 -0.258849 
0.485518 -0.246294 
0.507648 -0.232422 
0.54893 -0.201042 
0.558265 -0.192635 
0.567298 -0.183892 
0.584471 -0.165229 
0.592468 -0.15539 
0.600055 -0.14519 
0.637794 -0.0693092 
0.645923 -0.0351779 
0.642421 -0.0524066 
0.648292 -0.0176814 
0.649538 0.000107597 
0.440892 -0.269554 
0.528689 -0.217461 
0.0237993 -0.40732 
0.474239 -0.252726 
-0.565959 -0.284124 
0.3855 -0.291819 
-0.618849 -0.142139 
0.619837 -0.112891 
-0.576537 -0.264939 
-0.614447 -0.163059 
-0.602367 -0.204522 
-0.287136 -0.47215 
-0.263381 -0.47415 
-0.356398 -0.457001 
-0.215264 -0.473685 
-0.14204 -0.462624 
-0.166576 -0.4676 
0.359715 -0.300476 
-0.624322 -0.0999073 
-0.478607 -0.388303 
-0.541561 -0.321012 
-0.40009 -0.439431 
-0.0673059 -0.441117 
-0.420941 -0.428536 
-0.460264 -0.402888 
-0.0925742 -0.449305 
-0.554349 -0.302757 
-0.586114 -0.245219 
-0.512456 -0.356003 
-0.239416 -0.474649 
-0.625254 -0.0572616 
-0.62398 -0.0358401 
-0.608959 -0.183815 
-0.496045 -0.372622 
-0.0159943 -0.422576 
0.065682 -0.391327 
0.094342 -0.380763 
-0.0419237 -0.432196 
-0.333723 -0.463573 
0.21431 -0.342046 
0.123705 -0.37043 
0.153624 -0.360486 
0.244361 -0.333562 
-0.310605 -0.468627 
0.40762 -0.283628 
0.330214 -0.309521 
0.496674 -0.239519 
0.553634 -0.19688 
0.588521 -0.160353 
0.596317 -0.150332 
0.635049 -0.0776595 
0.628759 -0.0939784 
0.607251 -0.134553 
0.644315 -0.0438218 
0.649057 -0.00879727 
0.640249 -0.0608972 
0.64725 -0.0264494 
-0.59472 -0.22506 
-0.625363 -0.0786287 
-0.441023 -0.416327 
-0.19098 -0.471313 
-0.117473 -0.456513 
-0.622145 -0.121084 
0.451907 -0.264332 
-0.37855 -0.448938 
-0.527609 -0.33878 
0.518275 -0.225104 
0.0377496 -0.40195 
0.301424 -0.317778 
0.273405 -0.325545 
0.0105232 -0.412438 
0.184049 -0.350976 
0.46854 -0.255826 
0.538942 -0.209426 
0.429782 -0.27452 
0.479899 -0.24955 
0.56282 -0.188307 
0.576068 -0.174734 
