ZONE T="boundary0"
-4 -0.643696 
-4 -0.311924 
-4 -0.23678 
-4 -0.0959888 
-4 -0.0388762 
-4 0.144525 
-4 0.102429 
-4 0.0182364 
-4 0.270855 
-4 0.242777 
-4 -0.166384 
-4 -0.383961 
-4 -0.455998 
-4 -0.821848 
-4 -1 
-4 0.475278 
-4 0.387106 
-4 0.86882 
-4 0.737639 
-4 -0.549847 
-4 0.298933 
-4 0.606459 
-4 1 
-4 0.343019 
-4 0.186621 
-4 -0.0674325 
-4 0.123477 
-4 0.0603325 
-4 0.256816 
-4 -0.131187 
-4 -0.910924 
-4 0.431192 
-4 0.803229 
-4 -0.201582 
-4 -0.0103199 
-4 -0.274352 
-4 -0.347942 
-4 -0.502922 
-4 -0.419979 
-4 0.540869 
-4 0.672049 
-4 -0.596771 
-4 -0.732772 
-4 0.93441 
-4 0.320976 
-4 0.214699 
-4 0.284894 
-4 0.365063 
-4 0.165573 
ZONE T="boundary1"
1.89747 1 
1.70907 1 
-1.11362 1 
0.343837 1 
0.24149 1 
0.446184 1 
-0.186539 1 
0.159303 1 
0.0771155 1 
1.12973 1 
0.902017 1 
1.01587 1 
-1.26126 1 
-1.04858 1 
-1.34386 1 
-1.73692 1 
-1.8935 1 
-2.08517 1 
-2.47445 1 
-2.67207 1 
2.08587 1 
2.3102 1 
-3.25853 1 
-3.48936 1 
3.42438 1 
3.56829 1 
-2.84989 1 
3.00631 1 
3.21535 1 
-3.74468 1 
-0.322042 1 
-0.254291 1 
-0.395253 1 
-0.468464 1 
-0.607711 1 
-0.654127 1 
-0.0521572 1 
-0.119348 1 
0.0124791 1 
0.556156 1 
-3.875 1 
-4 1 
-0.898556 1 
3.71219 1 
4 1 
-1.17866 1 
-1.4621 1 
-1.58034 1 
0.666128 1 
-0.561295 1 
0.784072 1 
1.61722 1 
-2.27683 1 
2.77042 1 
2.53453 1 
1.34168 1 
-3.0277 1 
1.52537 1 
1.43353 1 
-0.776341 1 
-0.715234 1 
1.2357 1 
1.80327 1 
0.292664 1 
0.395011 1 
0.118209 1 
0.958945 1 
-1.81521 1 
-1.98933 1 
-2.57326 1 
-3.37394 1 
3.49633 1 
3.11083 1 
-3.61702 1 
-0.288167 1 
-0.358648 1 
-0.431858 1 
-0.630919 1 
-0.152943 1 
0.0447973 1 
0.50117 1 
-0.0857526 1 
-3.9375 1 
-0.973568 1 
3.8561 1 
-1.14614 1 
-1.21996 1 
-1.30256 1 
-1.52122 1 
-1.40298 1 
-1.0811 1 
3.64024 1 
-3.80984 1 
-0.584503 1 
-1.65863 1 
0.843045 1 
-2.37564 1 
2.19803 1 
2.65247 1 
-2.76098 1 
2.42236 1 
1.5713 1 
-2.9388 1 
-2.181 1 
1.3876 1 
1.99167 1 
2.88836 1 
3.31986 1 
-0.019839 1 
-0.220415 1 
-0.837449 1 
-0.745788 1 
-0.68468 1 
0.200397 1 
-0.514879 1 
1.18272 1 
1.0728 1 
0.7251 1 
1.28869 1 
-3.14312 1 
0.611142 1 
1.47945 1 
1.66314 1 
ZONE T="boundary2"
4 -0.26698 
4 0.235259 
4 0.307015 
4 -0.292927 
4 0.0310563 
4 0.163502 
4 0.0972792 
4 -0.318874 
4 0.377742 
4 0.542747 
4 -0.117888 
4 0.637026 
4 0.448469 
4 0.818513 
4 1 
4 -0.760116 
4 -1 
4 -0.344821 
4 -0.229707 
4 -0.155161 
4 -0.192434 
4 -0.4455 
4 -0.520232 
4 -0.370768 
4 -0.408134 
4 -0.640174 
4 0.271137 
4 -0.279953 
4 0.130391 
4 -0.3059 
4 0.19938 
4 0.0641678 
4 -0.0434159 
4 0.589886 
4 0.495608 
4 0.727769 
4 0.909256 
4 -0.880058 
4 -0.331847 
4 -0.248343 
4 -0.136525 
4 -0.173797 
4 -0.482866 
4 -0.389451 
4 0.342379 
4 -0.700145 
4 0.413105 
4 -0.580203 
4 -0.21107 
4 -0.357795 
4 -0.426817 
ZONE T="boundary3"
-1.61522 -1 
-1.49752 -1 
3.63813 -1 
0.203912 -1 
-0.121397 -1 
-0.29309 -1 
-1.27917 -1 
-0.716856 -1 
-0.613536 -1 
-0.235859 -1 
0.426888 -1 
0.555267 -1 
-4 -1 
-0.00985173 -1 
0.801426 -1 
0.678347 -1 
0.27841 -1 
-0.430268 -1 
-0.510216 -1 
3.08269 -1 
3.27626 -1 
-3.75485 -1 
-1.37982 -1 
1.82376 -1 
-3.33352 -1 
-3.15734 -1 
-2.7289 -1 
-2.26844 -1 
-2.08768 -1 
-1.90693 -1 
2.88911 -1 
2.22694 -1 
2.46186 -1 
3.81907 -1 
0.0597809 -1 
-0.350321 -1 
0.352649 -1 
1.39323 -1 
0.986547 -1 
-0.837069 -1 
1.52437 -1 
0.893987 -1 
1.23108 -1 
1.28513 -1 
-1.17853 -1 
-1.06791 -1 
-3.5097 -1 
1.6555 -1 
-2.49867 -1 
-2.94312 -1 
-0.957282 -1 
1.99201 -1 
-1.76107 -1 
2.67549 -1 
3.4572 -1 
4 -1 
0.129413 -1 
1.08179 -1 
-0.390295 -1 
1.17703 -1 
-1.55637 -1 
-0.665196 -1 
0.491078 -1 
0.739887 -1 
-0.470242 -1 
3.17948 -1 
-3.24543 -1 
-1.99731 -1 
2.3444 -1 
-0.178628 -1 
-0.0656242 -1 
-0.321706 -1 
0.616807 -1 
0.241161 -1 
0.389769 -1 
-0.561876 -1 
1.4588 -1 
1.2581 -1 
-1.12322 -1 
1.33918 -1 
-3.42161 -1 
-1.43867 -1 
-1.3295 -1 
-2.61379 -1 
-2.38356 -1 
-3.05023 -1 
-2.83601 -1 
-0.897175 -1 
1.90788 -1 
-1.834 -1 
-1.68814 -1 
1.58993 -1 
-0.776963 -1 
2.10947 -1 
1.73963 -1 
2.56867 -1 
3.36673 -1 
3.7286 -1 
3.90953 -1 
-3.87742 -1 
-2.17806 -1 
-3.63227 -1 
2.9859 -1 
2.7823 -1 
0.0249646 -1 
0.0945972 -1 
0.31553 -1 
0.166663 -1 
0.940267 -1 
0.847706 -1 
1.03417 -1 
-0.370308 -1 
-0.410282 -1 
-0.264475 -1 
-1.22885 -1 
-1.01259 -1 
3.54767 -1 
1.12941 -1 
1.20405 -1 
ZONE T="boundary4"
-0.215051 0.4312 
-0.191357 0.427115 
-0.627826 0.0218146 
0.53673 0.232266 
0.645784 0.00261934 
0.64567 0.0217892 
0.555733 0.21481 
-0.630462 0.0856379 
-0.167622 0.422293 
-0.473007 0.384699 
0.644238 0.04094 
-0.503657 0.361466 
-0.345153 0.433557 
-0.403374 0.419304 
-0.629083 0.10713 
-0.626542 0.12861 
-0.62284 0.149964 
-0.629805 0.0429028 
-0.615225 0.181307 
-0.605781 0.210313 
-0.59793 0.230175 
-0.577761 0.271069 
-0.589142 0.249482 
-0.48878 0.373476 
-0.456669 0.394864 
-0.565039 0.291737 
-0.142461 0.41658 
-0.117266 0.410443 
-0.554564 0.306661 
0.603652 0.155847 
-0.439491 0.40411 
-0.421839 0.412213 
-0.324463 0.436012 
-0.51789 0.348506 
-0.530985 0.335119 
-0.543386 0.320935 
-0.630694 0.0641817 
-0.384567 0.425186 
-0.237699 0.43427 
-0.260278 0.436376 
-0.364964 0.429986 
-0.303662 0.437266 
-0.282002 0.437378 
0.637303 0.0786722 
0.641453 0.0599301 
0.644624 -0.016705 
-0.090201 0.403613 
0.516861 0.2482 
-0.0631057 0.396747 
-0.0338508 0.389519 
0.331738 0.32678 
0.215852 0.346027 
0.245804 0.341848 
0.274985 0.337398 
0.304058 0.332361 
0.493394 0.264408 
0.359245 0.320243 
0.385944 0.312714 
0.41232 0.303874 
-0.00457883 0.382656 
0.058409 0.369625 
0.185755 0.35006 
0.154277 0.354329 
0.122619 0.358888 
0.573855 0.195628 
0.631586 0.0977059 
0.59061 0.174883 
0.624117 0.117071 
0.615278 0.135644 
0.466625 0.279931 
0.438917 0.293243 
0.0269397 0.375816 
0.0905855 0.363951 
-0.203192 0.429257 
0.645888 0.0122049 
-0.179479 0.424782 
-0.624835 0.139314 
-0.619343 0.165716 
-0.60198 0.220295 
-0.583625 0.260371 
-0.593659 0.239887 
-0.496307 0.367583 
-0.464916 0.389908 
-0.571574 0.281515 
-0.129857 0.41355 
-0.559897 0.299269 
-0.430729 0.408301 
-0.334831 0.434938 
-0.524531 0.341906 
-0.537283 0.328115 
-0.480979 0.37921 
-0.630389 0.0535379 
-0.412665 0.415906 
-0.394019 0.422392 
-0.627957 0.117889 
-0.248983 0.43545 
-0.448153 0.399623 
-0.314076 0.436784 
-0.292838 0.437467 
-0.628951 0.0323474 
-0.355089 0.431921 
0.639548 0.0693384 
-0.10373 0.407044 
-0.549068 0.313873 
0.526924 0.240401 
-0.226367 0.432845 
-0.0484819 0.393098 
-0.0766544 0.400171 
0.643016 0.0504597 
-0.27114 0.43701 
-0.629916 0.096395 
0.230833 0.343971 
0.289535 0.334968 
0.317917 0.329677 
0.505278 0.25653 
-0.510868 0.355092 
0.399186 0.308468 
-0.019221 0.386034 
0.170018 0.352174 
0.200807 0.34805 
0.138448 0.356564 
0.634624 0.0882423 
0.597311 0.165489 
0.619871 0.12644 
0.628039 0.10746 
-0.63072 0.0749131 
0.645359 -0.00705211 
-0.374806 0.427739 
0.60967 0.145863 
0.564969 0.205389 
-0.155031 0.4195 
0.34552 0.323643 
0.372633 0.316629 
0.425697 0.298764 
0.0111727 0.379161 
0.0426677 0.372641 
0.260403 0.339683 
0.0744927 0.366709 
0.106601 0.361354 
0.645122 0.0313769 
0.546377 0.223703 
0.582442 0.185427 
0.480163 0.272443 
0.45289 0.286845 
-0.610767 0.195901 
ZONE T="boundary5"
0.541833 -0.291303 
0.556199 -0.265253 
-0.275075 -0.417282 
0.471898 -0.380672 
0.490532 -0.361471 
-0.137707 -0.470703 
-0.555938 -0.17249 
-0.544277 -0.190094 
-0.624798 0.000991914 
-0.627826 0.0218146 
0.628859 -0.0932881 
0.62262 -0.112326 
-0.620758 -0.0195479 
-0.60295 -0.0792258 
-0.615748 -0.0397653 
0.61576 -0.131174 
-0.609802 -0.0596573 
-0.566957 -0.154439 
-0.253712 -0.427414 
-0.231559 -0.437162 
-0.336491 -0.383734 
-0.355824 -0.371654 
-0.296137 -0.406548 
-0.316481 -0.395434 
-0.11294 -0.477627 
-0.162259 -0.463073 
-0.209135 -0.446283 
-0.185819 -0.455009 
-0.505764 -0.240618 
-0.491638 -0.256935 
-0.476969 -0.272762 
-0.532016 -0.207281 
-0.586649 -0.117384 
-0.595227 -0.0984587 
-0.519141 -0.224154 
-0.374787 -0.358999 
-0.393132 -0.345927 
-0.445266 -0.303476 
-0.428404 -0.318168 
-0.411059 -0.332282 
-0.461394 -0.288403 
0.581405 -0.212388 
0.569133 -0.238994 
-0.577258 -0.13597 
0.638778 -0.055159 
0.644624 -0.016705 
0.0808039 -0.506535 
0.0507234 -0.504952 
0.0219982 -0.502431 
-0.00663912 -0.498952 
-0.0611044 -0.489695 
-0.0339414 -0.494745 
-0.0871119 -0.484043 
0.173258 -0.504203 
0.204762 -0.500686 
0.14213 -0.50626 
0.1109 -0.507003 
0.326557 -0.47072 
0.354427 -0.459266 
0.236257 -0.495604 
0.267527 -0.488851 
0.383379 -0.44499 
0.411484 -0.428398 
0.43224 -0.414095 
0.452219 -0.398374 
0.642256 -0.0359953 
0.590542 -0.19192 
0.607813 -0.151348 
0.599453 -0.171386 
0.634277 -0.074256 
0.526262 -0.315925 
0.509063 -0.339498 
0.298249 -0.480368 
0.549195 -0.27838 
0.481376 -0.371232 
-0.550187 -0.181344 
-0.626443 0.0113854 
0.625825 -0.102834 
-0.622905 -0.00930195 
0.619258 -0.121774 
-0.612892 -0.0497454 
-0.606488 -0.0694801 
-0.24267 -0.432367 
-0.346203 -0.377766 
-0.285645 -0.411991 
-0.326529 -0.389657 
-0.125348 -0.474254 
-0.15001 -0.466977 
-0.197508 -0.450729 
-0.220379 -0.441801 
-0.498768 -0.248834 
-0.618375 -0.0296859 
-0.484373 -0.264913 
-0.538218 -0.198739 
-0.59104 -0.107967 
-0.512514 -0.232436 
-0.38401 -0.352534 
-0.365354 -0.365398 
-0.41979 -0.325296 
-0.436898 -0.310894 
-0.453397 -0.29601 
-0.599196 -0.0888847 
-0.525644 -0.215768 
0.575325 -0.225716 
0.562782 -0.252183 
-0.469253 -0.280653 
-0.572201 -0.145256 
-0.561534 -0.163517 
0.0657576 -0.50588 
0.00766572 -0.50081 
-0.0203062 -0.496955 
-0.0741289 -0.486965 
0.189033 -0.502629 
0.12652 -0.506792 
0.157707 -0.5054 
-0.100049 -0.480931 
0.25194 -0.492441 
0.397592 -0.436967 
0.421972 -0.421409 
0.462206 -0.389691 
0.442354 -0.406396 
0.340584 -0.465215 
0.640648 -0.0456005 
-0.40215 -0.339176 
0.585998 -0.202164 
0.603675 -0.161384 
0.595029 -0.181665 
0.611846 -0.141283 
0.636644 -0.0647345 
0.631669 -0.0838002 
-0.264429 -0.422423 
-0.58205 -0.126726 
0.643585 -0.0263677 
-0.306349 -0.401064 
-0.174067 -0.459124 
0.534241 -0.303741 
0.499991 -0.350652 
0.0958509 -0.506911 
0.312476 -0.475753 
0.282952 -0.484835 
-0.0475421 -0.492325 
0.517864 -0.327863 
0.0363511 -0.503812 
0.369032 -0.452391 
0.220544 -0.498345 
