ZONE T="boundary0"
-4 -0.855049 
-4 -0.269624 
-4 0.191668 
-4 0.214875 
-4 0.342037 
-4 0.293588 
-4 0.390485 
-4 0.475026 
-4 0.238082 
-4 -0.19558 
-4 -0.232602 
-4 -0.130766 
-4 -0.336311 
-4 -0.536844 
-4 0.119687 
-4 0.00248023 
-4 -0.0641429 
-4 -0.382507 
-4 -0.428704 
-4 0.559567 
-4 -0.623471 
-4 -0.710097 
-4 1 
-4 0.669675 
-4 0.779783 
-4 -1 
-4 0.203272 
-4 0.317812 
-4 0.432756 
-4 -0.214091 
-4 -0.302967 
-4 0.155678 
-4 0.226479 
-4 0.265835 
-4 0.0610837 
-4 -0.251113 
-4 -0.163173 
-4 -0.0974545 
-4 -0.405606 
-4 0.517296 
-4 -0.0308314 
-4 0.366261 
-4 -0.482774 
-4 -0.666784 
-4 0.724729 
-4 0.614621 
-4 0.889892 
-4 -0.927524 
-4 -0.782573 
-4 -0.359409 
-4 -0.580157 
ZONE T="boundary1"
2.36139 1 
2.0926 1 
1.65282 1 
-0.806593 1 
-0.0708673 1 
-0.141814 1 
-3.79752 1 
-0.495299 1 
-0.61144 1 
-0.709017 1 
-3.59503 1 
-3.24415 1 
-3.33187 1 
0.547007 1 
2.51388 1 
4 1 
3.75 1 
-3.04052 1 
2.97133 1 
-1.32467 1 
-1.46659 1 
-2.25295 1 
-2.48849 1 
-2.0174 1 
3.24297 1 
-0.208634 1 
-0.275455 1 
-0.327307 1 
-0.379158 1 
7.92011e-05 1 
0.074629 1 
0.319008 1 
0.376007 1 
0.149179 1 
0.639408 1 
-1.09754 1 
-1.2111 1 
-0.9328 1 
0.731809 1 
0.843524 1 
-1.01517 1 
-4 1 
0.433007 1 
1.18524 1 
1.29376 1 
1.07024 1 
-3.41959 1 
-1.6085 1 
-1.81295 1 
3.51462 1 
-3.14233 1 
2.66636 1 
1.40228 1 
1.87271 1 
-2.66269 1 
-2.83689 1 
0.234093 1 
0.955239 1 
-2.9387 1 
1.52755 1 
2.22699 1 
-0.106341 1 
-0.553369 1 
-3.28801 1 
3.875 1 
-1.39563 1 
-2.37072 1 
-2.13518 1 
-0.242045 1 
-0.175224 1 
-0.353233 1 
0.0373541 1 
-0.035394 1 
0.347508 1 
0.593207 1 
-0.757805 1 
-1.15432 1 
-0.660228 1 
-0.869697 1 
0.787666 1 
-0.437229 1 
-1.05636 1 
-3.89876 1 
0.685608 1 
1.2395 1 
1.12774 1 
0.111904 1 
-1.26789 1 
-3.50731 1 
-1.71073 1 
3.3788 1 
2.81884 1 
3.10715 1 
-2.57559 1 
-2.74979 1 
3.63231 1 
-1.91518 1 
-1.53754 1 
1.76276 1 
2.43763 1 
2.59012 1 
1.98265 1 
0.27655 1 
0.899382 1 
-0.301381 1 
0.191636 1 
0.404507 1 
0.490007 1 
-3.69628 1 
-3.19324 1 
-3.09143 1 
-3.37573 1 
-2.88779 1 
-2.98961 1 
1.01274 1 
-0.973985 1 
1.34802 1 
1.59018 1 
1.46491 1 
ZONE T="boundary2"
4 -0.846842 
4 -0.693683 
4 -0.372963 
4 -0.300557 
4 -0.606078 
4 0.188316 
4 0.138828 
4 0.287114 
4 0.336424 
4 -0.176817 
4 -0.445718 
4 -0.00816316 
4 -0.0924899 
4 0.403668 
4 0.470911 
4 0.610456 
4 0.75 
4 -1 
4 1 
4 -0.240294 
4 -0.270425 
4 -0.518473 
4 0.237804 
4 -0.770262 
4 -0.33676 
4 0.163572 
4 -0.0503265 
4 0.437289 
4 0.680228 
4 -0.285491 
4 -0.208555 
4 -0.134653 
4 -0.482096 
4 -0.409341 
4 0.540684 
4 0.0653327 
4 -0.649881 
4 -0.562276 
4 -0.923421 
4 0.875 
4 -0.25536 
4 0.262459 
4 0.311769 
4 0.370046 
4 0.21306 
ZONE T="boundary3"
-3.82983 -1 
0.439114 -1 
-0.0513803 -1 
0.944678 -1 
-0.536725 -1 
0.532339 -1 
0.636884 -1 
0.74143 -1 
1.3158 -1 
1.43463 -1 
1.21337 -1 
4 -1 
3.65344 -1 
1.55346 -1 
-1.54058 -1 
1.83326 -1 
3.04822 -1 
3.19952 -1 
-3.31931 -1 
-2.87253 -1 
-1.88717 -1 
-2.30858 -1 
-2.59056 -1 
-2.09788 -1 
-0.247289 -1 
-0.180966 -1 
0.345889 -1 
-0.442144 -1 
-0.114642 -1 
-0.835596 -1 
0.271867 -1 
0.197845 -1 
0.0583725 -1 
-0.344717 -1 
-0.944576 -1 
0.0118817 -1 
-0.733451 -1 
-0.631305 -1 
-1.05356 -1 
0.843054 -1 
1.02781 -1 
1.11094 -1 
-4 -1 
-3.65966 -1 
1.69336 -1 
-1.2844 -1 
2.00078 -1 
2.1683 -1 
-1.71388 -1 
3.50213 -1 
3.35083 -1 
-1.41249 -1 
2.57222 -1 
2.81022 -1 
2.37026 -1 
-3.48948 -1 
0.104863 -1 
0.485726 -1 
0.689157 -1 
1.37521 -1 
3.82672 -1 
3.12387 -1 
-3.09592 -1 
-2.44957 -1 
-2.20323 -1 
-2.73155 -1 
-0.214128 -1 
0.392501 -1 
0.584611 -1 
-0.147804 -1 
0.234856 -1 
-0.39343 -1 
-0.0197493 -1 
-0.0830114 -1 
-0.682378 -1 
-0.999067 -1 
-0.890086 -1 
-0.489434 -1 
-0.584015 -1 
0.893866 -1 
1.06938 -1 
0.792242 -1 
-3.91491 -1 
-3.74474 -1 
0.986244 -1 
1.16216 -1 
1.26458 -1 
1.49405 -1 
1.62341 -1 
1.76331 -1 
-1.16898 -1 
2.08454 -1 
1.91702 -1 
-1.80052 -1 
3.42648 -1 
-1.47654 -1 
2.69122 -1 
-1.99252 -1 
2.26928 -1 
-3.4044 -1 
-3.57457 -1 
0.308878 -1 
0.151354 -1 
0.0816179 -1 
0.0351271 -1 
-0.296003 -1 
3.57779 -1 
-1.62723 -1 
-0.784523 -1 
3.27518 -1 
-1.34845 -1 
2.92922 -1 
2.47124 -1 
ZONE T="boundary4"
-0.152794 0.401732 
-0.300999 0.414236 
-0.635903 0.0649333 
-0.635324 0.0413322 
-0.63506 0.0887115 
-0.63275 0.112529 
-0.606375 0.21109 
-0.529358 0.325835 
-0.5435 0.311333 
-0.633376 0.0179415 
0.412655 0.318934 
-0.476205 0.366741 
-0.12698 0.397819 
-0.628939 0.136301 
-0.623608 0.159898 
-0.618619 0.177391 
-0.612872 0.194432 
-0.576976 0.267644 
0.646021 0.0365552 
0.646486 0.0212215 
-0.592377 0.240995 
-0.567212 0.282065 
0.389423 0.326967 
-0.435645 0.387411 
0.435333 0.309775 
-0.370335 0.407068 
-0.556752 0.295857 
0.582627 0.196743 
0.591091 0.185511 
0.639369 0.0821259 
0.642475 0.0670167 
-0.513506 0.340048 
-0.599691 0.226204 
-0.392577 0.401995 
-0.07339 0.389637 
-0.100179 0.39369 
0.564592 0.217993 
-0.0174802 0.381851 
0.0117654 0.378274 
-0.414435 0.395436 
-0.324514 0.413112 
-0.34754 0.410763 
-0.277305 0.414227 
-0.253141 0.413205 
0.613419 0.149974 
-0.178595 0.405426 
-0.203714 0.408647 
-0.228796 0.411315 
0.0409035 0.37507 
0.342606 0.339755 
0.366119 0.333845 
-0.495321 0.354125 
-0.456309 0.377827 
0.644686 0.051842 
0.480145 0.286926 
0.501988 0.27291 
0.457535 0.299333 
0.555174 0.22793 
0.523923 0.256427 
0.545426 0.237516 
0.132981 0.366741 
0.164316 0.364138 
0.0712738 0.372079 
0.196947 0.361255 
0.229526 0.357976 
0.290939 0.349806 
0.316831 0.345218 
0.101523 0.369377 
0.599101 0.173915 
0.646102 0.00592504 
0.635426 0.0969178 
0.619477 0.13808 
0.624981 0.125918 
0.6306 0.111596 
0.644885 -0.00945996 
-0.0454036 0.385599 
0.260264 0.354289 
-0.635789 0.0531305 
-0.634089 0.10064 
-0.536546 0.3187 
-0.139884 0.399792 
-0.63452 0.0296246 
-0.62646 0.148145 
-0.615845 0.185947 
-0.621217 0.168676 
0.646362 0.0288913 
-0.584967 0.254492 
-0.60972 0.2028 
-0.572189 0.27492 
0.424053 0.314507 
-0.562074 0.289033 
0.586916 0.19117 
0.641032 0.0745933 
-0.603113 0.218683 
-0.381502 0.404712 
-0.0867833 0.391647 
0.573807 0.207539 
-0.00285775 0.380017 
-0.425115 0.391612 
-0.312769 0.413824 
-0.358971 0.40909 
-0.265223 0.413833 
-0.191149 0.407093 
-0.240965 0.412357 
-0.16569 0.403616 
-0.55025 0.303703 
0.354389 0.336913 
0.377806 0.330533 
-0.403566 0.398903 
-0.485882 0.360612 
-0.446067 0.382808 
-0.113577 0.395753 
-0.21625 0.41006 
0.645463 0.0442078 
0.491189 0.280112 
-0.521555 0.333079 
-0.596114 0.23364 
0.401085 0.323093 
0.446508 0.304717 
0.559927 0.223004 
0.550342 0.232767 
0.534853 0.24718 
0.468941 0.293317 
0.148652 0.365447 
0.0560895 0.373534 
-0.336048 0.412099 
0.213243 0.35968 
0.329741 0.342604 
-0.504546 0.347258 
0.3039 0.347612 
-0.289157 0.414364 
-0.631031 0.124447 
0.595157 0.179755 
0.646399 0.0135704 
0.64369 0.0594448 
0.637504 0.0895497 
0.622301 0.132031 
0.633118 0.104291 
0.62789 0.118795 
0.645595 -0.00177578 
0.606528 0.162104 
-0.635662 0.0768309 
0.616516 0.144061 
-0.466362 0.372469 
0.086401 0.370699 
0.117254 0.368045 
-0.0314417 0.383686 
0.275615 0.35216 
0.0263363 0.376628 
-0.0593966 0.387587 
0.513112 0.264879 
0.244903 0.356217 
0.180636 0.362732 
ZONE T="boundary5"
0.541677 -0.267649 
-0.518573 -0.238544 
-0.585333 -0.137213 
-0.573984 -0.158072 
-0.612901 -0.0726647 
-0.533737 -0.219004 
0.632477 -0.0702209 
-0.604825 -0.0945012 
-0.625579 -0.0280118 
-0.630111 -0.00518356 
-0.633376 0.0179415 
-0.595628 -0.116014 
0.615037 -0.118871 
0.605292 -0.141376 
0.594933 -0.163654 
-0.407566 -0.345993 
-0.428809 -0.329219 
-0.189963 -0.460755 
-0.21595 -0.451294 
-0.241607 -0.440987 
-0.315988 -0.405126 
-0.29167 -0.417896 
0.0877521 -0.508206 
-0.0825393 -0.490317 
-0.16357 -0.469406 
-0.109828 -0.484196 
-0.13691 -0.477206 
-0.561607 -0.178608 
-0.0547973 -0.495611 
-0.548066 -0.199079 
-0.486021 -0.275933 
-0.502713 -0.25751 
0.583753 -0.186634 
-0.339841 -0.391509 
-0.385684 -0.361926 
-0.468141 -0.29407 
-0.449282 -0.311657 
-0.619831 -0.0504984 
0.622409 -0.100158 
0.636622 -0.0551476 
0.0588227 -0.50766 
0.117107 -0.507655 
0.00145587 -0.503516 
-0.026908 -0.500002 
0.0299051 -0.506071 
0.146382 -0.505941 
0.17574 -0.502984 
0.205124 -0.498691 
0.234472 -0.492958 
0.512884 -0.31332 
0.263698 -0.485672 
0.396218 -0.426782 
0.292597 -0.476748 
0.372608 -0.441125 
0.347057 -0.454487 
0.41739 -0.412034 
0.437811 -0.395844 
0.457314 -0.378283 
0.477155 -0.357933 
0.527706 -0.291052 
0.495593 -0.336351 
0.640103 -0.0399993 
0.642869 -0.0247837 
0.555539 -0.242181 
0.563988 -0.225887 
0.572305 -0.209536 
0.644885 -0.00945996 
-0.363035 -0.37714 
-0.266836 -0.429865 
0.320921 -0.466137 
-0.579777 -0.147706 
-0.609001 -0.0836331 
-0.631907 0.00635747 
0.610254 -0.130161 
-0.628002 -0.0166276 
0.600173 -0.152541 
-0.418271 -0.337712 
-0.202995 -0.45613 
-0.228821 -0.446247 
-0.303885 -0.411617 
-0.123396 -0.480809 
-0.150271 -0.473413 
-0.540995 -0.209109 
-0.494462 -0.266808 
-0.554941 -0.188912 
-0.567906 -0.168406 
0.589383 -0.175161 
-0.510733 -0.248102 
-0.327975 -0.398424 
-0.396701 -0.354064 
-0.477178 -0.285096 
-0.590606 -0.126673 
-0.458803 -0.302961 
-0.439137 -0.320544 
-0.616511 -0.0616256 
0.618804 -0.109545 
-0.622856 -0.0392923 
-0.526242 -0.228842 
0.634627 -0.0627051 
0.0732864 -0.508066 
-0.0127398 -0.501878 
0.0156707 -0.504915 
0.161079 -0.504621 
0.219835 -0.496006 
0.131754 -0.506947 
-0.600358 -0.105313 
0.384527 -0.434143 
0.359939 -0.448011 
0.278212 -0.481416 
0.427726 -0.4041 
0.447699 -0.387219 
0.467403 -0.368277 
0.520438 -0.302285 
0.486546 -0.347293 
0.406916 -0.41957 
0.534823 -0.279432 
0.641576 -0.0324079 
0.54871 -0.254973 
0.559785 -0.234044 
0.578054 -0.198096 
0.56816 -0.217717 
0.638447 -0.0475925 
0.627702 -0.0852745 
0.643974 -0.0171346 
-0.176801 -0.465187 
-0.0408699 -0.49792 
-0.0686891 -0.493076 
-0.351503 -0.38443 
0.102434 -0.508073 
0.249135 -0.489509 
-0.279304 -0.423987 
-0.0962076 -0.487366 
0.0443581 -0.506994 
0.190459 -0.501007 
0.504413 -0.324971 
0.334078 -0.46051 
-0.374431 -0.369638 
-0.254268 -0.435532 
0.30684 -0.471658 
