ZONE T="boundary0"
-4 -0.214028 
-4 -0.27585 
-4 -0.35449 
-4 0.507804 
-4 0.443747 
-4 -0.133875 
-4 0.145917 
-4 0.21614 
-4 0.0707856 
-4 -0.00434575 
-4 -0.0691102 
-4 -0.475908 
-4 -0.415199 
-4 0.379689 
-4 0.328126 
-4 0.276562 
-4 1 
-4 0.815426 
-4 -0.60434 
-4 -0.732772 
-4 0.630853 
-4 0.72314 
-4 -0.540124 
-4 -1 
-4 -0.866386 
-4 -0.244939 
-4 0.475775 
-4 -0.173951 
-4 0.181028 
-4 0.0332199 
-4 -0.101492 
-4 -0.445554 
-4 0.302344 
-4 0.907713 
-4 0.246351 
-4 0.108351 
-4 -0.31517 
-4 -0.384844 
-4 -0.668556 
-4 -0.036728 
-4 0.569328 
-4 -0.508016 
-4 -0.572232 
-4 -0.933193 
-4 -0.799579 
-4 0.676996 
-4 0.411718 
-4 0.769283 
-4 0.353908 
ZONE T="boundary1"
-2.75763 1 
-3.04081 1 
1.11779 1 
1.00838 1 
0.67255 1 
0.214864 1 
0.149084 1 
-0.255796 1 
-0.435719 1 
0.0833029 1 
-0.345757 1 
-0.0519493 1 
-0.576248 1 
-1.89103 1 
-2.47445 1 
-4 1 
-3.74398 1 
1.3131 1 
1.45151 1 
1.58992 1 
-2.05189 1 
-2.26317 1 
4 1 
3.82999 1 
3.65999 1 
3.31997 1 
1.94939 1 
1.76965 1 
-2.61604 1 
3.04821 1 
2.32207 1 
2.77644 1 
2.13573 1 
0.0156768 1 
-0.153872 1 
0.400489 1 
0.276739 1 
0.567457 1 
0.338614 1 
-0.716778 1 
0.462365 1 
-0.838518 1 
-0.960258 1 
-1.17563 1 
-1.31556 1 
-3.48796 1 
-1.59283 1 
-1.73017 1 
1.21544 1 
-1.38553 1 
-1.45549 1 
-3.26439 1 
0.898962 1 
0.842359 1 
0.785756 1 
-1.06795 1 
0.729153 1 
-2.89922 1 
1.06308 1 
0.181974 1 
-0.390738 1 
1.52071 1 
-2.15753 1 
3.915 1 
3.48998 1 
1.85952 1 
2.54926 1 
2.04256 1 
0.0494899 1 
-0.102911 1 
-0.300776 1 
0.116193 1 
-0.204834 1 
0.245802 1 
0.369552 1 
-0.646513 1 
-0.505983 1 
0.307677 1 
0.431427 1 
0.620003 1 
-0.777648 1 
0.514911 1 
-1.2456 1 
-3.61597 1 
3.74499 1 
-1.6615 1 
1.26427 1 
-1.42051 1 
1.67979 1 
3.18409 1 
2.91232 1 
-2.36881 1 
-1.97146 1 
-1.8106 1 
-3.1526 1 
-0.0181362 1 
-3.87199 1 
1.16662 1 
0.953669 1 
0.870661 1 
-3.37618 1 
-0.899388 1 
2.2289 1 
1.3823 1 
-1.0141 1 
-1.12179 1 
-1.52416 1 
-1.35054 1 
0.814058 1 
-2.68684 1 
-2.54525 1 
0.757454 1 
0.700851 1 
ZONE T="boundary2"
4 -0.252711 
4 -0.209217 
4 -0.136921 
4 0.430588 
4 0.0841938 
4 0.140843 
4 0.374484 
4 0.197492 
4 0.00978406 
4 -1 
4 -0.657128 
4 -0.462512 
4 -0.296205 
4 -0.828564 
4 1 
4 -0.0646257 
4 -0.379359 
4 -0.337782 
4 0.257937 
4 0.505772 
4 0.580956 
4 0.790478 
4 -0.274458 
4 0.318381 
4 -0.230964 
4 0.112518 
4 0.402536 
4 0.0469889 
4 -0.55982 
4 -0.742846 
4 -0.100774 
4 -0.173069 
4 -0.316994 
4 0.169168 
4 0.543364 
4 -0.0274208 
4 0.685717 
4 0.46818 
4 -0.914282 
4 0.895239 
4 -0.263585 
4 -0.35857 
4 -0.285332 
4 -0.420935 
4 0.288159 
4 0.346433 
4 0.227715 
ZONE T="boundary3"
0.466136 -1 
-0.838603 -1 
-0.724748 -1 
0.058725 -1 
0.67616 -1 
0.566153 -1 
-0.405384 -1 
-0.328301 -1 
-1.16232 -1 
-1.26318 -1 
-0.610893 -1 
1.40505 -1 
3.52794 -1 
3.31426 -1 
-3.49063 -1 
-1.06147 -1 
3.76397 -1 
4 -1 
-2.98338 -1 
-2.74034 -1 
2.02868 -1 
2.20766 -1 
2.97845 -1 
-1.74954 -1 
-2.47803 -1 
-2.21571 -1 
-1.46455 -1 
-1.60704 -1 
-1.98263 -1 
-3.35852 -1 
-3.22641 -1 
3.14635 -1 
2.42514 -1 
0.305723 -1 
0.38593 -1 
-0.508139 -1 
-0.122065 -1 
-0.186641 -1 
0.112081 -1 
0.200912 -1 
0.253318 -1 
0.0053688 -1 
-0.058348 -1 
0.786167 -1 
-0.251217 -1 
-4 -1 
-3.74531 -1 
-0.950035 -1 
0.887027 -1 
0.987887 -1 
1.141 -1 
1.06444 -1 
1.21755 -1 
1.2941 -1 
-1.36386 -1 
2.64263 -1 
1.51599 -1 
1.68285 -1 
1.8497 -1 
-0.781676 -1 
0.621156 -1 
-0.366843 -1 
-1.21275 -1 
-0.667821 -1 
3.4211 -1 
-1.1119 -1 
3.88199 -1 
-2.86186 -1 
2.11817 -1 
-2.34687 -1 
-1.5358 -1 
-3.29246 -1 
3.23031 -1 
0.345827 -1 
-0.559516 -1 
-0.154353 -1 
0.156497 -1 
0.279521 -1 
0.227115 -1 
0.426033 -1 
0.0854031 -1 
-0.0264896 -1 
0.0320469 -1 
0.516144 -1 
0.731163 -1 
-0.289759 -1 
-0.456762 -1 
-3.87266 -1 
-0.894319 -1 
3.0624 -1 
0.937457 -1 
1.10272 -1 
0.836597 -1 
1.25583 -1 
3.64596 -1 
-3.61797 -1 
-1.31352 -1 
2.81054 -1 
2.3164 -1 
1.59942 -1 
1.76628 -1 
1.93919 -1 
-2.09917 -1 
-3.10489 -1 
-1.67829 -1 
2.53389 -1 
-1.86608 -1 
-0.0902064 -1 
-0.218929 -1 
-1.41421 -1 
-1.00575 -1 
1.02616 -1 
1.17927 -1 
-3.42457 -1 
1.34957 -1 
1.46052 -1 
-2.60919 -1 
ZONE T="boundary4"
0.609545 0.194339 
0.59943 0.216373 
-0.540674 0.201948 
-0.238346 0.361751 
-0.512078 0.229274 
-0.630529 -0.0153332 
-0.567897 0.169663 
0.625289 0.151178 
0.555888 0.286218 
0.58633 0.241096 
0.571801 0.264532 
-0.217327 0.367998 
-0.318296 0.335375 
-0.33725 0.328324 
-0.39054 0.306008 
-0.373317 0.313691 
-0.499096 0.240124 
0.618525 0.171592 
-0.627518 0.0247049 
-0.624139 0.0445834 
-0.619496 0.0641931 
-0.555729 0.18506 
-0.613585 0.0834751 
0.547397 0.296415 
-0.600347 0.115946 
-0.606436 0.102304 
-0.586678 0.141544 
-0.593607 0.12928 
0.517114 0.32701 
0.528034 0.316876 
0.538485 0.306271 
-0.579203 0.153503 
0.637596 0.0906803 
-0.19521 0.374322 
-0.173053 0.380413 
-0.355348 0.321202 
-0.485145 0.250899 
-0.47084 0.26109 
-0.455689 0.27103 
-0.440211 0.280377 
-0.424028 0.289389 
-0.524685 0.217874 
0.504777 0.337455 
0.491964 0.347322 
-0.40757 0.297864 
-0.299257 0.342103 
-0.259323 0.355264 
-0.279317 0.34882 
-0.126239 0.392491 
-0.101415 0.398445 
-0.0765075 0.404081 
-0.0500576 0.409668 
-0.149673 0.38658 
0.634946 0.110202 
0.630876 0.130333 
0.634543 0.0134432 
0.637414 0.0325431 
0.359335 0.411138 
0.386756 0.402263 
-0.629636 0.00472033 
0.439333 0.37967 
0.478836 0.356526 
0.465321 0.365156 
0.0625439 0.428006 
0.0922862 0.431111 
0.153076 0.434749 
0.183372 0.435054 
0.243825 0.432236 
0.273529 0.428976 
0.302796 0.424397 
0.331725 0.418395 
0.213725 0.434242 
-0.0234905 0.414833 
0.638862 0.0517426 
0.638917 0.0711686 
0.593072 0.228838 
0.122616 0.433405 
0.00466451 0.419774 
0.0329625 0.42414 
0.41329 0.391871 
0.604632 0.205423 
-0.227844 0.364903 
-0.327788 0.331892 
-0.381952 0.309904 
0.622048 0.161431 
-0.625986 0.0346701 
-0.621976 0.0544246 
-0.561923 0.177447 
-0.616699 0.0738812 
0.551695 0.291359 
-0.603475 0.109161 
-0.590211 0.13545 
0.52263 0.322004 
0.533319 0.311632 
-0.573671 0.161666 
-0.583006 0.147564 
-0.597058 0.122653 
0.564065 0.275536 
-0.184139 0.377396 
-0.548333 0.193619 
-0.505639 0.234761 
-0.478041 0.256063 
-0.463312 0.266133 
-0.447992 0.275774 
0.498427 0.342461 
-0.399083 0.301996 
-0.415831 0.29369 
-0.269329 0.352073 
-0.206276 0.371189 
-0.308789 0.338776 
-0.113837 0.395506 
-0.0632949 0.406925 
-0.137965 0.389568 
-0.364353 0.317498 
-0.610165 0.0929468 
0.636431 0.100461 
0.636156 0.0229643 
-0.0889714 0.401304 
-0.346316 0.324808 
-0.432157 0.284952 
-0.630233 -0.00530037 
-0.289298 0.345496 
0.511007 0.332305 
0.485451 0.351996 
0.614197 0.183029 
0.472124 0.360913 
-0.532794 0.210023 
0.0774016 0.429659 
0.16822 0.435035 
0.258693 0.430771 
0.317298 0.421582 
-0.248843 0.358538 
0.228783 0.433394 
-0.0367868 0.412306 
0.628242 0.140797 
0.639064 0.0614532 
0.633071 0.120299 
0.596298 0.222631 
0.542991 0.301388 
-0.161371 0.383528 
0.345578 0.414951 
0.37311 0.406901 
0.107439 0.432372 
0.137838 0.434201 
0.0187994 0.422033 
0.288188 0.426861 
0.400104 0.397274 
0.0477384 0.426164 
-0.00942748 0.417372 
-0.492173 0.245579 
0.579282 0.252948 
0.638425 0.0809341 
-0.628731 0.0147282 
0.638314 0.0421275 
-0.518439 0.223637 
0.589751 0.234993 
0.19855 0.434794 
0.452463 0.372656 
0.426414 0.38599 
ZONE T="boundary5"
-0.24682 -0.497998 
-0.269809 -0.489201 
-0.571377 -0.228109 
-0.581186 -0.20971 
-0.525071 -0.29853 
-0.511576 -0.315267 
0.491027 -0.204854 
0.512341 -0.182882 
-0.628795 -0.0553258 
-0.630234 -0.0353619 
-0.630529 -0.0153332 
-0.612519 -0.133765 
-0.61808 -0.114405 
-0.62626 -0.0751661 
-0.622675 -0.0948625 
-0.590288 -0.191006 
-0.413895 -0.407742 
0.533406 -0.160952 
-0.222863 -0.506122 
-0.292458 -0.479529 
-0.376026 -0.434175 
-0.335533 -0.458176 
-0.356004 -0.446552 
0.617662 -0.0417258 
0.609414 -0.0592908 
-0.147966 -0.525047 
-0.12157 -0.529472 
-0.173402 -0.519689 
-0.198627 -0.513297 
-0.537888 -0.281289 
-0.598635 -0.171964 
-0.560926 -0.246155 
-0.549749 -0.263939 
-0.395208 -0.421308 
-0.497035 -0.331934 
-0.465812 -0.363825 
-0.481858 -0.34804 
0.576849 -0.110532 
0.624631 -0.0237353 
0.630266 -0.00535577 
-0.431805 -0.393697 
-0.0402166 -0.535842 
-0.0676254 -0.534934 
-0.0950699 -0.532758 
-0.0118165 -0.535414 
0.0163852 -0.533557 
0.0740623 -0.524994 
0.103197 -0.518016 
0.240008 -0.455646 
0.13165 -0.5093 
0.159832 -0.49865 
0.187393 -0.486115 
0.214176 -0.471738 
0.351914 -0.358464 
0.286419 -0.420776 
0.333855 -0.37704 
0.369623 -0.339452 
0.388395 -0.318664 
-0.606021 -0.152966 
0.406965 -0.297707 
0.310299 -0.399746 
0.634543 0.0134432 
0.599889 -0.0765211 
0.589351 -0.0931112 
0.548707 -0.144355 
0.469382 -0.227707 
0.448017 -0.251182 
0.563465 -0.127327 
-0.449175 -0.379002 
-0.314195 -0.469258 
0.263479 -0.438998 
0.427481 -0.274381 
0.0454354 -0.530076 
-0.258355 -0.493709 
-0.576364 -0.218954 
-0.518405 -0.306963 
0.501678 -0.19385 
-0.629655 -0.0453544 
-0.630527 -0.0253502 
-0.615415 -0.124118 
-0.627662 -0.0652633 
-0.620499 -0.104662 
0.522917 -0.171952 
-0.23488 -0.502177 
-0.281179 -0.484474 
-0.345822 -0.452459 
0.613686 -0.0505803 
-0.13479 -0.5274 
-0.16071 -0.522498 
-0.210779 -0.509828 
-0.531566 -0.289973 
-0.59456 -0.181528 
-0.555421 -0.255099 
-0.56623 -0.237178 
-0.404615 -0.414612 
-0.385676 -0.42783 
-0.47391 -0.356008 
-0.504387 -0.323671 
-0.422915 -0.400802 
0.627615 -0.0145992 
-0.0539239 -0.535548 
0.0022979 -0.534667 
0.0886825 -0.521729 
0.145824 -0.504206 
0.173711 -0.492612 
0.227213 -0.4639 
0.34294 -0.36781 
0.379042 -0.329087 
-0.602431 -0.162505 
0.397698 -0.308199 
0.322188 -0.388517 
0.594739 -0.0848938 
0.45865 -0.239386 
0.556165 -0.135908 
0.583219 -0.101909 
0.570252 -0.119006 
0.541109 -0.1527 
0.604788 -0.0679838 
0.632579 0.00400174 
0.621305 -0.0327944 
-0.489524 -0.340059 
0.360811 -0.348999 
-0.543904 -0.272672 
-0.609379 -0.143402 
-0.457565 -0.371491 
-0.585827 -0.200402 
-0.624595 -0.0850377 
-0.186045 -0.516621 
-0.324916 -0.463817 
-0.366072 -0.440457 
0.275061 -0.430041 
-0.440559 -0.386431 
-0.303374 -0.474496 
-0.0260119 -0.535805 
0.11749 -0.513882 
0.251855 -0.447491 
0.417228 -0.286042 
0.480161 -0.216223 
-0.108336 -0.531258 
0.0597859 -0.52774 
0.200896 -0.479149 
0.298482 -0.410413 
-0.0813576 -0.534002 
0.0309357 -0.532018 
0.43773 -0.262757 
