ZONE T="boundary0"
-4 -0.459676 
-4 -0.536844 
-4 0.232494 
-4 0.254232 
-4 0.342037 
-4 0.669675 
-4 0.298134 
-4 0.57235 
-4 0.475026 
-4 -0.129861 
-4 -0.164802 
-4 0.408531 
-4 0.834837 
-4 1 
-4 -1 
-4 -0.768422 
-4 0.0975267 
-4 0.0277721 
-4 0.210756 
-4 -0.382507 
-4 -0.326066 
-4 0.167281 
-4 -0.0510446 
-4 -0.297845 
-4 -0.090453 
-4 -0.652633 
-4 0.189019 
-4 -0.234683 
-4 -0.269624 
-4 -0.199743 
-4 -0.49826 
-4 0.523688 
-4 -0.147332 
-4 0.441779 
-4 0.917419 
-4 0.621013 
-4 0.0626494 
-4 0.320085 
-4 0.221625 
-4 0.375284 
-4 0.752256 
-4 -0.354287 
-4 -0.0116362 
-4 -0.0707488 
-4 -0.710528 
-4 -0.884211 
-4 0.17815 
-4 0.276183 
-4 0.243363 
-4 0.132404 
-4 0.199888 
-4 -0.421092 
-4 -0.252154 
-4 -0.182272 
-4 -0.110157 
-4 -0.594739 
-4 -0.217213 
-4 -0.311955 
-4 -0.283734 
ZONE T="boundary1"
1.90859 1 
-0.327307 1 
-0.0708673 1 
1.29376 1 
1.182 1 
-0.602158 1 
3.75 1 
3.43223 1 
-3.79752 1 
-4 1 
-1.01201 1 
-1.11314 1 
-1.33884 1 
-1.22599 1 
2.11705 1 
2.23922 1 
4 1 
-3.36868 1 
-3.59503 1 
-3.14233 1 
-2.62926 1 
-2.45782 1 
-2.97151 1 
-2.24538 1 
2.95467 1 
2.50971 1 
2.80635 1 
0.33355 1 
0.283822 1 
-0.267971 1 
-0.139751 1 
-0.208634 1 
0.074629 1 
0.00188085 1 
0.154361 1 
0.956883 1 
0.843524 1 
0.639408 1 
0.536208 1 
0.433007 1 
1.07024 1 
-0.411303 1 
-0.495299 1 
-0.709017 1 
0.741466 1 
-0.910882 1 
-0.809949 1 
1.70013 1 
1.52755 1 
-1.41408 1 
-1.48931 1 
-1.63977 1 
-1.56454 1 
-2.80069 1 
1.41065 1 
-1.83636 1 
-2.03295 1 
-1.73806 1 
3.19345 1 
2.65803 1 
2.36139 1 
0.234093 1 
1.23788 1 
3.59112 1 
-3.89876 1 
-1.06257 1 
2.17813 1 
3.875 1 
-3.48186 1 
-2.54354 1 
-3.05692 1 
2.88051 1 
0.308686 1 
-0.297639 1 
-0.105309 1 
-0.174193 1 
0.0382549 1 
-0.0344932 1 
0.900203 1 
0.484607 1 
1.01356 1 
-0.453301 1 
-0.369305 1 
0.792495 1 
0.690437 1 
-0.860415 1 
1.61384 1 
-0.961446 1 
-1.28242 1 
-1.16956 1 
-1.45169 1 
-1.60215 1 
-1.52692 1 
-2.71498 1 
1.35221 1 
-1.93466 1 
-1.78721 1 
3.07406 1 
2.73219 1 
2.43555 1 
2.58387 1 
-2.3516 1 
1.80436 1 
-2.13917 1 
2.01282 1 
-3.25551 1 
-2.8861 1 
-3.69628 1 
2.30031 1 
-0.238303 1 
-0.548728 1 
0.114495 1 
0.587808 1 
0.258957 1 
0.194227 1 
0.383279 1 
-0.655587 1 
-0.759483 1 
-1.68892 1 
-1.37646 1 
1.4691 1 
1.12612 1 
3.31284 1 
ZONE T="boundary2"
4 -0.409341 
4 -0.638855 
4 -0.518473 
4 0.237715 
4 0.188456 
4 0.287114 
4 0.345391 
4 0.507062 
4 0.426226 
4 0.630296 
4 -0.176817 
4 -0.134653 
4 1 
4 -1 
4 0.753531 
4 0.0655167 
4 0.139197 
4 -0.445718 
4 -0.759237 
4 -0.372963 
4 -0.00816316 
4 -0.27489 
4 -0.323926 
4 -0.225853 
4 -0.0924899 
4 -0.578664 
4 0.213086 
4 0.316252 
4 0.466644 
4 0.385809 
4 -0.155735 
4 0.876765 
4 0.691914 
4 0.102357 
4 -0.482096 
4 -0.699046 
4 -0.879618 
4 0.568679 
4 0.262415 
4 0.0286768 
4 -0.348445 
4 -0.0503265 
4 -0.113572 
4 0.163826 
4 -0.201335 
4 -0.250372 
4 -0.299408 
4 -0.427529 
4 -0.391152 
ZONE T="boundary3"
-3.48948 -1 
-1.23302 -1 
3.35083 -1 
3.21568 -1 
1.12059 -1 
0.00349609 -1 
-0.839013 -1 
0.638984 -1 
0.271928 -1 
3.6266 -1 
-0.635088 -1 
-0.536725 -1 
-2.09788 -1 
-1.90588 -1 
2.20104 -1 
2.37026 -1 
1.86259 -1 
-4 -1 
-3.74474 -1 
4 -1 
2.81022 -1 
-2.28263 -1 
-2.95493 -1 
-2.62007 -1 
3.08052 -1 
1.50868 -1 
-1.71388 -1 
0.188365 -1 
0.123369 -1 
0.446745 -1 
0.537999 -1 
0.689477 -1 
0.739969 -1 
-0.116173 -1 
-0.0513803 -1 
0.0583725 -1 
0.313709 -1 
0.35549 -1 
-0.180966 -1 
-0.733451 -1 
-0.944576 -1 
-0.440721 -1 
-0.344717 -1 
0.935432 -1 
1.324 -1 
-0.262841 -1 
1.41634 -1 
1.60102 -1 
1.69336 -1 
-1.0888 -1 
-3.3133 -1 
-3.13712 -1 
2.03181 -1 
-2.77275 -1 
-1.60086 -1 
-3.61711 -1 
-1.48784 -1 
0.837701 -1 
-1.36043 -1 
-2.46739 -1 
3.28325 -1 
-0.585906 -1 
-2.00188 -1 
2.28565 -1 
-3.87237 -1 
3.8133 -1 
2.59024 -1 
-2.19026 -1 
2.94537 -1 
0.492372 -1 
0.714723 -1 
0.588491 -1 
-0.0837767 -1 
0.0309343 -1 
0.3346 -1 
-0.14857 -1 
-0.786232 -1 
-0.488723 -1 
-0.392719 -1 
1.02801 -1 
1.2223 -1 
-0.303779 -1 
1.37017 -1 
3.1481 -1 
-1.16091 -1 
-3.22521 -1 
1.9472 -1 
-3.40139 -1 
-2.69641 -1 
-3.04603 -1 
-1.65737 -1 
3.48871 -1 
1.77797 -1 
-1.80988 -1 
-3.5533 -1 
-3.68093 -1 
2.11642 -1 
-0.0239421 -1 
0.401117 -1 
0.155867 -1 
0.292818 -1 
0.230146 -1 
-0.221904 -1 
0.0908706 -1 
0.886566 -1 
0.788835 -1 
0.66423 -1 
-0.891795 -1 
1.64719 -1 
1.55485 -1 
-0.684269 -1 
1.46251 -1 
-1.01669 -1 
-1.42413 -1 
-1.29673 -1 
-1.54435 -1 
-2.54373 -1 
-2.37501 -1 
-2.86384 -1 
ZONE T="boundary4"
0.421391 0.343936 
-0.335385 0.367184 
-0.312238 0.36988 
-0.358246 0.363716 
-0.465271 0.33118 
-0.18968 0.376397 
-0.164103 0.377096 
-0.639202 0.00744166 
-0.640571 0.030561 
0.32651 0.372533 
-0.638974 0.0770911 
-0.520685 0.297375 
-0.535739 0.284953 
0.568512 0.234265 
-0.605074 0.19442 
-0.61249 0.178795 
-0.0575813 0.380566 
-0.084536 0.379535 
-0.402535 0.354065 
-0.380566 0.359394 
-0.137813 0.377823 
-0.444915 0.340053 
-0.485008 0.320947 
0.639529 0.0776225 
0.636941 0.0929093 
-0.619095 0.162673 
0.624146 0.137591 
0.619133 0.15012 
-0.62489 0.145995 
-0.631199 0.123321 
0.642024 0.046973 
-0.635884 0.100303 
0.641938 0.0316235 
-0.597487 0.208468 
-0.580925 0.234411 
-0.589228 0.222093 
0.633515 0.107935 
-0.561339 0.259249 
-0.572052 0.246323 
0.585218 0.211553 
0.577064 0.223058 
-0.549983 0.271461 
0.487777 0.308772 
0.640979 0.0163639 
0.60042 0.187429 
0.613588 0.162434 
-0.503978 0.309328 
0.550596 0.25528 
0.0268746 0.384256 
-0.111606 0.378614 
0.443779 0.333838 
-0.288473 0.371965 
-0.264594 0.373521 
-0.239954 0.374714 
-0.215296 0.375625 
-0.640517 0.053793 
0.465629 0.322353 
0.639149 0.00106723 
0.35202 0.366744 
0.375321 0.360334 
0.300868 0.377205 
0.398405 0.35279 
0.559738 0.244952 
0.530175 0.275682 
0.0852547 0.386542 
0.114911 0.387323 
0.270606 0.38142 
0.240286 0.384414 
0.145588 0.387689 
0.176292 0.387462 
0.208277 0.386432 
0.62922 0.122909 
0.641221 0.0623272 
-0.0296863 0.381737 
0.0556087 0.385468 
-0.00189912 0.38297 
-0.423938 0.347668 
0.593042 0.199633 
0.509035 0.293519 
-0.323825 0.368622 
-0.176887 0.37675 
-0.640061 0.0189933 
-0.528319 0.291291 
-0.608887 0.186658 
-0.0710531 0.380037 
-0.391588 0.356865 
-0.150953 0.377454 
-0.45517 0.33578 
-0.475232 0.326232 
0.638345 0.0852833 
0.621708 0.143883 
-0.628247 0.134717 
-0.615902 0.170779 
0.642092 0.0392965 
-0.585148 0.2283 
0.635333 0.100445 
-0.566787 0.252861 
0.581191 0.217342 
-0.593443 0.215332 
-0.57656 0.24042 
-0.555749 0.265436 
0.607257 0.175064 
-0.346835 0.365557 
0.432657 0.33905 
-0.276537 0.372801 
-0.227623 0.375197 
-0.300363 0.370998 
-0.202485 0.376026 
-0.124704 0.378207 
-0.639935 0.065457 
-0.633741 0.111855 
-0.640726 0.0421798 
0.454793 0.328266 
-0.494602 0.315308 
-0.512438 0.303496 
0.363705 0.363672 
-0.601368 0.201491 
0.31371 0.375 
0.409956 0.348519 
0.386908 0.356705 
0.564173 0.239648 
0.540603 0.265698 
0.555216 0.250159 
-0.252275 0.374161 
0.100081 0.386977 
0.285755 0.379474 
0.192283 0.387059 
0.339295 0.369783 
0.63147 0.11545 
0.626779 0.130283 
0.640486 0.0699859 
0.64017 0.00870209 
0.641567 0.0239859 
0.641734 0.0546549 
-0.542978 0.278329 
0.476821 0.315757 
0.616425 0.156306 
-0.0980657 0.37906 
-0.0436292 0.38114 
0.041242 0.384877 
0.130246 0.387571 
0.160937 0.387659 
0.0124903 0.383617 
0.07043 0.386034 
0.224285 0.385558 
-0.0157891 0.382349 
-0.622106 0.154375 
-0.369433 0.361676 
-0.434489 0.344018 
-0.413285 0.351013 
-0.637625 0.0887256 
0.596788 0.193566 
0.589184 0.205629 
0.255455 0.383058 
0.498548 0.301344 
0.572838 0.228699 
0.519789 0.284817 
ZONE T="boundary5"
0.416706 -0.384201 
0.435123 -0.365379 
-0.544816 -0.231143 
-0.604394 -0.126457 
-0.583676 -0.168998 
-0.571768 -0.189858 
-0.636475 -0.0154976 
-0.639202 0.00744166 
0.579507 -0.14977 
0.566635 -0.171508 
-0.620737 -0.0828616 
-0.627192 -0.0606673 
-0.632452 -0.0382168 
-0.594562 -0.147869 
-0.201658 -0.478014 
-0.228034 -0.468633 
-0.253957 -0.458349 
-0.279487 -0.447129 
-0.304495 -0.435019 
-0.0648132 -0.510876 
-0.0927401 -0.50621 
-0.17497 -0.486453 
0.591913 -0.127861 
-0.120508 -0.500558 
-0.147857 -0.493985 
-0.514707 -0.270451 
-0.480707 -0.307886 
-0.498324 -0.289298 
-0.558712 -0.210714 
-0.530176 -0.251053 
-0.329024 -0.421982 
-0.352906 -0.408099 
-0.376227 -0.393308 
-0.462068 -0.325947 
-0.44178 -0.344009 
-0.420669 -0.361273 
0.623844 -0.0588079 
0.628793 -0.0440374 
0.543584 -0.209668 
0.531351 -0.229992 
0.0495608 -0.519383 
0.0207581 -0.51887 
-0.00804951 -0.517246 
0.0784813 -0.518742 
-0.0364715 -0.514578 
0.10771 -0.516864 
0.136727 -0.513702 
0.194507 -0.503176 
0.165683 -0.509169 
0.223127 -0.495627 
0.251443 -0.486427 
0.355346 -0.434105 
0.377586 -0.418044 
0.331187 -0.449339 
0.279263 -0.475517 
0.397494 -0.401789 
0.45402 -0.343847 
0.504304 -0.274168 
0.488885 -0.297523 
0.555142 -0.190555 
0.60234 -0.108099 
0.519081 -0.250346 
0.639149 0.00106723 
0.636482 -0.0141163 
0.63302 -0.0291374 
0.611977 -0.0879819 
-0.613127 -0.104791 
0.306347 -0.462889 
0.471824 -0.321308 
-0.398773 -0.377732 
0.426038 -0.374917 
-0.577831 -0.179489 
-0.638005 -0.00404568 
0.57311 -0.160657 
-0.624109 -0.0718047 
-0.634623 -0.0268832 
-0.214888 -0.473442 
-0.241042 -0.463608 
-0.292047 -0.44119 
-0.13421 -0.497391 
-0.161446 -0.490338 
-0.489616 -0.298686 
-0.565343 -0.200349 
-0.537589 -0.241166 
-0.364639 -0.400817 
-0.471483 -0.317014 
-0.431315 -0.352749 
-0.599602 -0.137218 
-0.629973 -0.0494755 
0.585782 -0.138852 
-0.522542 -0.260831 
0.626402 -0.0514509 
-0.506618 -0.279961 
-0.452021 -0.335085 
0.537463 -0.219825 
-0.0787957 -0.508667 
0.00634888 -0.518194 
0.0640271 -0.51921 
-0.0222706 -0.516042 
0.122239 -0.515447 
0.151235 -0.511609 
0.20887 -0.499596 
0.366587 -0.426248 
0.343386 -0.441917 
0.265436 -0.481185 
0.40722 -0.393132 
0.444714 -0.354746 
0.496692 -0.285913 
-0.589236 -0.158492 
0.387653 -0.410061 
0.597211 -0.118022 
0.511756 -0.262299 
0.637918 -0.00654308 
0.549363 -0.200106 
0.560899 -0.181034 
0.618197 -0.0735103 
0.634848 -0.0216495 
0.60727 -0.0980917 
-0.551858 -0.220992 
-0.61707 -0.0938722 
0.630997 -0.0366133 
0.525229 -0.240174 
-0.608892 -0.115675 
-0.188351 -0.482351 
-0.316821 -0.428616 
-0.341032 -0.415155 
-0.0506572 -0.512855 
0.0931083 -0.517961 
0.237353 -0.491232 
0.292904 -0.46942 
0.463058 -0.33269 
-0.266774 -0.452856 
-0.409805 -0.369613 
-0.106648 -0.503507 
0.0351595 -0.519267 
0.180136 -0.506356 
0.31887 -0.456309 
0.480482 -0.309511 
-0.387577 -0.385631 
