ZONE T="boundary0"
-4 -0.278667 
-4 -0.331249 
-4 0.107138 
-4 0.177876 
-4 0.213839 
-4 0.61566 
-4 0.321729 
-4 -0.0654177 
-4 0.0208599 
-4 0.510149 
-4 0.404638 
-4 0.80783 
-4 1 
-4 0.285766 
-4 0.249802 
-4 -0.402341 
-4 -0.473432 
-4 -0.145751 
-4 -0.226085 
-4 -0.676976 
-4 -0.575204 
-4 -1 
-4 -0.838488 
-4 -0.304958 
-4 0.142507 
-4 0.195857 
-4 -0.0222789 
-4 0.457393 
-4 0.711745 
-4 0.903915 
-4 0.0639987 
-4 0.231821 
-4 0.303747 
-4 0.267784 
-4 0.363183 
-4 0.562904 
-4 -0.437887 
-4 -0.105584 
-4 -0.185918 
-4 -0.62609 
-4 -0.366795 
-4 -0.919244 
-4 -0.524318 
-4 -0.252376 
-4 -0.757732 
ZONE T="boundary1"
-3.62814 1 
-2.6712 1 
4 1 
3.67705 1 
0.381969 1 
0.635135 1 
0.814393 1 
-0.225539 1 
-0.273243 1 
0.329776 1 
-0.422833 1 
-0.524719 1 
3.51557 1 
3.3541 1 
0.990811 1 
1.09482 1 
-3.81407 1 
-4 1 
1.19883 1 
1.30787 1 
-1.2041 1 
-1.29465 1 
-3.01472 1 
-2.85156 1 
2.09042 1 
2.45664 1 
1.5941 1 
-1.56629 1 
-2.2526 1 
2.64674 1 
2.83683 1 
-3.17787 1 
1.7713 1 
0.534648 1 
0.25869 1 
0.187604 1 
0.128951 1 
0.0702985 1 
-0.153348 1 
-0.320948 1 
0.434162 1 
-0.634277 1 
-0.96972 1 
-0.856778 1 
0.724764 1 
-0.743836 1 
0.902602 1 
-1.08691 1 
-3.40301 1 
3.09546 1 
1.93086 1 
-2.0756 1 
-1.8986 1 
-2.49084 1 
1.5055 1 
1.4169 1 
-1.3852 1 
-1.73244 1 
-0.0811561 1 
-0.00542878 1 
3.83852 1 
-0.249391 1 
0.355872 1 
-0.473776 1 
3.43483 1 
1.04281 1 
-3.90703 1 
-3.7211 1 
1.25335 1 
-1.24938 1 
-2.93314 1 
2.27353 1 
-2.76138 1 
-3.09629 1 
0.223147 1 
0.294233 1 
0.0996249 1 
-0.189443 1 
-0.37189 1 
0.408065 1 
0.484405 1 
0.584891 1 
-0.913249 1 
0.769579 1 
-0.579498 1 
0.858498 1 
1.14682 1 
-0.800307 1 
-3.29044 1 
-0.689057 1 
3.22478 1 
3.59631 1 
2.01064 1 
-1.9871 1 
-2.37172 1 
1.4612 1 
-1.33992 1 
1.85108 1 
-1.64937 1 
1.6827 1 
-2.58102 1 
-2.1641 1 
-3.51557 1 
2.96615 1 
2.74179 1 
-1.81552 1 
2.55169 1 
0.158278 1 
-0.117252 1 
-0.0432924 1 
0.0324349 1 
0.679949 1 
-0.297096 1 
-1.02832 1 
-1.14551 1 
0.946707 1 
-1.47574 1 
1.36239 1 
1.5498 1 
ZONE T="boundary2"
4 -0.28573 
4 -0.255426 
4 -0.162004 
4 -0.194816 
4 -0.448801 
4 -0.129193 
4 0.314778 
4 0.348964 
4 0.185643 
4 0.228937 
4 0.546446 
4 0.651046 
4 1 
4 -0.0449013 
4 0.03939 
4 0.825523 
4 -0.552964 
4 0.280591 
4 0.254764 
4 0.441846 
4 0.142349 
4 0.0908694 
4 -0.382418 
4 -0.828564 
4 -1 
4 -0.657128 
4 -0.225121 
4 -0.349226 
4 -0.316035 
4 -0.270578 
4 -0.17841 
4 -0.145598 
4 0.331871 
4 0.20729 
4 0.598746 
4 -0.00275561 
4 -0.500883 
4 0.267678 
4 0.395405 
4 -0.0870469 
4 0.163996 
4 0.0651297 
4 -0.914282 
4 0.912762 
4 -0.742846 
4 0.738285 
4 -0.209969 
4 -0.332631 
4 0.297684 
4 0.241851 
4 0.494146 
4 0.116609 
4 -0.415609 
4 -0.605046 
4 -0.240273 
4 -0.300883 
4 -0.365822 
ZONE T="boundary3"
-1.5467 -1 
-1.76431 -1 
-0.854793 -1 
-0.945778 -1 
-0.0142422 -1 
-1.26309 -1 
-0.0964597 -1 
0.0694739 -1 
1.18483 -1 
1.29276 -1 
-0.145791 -1 
1.07568 -1 
1.40069 -1 
0.861241 -1 
-3.7441 -1 
-2.98338 -1 
1.72581 -1 
-1.14993 -1 
3.14168 -1 
3.31789 -1 
3.75 -1 
-2.61156 -1 
3.53394 -1 
-3.362 -1 
-3.23579 -1 
-0.327113 -1 
-0.195121 -1 
0.0276158 -1 
0.126087 -1 
0.182699 -1 
-0.261117 -1 
0.640097 -1 
0.755945 -1 
-0.491519 -1 
0.322749 -1 
-0.409316 -1 
0.52425 -1 
-0.578198 -1 
-0.664876 -1 
-1.03676 -1 
-4 -1 
-1.40489 -1 
4 -1 
-1.4758 -1 
1.49827 -1 
0.966537 -1 
1.59586 -1 
-1.09335 -1 
1.85576 -1 
-2.36844 -1 
-2.12532 -1 
2.01733 -1 
2.1789 -1 
2.50203 -1 
2.73375 -1 
2.96546 -1 
-1.94481 -1 
0.252724 -1 
0.4235 -1 
-3.4882 -1 
-0.900286 -1 
1.2388 -1 
-0.121125 -1 
-3.29889 -1 
-0.170456 -1 
-0.055351 -1 
0.0485449 -1 
0.154393 -1 
0.00668682 -1 
0.698021 -1 
-0.228119 -1 
0.582174 -1 
-0.450417 -1 
-0.534858 -1 
-0.621537 -1 
-0.991271 -1 
-0.759835 -1 
-3.87205 -1 
-1.20651 -1 
-1.33399 -1 
-1.44034 -1 
3.64197 -1 
3.42592 -1 
3.875 -1 
1.13026 -1 
0.913889 -1 
1.34673 -1 
1.02111 -1 
0.808593 -1 
-1.06506 -1 
1.79079 -1 
-2.49 -1 
-2.24688 -1 
-2.79747 -1 
1.93655 -1 
2.84961 -1 
3.22978 -1 
-1.6555 -1 
1.66083 -1 
2.09812 -1 
2.34047 -1 
2.61789 -1 
3.05357 -1 
-0.294115 -1 
-0.368214 -1 
0.0977803 -1 
0.217712 -1 
0.373125 -1 
0.473875 -1 
0.287737 -1 
-1.12164 -1 
1.54707 -1 
1.44948 -1 
-3.61615 -1 
-1.51125 -1 
-3.10958 -1 
-2.03507 -1 
-1.85456 -1 
-3.4251 -1 
ZONE T="boundary4"
0.585572 0.175399 
-0.280593 0.427183 
-0.260364 0.436968 
0.637048 0.0256954 
-0.387163 0.362598 
0.478504 0.366006 
-0.196051 0.463736 
-0.299712 0.417279 
0.5094 0.325429 
-0.447402 0.313488 
0.532935 0.286567 
0.543404 0.26655 
-0.172525 0.472007 
0.518226 0.311786 
-0.461168 0.300491 
0.431519 0.412051 
0.40736 0.430499 
0.467016 0.378752 
-0.499429 0.259712 
-0.585744 0.130658 
0.489581 0.352605 
-0.631086 -0.018969 
-0.628155 0.001402 
-0.511927 0.244653 
-0.624225 0.0217567 
-0.619294 0.0420831 
-0.613399 0.0622512 
-0.606555 0.082241 
-0.598814 0.101955 
-0.578954 0.143949 
-0.561188 0.17508 
-0.537298 0.211152 
-0.550004 0.192635 
-0.52399 0.229237 
0.632935 0.0464324 
-0.433015 0.326288 
-0.487191 0.273586 
-0.474532 0.287087 
-0.336421 0.396328 
-0.31855 0.406859 
-0.40288 0.35085 
-0.370736 0.374184 
-0.353997 0.385317 
-0.239867 0.446193 
-0.148765 0.479591 
-0.0976161 0.493416 
-0.123295 0.486892 
-0.0423441 0.504697 
-0.0127823 0.509218 
-0.418262 0.338668 
0.613444 0.10926 
0.564654 0.221589 
0.62758 0.0671571 
0.639803 0.00505222 
0.641141 -0.0156679 
0.299134 0.485305 
0.328242 0.474138 
0.382161 0.446873 
0.500135 0.338689 
0.455029 0.390945 
0.0168989 0.512705 
0.0480541 0.515221 
0.0792474 0.516543 
0.595121 0.153813 
0.553284 0.246167 
0.575859 0.196952 
0.621116 0.0878724 
0.604559 0.131623 
-0.218085 0.455272 
0.355555 0.46151 
-0.070067 0.499503 
0.111264 0.516609 
0.143188 0.515308 
0.207107 0.508209 
0.175206 0.512541 
0.238537 0.502254 
0.269247 0.494638 
-0.270513 0.432146 
0.538258 0.276607 
-0.184319 0.467958 
0.513872 0.318647 
-0.454333 0.30704 
0.419615 0.42151 
-0.629743 -0.0087676 
0.525756 0.299285 
-0.621879 0.0319473 
-0.616463 0.0521998 
-0.61009 0.0722835 
-0.602793 0.0921391 
-0.57032 0.159655 
-0.555671 0.183905 
-0.582396 0.137327 
-0.518012 0.236987 
0.635148 0.0360943 
-0.54373 0.201948 
-0.480913 0.280385 
-0.493363 0.266695 
-0.327521 0.401654 
-0.467901 0.29384 
-0.362404 0.379807 
-0.345247 0.390883 
-0.37899 0.368448 
-0.395062 0.356778 
-0.290186 0.422296 
-0.250147 0.441651 
-0.11048 0.490251 
-0.0275816 0.507085 
-0.505734 0.252229 
-0.410614 0.344813 
-0.136058 0.483339 
-0.530716 0.220248 
0.630397 0.0568296 
0.640655 -0.00529565 
-0.425683 0.33253 
-0.160673 0.475885 
-0.309167 0.412134 
0.313781 0.47996 
-0.440255 0.31994 
-0.626311 0.011601 
0.504827 0.332103 
0.461087 0.384915 
0.484113 0.359366 
0.472827 0.372443 
0.494929 0.345703 
0.0324667 0.51411 
0.0636467 0.516034 
0.638595 0.0153962 
0.590375 0.164615 
0.580728 0.186179 
0.624467 0.0775502 
0.617382 0.0986005 
0.609085 0.120472 
-0.229008 0.45081 
0.548406 0.256389 
-0.592503 0.116406 
-0.207098 0.459582 
0.599894 0.142737 
0.559004 0.233894 
0.570267 0.209273 
0.342005 0.468054 
0.368989 0.454431 
0.0020445 0.511092 
-0.0562259 0.502212 
0.394911 0.438922 
0.0952583 0.516743 
0.127236 0.516133 
-0.0838656 0.49657 
0.191187 0.510576 
0.222866 0.505444 
0.25395 0.498667 
0.284264 0.490201 
0.443484 0.40174 
0.159217 0.514112 
ZONE T="boundary5"
-0.579418 -0.267456 
0.353701 -0.334909 
0.328752 -0.340207 
-0.633858 -0.0796112 
-0.63279 -0.0995518 
0.596963 -0.172674 
-0.633933 -0.059514 
-0.58909 -0.250475 
-0.597809 -0.232975 
-0.618674 -0.177321 
-0.623671 -0.158237 
-0.633011 -0.0392826 
-0.411659 -0.398062 
-0.430521 -0.39179 
-0.630734 -0.119322 
-0.288722 -0.411135 
-0.310068 -0.411671 
-0.627695 -0.138883 
-0.331307 -0.411205 
-0.351892 -0.409677 
-0.392125 -0.403154 
-0.372324 -0.406989 
-0.266659 -0.409664 
-0.24444 -0.407395 
-0.221319 -0.404362 
0.639303 -0.0565851 
-0.515964 -0.341987 
-0.568838 -0.28371 
-0.557101 -0.299503 
-0.544482 -0.314396 
-0.530627 -0.328729 
-0.448983 -0.384224 
-0.631086 -0.018969 
-0.149384 -0.392402 
-0.123535 -0.387814 
-0.466702 -0.375491 
-0.483895 -0.365474 
-0.612631 -0.196348 
-0.173781 -0.396706 
-0.198125 -0.400805 
-0.605667 -0.214904 
0.625145 -0.11581 
-0.0977118 -0.383363 
-0.0425641 -0.374849 
-0.0700975 -0.378896 
0.0161384 -0.367814 
-0.0131458 -0.371046 
0.5843 -0.191129 
0.14077 -0.358841 
0.172617 -0.357042 
0.0469942 -0.364975 
0.07766 -0.362648 
0.204354 -0.355034 
0.296503 -0.345638 
0.264182 -0.349782 
0.404167 -0.320505 
0.378495 -0.328515 
0.42947 -0.310983 
0.550783 -0.23027 
0.529659 -0.250063 
0.506289 -0.268578 
0.45602 -0.298927 
0.570615 -0.2085 
0.617567 -0.134522 
0.607911 -0.154067 
0.636098 -0.0766522 
0.631382 -0.0963808 
0.640981 -0.036258 
0.641141 -0.0156679 
-0.500275 -0.354332 
0.234307 -0.352718 
0.109297 -0.360631 
0.481748 -0.284803 
0.341249 -0.337685 
-0.633448 -0.0895905 
-0.63402 -0.0695653 
-0.593564 -0.241786 
-0.621294 -0.167814 
-0.633596 -0.0493947 
-0.421146 -0.395082 
-0.631886 -0.109453 
-0.299399 -0.411521 
-0.625806 -0.148588 
-0.320699 -0.411571 
-0.341617 -0.41058 
-0.38226 -0.405223 
-0.27769 -0.410506 
-0.401939 -0.400766 
-0.584375 -0.259038 
-0.563093 -0.291701 
-0.537673 -0.32168 
-0.43982 -0.388165 
-0.136458 -0.390101 
-0.550909 -0.307053 
-0.475387 -0.370632 
-0.615775 -0.186877 
-0.255547 -0.408618 
-0.18595 -0.39879 
-0.609266 -0.205673 
-0.629338 -0.129125 
-0.632172 -0.0291162 
-0.110624 -0.385563 
-0.0839041 -0.381084 
-0.0563319 -0.376817 
0.00149757 -0.369362 
0.59079 -0.18201 
0.156695 -0.357954 
0.0315713 -0.366326 
0.39138 -0.324686 
0.416887 -0.315937 
0.540414 -0.24038 
0.36613 -0.331856 
0.577594 -0.199924 
0.602602 -0.163467 
0.633928 -0.0865603 
0.640334 -0.0464365 
0.637892 -0.066648 
0.628447 -0.106153 
-0.508226 -0.348296 
-0.523407 -0.335483 
0.641251 -0.0259638 
0.621527 -0.125234 
-0.16158 -0.394567 
-0.601852 -0.223992 
-0.232875 -0.405953 
0.249249 -0.351342 
-0.209718 -0.402637 
0.219334 -0.35394 
0.188489 -0.35608 
0.44285 -0.305197 
-0.0278534 -0.372878 
0.0623271 -0.363757 
0.0934857 -0.3616 
0.125038 -0.359721 
0.280354 -0.347851 
-0.574249 -0.275666 
-0.45792 -0.38001 
-0.362135 -0.408483 
0.560914 -0.219586 
-0.492182 -0.360045 
0.518171 -0.259575 
0.494188 -0.276951 
0.612924 -0.144384 
0.31265 -0.3431 
0.469021 -0.292121 
