ZONE T="boundary0"
-4 -0.459676 
-4 -0.536844 
-4 0.232494 
-4 0.254232 
-4 0.342037 
-4 0.669675 
-4 0.298134 
-4 0.57235 
-4 0.475026 
-4 -0.129861 
-4 -0.164802 
-4 0.408531 
-4 0.834837 
-4 1 
-4 -1 
-4 -0.768422 
-4 0.0975267 
-4 0.0277721 
-4 0.210756 
-4 -0.382507 
-4 -0.326066 
-4 0.167281 
-4 -0.0510446 
-4 -0.297845 
-4 -0.090453 
-4 -0.652633 
-4 0.189019 
-4 -0.234683 
-4 -0.269624 
-4 -0.199743 
-4 -0.49826 
-4 0.523688 
-4 -0.147332 
-4 0.441779 
-4 0.917419 
-4 0.621013 
-4 0.0626494 
-4 0.320085 
-4 0.221625 
-4 0.375284 
-4 0.752256 
-4 -0.354287 
-4 -0.0116362 
-4 -0.0707488 
-4 -0.710528 
-4 -0.884211 
-4 0.17815 
-4 0.276183 
-4 0.243363 
-4 0.132404 
-4 0.199888 
-4 -0.421092 
-4 -0.252154 
-4 -0.182272 
-4 -0.110157 
-4 -0.594739 
-4 -0.217213 
-4 -0.311955 
-4 -0.283734 
ZONE T="boundary1"
1.90859 1 
-0.327307 1 
-0.0708673 1 
1.29376 1 
1.182 1 
-0.602158 1 
3.75 1 
3.43223 1 
-3.79752 1 
-4 1 
-1.01201 1 
-1.11314 1 
-1.33884 1 
-1.22599 1 
2.11705 1 
2.23922 1 
4 1 
-3.36868 1 
-3.59503 1 
-3.14233 1 
-2.62926 1 
-2.45782 1 
-2.97151 1 
-2.24538 1 
2.95467 1 
2.50971 1 
2.80635 1 
0.33355 1 
0.283822 1 
-0.267971 1 
-0.139751 1 
-0.208634 1 
0.074629 1 
0.00188085 1 
0.154361 1 
0.956883 1 
0.843524 1 
0.639408 1 
0.536208 1 
0.433007 1 
1.07024 1 
-0.411303 1 
-0.495299 1 
-0.709017 1 
0.741466 1 
-0.910882 1 
-0.809949 1 
1.70013 1 
1.52755 1 
-1.41408 1 
-1.48931 1 
-1.63977 1 
-1.56454 1 
-2.80069 1 
1.41065 1 
-1.83636 1 
-2.03295 1 
-1.73806 1 
3.19345 1 
2.65803 1 
2.36139 1 
0.234093 1 
1.23788 1 
3.59112 1 
-3.89876 1 
-1.06257 1 
2.17813 1 
3.875 1 
-3.48186 1 
-2.54354 1 
-3.05692 1 
2.88051 1 
0.308686 1 
-0.297639 1 
-0.105309 1 
-0.174193 1 
0.0382549 1 
-0.0344932 1 
0.900203 1 
0.484607 1 
1.01356 1 
-0.453301 1 
-0.369305 1 
0.792495 1 
0.690437 1 
-0.860415 1 
1.61384 1 
-0.961446 1 
-1.28242 1 
-1.16956 1 
-1.45169 1 
-1.60215 1 
-1.52692 1 
-2.71498 1 
1.35221 1 
-1.93466 1 
-1.78721 1 
3.07406 1 
2.73219 1 
2.43555 1 
2.58387 1 
-2.3516 1 
1.80436 1 
-2.13917 1 
2.01282 1 
-3.25551 1 
-2.8861 1 
-3.69628 1 
2.30031 1 
-0.238303 1 
-0.548728 1 
0.114495 1 
0.587808 1 
0.258957 1 
0.194227 1 
0.383279 1 
-0.655587 1 
-0.759483 1 
-1.68892 1 
-1.37646 1 
1.4691 1 
1.12612 1 
3.31284 1 
ZONE T="boundary2"
4 -0.409341 
4 -0.638855 
4 -0.518473 
4 0.237715 
4 0.188456 
4 0.287114 
4 0.345391 
4 0.507062 
4 0.426226 
4 0.630296 
4 -0.176817 
4 -0.134653 
4 1 
4 -1 
4 0.753531 
4 0.0655167 
4 0.139197 
4 -0.445718 
4 -0.759237 
4 -0.372963 
4 -0.00816316 
4 -0.27489 
4 -0.323926 
4 -0.225853 
4 -0.0924899 
4 -0.578664 
4 0.213086 
4 0.316252 
4 0.466644 
4 0.385809 
4 -0.155735 
4 0.876765 
4 0.691914 
4 0.102357 
4 -0.482096 
4 -0.699046 
4 -0.879618 
4 0.568679 
4 0.262415 
4 0.0286768 
4 -0.348445 
4 -0.0503265 
4 -0.113572 
4 0.163826 
4 -0.201335 
4 -0.250372 
4 -0.299408 
4 -0.427529 
4 -0.391152 
ZONE T="boundary3"
-3.48948 -1 
-1.23302 -1 
3.35083 -1 
3.21568 -1 
1.12059 -1 
0.00349609 -1 
-0.839013 -1 
0.638984 -1 
0.271928 -1 
3.6266 -1 
-0.635088 -1 
-0.536725 -1 
-2.09788 -1 
-1.90588 -1 
2.20104 -1 
2.37026 -1 
1.86259 -1 
-4 -1 
-3.74474 -1 
4 -1 
2.81022 -1 
-2.28263 -1 
-2.95493 -1 
-2.62007 -1 
3.08052 -1 
1.50868 -1 
-1.71388 -1 
0.188365 -1 
0.123369 -1 
0.446745 -1 
0.537999 -1 
0.689477 -1 
0.739969 -1 
-0.116173 -1 
-0.0513803 -1 
0.0583725 -1 
0.313709 -1 
0.35549 -1 
-0.180966 -1 
-0.733451 -1 
-0.944576 -1 
-0.440721 -1 
-0.344717 -1 
0.935432 -1 
1.324 -1 
-0.262841 -1 
1.41634 -1 
1.60102 -1 
1.69336 -1 
-1.0888 -1 
-3.3133 -1 
-3.13712 -1 
2.03181 -1 
-2.77275 -1 
-1.60086 -1 
-3.61711 -1 
-1.48784 -1 
0.837701 -1 
-1.36043 -1 
-2.46739 -1 
3.28325 -1 
-0.585906 -1 
-2.00188 -1 
2.28565 -1 
-3.87237 -1 
3.8133 -1 
2.59024 -1 
-2.19026 -1 
2.94537 -1 
0.492372 -1 
0.714723 -1 
0.588491 -1 
-0.0837767 -1 
0.0309343 -1 
0.3346 -1 
-0.14857 -1 
-0.786232 -1 
-0.488723 -1 
-0.392719 -1 
1.02801 -1 
1.2223 -1 
-0.303779 -1 
1.37017 -1 
3.1481 -1 
-1.16091 -1 
-3.22521 -1 
1.9472 -1 
-3.40139 -1 
-2.69641 -1 
-3.04603 -1 
-1.65737 -1 
3.48871 -1 
1.77797 -1 
-1.80988 -1 
-3.5533 -1 
-3.68093 -1 
2.11642 -1 
-0.0239421 -1 
0.401117 -1 
0.155867 -1 
0.292818 -1 
0.230146 -1 
-0.221904 -1 
0.0908706 -1 
0.886566 -1 
0.788835 -1 
0.66423 -1 
-0.891795 -1 
1.64719 -1 
1.55485 -1 
-0.684269 -1 
1.46251 -1 
-1.01669 -1 
-1.42413 -1 
-1.29673 -1 
-1.54435 -1 
-2.54373 -1 
-2.37501 -1 
-2.86384 -1 
ZONE T="boundary4"
0.419189 0.337379 
-0.339899 0.377617 
-0.316782 0.379867 
-0.362741 0.374438 
-0.469562 0.341206 
-0.194438 0.381929 
-0.16887 0.381408 
-0.638145 0.0106896 
-0.639743 0.0339123 
0.324161 0.36511 
-0.638674 0.0807425 
-0.524473 0.305881 
-0.539298 0.292952 
0.567486 0.230089 
-0.606674 0.199698 
-0.613779 0.183753 
-0.0620251 0.379736 
-0.0891186 0.379954 
-0.406996 0.364903 
-0.385045 0.370249 
-0.142557 0.380844 
-0.449292 0.350461 
-0.489172 0.330504 
0.640246 0.0748737 
0.637541 0.0901216 
-0.620084 0.167343 
0.624366 0.13459 
0.61923 0.147027 
-0.625589 0.150404 
-0.631535 0.12743 
0.642974 0.0442572 
-0.635888 0.104161 
0.643009 0.0289031 
-0.599384 0.21407 
-0.583406 0.240708 
-0.591427 0.228044 
0.633995 0.105093 
-0.564378 0.266319 
-0.574806 0.252979 
0.584545 0.207751 
0.576214 0.219072 
-0.553276 0.278953 
0.485825 0.303137 
0.642176 0.0136248 
0.600085 0.18396 
0.613554 0.159235 
-0.507969 0.318356 
0.54925 0.250728 
0.0230381 0.380099 
-0.116291 0.380342 
0.441638 0.327565 
-0.293051 0.381343 
-0.269224 0.382144 
-0.24463 0.382426 
-0.220021 0.382313 
-0.63994 0.0572776 
0.463567 0.316386 
0.640483 -0.00170447 
0.349705 0.359495 
0.373037 0.353283 
0.298479 0.369658 
0.396157 0.34597 
0.558545 0.240586 
0.528562 0.270749 
0.0818778 0.380745 
0.111751 0.380909 
0.268156 0.373797 
0.237755 0.376801 
0.142624 0.380783 
0.173501 0.380201 
0.205632 0.378934 
0.629573 0.119996 
0.642053 0.0596019 
-0.0339527 0.379697 
0.0519978 0.380432 
-0.00596265 0.379829 
-0.428368 0.358353 
0.592542 0.196004 
0.507227 0.288226 
-0.328352 0.378852 
-0.181653 0.381678 
-0.639116 0.0222898 
-0.531997 0.299544 
-0.61033 0.191772 
-0.0755703 0.379823 
-0.396059 0.367729 
-0.155712 0.381123 
-0.459509 0.346009 
-0.479465 0.336033 
0.639003 0.0825169 
0.621867 0.140837 
-0.628761 0.138969 
-0.617039 0.17559 
0.643101 0.0365801 
-0.587489 0.234422 
0.635873 0.0976318 
-0.569687 0.259723 
0.580429 0.21345 
-0.59549 0.221105 
-0.579179 0.246895 
-0.558919 0.272717 
0.607077 0.171738 
-0.351339 0.376155 
0.430483 0.332633 
-0.28114 0.381818 
-0.232325 0.38241 
-0.304923 0.3807 
-0.207228 0.382146 
-0.129423 0.380581 
-0.639493 0.0690207 
-0.633908 0.115833 
-0.640021 0.0455941 
0.452689 0.322145 
-0.498686 0.324607 
-0.516333 0.312265 
0.361405 0.356518 
-0.603116 0.206928 
0.311341 0.367509 
0.40773 0.341827 
0.384641 0.349766 
0.563062 0.235378 
0.539115 0.260954 
0.553945 0.2457 
-0.256928 0.382344 
0.0968143 0.380854 
0.283337 0.371879 
0.189569 0.379664 
0.336963 0.362441 
0.631887 0.112575 
0.627067 0.127328 
0.64126 0.0672506 
0.641435 0.00594838 
0.6427 0.0212579 
0.642625 0.051936 
-0.546408 0.286073 
0.474811 0.309954 
0.616458 0.153161 
-0.102704 0.380128 
-0.0479877 0.379693 
0.0375184 0.380263 
0.127188 0.380893 
0.158063 0.380559 
0.00853875 0.379951 
0.0669376 0.3806 
0.2217 0.377988 
-0.0199565 0.379744 
-0.622948 0.15891 
-0.37392 0.372483 
-0.438896 0.354579 
-0.417733 0.361791 
-0.637473 0.0924753 
0.596372 0.190019 
0.588598 0.201915 
0.252967 0.375429 
0.496664 0.29588 
0.5719 0.224619 
0.518072 0.279704 
ZONE T="boundary5"
0.423183 -0.388294 
0.44186 -0.369791 
-0.54192 -0.227714 
-0.602254 -0.123363 
-0.58123 -0.165814 
-0.569173 -0.186607 
-0.635208 -0.0123264 
-0.638145 0.0106896 
0.583298 -0.153834 
0.571 -0.175873 
-0.618921 -0.079792 
-0.625548 -0.0575835 
-0.63099 -0.0351 
-0.592267 -0.144738 
-0.198488 -0.473504 
-0.224781 -0.464076 
-0.250629 -0.453771 
-0.276093 -0.442554 
-0.301047 -0.43047 
-0.0620441 -0.507028 
-0.0899036 -0.502169 
-0.171885 -0.482016 
0.595179 -0.131628 
-0.117594 -0.496355 
-0.144859 -0.489651 
-0.51156 -0.266833 
-0.477389 -0.304073 
-0.495086 -0.285588 
-0.555966 -0.20738 
-0.527143 -0.247528 
-0.325536 -0.417481 
-0.349394 -0.403665 
-0.372706 -0.388956 
-0.458683 -0.322025 
-0.438337 -0.339971 
-0.417183 -0.357123 
0.625859 -0.0618679 
0.630613 -0.0470003 
0.549011 -0.214505 
0.537309 -0.235008 
0.0522378 -0.51665 
0.0234223 -0.515805 
-0.00537068 -0.513884 
0.0812022 -0.516379 
-0.033757 -0.510957 
0.110509 -0.514912 
0.139645 -0.512196 
0.197799 -0.502669 
0.168765 -0.508146 
0.226677 -0.495668 
0.255303 -0.487038 
0.360768 -0.436954 
0.383401 -0.421366 
0.336194 -0.451662 
0.283477 -0.476713 
0.403656 -0.405515 
0.460949 -0.348545 
0.511067 -0.279294 
0.495844 -0.30258 
0.560035 -0.195174 
0.605185 -0.111622 
0.525482 -0.255462 
0.640483 -0.00170447 
0.637964 -0.016936 
0.634663 -0.0320205 
0.614447 -0.0912901 
-0.611146 -0.101717 
0.310955 -0.46467 
0.478837 -0.326217 
-0.395261 -0.373476 
0.432653 -0.379176 
-0.575311 -0.176274 
-0.636841 -0.000838817 
0.577184 -0.164871 
-0.622378 -0.0687301 
-0.633257 -0.0237418 
-0.211675 -0.468905 
-0.23775 -0.459037 
-0.288625 -0.436625 
-0.131254 -0.493119 
-0.158404 -0.485949 
-0.486337 -0.294925 
-0.562673 -0.197059 
-0.534622 -0.237688 
-0.36112 -0.396422 
-0.46813 -0.313147 
-0.427848 -0.348655 
-0.597384 -0.134108 
-0.628419 -0.0463776 
0.589304 -0.142765 
-0.519448 -0.257259 
0.628317 -0.0544602 
-0.503423 -0.276298 
-0.448604 -0.331105 
0.543164 -0.224759 
-0.0759944 -0.504719 
0.0090175 -0.514977 
0.066722 -0.516658 
-0.0195763 -0.512547 
0.125093 -0.513714 
0.154229 -0.510341 
0.212285 -0.49936 
0.372206 -0.429338 
0.348599 -0.444507 
0.269468 -0.482088 
0.413545 -0.397048 
0.451559 -0.359309 
0.503571 -0.291014 
-0.586866 -0.155337 
0.393644 -0.41359 
0.60026 -0.121663 
0.518361 -0.267431 
0.639324 -0.00933699 
0.554524 -0.204839 
0.565527 -0.185528 
0.620429 -0.0766856 
0.636408 -0.024499 
0.609922 -0.101503 
-0.549037 -0.217611 
-0.61517 -0.0908028 
0.632726 -0.0395343 
0.531424 -0.24525 
-0.60683 -0.112593 
-0.185223 -0.477875 
-0.313351 -0.424089 
-0.33753 -0.410685 
-0.0479173 -0.509117 
0.095864 -0.515799 
0.241051 -0.491556 
0.297311 -0.470909 
0.470043 -0.337504 
-0.263411 -0.448276 
-0.406304 -0.365409 
-0.103773 -0.499381 
0.0378266 -0.516364 
0.183316 -0.505588 
0.323675 -0.458363 
0.487485 -0.314504 
-0.384059 -0.381326 
