ZONE T="boundary0"
-4 -1 
-4 -0.0959888 
-4 -0.23678 
-4 -0.302465 
-4 0.146707 
-4 0.102245 
-4 0.19117 
-4 0.224243 
-4 0.728981 
-4 0.593471 
-4 -0.387068 
-4 -0.47167 
-4 0.0406806 
-4 -0.0208834 
-4 -0.171094 
-4 -0.567229 
-4 -0.662788 
-4 -0.831394 
-4 0.457961 
-4 1 
-4 0.323461 
-4 0.257315 
-4 0.357086 
-4 0.390711 
-4 -0.269623 
-4 0.124476 
-4 0.207706 
-4 0.661226 
-4 0.00989857 
-4 -0.519449 
-4 -0.429369 
-4 -0.615008 
-4 -0.915697 
-4 -0.747091 
-4 -0.203937 
-4 0.525716 
-4 0.86449 
-4 0.168939 
-4 0.290388 
-4 0.340274 
-4 0.424336 
-4 -0.0584361 
-4 -0.344766 
-4 0.240779 
-4 0.373899 
-4 0.0714625 
-4 -0.133541 
ZONE T="boundary1"
3.04304 1 
-1.3568 1 
-0.188833 1 
-0.120096 1 
-0.626568 1 
-0.76243 1 
3.71099 1 
-1.00689 1 
3.56649 1 
-2.25898 1 
-2.07373 1 
0.786701 1 
-1.2403 1 
1.24665 1 
-3.48936 1 
3.23251 1 
3.42198 1 
2.51718 1 
2.12522 1 
2.78011 1 
-3.73308 1 
-3.0277 1 
-2.80977 1 
-2.53438 1 
0.082924 1 
0.0157821 1 
-0.317129 1 
-0.252981 1 
-0.391104 1 
-0.465079 1 
0.193974 1 
0.138449 1 
0.431467 1 
0.257597 1 
0.904629 1 
-0.889973 1 
-1.1238 1 
0.32122 1 
-1.44742 1 
-1.53803 1 
-0.545823 1 
0.664207 1 
0.541714 1 
3.8555 1 
4 1 
-1.71326 1 
-1.88849 1 
1.1346 1 
1.02256 1 
1.54195 1 
1.34508 1 
1.44351 1 
1.64038 1 
-2.39668 1 
-2.67207 1 
-4 1 
-3.24564 1 
1.8828 1 
2.00401 1 
-0.0513598 1 
-0.154465 1 
-0.694499 1 
-2.16636 1 
3.13777 1 
3.49424 1 
2.3212 1 
-2.91874 1 
0.0493531 1 
-0.285055 1 
-0.428091 1 
0.166211 1 
0.110686 1 
-0.948429 1 
-1.06534 1 
0.376343 1 
-1.29855 1 
-1.49272 1 
-1.18205 1 
-0.826201 1 
-0.586196 1 
-0.505451 1 
0.602961 1 
3.92775 1 
-1.80087 1 
0.725454 1 
-1.62565 1 
0.845665 1 
3.32725 1 
-1.98111 1 
0.963593 1 
1.29587 1 
1.19063 1 
1.3943 1 
3.63874 1 
-3.61122 1 
-2.46553 1 
-2.60322 1 
2.64865 1 
3.78324 1 
-3.86654 1 
2.91157 1 
1.9434 1 
1.76159 1 
-0.0177889 1 
-0.220907 1 
-0.354116 1 
-0.0857282 1 
0.289408 1 
1.07858 1 
1.59116 1 
1.49273 1 
-1.40211 1 
0.48659 1 
-2.32783 1 
-3.13667 1 
-2.74092 1 
-3.3675 1 
0.225785 1 
2.06461 1 
ZONE T="boundary2"
4 -0.245255 
4 -0.292183 
4 -0.183375 
4 0.343335 
4 0.377856 
4 0.585172 
4 0.516034 
4 0.212175 
4 0.11656 
4 -1 
4 -0.843206 
4 -0.137484 
4 -0.0915932 
4 -0.339111 
4 -0.417919 
4 0.0531579 
4 -0.0192177 
4 0.179962 
4 0.308815 
4 0.723448 
4 -0.496727 
4 0.861724 
4 1 
4 -0.686413 
4 0.276602 
4 0.446896 
4 0.244388 
4 -0.59157 
4 -0.268719 
4 -0.214315 
4 0.360596 
4 0.550603 
4 -0.921603 
4 -0.114539 
4 -0.378515 
4 0.0169701 
4 -0.0554054 
4 0.148261 
4 0.65431 
4 -0.457323 
4 0.930862 
4 0.792586 
4 -0.76481 
4 0.326075 
4 0.292708 
4 0.412376 
4 0.481465 
4 0.228282 
4 0.260495 
4 0.0848589 
4 -0.16043 
4 -0.315647 
4 0.196069 
4 -0.638991 
4 -0.544149 
ZONE T="boundary3"
-3.67313 -1 
-4 -1 
-1.29557 -1 
-0.167539 -1 
0.0555511 -1 
0.129413 -1 
-0.510216 -1 
-0.785737 -1 
-0.718403 -1 
0.975321 -1 
-1.06149 -1 
2.1747 -1 
-0.85307 -1 
-1.17853 -1 
1.07203 -1 
-3.5097 -1 
1.63194 -1 
1.77541 -1 
-2.04748 -1 
-2.26844 -1 
-1.76637 -1 
-1.61522 -1 
-2.96841 -1 
-3.15734 -1 
3.79523 -1 
4 -1 
2.7432 -1 
2.386 -1 
2.59729 -1 
3.18093 -1 
3.59046 -1 
-2.7289 -1 
-2.4894 -1 
-0.957282 -1 
-0.00985173 -1 
-0.0752546 -1 
0.646922 -1 
0.573577 -1 
0.27841 -1 
-0.44082 -1 
-0.350321 -1 
-0.259823 -1 
-0.213681 -1 
0.203276 -1 
-0.121397 -1 
1.17485 -1 
1.27768 -1 
0.353544 -1 
0.500233 -1 
0.426888 -1 
0.704845 -1 
0.762769 -1 
-0.649007 -1 
-0.579611 -1 
-1.37982 -1 
1.48847 -1 
-3.34626 -1 
1.38307 -1 
1.97506 -1 
-1.46406 -1 
-1.90693 -1 
2.88911 -1 
0.878617 -1 
0.820693 -1 
3.03502 -1 
-3.83657 -1 
0.0924823 -1 
-0.75207 -1 
-3.59141 -1 
1.70367 -1 
-2.15796 -1 
-1.69079 -1 
3.89762 -1 
2.49164 -1 
3.3857 -1 
-2.37892 -1 
-0.905176 -1 
-0.0425532 -1 
0.61025 -1 
-0.395571 -1 
-0.19061 -1 
0.166345 -1 
0.0228497 -1 
-0.0983256 -1 
1.22627 -1 
0.315977 -1 
0.536905 -1 
0.463561 -1 
0.733807 -1 
-0.544914 -1 
-0.819403 -1 
-1.00939 -1 
-1.33769 -1 
-1.12001 -1 
1.02367 -1 
1.5602 -1 
-3.42798 -1 
-1.23705 -1 
1.43577 -1 
1.87523 -1 
-1.53964 -1 
2.07488 -1 
-1.97721 -1 
3.69285 -1 
-1.83665 -1 
2.81615 -1 
2.67024 -1 
-3.2518 -1 
-3.06288 -1 
-0.236752 -1 
-0.144468 -1 
0.240843 -1 
0.390216 -1 
0.791731 -1 
0.849655 -1 
0.675884 -1 
0.926969 -1 
-0.614309 -1 
-0.475518 -1 
-0.305072 -1 
-0.683705 -1 
2.96206 -1 
3.10797 -1 
1.12344 -1 
1.33038 -1 
-2.84866 -1 
-2.60915 -1 
-1.42194 -1 
2.28035 -1 
ZONE T="boundary4"
0.310183 0.318925 
0.336925 0.302339 
-0.559416 0.273295 
-0.437513 0.413318 
-0.546107 0.294815 
0.410654 0.257921 
0.440816 0.239641 
-0.620379 0.024652 
-0.621636 0.0453781 
0.644144 0.000616169 
0.640413 0.0187244 
-0.453662 0.399949 
-0.618163 0.108744 
0.64659 -0.0176452 
-0.621694 0.0663353 
0.635393 0.0365399 
-0.620537 0.0875035 
-0.614579 0.130011 
-0.609814 0.151198 
0.647798 -0.0361808 
-0.600639 0.182408 
-0.581095 0.231504 
-0.589815 0.211467 
-0.571541 0.251132 
0.587115 0.124381 
-0.259807 0.503608 
-0.236799 0.50918 
-0.535303 0.310596 
-0.523896 0.325937 
-0.498214 0.356533 
-0.511354 0.341492 
-0.48403 0.371522 
-0.469264 0.385921 
-0.384563 0.450137 
-0.402988 0.438446 
-0.365673 0.461 
-0.345829 0.471267 
-0.32558 0.480602 
-0.282562 0.496863 
-0.212777 0.513692 
-0.188635 0.516908 
-0.163458 0.518868 
-0.420505 0.426251 
0.380144 0.276219 
0.621238 0.071555 
0.611656 0.0892881 
0.258573 0.352223 
0.233742 0.368747 
-0.304237 0.489259 
0.283453 0.335961 
0.358567 0.289187 
0.512341 0.192974 
0.533148 0.17714 
0.466062 0.223976 
0.49088 0.207883 
0.0502835 0.477737 
0.0224685 0.489051 
-0.0590364 0.511856 
-0.0323401 0.506087 
-0.00468215 0.498367 
-0.138329 0.519415 
0.184362 0.401713 
0.20906 0.385286 
0.131589 0.435142 
0.158076 0.418756 
0.104912 0.450546 
0.553244 0.15997 
0.629088 0.0539839 
0.572119 0.141443 
-0.112111 0.518484 
-0.0861127 0.516035 
0.0775687 0.464945 
0.600842 0.106162 
0.323538 0.310588 
-0.552905 0.284145 
0.425762 0.248803 
-0.621157 0.0350074 
0.642439 0.00970548 
-0.445655 0.406717 
-0.621816 0.0558577 
0.638063 0.0276797 
-0.621267 0.0769291 
-0.612337 0.140637 
-0.60552 0.166892 
-0.585562 0.221533 
0.645524 -0.00849153 
-0.565624 0.262294 
-0.576422 0.24137 
-0.248337 0.506541 
-0.540782 0.30276 
-0.529673 0.318322 
-0.504857 0.349078 
-0.476719 0.378796 
-0.461534 0.393015 
-0.491197 0.364099 
-0.393837 0.444392 
-0.375176 0.455673 
-0.335756 0.476051 
-0.355808 0.466247 
-0.616517 0.119403 
-0.271224 0.500379 
-0.200726 0.515462 
-0.619499 0.0981416 
-0.517701 0.333778 
-0.41181 0.432441 
-0.595465 0.197029 
0.395415 0.267069 
0.616614 0.0805161 
-0.293443 0.493192 
0.271 0.344056 
0.347744 0.29574 
0.52284 0.185189 
0.369357 0.282691 
-0.429076 0.419875 
0.453471 0.231849 
0.478525 0.216011 
0.0364424 0.483589 
-0.0456516 0.509169 
0.00894935 0.493905 
0.196723 0.393524 
-0.176059 0.518064 
0.144878 0.427039 
0.118307 0.442966 
0.543327 0.168717 
0.632397 0.0453214 
0.625325 0.0628452 
0.562849 0.150888 
-0.224817 0.511596 
0.579768 0.133051 
-0.150897 0.519318 
-0.314958 0.485058 
-0.125214 0.519142 
-0.0990964 0.517449 
0.221402 0.377015 
0.24615 0.360462 
0.0639933 0.471514 
0.171248 0.410293 
0.296802 0.327394 
-0.0184625 0.502436 
0.0913059 0.4579 
0.501678 0.200529 
-0.0725475 0.51415 
0.647349 -0.0269012 
0.594154 0.115411 
0.606401 0.0978272 
ZONE T="boundary5"
0.463245 -0.390344 
0.484462 -0.375611 
-0.559947 -0.145155 
-0.548356 -0.161912 
-0.190171 -0.403939 
-0.167494 -0.411833 
-0.620379 0.024652 
0.525134 -0.340404 
0.544133 -0.319723 
-0.617949 0.00423628 
-0.597128 -0.0737086 
0.504766 -0.359345 
-0.614376 -0.0158418 
-0.609693 -0.0355357 
-0.570758 -0.127783 
0.646627 -0.0733796 
0.64779 -0.0547963 
-0.0958831 -0.433435 
-0.212676 -0.395588 
-0.234464 -0.386995 
-0.256071 -0.37796 
-0.277069 -0.36866 
-0.337976 -0.33842 
-0.297872 -0.358908 
-0.318037 -0.348902 
-0.357334 -0.327623 
-0.120393 -0.426604 
-0.144031 -0.419462 
-0.464124 -0.252502 
-0.447846 -0.266169 
-0.509275 -0.20901 
-0.49485 -0.223891 
-0.53597 -0.178172 
-0.37642 -0.316305 
-0.394923 -0.304607 
-0.41308 -0.292333 
-0.430683 -0.279564 
0.44194 -0.403196 
0.647798 -0.0361808 
0.636894 -0.129099 
0.631873 -0.147426 
-0.580505 -0.1102 
-0.589311 -0.0921622 
0.625658 -0.166964 
-0.479935 -0.238261 
-0.0711963 -0.439728 
0.0623649 -0.463323 
0.0908192 -0.465972 
0.120497 -0.467786 
-0.0198283 -0.450916 
0.0340417 -0.45983 
0.00702774 -0.455727 
-0.0455964 -0.445627 
0.150255 -0.46859 
0.181031 -0.468295 
0.42006 -0.414673 
0.211799 -0.466787 
0.273651 -0.4597 
0.30427 -0.453942 
0.361047 -0.438589 
0.332741 -0.447062 
0.390797 -0.427694 
-0.522936 -0.193844 
0.552933 -0.308913 
0.596539 -0.237843 
0.59029 -0.250298 
0.641112 -0.110521 
0.644377 -0.091966 
0.561289 -0.297772 
-0.603934 -0.0548265 
0.610909 -0.205883 
0.60247 -0.22523 
0.618719 -0.186266 
0.242732 -0.463956 
0.576877 -0.274204 
0.473976 -0.383155 
-0.55425 -0.153602 
-0.178853 -0.407943 
0.534839 -0.330254 
-0.619312 0.0144279 
-0.612175 -0.0257211 
0.647348 -0.0640955 
-0.223592 -0.391347 
-0.266594 -0.373365 
-0.307983 -0.353962 
-0.328037 -0.343722 
-0.347688 -0.333084 
-0.155783 -0.415709 
-0.201445 -0.399821 
-0.456044 -0.259408 
-0.502127 -0.216515 
-0.542253 -0.170111 
-0.385714 -0.310525 
-0.421935 -0.286024 
-0.366915 -0.32203 
0.452691 -0.396934 
-0.245291 -0.382533 
-0.565461 -0.136536 
0.634479 -0.138288 
-0.585027 -0.101239 
0.628861 -0.157226 
-0.593345 -0.0829877 
-0.616307 -0.00582729 
-0.0835588 -0.43665 
0.0765803 -0.464756 
0.0205192 -0.457869 
-0.0327301 -0.44835 
0.135371 -0.468318 
0.165643 -0.46859 
0.288997 -0.457016 
0.346953 -0.443023 
-0.0584155 -0.442753 
0.405543 -0.421441 
0.494756 -0.367657 
-0.529534 -0.186076 
-0.00641773 -0.453408 
0.548586 -0.314362 
0.593458 -0.244092 
0.431083 -0.409093 
0.642864 -0.101263 
-0.132232 -0.423095 
-0.40405 -0.298543 
0.557166 -0.303384 
-0.600662 -0.0643138 
0.606768 -0.215591 
0.639112 -0.119834 
0.622272 -0.176646 
-0.575744 -0.119054 
0.645632 -0.0826875 
0.647943 -0.0454871 
-0.47209 -0.24545 
-0.108158 -0.430087 
-0.287497 -0.363841 
0.105649 -0.467002 
0.258216 -0.462011 
0.22728 -0.465541 
0.0481886 -0.46168 
0.31855 -0.450685 
0.196422 -0.467698 
0.37601 -0.433382 
0.515132 -0.350072 
-0.606949 -0.0452206 
-0.439324 -0.272945 
-0.487452 -0.231138 
-0.516177 -0.201492 
0.614894 -0.196107 
0.583783 -0.262364 
0.569313 -0.286141 
0.599541 -0.231555 
