ZONE T="boundary0"
-4 -0.129884 
-4 -0.214932 
-4 -0.291567 
-4 0.276657 
-4 0.234566 
-4 0.318749 
-4 0.188945 
-4 -0.0597894 
-4 0.0103052 
-4 0.375809 
-4 -0.819968 
-4 -1 
-4 0.660242 
-4 0.830121 
-4 1 
-4 -0.369923 
-4 -0.448279 
-4 0.143325 
-4 0.0768149 
-4 -0.639936 
-4 -0.544107 
-4 0.546556 
-4 0.489713 
-4 0.432869 
-4 -0.729952 
-4 -0.172408 
-4 0.255611 
-4 -0.0948368 
-4 0.347279 
-4 -0.909984 
-4 0.745182 
-4 0.915061 
-4 -0.253249 
-4 -0.0247421 
-4 -0.409101 
-4 0.166135 
-4 0.297703 
-4 0.11007 
-4 0.211755 
-4 0.0435601 
-4 -0.330745 
-4 -0.592022 
-4 0.603399 
-4 0.461291 
-4 -0.496193 
-4 0.404339 
-4 0.518134 
-4 -0.684944 
-4 -0.77496 
ZONE T="boundary1"
3.80583 1 
3.61167 1 
0.711146 1 
0.839729 1 
0.159436 1 
0.00799784 1 
-0.0725846 1 
2.63541 1 
-1.28725 1 
1.13572 1 
1.27205 1 
-3.44686 1 
-3.72343 1 
-2.41322 1 
-2.61871 1 
-1.81582 1 
-2.01177 1 
3.22334 1 
2.83268 1 
-3.23676 1 
1.49211 1 
-4 1 
-3.02665 1 
1.81117 1 
-0.40196 1 
-0.310192 1 
0.553763 1 
0.0837168 1 
0.257593 1 
0.35575 1 
0.306672 1 
-0.153167 1 
0.658685 1 
0.606224 1 
-0.23168 1 
-0.493728 1 
0.919561 1 
-0.675756 1 
-0.584742 1 
0.999394 1 
4 1 
-0.780562 1 
-0.885368 1 
1.65164 1 
1.38208 1 
-1.41447 1 
-1.00238 1 
-1.11939 1 
-1.54168 1 
-1.20332 1 
-1.67875 1 
3.4175 1 
2.53678 1 
2.01419 1 
2.43815 1 
2.32768 1 
-2.20772 1 
0.501302 1 
2.21721 1 
2.1157 1 
3.70875 1 
0.775438 1 
1.20389 1 
-3.58515 1 
-2.51596 1 
-1.91379 1 
3.02801 1 
-2.82268 1 
-0.356076 1 
-0.0322934 1 
0.121576 1 
0.208514 1 
0.0458573 1 
0.331211 1 
0.632455 1 
-0.270936 1 
-0.192423 1 
-0.447844 1 
0.879645 1 
-0.630249 1 
3.90292 1 
-0.832965 1 
-0.728159 1 
1.73141 1 
-3.86172 1 
-1.35086 1 
-1.06089 1 
1.57188 1 
1.32707 1 
1.4371 1 
-1.61021 1 
3.51459 1 
1.91268 1 
2.73405 1 
-2.31047 1 
-1.74728 1 
-2.10974 1 
3.32042 1 
0.282132 1 
-0.112876 1 
0.579994 1 
0.527533 1 
0.428526 1 
0.684915 1 
0.959478 1 
1.06756 1 
-3.13171 1 
-0.539235 1 
-0.943875 1 
-1.16136 1 
-1.47807 1 
2.38291 1 
2.5861 1 
2.48747 1 
-3.34181 1 
-1.24529 1 
2.27244 1 
2.06494 1 
2.16645 1 
ZONE T="boundary2"
4 -0.612905 
4 -0.708036 
4 -0.298577 
4 -0.361705 
4 0.189272 
4 -0.43974 
4 0.248952 
4 0.80991 
4 -0.854018 
4 -0.517774 
4 -0.255386 
4 0.0884216 
4 0.308631 
4 0.138847 
4 0.427096 
4 0.367864 
4 0.523458 
4 0.61982 
4 -0.0149855 
4 -0.118393 
4 1 
4 -1 
4 -0.212196 
4 -0.188745 
4 -0.165294 
4 -0.66047 
4 -0.330141 
4 -0.400722 
4 -0.781027 
4 -0.478757 
4 -0.276982 
4 0.278791 
4 0.219112 
4 0.39748 
4 0.475277 
4 0.338247 
4 0.571639 
4 0.0367181 
4 -0.0666891 
4 -0.565339 
4 0.904955 
4 0.714865 
4 -0.927009 
4 -0.233791 
4 -0.17702 
4 -0.141843 
4 -0.200471 
4 0.164059 
4 0.113634 
ZONE T="boundary3"
-3.82903 -1 
-3.65806 -1 
-1.64416 -1 
-1.49847 -1 
1.42179 -1 
1.49531 -1 
-0.171409 -1 
-0.238481 -1 
1.19249 -1 
2.07151 -1 
-1.17907 -1 
-1.28735 -1 
-0.371442 -1 
-1.0708 -1 
0.348706 -1 
1.34827 -1 
1.72456 -1 
1.89804 -1 
-1.78985 -1 
-0.029791 -1 
0.044756 -1 
-0.716069 -1 
-0.621887 -1 
-0.892312 -1 
-4 -1 
-3.4903 -1 
-2.85282 -1 
2.45181 -1 
2.8188 -1 
3.05654 -1 
3.29428 -1 
3.64714 -1 
3.82357 -1 
2.63531 -1 
-0.304961 -1 
-0.527704 -1 
-0.104338 -1 
-0.80419 -1 
0.12057 -1 
0.196384 -1 
0.530802 -1 
0.439754 -1 
0.638486 -1 
1.03672 -1 
0.74617 -1 
-1.39291 -1 
0.891444 -1 
-3.32255 -1 
-3.08768 -1 
4 -1 
-1.9506 -1 
-2.11135 -1 
-2.48131 -1 
-2.29633 -1 
-3.74354 -1 
-1.57132 -1 
1.45855 -1 
-0.204945 -1 
-1.23321 -1 
1.27038 -1 
1.98477 -1 
0.00748248 -1 
-0.668978 -1 
-3.91451 -1 
-3.57418 -1 
2.26166 -1 
3.17541 -1 
3.47071 -1 
2.72706 -1 
-0.271721 -1 
-0.449573 -1 
-0.137874 -1 
-0.76013 -1 
0.158477 -1 
0.485278 -1 
0.584644 -1 
-0.981555 -1 
0.39423 -1 
0.692328 -1 
-1.12494 -1 
-1.44569 -1 
-1.34013 -1 
0.272545 -1 
0.818807 -1 
-1.71701 -1 
-3.40642 -1 
-2.97025 -1 
-2.03098 -1 
1.8113 -1 
-2.66707 -1 
1.60994 -1 
-2.20384 -1 
2.93767 -1 
3.73535 -1 
-1.87023 -1 
3.91178 -1 
-3.20511 -1 
-0.0670645 -1 
-0.338202 -1 
-0.574795 -1 
-0.848251 -1 
1.1146 -1 
0.964081 -1 
1.38503 -1 
2.54356 -1 
-2.38882 -1 
0.0826631 -1 
ZONE T="boundary4"
-0.613754 0.0627966 
-0.339947 0.407494 
0.509223 0.330614 
0.402559 0.455671 
0.387633 0.465851 
0.417137 0.444583 
-0.619443 0.0430466 
0.494275 0.356988 
0.477664 0.381529 
0.323275 0.499184 
-0.63119 -0.0165414 
-0.628177 0.00331819 
-0.624261 0.0231823 
0.431124 0.432718 
0.443596 0.420962 
-0.599878 0.101735 
-0.592425 0.119342 
0.455488 0.408551 
-0.584352 0.136692 
-0.568734 0.166556 
-0.607222 0.0823741 
-0.356802 0.396374 
0.600468 0.0909686 
0.567758 0.179111 
0.55848 0.204722 
-0.543235 0.208286 
-0.532594 0.223912 
-0.452017 0.319051 
-0.43531 0.334731 
-0.553454 0.192387 
-0.418076 0.349845 
-0.403445 0.361917 
-0.388493 0.373597 
-0.372802 0.385195 
-0.304555 0.428836 
-0.322794 0.418164 
-0.286026 0.439012 
0.542981 0.249355 
0.549497 0.23048 
-0.266216 0.449191 
-0.246123 0.458816 
-0.20296 0.477279 
-0.179633 0.486083 
-0.156052 0.494197 
-0.13058 0.502111 
-0.104877 0.509237 
-0.0199304 0.52696 
-0.049468 0.521789 
-0.515741 0.247035 
-0.49436 0.273737 
0.536289 0.268119 
0.356186 0.484037 
0.339914 0.49197 
0.623121 1.88308e-05 
0.625204 -0.0226317 
0.372152 0.475312 
0.306409 0.50566 
0.466896 0.395353 
0.521257 0.305515 
0.0721092 0.536372 
0.0408987 0.534329 
0.272018 0.516569 
0.237793 0.524768 
0.575762 0.157729 
0.529069 0.286972 
0.614296 0.0454093 
0.607852 0.0682977 
0.619449 0.0226304 
-0.224677 0.468354 
-0.471067 0.299758 
0.583838 0.136437 
0.592342 0.113731 
0.00974214 0.531107 
-0.0772688 0.515963 
0.104628 0.5372 
0.169984 0.534541 
0.137059 0.536635 
0.203343 0.530718 
0.39516 0.460855 
0.409921 0.450223 
0.486216 0.369436 
-0.629794 -0.00659727 
-0.626328 0.0132694 
0.437433 0.42692 
-0.621959 0.0331383 
-0.59623 0.110571 
0.44962 0.414834 
-0.588464 0.128051 
-0.576759 0.151734 
-0.348412 0.401991 
0.563078 0.191898 
-0.537966 0.216133 
-0.443731 0.326962 
-0.410802 0.35593 
-0.380686 0.379448 
-0.364839 0.390837 
-0.313712 0.423562 
-0.295325 0.433987 
0.546247 0.239921 
-0.256203 0.454073 
-0.191329 0.481768 
-0.143346 0.498252 
-0.117756 0.505773 
-0.0347199 0.524502 
0.553958 0.217589 
-0.548399 0.200371 
-0.52428 0.235555 
-0.505228 0.260525 
-0.610589 0.0726173 
0.539674 0.258754 
0.348096 0.488095 
-0.396008 0.367806 
-0.331406 0.412886 
0.624369 -0.0112881 
-0.616703 0.0529496 
0.379951 0.470677 
0.331634 0.495667 
0.364221 0.479769 
0.472366 0.388511 
0.424209 0.438745 
0.461275 0.402027 
0.515427 0.318164 
0.0564972 0.5355 
0.25498 0.520956 
0.314876 0.502509 
0.571741 0.168409 
0.532746 0.277575 
-0.276157 0.444171 
0.611208 0.0568884 
0.604258 0.0796615 
0.525247 0.296284 
-0.603647 0.0920897 
-0.167872 0.490226 
-0.21385 0.472894 
0.501996 0.343952 
-0.461644 0.309503 
0.5798 0.147079 
0.596468 0.102367 
-0.235435 0.463662 
0.62147 0.0113532 
0.617035 0.0340547 
0.588119 0.12509 
-0.00511026 0.529163 
0.025308 0.532862 
-0.063391 0.518989 
-0.482898 0.286908 
0.0883681 0.536955 
0.153539 0.535786 
-0.0910996 0.512712 
0.186694 0.532851 
0.220619 0.528003 
0.120851 0.537096 
0.289323 0.511443 
-0.561247 0.17956 
-0.426756 0.342359 
ZONE T="boundary5"
-0.63448 -0.0560315 
-0.633291 -0.0363328 
-0.558847 -0.296615 
-0.626706 -0.151826 
-0.630097 -0.133091 
0.422968 -0.32111 
0.391033 -0.332501 
-0.569104 -0.283809 
0.560399 -0.218605 
0.543286 -0.238712 
-0.411508 -0.380807 
-0.427813 -0.377308 
-0.578661 -0.270254 
-0.622357 -0.170412 
-0.617078 -0.188647 
-0.358118 -0.385921 
-0.376638 -0.385137 
-0.394132 -0.383466 
0.523783 -0.258236 
0.503132 -0.275635 
-0.443914 -0.372803 
-0.458977 -0.367549 
-0.339507 -0.385808 
-0.319966 -0.384852 
-0.191022 -0.367191 
-0.258827 -0.377895 
-0.279605 -0.380771 
0.491148 -0.284428 
0.533734 -0.248685 
-0.500993 -0.346637 
-0.487553 -0.354437 
-0.525793 -0.328931 
0.57621 -0.196842 
-0.513618 -0.338205 
0.478788 -0.292636 
-0.236791 -0.374514 
-0.214695 -0.370969 
-0.141747 -0.360107 
-0.16732 -0.363601 
-0.53725 -0.319033 
-0.548093 -0.30846 
-0.0885699 -0.354584 
-0.116235 -0.357135 
-0.473745 -0.361323 
-0.63119 -0.0165414 
-0.610917 -0.206386 
-0.596148 -0.240031 
-0.603948 -0.223483 
-0.632567 -0.114107 
-0.634117 -0.0949361 
-0.0610987 -0.352779 
0.0860741 -0.353309 
0.0275963 -0.351514 
-0.00280735 -0.351254 
0.0577536 -0.352287 
0.139859 -0.355398 
0.304677 -0.350825 
0.248297 -0.355609 
0.220016 -0.356486 
0.165469 -0.356162 
0.192689 -0.3566 
-0.300282 -0.383165 
0.276666 -0.35377 
0.453448 -0.307126 
0.438344 -0.314478 
0.332716 -0.346561 
0.361927 -0.340486 
0.466263 -0.300162 
0.620921 -0.0896157 
0.568484 -0.207926 
0.588935 -0.176152 
-0.587793 -0.255485 
0.615886 -0.111328 
0.624152 -0.0675371 
0.609033 -0.132721 
0.625204 -0.0226317 
0.62557 -0.0452 
-0.634755 -0.0755489 
0.114272 -0.354435 
0.600165 -0.154206 
-0.0318166 -0.351643 
-0.633999 -0.0461783 
-0.628519 -0.142483 
0.407113 -0.327141 
0.552032 -0.228823 
-0.419693 -0.379178 
-0.573983 -0.277106 
-0.62465 -0.16115 
-0.367392 -0.385648 
-0.385405 -0.38442 
-0.402847 -0.382264 
0.513646 -0.267159 
-0.451491 -0.370292 
-0.34882 -0.38597 
-0.435904 -0.375181 
-0.269214 -0.379381 
-0.564073 -0.290293 
-0.494337 -0.350643 
-0.519778 -0.333663 
0.485016 -0.288603 
-0.507372 -0.342519 
-0.225742 -0.37275 
-0.154535 -0.361797 
-0.202859 -0.369067 
-0.542748 -0.31383 
-0.102399 -0.355768 
-0.480705 -0.357987 
-0.128989 -0.358551 
-0.632352 -0.0264279 
-0.614113 -0.19756 
-0.607544 -0.214983 
-0.633458 -0.104534 
-0.0748304 -0.35359 
0.0124023 -0.351308 
0.0719173 -0.352773 
0.234153 -0.356156 
0.179072 -0.356439 
-0.310124 -0.38409 
0.318716 -0.348867 
0.445938 -0.310891 
0.472567 -0.296468 
0.497192 -0.280102 
0.52881 -0.253514 
0.430692 -0.31788 
0.459892 -0.303712 
0.347359 -0.34374 
0.564493 -0.213305 
0.582768 -0.186616 
-0.583336 -0.26294 
-0.466414 -0.364553 
0.572402 -0.202423 
0.618628 -0.100522 
0.622765 -0.0786087 
0.612678 -0.122092 
0.625087 -0.0563822 
0.538561 -0.243748 
0.37654 -0.336738 
-0.592078 -0.247819 
-0.634731 -0.0657915 
-0.32974 -0.385429 
-0.634551 -0.0852496 
-0.60016 -0.231813 
-0.631449 -0.123618 
-0.289942 -0.382037 
0.15266 -0.355814 
0.127062 -0.354933 
-0.17917 -0.365362 
0.100175 -0.35387 
0.0426828 -0.351848 
0.604818 -0.143552 
0.625607 -0.0339118 
0.29068 -0.352449 
0.206347 -0.356623 
-0.017302 -0.351363 
0.262482 -0.354821 
-0.0464508 -0.352112 
-0.619835 -0.179567 
-0.247806 -0.376235 
0.594775 -0.165292 
-0.55356 -0.302622 
-0.531599 -0.324067 
