ZONE T="boundary0"
-4 -0.207549 
-4 -0.27569 
-4 0.18796 
-4 0.108307 
-4 0.488974 
-4 0.406579 
-4 0.250715 
-4 0.695262 
-4 0.324184 
-4 -0.0689196 
-4 -0.138234 
-4 0.0196938 
-4 1 
-4 0.847631 
-4 0.592118 
-4 -0.34383 
-4 0.219338 
-4 -0.497111 
-4 0.0640005 
-4 -0.687938 
-4 -1 
-4 -0.843969 
-4 -0.42047 
-4 -0.241619 
-4 0.447777 
-4 -0.103577 
-4 -0.0246129 
-4 -0.172892 
-4 0.923815 
-4 0.64369 
-4 -0.30976 
-4 0.148134 
-4 0.28745 
-4 0.235026 
-4 0.0418471 
-4 0.365382 
-4 0.540546 
-4 -0.592524 
-4 0.771446 
-4 -0.765953 
-4 -0.921984 
-4 0.203649 
-4 0.0861538 
-4 -0.38215 
-4 -0.458791 
ZONE T="boundary1"
-2.261 1 
1.70468 1 
3.86601 1 
-0.289043 1 
-0.231354 1 
0.0804697 1 
0.0173628 1 
1.24763 1 
-1.88624 1 
-2.061 1 
-3.65242 1 
-2.46099 1 
-4 1 
3.46404 1 
2.94207 1 
2.77871 1 
-2.66831 1 
-2.87562 1 
3.10543 1 
-1.25409 1 
-1.16768 1 
3.59803 1 
-3.21415 1 
-3.04489 1 
1.86542 1 
-1.4659 1 
-1.58869 1 
2.59798 1 
2.02615 1 
-0.109704 1 
0.322592 1 
-0.0457441 1 
0.731963 1 
0.228478 1 
0.416705 1 
0.154474 1 
0.521777 1 
-0.372324 1 
-0.455604 1 
-0.703273 1 
-0.579438 1 
0.275535 1 
-0.173664 1 
-0.908447 1 
-0.80586 1 
3.73202 1 
4 1 
-1.03806 1 
0.626849 1 
-1.36 1 
-1.08127 1 
0.944503 1 
0.837077 1 
1.57045 1 
1.43622 1 
1.34193 1 
-1.71148 1 
-3.82621 1 
-3.43328 1 
2.41724 1 
1.05193 1 
-0.994858 1 
2.2217 1 
3.28474 1 
-0.260199 1 
0.0489162 1 
-1.97362 1 
-2.361 1 
2.86039 1 
-2.77196 1 
3.02375 1 
-1.21089 1 
3.53104 1 
-3.12952 1 
1.78505 1 
-1.5273 1 
-2.96025 1 
-0.0141907 1 
0.117472 1 
-0.330684 1 
-0.413964 1 
-0.641356 1 
0.252007 1 
-0.857153 1 
-0.517521 1 
0.299063 1 
3.66503 1 
3.93301 1 
3.79902 1 
0.574313 1 
-0.754566 1 
-1.12447 1 
0.89079 1 
1.63757 1 
1.50334 1 
1.29478 1 
-1.79886 1 
0.679406 1 
0.78452 1 
-3.73931 1 
-3.9131 1 
-3.32372 1 
2.50761 1 
2.68835 1 
-2.56465 1 
1.14978 1 
2.12392 1 
2.31947 1 
1.94578 1 
0.369649 1 
0.469241 1 
0.998216 1 
-0.202509 1 
-0.0777242 1 
-0.141684 1 
0.191476 1 
-1.30704 1 
-1.05967 1 
-0.951653 1 
-1.65008 1 
1.38908 1 
-1.41295 1 
-2.161 1 
3.37439 1 
-3.54285 1 
-1.01646 1 
3.19508 1 
ZONE T="boundary2"
4 -0.636048 
4 -0.519178 
4 -0.402308 
4 -0.356726 
4 -0.207742 
4 -0.233592 
4 0.203521 
4 0.243463 
4 0.283405 
4 0.372453 
4 -0.155577 
4 -1 
4 -0.181659 
4 -0.0697086 
4 -0.259442 
4 0.0615859 
4 -0.00406139 
4 0.132554 
4 -0.311143 
4 0.42429 
4 0.476126 
4 0.639828 
4 0.557977 
4 0.819914 
4 1 
4 -0.577613 
4 -0.379517 
4 -0.220667 
4 0.263434 
4 -0.818024 
4 -0.168618 
4 -0.112643 
4 -0.246517 
4 0.0287622 
4 0.168037 
4 -0.333934 
4 0.327929 
4 0.223492 
4 0.450208 
4 -0.460743 
4 0.598903 
4 0.398371 
4 0.0970697 
4 0.729871 
4 0.909957 
4 -0.285293 
4 -0.1947 
4 -0.036885 
4 0.517052 
ZONE T="boundary3"
-3.71724 -1 
-2.13109 -1 
-1.92058 -1 
-1.07476 -1 
-0.961074 -1 
0.252686 -1 
0.379576 -1 
-0.743411 -1 
0.49209 -1 
0.604604 -1 
-0.638113 -1 
-2.30067 -1 
1.41354 -1 
-2.90822 -1 
-3.17135 -1 
-1.32189 -1 
4 -1 
3.6658 -1 
3.21223 -1 
-2.68923 -1 
2.35434 -1 
2.60422 -1 
3.03317 -1 
3.43902 -1 
0.0296409 -1 
0.191216 -1 
-0.174561 -1 
-0.098387 -1 
-0.292457 -1 
-0.250735 -1 
-0.034373 -1 
0.0796931 -1 
0.129745 -1 
-0.334179 -1 
-0.433497 -1 
-0.532814 -1 
1.10963 -1 
1.21117 -1 
-0.212648 -1 
0.704851 -1 
0.654728 -1 
-0.852243 -1 
-4 -1 
0.754974 -1 
1.0081 -1 
1.5554 -1 
1.69726 -1 
-3.43448 -1 
-1.18844 -1 
2.8541 -1 
-2.47025 -1 
-1.71007 -1 
-1.5827 -1 
-1.45533 -1 
1.98327 -1 
2.1688 -1 
0.906597 -1 
0.855847 -1 
0.805097 -1 
-2.02583 -1 
-1.01791 -1 
0.548347 -1 
-2.21588 -1 
-3.03979 -1 
3.8329 -1 
-2.79873 -1 
2.47928 -1 
3.55241 -1 
0.221951 -1 
-0.271596 -1 
-0.06638 -1 
0.104719 -1 
-0.136474 -1 
-0.313318 -1 
-0.383838 -1 
-0.585464 -1 
1.1604 -1 
-0.193604 -1 
0.316131 -1 
-0.483155 -1 
-0.690762 -1 
0.679789 -1 
0.435833 -1 
-0.797827 -1 
-3.85862 -1 
0.729913 -1 
-0.906658 -1 
3.32562 -1 
1.05886 -1 
1.31235 -1 
1.48447 -1 
1.62633 -1 
-3.30292 -1 
-1.25516 -1 
3.1227 -1 
-2.57974 -1 
-1.81532 -1 
-1.64639 -1 
2.72916 -1 
-1.51902 -1 
2.07604 -1 
2.94363 -1 
-2.38546 -1 
1.84026 -1 
2.26157 -1 
-3.57586 -1 
0.054667 -1 
-0.231691 -1 
-0.00236609 -1 
0.16048 -1 
0.881222 -1 
0.957346 -1 
0.830472 -1 
0.780036 -1 
0.629666 -1 
-1.38861 -1 
-1.1316 -1 
ZONE T="boundary4"
0.64025 0.0647453 
0.639217 0.0787138 
-0.642189 -0.00370611 
-0.64239 0.0201097 
-0.56918 0.21094 
-0.227131 0.361987 
-0.32737 0.340432 
-0.302902 0.346227 
-0.375563 0.327264 
-0.351739 0.334117 
-0.422175 0.311183 
-0.444664 0.301728 
0.613162 0.174597 
-0.517115 0.259449 
-0.485088 0.280834 
-0.465181 0.291838 
-0.501384 0.270589 
-0.625413 0.114321 
-0.616462 0.136888 
-0.640886 0.0439376 
-0.581558 0.195691 
-0.593008 0.179578 
0.55084 0.274496 
0.635054 0.106407 
0.637486 0.0925503 
0.5301 0.296388 
0.518468 0.307081 
0.585864 0.226388 
-0.543753 0.237214 
-0.556799 0.224462 
-0.605641 0.158685 
-0.530693 0.248695 
0.623824 0.147442 
-0.277841 0.351734 
0.506347 0.317227 
0.493912 0.326717 
-0.252754 0.356925 
-0.637595 0.0676813 
0.569426 0.250988 
-0.201517 0.36687 
-0.0433611 0.394231 
-0.0163587 0.398245 
0.0107048 0.401951 
-0.632451 0.0912014 
-0.175484 0.371696 
-0.149467 0.376404 
-0.123103 0.381061 
0.640139 0.0369537 
0.631951 0.120183 
0.637139 0.00944833 
0.481082 0.335652 
0.560479 0.262826 
0.467272 0.34441 
0.36275 0.389543 
0.393683 0.379398 
0.424139 0.367 
0.540674 0.285726 
0.438767 0.360066 
0.0656625 0.40824 
0.121883 0.412476 
0.150773 0.413591 
0.179729 0.413871 
0.0937254 0.41067 
0.239412 0.411405 
0.269688 0.408358 
0.331505 0.397646 
0.628192 0.133888 
0.577893 0.238803 
-0.0700656 0.390008 
-0.0967284 0.38559 
0.600579 0.200648 
0.593441 0.213643 
0.300424 0.403843 
0.0381401 0.40532 
0.209571 0.413185 
-0.399167 0.319632 
0.639823 0.0717361 
-0.642498 0.00820006 
-0.315149 0.343386 
-0.363676 0.330778 
-0.433478 0.306595 
-0.475215 0.286482 
-0.621171 0.125697 
-0.587414 0.187728 
0.636355 0.0994937 
-0.575489 0.203413 
0.524347 0.301802 
-0.550363 0.230927 
-0.59954 0.169262 
-0.537297 0.243038 
-0.493304 0.27582 
-0.523973 0.254159 
-0.290381 0.349025 
0.500182 0.322041 
-0.639467 0.0558408 
-0.214327 0.364447 
-0.454988 0.296918 
-0.0298651 0.396273 
-0.0028328 0.40014 
-0.641856 0.0320373 
-0.635255 0.0794923 
-0.162478 0.374064 
-0.136288 0.378747 
-0.629167 0.102833 
-0.339573 0.337347 
-0.188503 0.369298 
0.640557 0.0508481 
-0.265304 0.354362 
-0.239948 0.359481 
0.633583 0.113313 
0.555725 0.268715 
0.474224 0.340106 
0.378301 0.384727 
-0.509327 0.265129 
0.545821 0.280169 
0.512466 0.312224 
0.487545 0.331253 
0.431486 0.363603 
0.535448 0.291116 
0.136324 0.413132 
0.16525 0.413841 
0.0796876 0.409528 
0.254566 0.410044 
0.630149 0.127057 
0.618767 0.161127 
0.626081 0.140689 
0.453179 0.352529 
0.573717 0.244936 
0.638438 0.0856428 
-0.0834008 0.387821 
0.597065 0.207177 
-0.0567178 0.392147 
0.107799 0.411657 
0.285083 0.406286 
0.316006 0.400954 
-0.109919 0.383342 
0.0518948 0.406841 
0.2245 0.412438 
0.024416 0.403687 
0.194653 0.413658 
0.347188 0.393829 
-0.563085 0.217788 
-0.410716 0.31553 
-0.3874 0.323554 
-0.611278 0.147899 
0.581933 0.232631 
0.638998 0.0231617 
0.565014 0.256953 
0.589707 0.220047 
0.607103 0.187734 
0.409024 0.373477 
ZONE T="boundary5"
-0.599214 -0.165732 
-0.609406 -0.14321 
-0.5752 -0.210106 
-0.561323 -0.232208 
-0.640366 -0.027421 
-0.642189 -0.00370611 
-0.618322 -0.120469 
-0.625918 -0.0975317 
-0.636999 -0.0509926 
-0.587801 -0.188019 
-0.632166 -0.0743537 
0.611871 -0.0698579 
-0.192494 -0.495333 
-0.221146 -0.486399 
-0.304923 -0.452418 
-0.277425 -0.464941 
-0.0188526 -0.52357 
-0.0478622 -0.521862 
-0.0768254 -0.518952 
-0.134812 -0.509538 
-0.163783 -0.50302 
-0.105893 -0.514832 
-0.513607 -0.295399 
-0.454596 -0.354309 
-0.47553 -0.335228 
-0.546464 -0.253851 
-0.530651 -0.274847 
0.534809 -0.187318 
0.520659 -0.206006 
-0.383671 -0.407964 
-0.358136 -0.423899 
-0.432009 -0.373083 
-0.408335 -0.390997 
0.598682 -0.0950463 
0.634571 -0.00416828 
0.63132 -0.0176113 
0.583332 -0.120099 
0.566656 -0.144443 
0.490293 -0.246851 
0.506563 -0.224819 
0.0100272 -0.524047 
0.0388181 -0.52327 
0.123976 -0.513039 
0.0674267 -0.521204 
0.0958598 -0.517805 
0.179093 -0.49923 
0.151742 -0.506862 
0.25804 -0.46722 
0.205958 -0.490107 
0.232291 -0.479448 
0.283087 -0.453435 
0.307388 -0.438095 
0.330906 -0.421226 
0.375325 -0.383314 
0.353595 -0.402896 
0.396421 -0.362316 
0.416762 -0.34019 
0.436283 -0.317274 
0.455426 -0.293323 
0.473989 -0.268911 
0.5509 -0.165975 
0.622836 -0.0440474 
0.627399 -0.0309121 
0.637139 0.00944833 
-0.249419 -0.476291 
-0.495204 -0.315574 
-0.331902 -0.438704 
-0.60445 -0.154535 
-0.568375 -0.221228 
-0.641475 -0.0155788 
-0.622278 -0.109053 
-0.63887 -0.0392336 
-0.62921 -0.0859879 
-0.581621 -0.199131 
-0.206866 -0.491013 
-0.291241 -0.458826 
-0.0333663 -0.522867 
-0.0623586 -0.520555 
-0.14933 -0.506425 
-0.120379 -0.51233 
-0.465171 -0.344887 
-0.554007 -0.243107 
0.527728 -0.196658 
-0.370992 -0.416073 
-0.44341 -0.363826 
-0.420274 -0.382175 
0.605511 -0.0825746 
-0.634759 -0.0627097 
0.57512 -0.132358 
0.498413 -0.235824 
0.024427 -0.523818 
-0.593638 -0.176943 
0.0531343 -0.522401 
0.165469 -0.503232 
0.19259 -0.494857 
0.245256 -0.473525 
0.270667 -0.460515 
0.295352 -0.445946 
0.319271 -0.429832 
0.364588 -0.393245 
0.406706 -0.351358 
0.385997 -0.372939 
0.426621 -0.328816 
0.464769 -0.281164 
0.513595 -0.2154 
0.542874 -0.176661 
0.625194 -0.0375064 
0.591195 -0.107688 
0.63303 -0.0109102 
0.635942 0.00262352 
0.629441 -0.0242856 
-0.614013 -0.131898 
-0.538678 -0.264439 
0.617632 -0.0570711 
-0.235335 -0.481491 
-0.263482 -0.470763 
-0.00441528 -0.523963 
-0.48548 -0.325514 
0.137899 -0.510132 
0.109947 -0.515598 
0.558835 -0.155251 
-0.178177 -0.499322 
-0.3451 -0.431445 
-0.0913799 -0.517039 
-0.396098 -0.399619 
-0.52225 -0.285224 
0.0816636 -0.519675 
0.219202 -0.484969 
0.342379 -0.41222 
-0.504524 -0.305594 
0.445938 -0.305366 
-0.318487 -0.445707 
0.48216 -0.257895 
