ZONE T="boundary0"
-4 -0.136563 
-4 -0.210895 
-4 0.322036 
-4 0.418109 
-4 0.508859 
-4 0.0635341 
-4 -0.0365143 
-4 -0.566793 
-4 -0.0865386 
-4 -0.829562 
-4 -1 
-4 0.799804 
-4 1 
-4 -0.264242 
-4 -0.237568 
-4 -0.307096 
-4 -0.349951 
-4 -0.412206 
-4 -0.659124 
-4 0.370072 
-4 0.292809 
-4 0.134332 
-4 0.599609 
-4 -0.474462 
-4 0.263583 
-4 0.205129 
-4 0.16973 
-4 -0.173729 
-4 0.463484 
-4 0.0135099 
-4 -0.111551 
-4 -0.914781 
-4 0.899902 
-4 -0.250905 
-4 -0.328523 
-4 -0.224231 
-4 -0.285669 
-4 0.0989329 
-4 0.554234 
-4 -0.612958 
-4 -0.520627 
-4 0.699707 
-4 -0.744343 
-4 -0.381079 
-4 0.278196 
-4 0.346054 
-4 0.234356 
-4 0.307423 
-4 0.18743 
-4 0.152031 
-4 0.394091 
-4 -0.443334 
-4 -0.0615265 
ZONE T="boundary1"
1.73298 1 
3.81498 1 
3.62995 1 
-0.896107 1 
0.210964 1 
0.99056 1 
-0.178167 1 
1.21647 1 
1.32371 1 
-0.815211 1 
4 1 
1.43096 1 
1.58197 1 
-2.19406 1 
2.52276 1 
-3.84537 1 
-4 1 
-1.78273 1 
-3.13412 1 
2.28349 1 
-2.71358 1 
-2.88676 1 
-2.54041 1 
-0.0459326 1 
-0.327964 1 
-0.583385 1 
-0.496473 1 
0.15034 1 
0.0842209 1 
-0.699298 1 
-0.109967 1 
0.416126 1 
0.271588 1 
0.488395 1 
0.663942 1 
-0.977003 1 
-1.11425 1 
-3.69075 1 
-1.18287 1 
-1.3633 1 
-1.4751 1 
0.87889 1 
0.767221 1 
1.10352 1 
1.89455 1 
-1.62891 1 
3.13544 1 
3.01097 1 
-1.98839 1 
2.05613 1 
-3.38149 1 
2.76203 1 
-2.36723 1 
-3.01044 1 
-3.53612 1 
0.018102 1 
-0.246367 1 
-0.409561 1 
0.560663 1 
-1.25149 1 
3.44493 1 
3.2599 1 
3.72246 1 
1.27009 1 
3.90749 1 
1.37734 1 
1.50646 1 
-3.92269 1 
2.40313 1 
-2.80017 1 
-0.539929 1 
0.180652 1 
0.11728 1 
-0.641341 1 
-0.757254 1 
-0.855659 1 
-0.0779499 1 
0.343857 1 
0.45226 1 
-1.04563 1 
-3.76806 1 
-1.4192 1 
0.934725 1 
1.04704 1 
-1.55201 1 
3.0732 1 
-1.88556 1 
-1.70582 1 
1.97534 1 
1.81376 1 
1.65747 1 
-3.25781 1 
2.6424 1 
2.8865 1 
-2.28065 1 
-2.45382 1 
-2.09122 1 
-2.9486 1 
-2.627 1 
2.16981 1 
-3.45881 1 
-0.936555 1 
0.0511614 1 
0.241276 1 
-0.0139153 1 
-0.212267 1 
-0.144067 1 
-0.287165 1 
-0.368763 1 
-0.453017 1 
0.823056 1 
0.715581 1 
0.612303 1 
-1.21718 1 
-1.14856 1 
-1.30739 1 
1.15999 1 
0.524529 1 
-3.61343 1 
3.53744 1 
3.35242 1 
-3.07228 1 
3.19767 1 
ZONE T="boundary2"
4 -0.328008 
4 -0.455843 
4 -0.654001 
4 -0.280418 
4 -0.232827 
4 -0.141677 
4 -0.0523629 
4 0.0229325 
4 0.0982278 
4 0.207942 
4 0.153085 
4 1 
4 -1 
4 -0.827 
4 0.499971 
4 0.348199 
4 0.624978 
4 0.749985 
4 0.424085 
4 0.278071 
4 -0.391925 
4 -0.256622 
4 -0.0970201 
4 0.0605801 
4 0.180514 
4 -0.0147152 
4 -0.9135 
4 -0.554922 
4 -0.187252 
4 0.125656 
4 0.687482 
4 0.386142 
4 0.874993 
4 -0.304213 
4 0.562475 
4 0.243006 
4 0.313135 
4 0.462028 
4 -0.740501 
ZONE T="boundary3"
-3.16704 -1 
-2.96293 -1 
-1.22224 -1 
-1.90116 -1 
0.0185661 -1 
-0.0485078 -1 
-0.236929 -1 
0.2069 -1 
0.423544 -1 
0.0856399 -1 
-0.403353 -1 
1.15018 -1 
1.79402 -1 
1.99861 -1 
2.15941 -1 
-2.03925 -1 
-2.25419 -1 
4 -1 
3.43006 -1 
-4 -1 
-3.56057 -1 
-3.37115 -1 
3.62004 -1 
-2.71603 -1 
-2.46912 -1 
2.98169 -1 
3.24007 -1 
-0.114981 -1 
0.273115 -1 
0.33933 -1 
0.14627 -1 
-0.292404 -1 
-0.181454 -1 
0.507758 -1 
-0.498649 -1 
0.685657 -1 
0.596707 -1 
-0.593944 -1 
0.752603 -1 
1.05181 -1 
-0.792265 -1 
-0.693105 -1 
-0.894126 -1 
0.886496 -1 
-0.995987 -1 
-1.10911 -1 
0.81955 -1 
1.2495 -1 
1.34883 -1 
0.953443 -1 
-1.31707 -1 
-1.4119 -1 
-1.4997 -1 
3.81002 -1 
-3.75 -1 
-1.58749 -1 
-1.76308 -1 
1.58943 -1 
2.52175 -1 
2.32021 -1 
2.7233 -1 
1.46913 -1 
-3.06499 -1 
-0.0149709 -1 
0.052103 -1 
1.89632 -1 
-2.14672 -1 
-3.46586 -1 
3.52505 -1 
-2.59258 -1 
3.11088 -1 
-0.0817444 -1 
0.306223 -1 
0.176585 -1 
-0.347878 -1 
-0.264666 -1 
-0.148217 -1 
-0.209191 -1 
0.465651 -1 
-0.451001 -1 
0.641182 -1 
1.101 -1 
-0.742685 -1 
-0.945057 -1 
-1.05255 -1 
0.786076 -1 
-0.843196 -1 
1.29917 -1 
-1.26966 -1 
-1.36449 -1 
-1.4558 -1 
3.71503 -1 
-3.875 -1 
-3.65529 -1 
1.19984 -1 
-1.67528 -1 
3.33507 -1 
1.69173 -1 
-3.26909 -1 
2.42098 -1 
2.85249 -1 
2.23981 -1 
2.07901 -1 
2.62253 -1 
-2.83948 -1 
-2.36166 -1 
1.52928 -1 
-1.9702 -1 
-1.83212 -1 
0.240008 -1 
0.381437 -1 
0.115955 -1 
0.71913 -1 
-0.546296 -1 
0.91997 -1 
1.00263 -1 
0.853023 -1 
-0.643524 -1 
3.90501 -1 
-1.16568 -1 
-1.54359 -1 
1.40898 -1 
0.552233 -1 
ZONE T="boundary4"
-0.213318 0.507993 
-0.161847 0.511634 
-0.461736 0.3939 
-0.442921 0.409617 
-0.62145 0.0942331 
-0.61835 0.117929 
-0.621804 0.0243248 
-0.623158 0.0473553 
-0.600188 0.18891 
0.583922 0.137086 
0.59947 0.117444 
0.637864 0.0418068 
0.641985 0.0273435 
-0.61375 0.141678 
-0.479758 0.377263 
-0.288191 0.491697 
-0.263695 0.498511 
-0.556691 0.281159 
-0.546647 0.296951 
-0.187568 0.510565 
-0.623049 0.0706631 
0.650021 -0.0316983 
0.64924 -0.0167608 
0.647653 -0.00195214 
-0.607676 0.165382 
-0.583486 0.230406 
-0.591359 0.212197 
-0.566095 0.264968 
-0.575126 0.247863 
-0.0837664 0.505817 
-0.0579124 0.500906 
0.498729 0.210159 
-0.510193 0.344978 
-0.523894 0.328351 
-0.495789 0.36098 
-0.422965 0.424651 
-0.402292 0.438627 
-0.380786 0.451593 
-0.312345 0.483498 
-0.358677 0.463387 
-0.23859 0.503984 
-0.135789 0.511203 
-0.109881 0.509272 
0.433691 0.250253 
-0.535584 0.312885 
0.385051 0.277524 
0.356774 0.292956 
0.328299 0.308523 
0.299753 0.32438 
0.413061 0.261996 
0.543649 0.176603 
0.563654 0.158551 
0.476609 0.224516 
0.454082 0.23829 
0.521612 0.194005 
0.0452051 0.466911 
0.0714639 0.454821 
0.0195428 0.477455 
0.098017 0.4414 
0.124311 0.427116 
0.178876 0.395376 
0.208022 0.377916 
0.574013 0.148062 
0.627227 0.0696677 
0.620632 0.0832743 
0.632929 0.0559424 
0.613316 0.0964053 
0.645227 0.0128276 
-0.335754 0.474083 
-0.0321618 0.49455 
-0.00649155 0.486775 
0.151662 0.411463 
0.268428 0.342229 
0.237189 0.360518 
-0.452425 0.401876 
-0.620083 0.106106 
-0.622664 0.0358301 
0.591901 0.127431 
0.64003 0.0346059 
-0.27599 0.495276 
-0.551748 0.289106 
-0.200461 0.509467 
-0.61623 0.12984 
-0.622434 0.0824616 
0.649731 -0.0242238 
-0.604096 0.177199 
-0.610887 0.153575 
-0.587512 0.221341 
-0.570696 0.256461 
0.648549 -0.00934505 
-0.579389 0.239175 
-0.595926 0.200612 
-0.561474 0.273111 
-0.0708088 0.503541 
-0.517134 0.33674 
-0.487867 0.369214 
-0.433038 0.417262 
-0.470849 0.385693 
-0.503077 0.353058 
-0.391623 0.445251 
-0.412717 0.431773 
-0.300324 0.487766 
-0.369808 0.457637 
-0.174715 0.511286 
-0.225982 0.50617 
-0.0968016 0.507731 
-0.251181 0.501428 
-0.529816 0.320677 
0.370923 0.285247 
0.342534 0.300722 
-0.122823 0.510423 
0.553808 0.167756 
0.465383 0.231466 
0.510263 0.202217 
0.314013 0.316417 
-0.541197 0.304975 
0.423394 0.256153 
0.44391 0.244308 
0.0583897 0.460997 
0.0324262 0.472325 
-0.148816 0.511608 
0.111206 0.434345 
0.193455 0.386652 
0.568889 0.153363 
0.624027 0.0765194 
0.635499 0.0489112 
0.646545 0.00545551 
0.617065 0.089892 
0.630176 0.0628467 
0.64371 0.0201093 
0.57903 0.142632 
0.53276 0.185473 
0.487725 0.217426 
-0.347286 0.46889 
-0.324113 0.478951 
0.0847919 0.448224 
-0.0192816 0.490827 
0.00657732 0.482274 
0.13802 0.419354 
0.165288 0.403453 
-0.0449987 0.497901 
0.28407 0.333253 
0.25279 0.351328 
0.222598 0.369195 
-0.623288 0.059011 
0.60663 0.107084 
0.399081 0.269793 
ZONE T="boundary5"
-0.549279 -0.164032 
-0.534987 -0.182804 
-0.614834 -0.020642 
-0.619019 0.00165359 
-0.450347 -0.267911 
-0.621804 0.0243248 
0.645586 -0.091568 
0.642756 -0.106521 
-0.602427 -0.063914 
-0.609296 -0.0424889 
-0.195353 -0.405738 
-0.219806 -0.396599 
-0.384896 -0.314945 
-0.404226 -0.302297 
-0.287114 -0.367948 
-0.244039 -0.386897 
-0.265677 -0.377663 
-0.0657108 -0.444023 
-0.306695 -0.358546 
-0.0391076 -0.449827 
-0.144192 -0.422848 
-0.118262 -0.430515 
-0.169881 -0.41459 
-0.594266 -0.0848737 
-0.46908 -0.251858 
-0.430686 -0.283386 
0.473075 -0.382419 
0.498143 -0.363238 
-0.519758 -0.200928 
-0.503786 -0.218324 
-0.486909 -0.235285 
-0.326071 -0.348704 
-0.365199 -0.326974 
-0.345769 -0.338097 
0.608435 -0.209644 
0.620344 -0.180679 
0.650021 -0.0316983 
0.630862 -0.150916 
0.639338 -0.121351 
0.418869 -0.414502 
0.446481 -0.399554 
-0.562307 -0.144962 
0.1267 -0.469701 
0.0984321 -0.468394 
0.0702401 -0.466205 
0.0425545 -0.463222 
0.0149882 -0.459457 
-0.574166 -0.125423 
-0.012136 -0.454996 
-0.584834 -0.105385 
0.184354 -0.469436 
0.155521 -0.470076 
0.242749 -0.464758 
0.213593 -0.467685 
0.33161 -0.447444 
0.301994 -0.454757 
0.510124 -0.352813 
0.558092 -0.299671 
0.521654 -0.34187 
0.540605 -0.321579 
0.64925 -0.0616573 
0.647761 -0.0766256 
0.571551 -0.280096 
0.596665 -0.235051 
0.650014 -0.046692 
-0.0921368 -0.43757 
0.27225 -0.460498 
0.361112 -0.438382 
0.390286 -0.427438 
0.583904 -0.25947 
-0.54225 -0.173507 
-0.617102 -0.00952649 
-0.620591 0.0129679 
0.644248 -0.099059 
-0.612236 -0.031608 
-0.606026 -0.0532538 
-0.207606 -0.401238 
-0.394612 -0.3087 
-0.231951 -0.391819 
-0.254883 -0.382339 
-0.29693 -0.3633 
-0.0524281 -0.447008 
-0.13125 -0.426758 
-0.182644 -0.410238 
-0.157061 -0.418794 
-0.598505 -0.0744551 
-0.440597 -0.275752 
0.485807 -0.373088 
-0.527477 -0.191954 
-0.49543 -0.226887 
-0.316411 -0.353681 
-0.417574 -0.293009 
-0.459796 -0.259982 
-0.355521 -0.332601 
0.614558 -0.195231 
0.625808 -0.16587 
-0.478075 -0.24366 
-0.276423 -0.372866 
0.432812 -0.407282 
-0.555919 -0.154583 
0.11256 -0.469161 
0.0563858 -0.464814 
0.0287575 -0.461436 
-0.568371 -0.135274 
-0.579643 -0.11548 
-0.511863 -0.20971 
0.16994 -0.469887 
0.198982 -0.468703 
-0.0256393 -0.452499 
0.316851 -0.451298 
0.504189 -0.35809 
0.549562 -0.310796 
0.648593 -0.0691499 
0.459947 -0.391248 
0.635345 -0.136203 
0.646756 -0.0841085 
-0.375092 -0.321034 
0.564979 -0.289992 
0.515948 -0.347404 
-0.335953 -0.343462 
0.641117 -0.113952 
0.649724 -0.054179 
0.650115 -0.0391948 
-0.0789442 -0.440877 
0.141109 -0.470012 
0.287157 -0.457811 
0.257524 -0.462795 
0.531324 -0.331908 
0.00141046 -0.457317 
0.346427 -0.443128 
0.228186 -0.466373 
-0.105221 -0.43412 
0.0843271 -0.467407 
0.404689 -0.421215 
-0.589701 -0.0951987 
0.602684 -0.22241 
0.590451 -0.247348 
0.375786 -0.433142 
0.577882 -0.269876 
