ZONE T="boundary0"
-4 -0.275377 
-4 0.188945 
-4 0.318749 
-4 0.660763 
-4 0.234566 
-4 0.276657 
-4 0.433216 
-4 -0.176614 
-4 -0.225996 
-4 -0.448279 
-4 -0.639936 
-4 -1 
-4 0.143325 
-4 0.0768149 
-4 0.0103052 
-4 -0.250686 
-4 -0.0364245 
-4 -0.0831543 
-4 -0.329885 
-4 -0.384393 
-4 -0.512165 
-4 -0.129884 
-4 -0.819968 
-4 0.54699 
-4 0.830381 
-4 1 
-4 0.255611 
-4 0.375983 
-4 -0.201305 
-4 0.166135 
-4 0.297703 
-4 0.11007 
-4 0.211755 
-4 0.0435601 
-4 -0.263032 
-4 -0.0597894 
-4 -0.357139 
-4 -0.416336 
-4 -0.480222 
-4 -0.57605 
-4 -0.729952 
-4 0.490103 
-4 0.915191 
-4 -0.302631 
-4 -0.238341 
-4 -0.106519 
-4 -0.153249 
-4 -0.0130596 
-4 0.603876 
-4 0.745572 
-4 -0.909984 
ZONE T="boundary1"
1.5089 1 
1.26261 1 
1.05409 1 
-1.54168 1 
-1.23331 1 
-1.11939 1 
0.904021 1 
-1.62825 1 
1.15835 1 
4 1 
3.75 1 
1.66004 1 
1.81117 1 
3.45906 1 
3.27629 1 
-3.66579 1 
-3.44686 1 
2.65909 1 
3.09352 1 
2.43815 1 
2.01419 1 
-2.20772 1 
-2.00339 1 
-2.61871 1 
-2.82538 1 
-2.41205 1 
-3.22793 1 
0.646854 1 
0.159436 1 
0.508692 1 
0.457711 1 
0.734036 1 
0.559672 1 
0.35575 1 
-0.00942467 1 
-0.164882 1 
-0.0871533 1 
-0.27348 1 
-0.219181 1 
-0.401204 1 
0.103149 1 
0.215723 1 
0.285736 1 
-0.586253 1 
-0.493728 1 
-0.76526 1 
-0.675756 1 
-0.885368 1 
-1.00548 1 
1.38576 1 
1.58447 1 
-1.81582 1 
-4 1 
-3.02665 1 
2.21721 1 
3.60453 1 
-3.8329 1 
-1.45511 1 
-1.34421 1 
-1.17635 1 
0.979053 1 
3.875 1 
1.73561 1 
3.36768 1 
-3.55633 1 
2.87631 1 
2.54862 1 
-2.10555 1 
-2.72205 1 
-2.51538 1 
0.483202 1 
0.690445 1 
0.534182 1 
-0.126018 1 
-0.24633 1 
-0.192031 1 
-0.337342 1 
0.0468621 1 
0.250729 1 
0.819028 1 
0.406731 1 
-0.447466 1 
-0.539991 1 
-0.720508 1 
-0.945422 1 
-0.825314 1 
1.21048 1 
1.44733 1 
1.32419 1 
0.131292 1 
-0.631005 1 
1.62225 1 
1.54669 1 
1.10622 1 
-1.72203 1 
1.91268 1 
3.18491 1 
-1.9096 1 
2.1157 1 
3.67727 1 
-3.33739 1 
-2.92602 1 
-2.30988 1 
-3.74935 1 
2.32768 1 
0.187579 1 
-0.048289 1 
0.320743 1 
0.603263 1 
3.5318 1 
-1.06244 1 
-1.39966 1 
-1.28876 1 
-3.91645 1 
-1.58496 1 
-1.49839 1 
-3.12729 1 
ZONE T="boundary2"
4 0.0935352 
4 0.291142 
4 0.256163 
4 0.361099 
4 -0.805357 
4 0.221184 
4 0.427096 
4 0.61982 
4 0.493093 
4 -1 
4 1 
4 0.189272 
4 0.746547 
4 0.0200761 
4 -0.118393 
4 -0.053383 
4 -0.183402 
4 -0.24099 
4 -0.424834 
4 -0.361705 
4 -0.298577 
4 -0.517774 
4 -0.610714 
4 0.15736 
4 0.273652 
4 0.32612 
4 0.238674 
4 0.460095 
4 0.394098 
4 0.683183 
4 0.556457 
4 0.0568056 
4 -0.0858878 
4 -0.150897 
4 -0.393269 
4 -0.471304 
4 -0.902679 
4 0.873273 
4 0.125447 
4 0.173316 
4 0.205228 
4 -0.269783 
4 -0.330141 
4 -0.564244 
4 -0.0166535 
4 -0.708036 
4 -0.212196 
ZONE T="boundary3"
-3.54408 -1 
-1.28735 -1 
-1.17334 -1 
-1.96735 -1 
0.156958 -1 
-0.308919 -1 
-0.526135 -1 
-0.417527 -1 
-0.81637 -1 
0.0342503 -1 
-1.50685 -1 
0.533795 -1 
-0.968254 -1 
-3.32255 -1 
-3.10101 -1 
-0.614588 -1 
0.324435 -1 
0.434179 -1 
0.828957 -1 
3.73938 -1 
4 -1 
-4 -1 
-3.77204 -1 
1.72456 -1 
1.89804 -1 
3.47877 -1 
1.57173 -1 
3.05904 -1 
-2.60463 -1 
-2.39934 -1 
-0.0307244 -1 
-0.104168 -1 
-0.363223 -1 
-0.243266 -1 
-0.177612 -1 
-0.892312 -1 
-0.703041 -1 
0.269564 -1 
0.0992249 -1 
0.63341 -1 
0.731184 -1 
1.04515 -1 
0.937052 -1 
0.214692 -1 
-1.0708 -1 
-1.40135 -1 
1.22762 -1 
1.41889 -1 
1.13638 -1 
-2.80992 -1 
-1.82336 -1 
-1.61235 -1 
2.32504 -1 
2.07151 -1 
2.8188 -1 
-2.25535 -1 
-2.11135 -1 
2.57857 -1 
-1.23034 -1 
-3.21178 -1 
-0.570361 -1 
0.379307 -1 
3.86969 -1 
-3.88602 -1 
-2.50199 -1 
3.2689 -1 
-0.0674464 -1 
-0.390375 -1 
-0.210439 -1 
-0.854341 -1 
-0.658815 -1 
0.0667376 -1 
-0.759705 -1 
-0.930283 -1 
0.583603 -1 
0.483987 -1 
0.780071 -1 
0.991099 -1 
0.682297 -1 
-1.12207 -1 
3.60908 -1 
-1.34435 -1 
1.32326 -1 
1.182 -1 
1.09076 -1 
1.49531 -1 
-3.43331 -1 
-2.95547 -1 
-1.71786 -1 
2.19828 -1 
2.93892 -1 
-2.18335 -1 
1.64814 -1 
1.98477 -1 
-3.65806 -1 
-2.03935 -1 
-1.89536 -1 
-2.70728 -1 
1.8113 -1 
-2.32734 -1 
0.185825 -1 
0.128092 -1 
-0.471831 -1 
-0.336071 -1 
-0.14089 -1 
0.00176295 -1 
-0.276092 -1 
0.297 -1 
0.883005 -1 
-1.01953 -1 
2.45181 -1 
-1.4541 -1 
-1.5596 -1 
0.242128 -1 
2.69869 -1 
ZONE T="boundary4"
-0.585164 0.066726 
0.638988 0.0928298 
0.64187 0.0705247 
0.46853 0.417054 
-0.506427 0.201406 
-0.342691 0.35007 
-0.326742 0.3603 
0.454227 0.426679 
-0.568972 0.103806 
-0.388192 0.317758 
0.529014 0.362826 
0.508746 0.383962 
0.389033 0.460411 
0.405807 0.453094 
0.606232 0.219947 
0.595786 0.249248 
0.482368 0.406765 
0.438426 0.436266 
-0.609831 -0.0305871 
-0.60682 -0.0108604 
-0.591981 0.0476546 
0.35473 0.472983 
0.371946 0.46705 
-0.597883 0.0283195 
-0.602839 0.00877535 
-0.577467 0.0854842 
-0.561126 0.119096 
-0.131078 0.452085 
-0.10665 0.459929 
-0.544644 0.147533 
-0.517684 0.186831 
-0.528497 0.171917 
-0.422662 0.289521 
-0.442154 0.271735 
-0.405653 0.303921 
-0.373426 0.328796 
-0.358399 0.339468 
-0.2751 0.390154 
-0.256926 0.399592 
-0.218026 0.418117 
-0.197241 0.427136 
0.572256 0.30087 
-0.153766 0.444152 
-0.0820075 0.467128 
-0.055592 0.474066 
-0.237586 0.409079 
-0.176237 0.435662 
0.337303 0.478281 
0.630038 0.137787 
0.618142 0.182119 
-0.310012 0.370495 
-0.488606 0.222881 
0.422196 0.4451 
0.612357 0.201093 
0.562628 0.317418 
0.547583 0.339722 
0.642473 0.00418706 
0.643739 0.0260877 
-0.466201 0.247635 
0.319819 0.482935 
0.495841 0.395695 
-0.293052 0.380306 
0.0277489 0.490806 
0.0877372 0.498047 
0.0576772 0.494926 
0.643506 0.0481516 
0.250124 0.495783 
0.284629 0.490489 
0.589119 0.265843 
0.58106 0.283704 
0.634951 0.115463 
0.62438 0.160032 
-0.0289725 0.480257 
-0.000700336 0.485963 
0.119193 0.5002 
0.182921 0.500898 
0.150711 0.501177 
0.215817 0.499199 
0.640573 0.0816957 
-0.334746 0.355231 
0.461434 0.421949 
0.519108 0.373614 
0.397458 0.45684 
0.601159 0.234653 
0.47551 0.411992 
-0.608445 -0.0207059 
0.363366 0.470097 
-0.595047 0.0380218 
-0.604948 -0.00101882 
-0.588684 0.0572299 
-0.57332 0.0946917 
-0.565119 0.111487 
-0.118891 0.456087 
-0.553118 0.13345 
-0.512109 0.19416 
-0.523149 0.179416 
-0.432499 0.280729 
-0.396977 0.310908 
-0.365945 0.334177 
-0.380843 0.323323 
-0.350577 0.344816 
-0.414217 0.296792 
-0.26604 0.394924 
-0.207661 0.422689 
-0.0943531 0.46361 
-0.0688247 0.47069 
-0.186765 0.431461 
-0.581422 0.0761487 
0.414044 0.449186 
0.609339 0.210535 
0.555324 0.32872 
0.6433 0.0151257 
-0.477546 0.235388 
0.380522 0.463815 
0.502367 0.38991 
0.489173 0.401313 
-0.497625 0.212234 
-0.247284 0.404392 
0.430362 0.440776 
-0.284105 0.385282 
-0.142447 0.448189 
0.0726939 0.496614 
0.643803 0.0371211 
0.328581 0.480682 
-0.318406 0.365445 
0.267414 0.493376 
0.346041 0.47571 
-0.30156 0.375448 
0.615292 0.191619 
0.446384 0.431567 
0.585195 0.274822 
0.592527 0.257576 
-0.227832 0.413654 
0.642854 0.0593498 
0.621326 0.171094 
0.576769 0.292345 
0.632595 0.126647 
0.567554 0.30921 
-0.165029 0.439977 
-0.0148585 0.483217 
0.637095 0.104169 
0.0135053 0.488494 
0.0426959 0.492989 
-0.454333 0.259841 
-0.0423047 0.477256 
0.103455 0.499267 
0.166818 0.501203 
0.538552 0.35148 
0.199379 0.500233 
0.232993 0.497708 
0.134948 0.500839 
-0.600479 0.018577 
0.302284 0.486988 
0.62729 0.148929 
-0.536734 0.159834 
ZONE T="boundary5"
-0.189574 -0.508543 
-0.21214 -0.510849 
-0.166471 -0.504496 
-0.53944 -0.327472 
-0.529442 -0.342354 
-0.599919 -0.187066 
-0.604345 -0.167706 
-0.341612 -0.491983 
-0.607873 -0.14836 
-0.612943 -0.0700829 
-0.611869 -0.0503358 
-0.610515 -0.128901 
-0.549016 -0.311935 
-0.574509 -0.261819 
-0.594656 -0.206262 
-0.557978 -0.296004 
-0.3216 -0.498586 
-0.300479 -0.504044 
-0.472727 -0.408669 
-0.485465 -0.395935 
-0.2792 -0.50802 
0.571608 -0.154361 
-0.257054 -0.510568 
-0.379685 -0.47538 
-0.361306 -0.484076 
-0.234938 -0.511519 
-0.14372 -0.49885 
-0.120477 -0.491401 
0.562562 -0.163599 
-0.58193 -0.243647 
-0.566593 -0.279105 
-0.459505 -0.420819 
-0.508702 -0.369721 
-0.49733 -0.38307 
-0.430343 -0.444217 
-0.445167 -0.432876 
-0.397654 -0.465584 
-0.414228 -0.455349 
0.621308 -0.0791222 
-0.609831 -0.0305871 
0.340723 -0.273825 
0.310488 -0.282509 
0.611886 -0.0985045 
-0.612249 -0.109376 
0.553177 -0.172368 
-0.0510493 -0.459671 
-0.0747304 -0.471979 
-0.0976651 -0.482479 
-0.027568 -0.446218 
-0.58863 -0.225167 
0.0213452 -0.415621 
0.0462913 -0.399592 
-0.00351495 -0.431468 
0.0705148 -0.384353 
0.0950883 -0.369591 
0.118469 -0.356438 
0.142204 -0.344108 
0.168651 -0.331633 
0.281648 -0.290911 
0.252766 -0.299824 
0.370753 -0.26488 
0.435684 -0.24221 
0.403849 -0.25409 
0.387353 -0.259627 
0.462507 -0.230594 
0.488762 -0.217327 
0.600508 -0.117629 
0.533543 -0.188517 
0.586745 -0.136757 
0.629052 -0.0591407 
0.63516 -0.0385332 
0.639624 -0.0174106 
0.642473 0.00418706 
-0.613064 -0.0897454 
0.195359 -0.32034 
0.224029 -0.30953 
0.511553 -0.203828 
-0.20084 -0.509898 
-0.177991 -0.506727 
-0.534513 -0.334963 
-0.602238 -0.177412 
-0.606217 -0.158054 
-0.612525 -0.0602035 
-0.609305 -0.138647 
-0.597388 -0.196693 
-0.311085 -0.501494 
-0.479161 -0.40237 
-0.331657 -0.495445 
-0.544304 -0.319752 
-0.26815 -0.509492 
-0.370557 -0.479862 
-0.246006 -0.511241 
-0.553576 -0.304016 
-0.155054 -0.501868 
-0.132044 -0.495319 
-0.578313 -0.252772 
-0.562374 -0.287601 
-0.46618 -0.414816 
-0.503081 -0.376452 
-0.519326 -0.356236 
-0.43782 -0.438634 
-0.406005 -0.460575 
-0.452403 -0.42693 
-0.388737 -0.47061 
-0.61097 -0.0404496 
0.32561 -0.278177 
0.616798 -0.088912 
-0.422354 -0.449886 
-0.611496 -0.11915 
-0.0628277 -0.465967 
-0.0861358 -0.477385 
-0.0392561 -0.453052 
-0.58537 -0.234441 
0.0338089 -0.407597 
0.0583741 -0.391925 
0.082758 -0.376891 
0.130287 -0.350165 
0.155369 -0.337732 
0.267189 -0.295288 
0.296061 -0.286672 
0.355757 -0.269416 
0.419834 -0.248347 
0.395613 -0.256899 
-0.289873 -0.506214 
0.449168 -0.236583 
0.6064 -0.108189 
0.543523 -0.180645 
0.593837 -0.127347 
-0.570641 -0.270504 
0.557917 -0.168035 
0.567137 -0.159032 
0.379063 -0.262285 
0.579361 -0.14572 
0.632314 -0.0488991 
0.6376 -0.0280162 
0.625385 -0.0692116 
0.641253 -0.00663918 
-0.351519 -0.488184 
-0.613121 -0.0799142 
-0.591737 -0.215746 
-0.491461 -0.389562 
-0.109014 -0.487113 
-0.223536 -0.511393 
0.181957 -0.325849 
-0.0155042 -0.438919 
0.475736 -0.224177 
0.238367 -0.304563 
0.209649 -0.314794 
0.00893168 -0.42358 
0.106732 -0.362922 
-0.612773 -0.0995663 
0.522694 -0.196391 
0.500269 -0.210775 
