ZONE T="boundary0"
-4 -0.375016 
-4 -0.314689 
-4 -0.267985 
-4 -0.230223 
-4 0.281096 
-4 0.338925 
-4 0.866148 
-4 0.396753 
-4 0.732295 
-4 -0.556961 
-4 -0.116937 
-4 0.0723448 
-4 0.64123 
-4 -0.291337 
-4 -0.435344 
-4 -0.192461 
-4 -0.0222963 
-4 0.241872 
-4 0.202648 
-4 -0.496153 
-4 -0.678579 
-4 -0.839289 
-4 0.473459 
-4 0.137496 
-4 -1 
-4 0.550165 
-4 1 
-4 -0.344853 
-4 -0.249104 
-4 0.310011 
-4 -0.303013 
-4 -0.40518 
-4 -0.279661 
-4 -0.211342 
-4 -0.154699 
-4 -0.0696168 
-4 0.22226 
-4 -0.526557 
-4 -0.61777 
-4 -0.465748 
-4 -0.758934 
-4 0.435106 
-4 0.261484 
-4 0.0250243 
-4 0.104921 
-4 -0.919645 
-4 0.511812 
-4 0.595698 
-4 0.933074 
-4 0.799221 
-4 0.367839 
-4 0.170072 
-4 0.686763 
ZONE T="boundary1"
-3.34404 1 
3.72212 1 
0.924864 1 
0.985008 1 
0.373835 1 
1.39169 1 
1.29334 1 
4 1 
0.496913 1 
1.04515 1 
3.58317 1 
3.44423 1 
-1.59809 1 
-0.636072 1 
-3.67202 1 
2.55378 1 
-2.0028 1 
-2.38597 1 
-2.60003 1 
-2.8141 1 
1.82704 1 
1.68837 1 
1.54971 1 
2.80489 1 
0.760249 1 
0.709768 1 
0.659287 1 
0.558324 1 
0.312168 1 
0.435501 1 
0.236546 1 
-0.211352 1 
-0.168774 1 
-0.405829 1 
0.0183654 1 
0.0896441 1 
-0.126195 1 
-0.520951 1 
0.160923 1 
-0.0539149 1 
0.842557 1 
1.19499 1 
-0.754971 1 
-0.87387 1 
-1.10355 1 
-0.988708 1 
-1.21965 1 
-3.83601 1 
-4 1 
3.24782 1 
3.0514 1 
-1.46692 1 
-1.33576 1 
-1.80045 1 
-1.90162 1 
-2.94658 1 
-3.07907 1 
2.06486 1 
2.30267 1 
-0.308591 1 
0.954936 1 
1.34252 1 
3.5137 1 
-2.19439 1 
-2.70707 1 
1.61904 1 
2.67934 1 
0.735009 1 
0.608805 1 
0.343002 1 
0.404668 1 
0.274357 1 
-0.190063 1 
0.466207 1 
0.527618 1 
0.0540047 1 
-0.147484 1 
-0.578511 1 
0.125283 1 
-0.0900551 1 
-0.0177748 1 
1.12007 1 
1.24416 1 
-0.695522 1 
-0.814421 1 
-1.04613 1 
-1.1616 1 
-0.46339 1 
-3.91801 1 
-3.75402 1 
3.65264 1 
3.34602 1 
-1.2777 1 
-1.40134 1 
-1.69927 1 
-1.53251 1 
-1.95221 1 
3.14961 1 
2.92815 1 
-2.493 1 
-2.88034 1 
-3.01283 1 
-3.21156 1 
-3.50803 1 
3.86106 1 
1.75771 1 
2.42823 1 
0.198734 1 
1.01508 1 
0.801403 1 
0.883711 1 
0.684527 1 
-0.259972 1 
-0.35721 1 
-0.931289 1 
2.18377 1 
1.4707 1 
-1.85103 1 
1.94595 1 
ZONE T="boundary2"
4 -0.381367 
4 -0.452872 
4 0.209728 
4 -0.632954 
4 0.652413 
4 0.826207 
4 0.174444 
4 0.146167 
4 0.467561 
4 1 
4 -0.542913 
4 -1 
4 0.245012 
4 0.117889 
4 0.31558 
4 0.280296 
4 0.353575 
4 0.39157 
4 0.0464561 
4 -0.345614 
4 -0.239473 
4 -0.0249772 
4 -0.0970306 
4 -0.816477 
4 -0.309861 
4 -0.274667 
4 -0.204278 
4 -0.169084 
4 -0.133057 
4 -0.417119 
4 0.73931 
4 0.160305 
4 0.559987 
4 0.913103 
4 -0.587933 
4 0.22737 
4 0.132028 
4 0.192086 
4 0.297938 
4 0.262654 
4 0.334578 
4 0.372573 
4 0.0821727 
4 0.429565 
4 -0.0610039 
4 -0.497892 
4 -0.724715 
4 -0.908238 
4 0.0107394 
4 -0.327738 
4 -0.292264 
4 -0.36349 
4 -0.25707 
4 -0.186681 
4 -0.151071 
4 -0.221876 
4 -0.115044 
ZONE T="boundary3"
-0.60144 -1 
-0.716659 -1 
-0.32621 -1 
-0.0880232 -1 
-0.849186 -1 
-0.537245 -1 
-0.473051 -1 
0.106776 -1 
0.0403715 -1 
0.24272 -1 
0.313057 -1 
0.459988 -1 
0.536582 -1 
0.836555 -1 
0.943869 -1 
0.72924 -1 
1.05451 -1 
1.74012 -1 
1.87677 -1 
3.66106 -1 
2.01341 -1 
2.1648 -1 
2.46419 -1 
2.6122 -1 
4 -1 
2.78397 -1 
2.95574 -1 
-2.66811 -1 
3.49159 -1 
-3.28649 -1 
-2.87313 -1 
-2.42547 -1 
-2.18283 -1 
-0.00926378 -1 
0.174748 -1 
0.383393 -1 
-0.175395 -1 
-0.250803 -1 
0.632911 -1 
-3.74742 -1 
-4 -1 
-0.983611 -1 
1.16514 -1 
1.28374 -1 
1.40234 -1 
1.57123 -1 
-1.11993 -1 
-3.49483 -1 
-1.30248 -1 
-1.60462 -1 
2.31619 -1 
-1.89372 -1 
-1.45355 -1 
-2.03828 -1 
3.32213 -1 
3.13894 -1 
-3.07815 -1 
-0.65905 -1 
-0.782923 -1 
-0.505148 -1 
0.277889 -1 
0.498285 -1 
0.890212 -1 
0.782897 -1 
0.999188 -1 
2.0891 -1 
2.5382 -1 
3.83053 -1 
2.69809 -1 
3.57633 -1 
-2.30415 -1 
-2.54679 -1 
-0.0486435 -1 
0.0155539 -1 
0.140762 -1 
0.208734 -1 
-0.213099 -1 
-0.131709 -1 
0.0735739 -1 
0.348225 -1 
0.421691 -1 
0.584747 -1 
0.681075 -1 
-0.39963 -1 
-0.288506 -1 
-3.87371 -1 
1.10983 -1 
1.34304 -1 
1.65567 -1 
-0.916399 -1 
-3.62112 -1 
-3.39066 -1 
-1.05177 -1 
-1.21121 -1 
1.80844 -1 
1.94509 -1 
2.24049 -1 
-1.74917 -1 
-1.52909 -1 
1.48678 -1 
-1.966 -1 
-2.11055 -1 
-1.37802 -1 
-2.77062 -1 
2.39019 -1 
3.04734 -1 
2.86986 -1 
-0.569343 -1 
-2.97564 -1 
3.23053 -1 
3.40686 -1 
-3.18232 -1 
1.22444 -1 
ZONE T="boundary4"
0.664115 0.367905 
0.675475 0.32182 
0.618168 0.441962 
-0.553484 -0.0449391 
-0.393592 0.278519 
-0.279617 0.382708 
-0.297242 0.369165 
-0.407822 0.261928 
-0.191756 0.440151 
-0.347733 0.325683 
-0.43474 0.227619 
0.671034 0.34563 
-0.46996 0.176248 
-0.458955 0.193263 
-0.173317 0.450359 
-0.378844 0.294657 
-0.547498 -0.0108094 
-0.539213 0.0228788 
-0.52909 0.0549225 
0.113013 0.547901 
0.135855 0.551533 
0.433 0.543099 
0.416579 0.546885 
-0.518031 0.0838386 
-0.489116 0.14375 
0.666184 0.227287 
-0.50524 0.112465 
-0.447065 0.210598 
-0.421512 0.244958 
-0.132552 0.47095 
-0.363524 0.310404 
-0.314483 0.355146 
-0.331321 0.340653 
0.631658 0.425883 
-0.262299 0.395298 
0.543017 0.500698 
0.559691 0.490688 
-0.244657 0.407444 
-0.227432 0.418682 
-0.209933 0.429506 
-0.109719 0.481372 
-0.153073 0.460913 
-0.0865872 0.491165 
-0.0613753 0.501005 
0.0166801 0.526348 
-0.00972198 0.518607 
0.0416266 0.532919 
0.0667629 0.538831 
0.089823 0.543642 
0.654892 0.389015 
0.583263 0.073788 
0.637752 0.156699 
0.624682 0.132835 
0.603587 0.456733 
0.437593 -0.0323883 
0.403334 -0.0437308 
0.644094 0.408094 
0.573393 0.0624013 
0.551669 0.0401207 
0.653888 0.192087 
0.648939 0.18032 
0.590034 0.468649 
0.470216 -0.0177489 
0.592711 0.0855294 
0.609722 0.10906 
0.183631 0.557333 
0.208551 0.559387 
0.575876 0.47963 
0.50926 0.51751 
0.487972 0.526168 
0.526289 0.50955 
0.617395 0.120846 
0.158797 0.554621 
0.237276 0.560909 
0.266066 0.561499 
0.46646 0.533646 
0.677032 0.29726 
0.675809 0.274057 
0.672122 0.250834 
-0.0358636 0.510116 
0.297344 0.561026 
0.332035 0.559053 
0.367736 0.555287 
0.499988 -0.000555102 
0.400053 0.550184 
0.658476 0.203999 
0.527202 0.0189377 
0.449811 0.538657 
-0.288475 0.375996 
0.66789 0.356866 
-0.182567 0.445311 
-0.400772 0.270279 
-0.386281 0.286646 
-0.550781 -0.0278233 
-0.543637 0.00610394 
0.124423 0.549784 
0.424803 0.545054 
-0.523762 0.0694577 
-0.464516 0.184793 
-0.440955 0.219147 
-0.453067 0.20197 
-0.479766 0.160134 
-0.428181 0.236331 
-0.511829 0.0982381 
-0.497402 0.128223 
-0.534403 0.0389801 
-0.371244 0.30259 
-0.355685 0.318102 
-0.414728 0.253492 
-0.322953 0.347959 
-0.339581 0.333228 
-0.270998 0.389059 
0.551424 0.495811 
-0.236078 0.413115 
-0.200877 0.434884 
-0.218715 0.424146 
-0.121171 0.476241 
-0.253517 0.401427 
0.625082 0.434064 
-0.0740172 0.496178 
-0.163229 0.455702 
0.00345128 0.522572 
0.0541752 0.535958 
0.0782785 0.541306 
-0.0981865 0.486348 
0.659789 0.378584 
-0.305911 0.362216 
0.631394 0.14467 
0.611021 0.44949 
0.420605 -0.0384894 
0.562755 0.0510424 
0.651458 0.186186 
0.596905 0.462799 
0.454093 -0.0254903 
0.601413 0.097153 
0.196084 0.558443 
0.567868 0.485283 
0.498675 0.521983 
0.53471 0.505232 
0.613604 0.114923 
0.583036 0.474245 
0.171205 0.556059 
0.578382 0.0680498 
0.222907 0.560262 
0.251669 0.561324 
-0.142845 0.465998 
0.621084 0.126813 
0.674251 0.2624 
0.147317 0.553146 
0.0291314 0.529717 
0.101405 0.545841 
-0.0486524 0.505653 
-0.0228236 0.514456 
0.281708 0.561411 
0.314701 0.560237 
0.34991 0.557399 
0.383928 0.552944 
0.638081 0.417132 
0.649727 0.398687 
0.517822 0.513632 
0.673612 0.333791 
0.66939 0.239001 
0.662523 0.215579 
0.477262 0.530039 
0.588039 0.0796149 
0.676627 0.309563 
0.676739 0.285642 
0.643518 0.168427 
0.656228 0.198025 
0.53967 0.0292587 
0.513828 0.00886679 
0.485317 -0.00952459 
0.441425 0.540947 
0.458156 0.536225 
0.408329 0.548594 
ZONE T="boundary5"
0.175004 -0.439705 
-0.260806 -0.623907 
-0.237041 -0.637995 
-0.321926 -0.580994 
-0.430948 -0.471605 
-0.457067 -0.435704 
-0.53231 -0.281123 
0.297211 -0.0587009 
0.338447 -0.0559495 
-0.553484 -0.0449391 
-0.481526 -0.396435 
-0.493007 -0.375448 
-0.469659 -0.416297 
-0.503659 -0.354027 
-0.541198 -0.249571 
0.271767 -0.0589252 
-0.0985887 -0.69621 
-0.129567 -0.686499 
-0.158467 -0.675754 
-0.00228619 -0.71395 
0.0220197 -0.715107 
-0.303081 -0.595339 
-0.282221 -0.610027 
0.21567 -0.490479 
0.205532 -0.474146 
-0.0691196 -0.236437 
-0.513732 -0.331533 
-0.34024 -0.565986 
-0.0399917 -0.288093 
0.0844607 -0.0548573 
0.120523 -0.0529538 
-0.0754943 -0.20408 
-0.0554116 -0.26617 
-0.0217915 -0.307701 
0.103891 -0.389809 
0.0741307 -0.372998 
0.153821 -0.422167 
-0.0732672 -0.171205 
-0.0624995 -0.14019 
-0.0445968 -0.113426 
0.0459672 -0.7147 
0.14495 -0.691013 
0.105968 -0.705482 
0.11952 -0.70138 
0.132701 -0.696484 
0.156559 -0.684872 
0.167363 -0.678168 
0.187344 -0.662509 
0.177772 -0.67062 
0.196149 -0.653786 
0.204054 -0.644594 
0.210925 -0.635166 
0.216931 -0.625346 
0.226282 -0.604712 
0.222033 -0.615226 
0.229525 -0.525228 
0.158863 -0.0536557 
0.131232 -0.406451 
0.0485592 -0.0606884 
0.192191 -0.457197 
0.229759 -0.593387 
0.23225 -0.581604 
0.232718 -0.541286 
0.233966 -0.55643 
0.224048 -0.508397 
0.403334 -0.0437308 
0.233686 -0.569319 
-0.403171 -0.504742 
-0.0350199 -0.71015 
0.197406 -0.0557298 
0.246464 -0.0583091 
0.0768648 -0.711586 
-0.523655 -0.306461 
-0.373243 -0.535936 
-0.0672396 -0.704117 
-0.548548 -0.216169 
-0.554002 -0.182145 
-0.185866 -0.664043 
-0.212703 -0.651084 
0.0139036 -0.336522 
0.0444753 -0.356027 
0.366363 -0.0520209 
-0.557322 -0.147878 
-0.557108 -0.0792328 
-0.558376 -0.113572 
-0.0212395 -0.0917652 
0.0125012 -0.0724346 
-0.248997 -0.631074 
-0.444322 -0.453883 
0.317857 -0.0577354 
-0.487368 -0.385997 
-0.475685 -0.406421 
-0.53699 -0.265413 
-0.463452 -0.426058 
-0.114145 -0.691567 
-0.144084 -0.681305 
-0.312568 -0.588251 
-0.27158 -0.61707 
0.210828 -0.482172 
-0.508812 -0.342833 
-0.331151 -0.573572 
0.102471 -0.0535084 
-0.073339 -0.220461 
-0.0481059 -0.277416 
-0.0311937 -0.298178 
0.0890412 -0.381349 
-0.0754817 -0.187568 
-0.0689094 -0.155341 
-0.0543711 -0.126258 
-0.292721 -0.602783 
-0.498439 -0.36479 
0.284488 -0.0589339 
0.112775 -0.703532 
0.12615 -0.699037 
0.138871 -0.693848 
0.162019 -0.681614 
0.182635 -0.666656 
0.200194 -0.64927 
0.214028 -0.630317 
0.224268 -0.610014 
0.207584 -0.639949 
0.139697 -0.0530468 
0.142666 -0.41411 
0.0664162 -0.0571938 
0.117665 -0.39796 
0.183833 -0.44822 
0.231138 -0.587524 
0.233553 -0.54884 
0.199097 -0.465486 
0.227039 -0.51673 
0.233111 -0.575478 
-0.0186883 -0.712353 
0.259121 -0.0587065 
0.220139 -0.499307 
0.0614548 -0.713531 
-0.518841 -0.319055 
0.233981 -0.562878 
0.219586 -0.620339 
0.228146 -0.599088 
0.231355 -0.533211 
0.191833 -0.658235 
0.172638 -0.674491 
0.0915017 -0.708943 
0.150807 -0.688041 
0.033997 -0.715106 
0.00985823 -0.714715 
-0.356998 -0.551242 
-0.528136 -0.293845 
-0.417339 -0.488408 
-0.0511791 -0.707397 
-0.55153 -0.199198 
-0.172234 -0.670057 
0.029015 -0.346547 
-0.0829722 -0.700394 
-0.545108 -0.232922 
-0.22494 -0.644667 
-0.0630749 -0.251678 
-0.199358 -0.657716 
0.178139 -0.0546074 
-0.555938 -0.165039 
-0.558035 -0.0963912 
-0.0335161 -0.10195 
-0.55559 -0.0620549 
-0.00492835 -0.0811233 
-0.558136 -0.130734 
0.384949 -0.0483257 
0.0302668 -0.0657511 
0.164624 -0.430681 
-0.388467 -0.520588 
0.0592488 -0.364608 
-0.00450488 -0.322806 
0.352437 -0.0542112 
0.221928 -0.0571566 
