ZONE T="boundary0"
-4 -0.541555 
-4 -0.44943 
-4 -0.342685 
-4 0.0422678 
-4 -0.267851 
-4 0.562747 
-4 -0.0294446 
-4 -0.101157 
-4 0.32134 
-4 0.4058 
-4 0.254171 
-4 0.484273 
-4 -0.396057 
-4 -0.63368 
-4 0.875 
-4 -0.23762 
-4 -0.154273 
-4 -0.207389 
-4 0.209655 
-4 0.165139 
-4 0.781374 
-4 0.67206 
-4 1 
-4 -1 
-4 -0.81684 
-4 -0.495493 
-4 -0.0653008 
-4 0.36357 
-4 0.287755 
-4 0.445036 
-4 -0.587618 
-4 -0.305268 
-4 0.00641159 
-4 0.103703 
-4 -0.422744 
-4 -0.369371 
-4 0.52351 
-4 0.617404 
-4 0.726717 
-4 0.828187 
-4 0.9375 
-4 -0.90842 
-4 -0.72526 
-4 -0.252736 
-4 -0.222505 
-4 -0.180831 
-4 -0.127715 
-4 0.187397 
-4 0.231913 
ZONE T="boundary1"
3.3355 1 
0.248175 1 
0.181016 1 
-0.0829349 1 
-0.142741 1 
-1.46556 1 
-1.57357 1 
-0.655655 1 
1.01235 1 
1.1159 1 
0.908799 1 
-0.202548 1 
-3.88004 1 
0.81235 1 
0.715902 1 
-1.35755 1 
-0.381924 1 
-0.455752 1 
-2.20188 1 
-2.44208 1 
1.47141 1 
1.33933 1 
0.627567 1 
1.22761 1 
-1.83274 1 
-3.45575 1 
-2.68228 1 
-3.15143 1 
1.757 1 
1.60349 1 
-3.76007 1 
2.5058 1 
-0.0143566 1 
-0.308096 1 
-0.555704 1 
0.539231 1 
0.427283 1 
0.315334 1 
-0.770048 1 
-1.11388 1 
0.0542216 1 
0.117619 1 
-0.884441 1 
-0.999161 1 
-1.23571 1 
3.75096 1 
2.07266 1 
3.50192 1 
4 1 
2.23481 1 
1.91051 1 
2.3703 1 
-3.60791 1 
-4 1 
2.77678 1 
3.16908 1 
2.97293 1 
0.214596 1 
-0.112838 1 
-1.51956 1 
1.06413 1 
0.960574 1 
0.764126 1 
-0.418838 1 
-2.32198 1 
1.40537 1 
0.671734 1 
1.17176 1 
-2.01731 1 
-2.91685 1 
1.68024 1 
-0.0486458 1 
-0.34501 1 
-0.60568 1 
-0.505728 1 
-0.255322 1 
0.483257 1 
0.281754 1 
0.149318 1 
0.0199325 1 
-0.941801 1 
-0.827245 1 
-0.712852 1 
0.860575 1 
0.371308 1 
-1.29663 1 
-1.1748 1 
1.53745 1 
-1.05652 1 
3.62644 1 
-1.70315 1 
3.87548 1 
2.15374 1 
2.30256 1 
2.43805 1 
-3.53183 1 
-3.68399 1 
1.83375 1 
-3.82006 1 
-3.94002 1 
1.99158 1 
-2.56218 1 
-3.30359 1 
3.41871 1 
3.25229 1 
3.071 1 
2.87486 1 
2.64129 1 
0.0859202 1 
0.583399 1 
-0.172645 1 
1.28347 1 
-1.41155 1 
ZONE T="boundary2"
4 -0.241971 
4 -0.206859 
4 0.201364 
4 0.569796 
4 0.677347 
4 0.4866 
4 0.272158 
4 0.13057 
4 0.0563818 
4 0.337781 
4 0.403404 
4 -0.347307 
4 -0.277083 
4 -0.519368 
4 -0.433338 
4 -0.390323 
4 -0.61903 
4 -0.718691 
4 -1 
4 -0.859346 
4 0.784898 
4 1 
4 -0.159596 
4 -0.112332 
4 -0.017806 
4 -0.224415 
4 0.623571 
4 0.0934757 
4 0.165967 
4 0.370593 
4 0.30497 
4 -0.312195 
4 -0.476353 
4 -0.569199 
4 -0.66886 
4 -0.929673 
4 -0.789018 
4 0.528198 
4 0.731122 
4 0.445002 
4 0.892449 
4 0.236761 
4 -0.135964 
4 -0.0650692 
4 0.0192879 
4 -0.259527 
4 -0.368815 
4 -0.41183 
4 -0.183227 
ZONE T="boundary3"
-3.56742 -1 
3.46963 -1 
-0.171863 -1 
-0.106097 -1 
-0.980795 -1 
-0.31469 -1 
0.279204 -1 
-3.24233 -1 
-0.243277 -1 
2.46609 -1 
1.16768 -1 
-3.78371 -1 
1.69615 -1 
-1.27652 -1 
-1.38503 -1 
3.73482 -1 
-3.06143 -1 
-2.88053 -1 
2.00788 -1 
1.85514 -1 
-2.71087 -1 
-2.54122 -1 
-2.2019 -1 
-2.37156 -1 
2.78007 -1 
-1.79132 -1 
-1.65446 -1 
-2.06504 -1 
-1.92818 -1 
3.09405 -1 
0.545718 -1 
0.364307 -1 
-0.388659 -1 
0.44941 -1 
0.642027 -1 
0.742748 -1 
-0.462627 -1 
-0.87981 -1 
-0.558378 -1 
-0.778825 -1 
-0.829317 -1 
-0.0403313 -1 
0.137171 -1 
0.208188 -1 
0.0927954 -1 
0.0484198 -1 
-0.654129 -1 
-0.716477 -1 
0.843468 -1 
1.05352 -1 
0.948494 -1 
4 -1 
2.31335 -1 
2.16062 -1 
1.28184 -1 
1.4095 -1 
1.53715 -1 
-1.51974 -1 
-1.16801 -1 
-1.0744 -1 
3.28184 -1 
-4 -1 
-0.13898 -1 
-1.33077 -1 
-2.97098 -1 
1.93151 -1 
-2.62604 -1 
-2.28673 -1 
2.62308 -1 
-1.72289 -1 
-1.99661 -1 
-0.351674 -1 
0.321756 -1 
0.497564 -1 
0.692387 -1 
-0.930303 -1 
-0.20757 -1 
-0.804071 -1 
-0.0732143 -1 
-0.278983 -1 
0.172679 -1 
0.0706076 -1 
-0.606254 -1 
0.793108 -1 
0.406859 -1 
0.593873 -1 
1.00101 -1 
3.86741 -1 
3.60222 -1 
2.08425 -1 
1.34567 -1 
1.47332 -1 
1.22476 -1 
-1.5871 -1 
-1.22227 -1 
-1.0276 -1 
-1.12121 -1 
-3.15188 -1 
-1.85975 -1 
1.1106 -1 
-3.40488 -1 
-2.45639 -1 
1.77564 -1 
1.61665 -1 
-2.7957 -1 
-2.13347 -1 
-3.67557 -1 
-3.89186 -1 
-0.685303 -1 
-0.747651 -1 
-0.854564 -1 
0.243696 -1 
0.114983 -1 
0.00404426 -1 
-0.510503 -1 
-0.425643 -1 
3.18795 -1 
3.37574 -1 
-1.45238 -1 
0.895981 -1 
2.93706 -1 
2.38972 -1 
2.23698 -1 
ZONE T="boundary4"
-0.635759 -0.0135092 
-0.632744 0.00905126 
-0.146083 0.487221 
-0.120558 0.493869 
-0.219806 0.462996 
0.492943 0.320038 
0.509049 0.295796 
-0.558158 0.196288 
-0.0939711 0.499894 
-0.515612 0.255079 
-0.537591 0.226354 
0.634622 0.0314379 
0.637892 0.0150614 
-0.622928 0.0542086 
-0.616158 0.0766674 
-0.599039 0.121005 
-0.588819 0.142676 
-0.60818 0.0989595 
-0.577566 0.163966 
-0.568122 0.180278 
-0.548081 0.21146 
0.525219 0.268702 
-0.408658 0.358538 
-0.287879 0.433286 
-0.475202 0.300172 
-0.460206 0.314787 
-0.265853 0.44374 
-0.502899 0.270279 
-0.489681 0.285057 
-0.426749 0.344201 
-0.443732 0.329779 
-0.350968 0.398298 
-0.370745 0.385599 
-0.330457 0.410551 
-0.30956 0.422143 
0.475877 0.342944 
-0.242981 0.453728 
-0.195729 0.471761 
-0.17139 0.479768 
-0.390093 0.372263 
-0.628468 0.0316272 
-0.0672155 0.505052 
0.640232 -0.00122975 
0.418295 0.403375 
0.262189 0.489644 
0.289002 0.480197 
0.459674 0.362347 
0.315309 0.469149 
0.340227 0.456842 
0.442668 0.380562 
0.0181457 0.515546 
0.0475432 0.517046 
-0.0392695 0.509484 
0.0781397 0.517416 
0.108676 0.516526 
0.139867 0.514244 
0.232615 0.498179 
0.630507 0.0476582 
0.625523 0.0639997 
0.57098 0.183326 
0.613482 0.0961703 
0.585273 0.155913 
0.599006 0.128341 
0.641635 -0.0175563 
0.555924 0.211799 
-0.0112121 0.512959 
0.36509 0.442517 
0.392573 0.423912 
0.17081 0.510516 
0.201958 0.505166 
0.540775 0.240343 
0.619808 0.0801952 
-0.634407 -0.00221072 
-0.133346 0.490646 
0.501148 0.308024 
-0.107288 0.49699 
-0.526794 0.240863 
0.636366 0.0232715 
-0.619688 0.0654799 
-0.594056 0.131899 
-0.61231 0.0878621 
-0.563203 0.188321 
-0.572911 0.172161 
-0.583311 0.153383 
-0.553173 0.20391 
0.517284 0.282344 
-0.603744 0.110037 
-0.467766 0.307542 
-0.276907 0.438599 
-0.542886 0.218941 
-0.509317 0.26273 
-0.482508 0.292677 
-0.435301 0.337061 
-0.452034 0.322354 
-0.360908 0.392028 
-0.320055 0.41643 
-0.340762 0.404507 
0.484568 0.331616 
-0.23143 0.458452 
-0.183591 0.475859 
-0.298764 0.427801 
-0.399433 0.365477 
-0.158766 0.483595 
-0.207802 0.467473 
-0.630758 0.020366 
-0.380474 0.379011 
-0.625848 0.0429526 
-0.0806132 0.502582 
0.275664 0.485112 
0.467905 0.352759 
0.327862 0.463188 
-0.496352 0.277722 
0.451297 0.371577 
0.4307 0.392213 
0.0328397 0.516434 
0.0628423 0.517385 
0.124287 0.515563 
0.247466 0.494126 
0.628108 0.055857 
0.578167 0.169634 
0.641052 -0.00938228 
0.639175 0.00693222 
0.632664 0.0395733 
-0.254457 0.448824 
0.592233 0.142168 
0.56346 0.19756 
-0.417765 0.351446 
-0.0252541 0.511342 
0.352775 0.449886 
0.379011 0.433486 
0.0034571 0.514387 
0.155364 0.512567 
0.186422 0.508044 
0.533087 0.254574 
-0.05326 0.507387 
0.302239 0.474873 
0.622747 0.0721284 
0.405631 0.4139 
0.217338 0.501885 
0.0934154 0.517132 
0.616715 0.0882089 
0.60646 0.112347 
0.548366 0.226075 
ZONE T="boundary5"
-0.635759 -0.0135092 
-0.631686 -0.124221 
-0.594888 -0.227985 
-0.583542 -0.247257 
-0.637971 -0.0583443 
-0.637163 -0.0805035 
-0.637502 -0.0359827 
-0.626991 -0.145701 
-0.62098 -0.166852 
0.640035 -0.0660336 
-0.63507 -0.102486 
-0.325604 -0.388358 
-0.347903 -0.386342 
-0.368454 -0.38353 
-0.408208 -0.374982 
-0.42733 -0.369154 
-0.303087 -0.389459 
-0.278908 -0.389775 
-0.254522 -0.389369 
0.637569 -0.0819105 
-0.229101 -0.388365 
-0.177431 -0.385253 
-0.203635 -0.386953 
-0.151273 -0.383464 
0.475947 -0.302796 
0.462467 -0.310421 
-0.542038 -0.299066 
-0.525552 -0.314193 
0.578101 -0.211038 
-0.571001 -0.265549 
0.489126 -0.294591 
-0.557162 -0.282856 
0.587098 -0.19868 
0.595648 -0.185834 
-0.124359 -0.38166 
0.64154 -0.0499943 
-0.446304 -0.362083 
-0.464816 -0.35379 
-0.482991 -0.344128 
-0.388762 -0.379719 
-0.507642 -0.328202 
0.434778 -0.323977 
0.531685 -0.261814 
0.0140084 -0.375643 
-0.0141072 -0.376343 
-0.0423703 -0.377307 
0.0427045 -0.37514 
0.0712577 -0.374772 
0.219418 -0.370584 
0.188995 -0.372255 
0.129732 -0.373994 
0.100521 -0.374428 
0.159374 -0.373319 
0.249848 -0.368144 
0.280839 -0.364666 
0.342951 -0.353781 
0.311772 -0.359979 
0.373901 -0.345891 
0.404634 -0.33602 
0.510943 -0.279124 
0.550728 -0.243224 
0.642073 -0.0338451 
0.611435 -0.158131 
0.568662 -0.222963 
0.634141 -0.0976607 
0.629818 -0.11307 
0.603659 -0.172555 
0.6185 -0.143198 
0.624561 -0.128349 
-0.613648 -0.187609 
-0.604986 -0.207943 
0.641635 -0.0175563 
-0.0975214 -0.380003 
-0.0698868 -0.37852 
-0.589375 -0.237717 
-0.637727 -0.0694322 
-0.637896 -0.0471627 
-0.629502 -0.134999 
-0.624149 -0.156325 
-0.636279 -0.0915131 
-0.3582 -0.385056 
-0.417816 -0.372207 
-0.291004 -0.389718 
-0.241811 -0.388929 
-0.19053 -0.386124 
0.638922 -0.0739896 
-0.164349 -0.384361 
0.469246 -0.306678 
-0.533943 -0.30679 
-0.577433 -0.256517 
-0.564243 -0.274334 
0.591443 -0.192304 
-0.137811 -0.382549 
-0.455632 -0.358088 
-0.47399 -0.349114 
-0.378638 -0.381756 
-0.549755 -0.291107 
-0.636788 -0.0247362 
-0.0282331 -0.37679 
0.0569851 -0.374945 
0.204207 -0.371504 
0.115127 -0.374231 
0.144552 -0.373696 
0.0858909 -0.374603 
0.265354 -0.366542 
0.327394 -0.357075 
0.389343 -0.341208 
0.44875 -0.317466 
0.500183 -0.287069 
-0.398522 -0.377483 
0.48258 -0.298765 
0.419812 -0.330277 
-0.314356 -0.389016 
0.641928 -0.0419229 
0.57344 -0.217048 
0.582663 -0.204905 
0.632092 -0.105396 
0.599729 -0.17924 
0.607639 -0.165392 
0.615069 -0.150712 
0.627299 -0.120746 
0.640909 -0.0580244 
0.621633 -0.135814 
0.635973 -0.0898104 
-0.216366 -0.387699 
-0.633541 -0.113382 
-0.609477 -0.197846 
-0.33677 -0.387473 
-0.617476 -0.177291 
0.641976 -0.0256968 
0.0283607 -0.375369 
-4.36434e-05 -0.375963 
0.234637 -0.369472 
-0.110936 -0.380808 
-0.0561231 -0.377879 
0.174184 -0.372846 
-0.0836991 -0.37923 
0.296324 -0.362486 
0.358477 -0.350059 
-0.436877 -0.365766 
-0.495521 -0.336474 
-0.600098 -0.218047 
-0.266717 -0.389651 
0.559873 -0.233255 
0.541381 -0.252699 
0.521487 -0.270676 
-0.516737 -0.321374 
