ZONE T="boundary0"
-4 -1 
-4 -0.656166 
-4 -0.381047 
-4 -0.455673 
-4 -0.167454 
-4 -0.211645 
-4 -0.255836 
-4 0.00765788 
-4 -0.0708311 
-4 0.308671 
-4 0.651836 
-4 0.825918 
-4 0.217067 
-4 0.451644 
-4 0.0861469 
-4 1 
-4 -0.55592 
-4 -0.318441 
-4 -0.505796 
-4 0.151607 
-4 0.380158 
-4 0.55174 
-4 0.184337 
-4 0.262869 
-4 -0.828083 
-4 -0.41836 
-4 -0.233741 
-4 -0.0315866 
-4 0.738877 
-4 -0.606043 
-4 -0.349744 
-4 -0.480735 
-4 -0.530858 
-4 -0.119143 
-4 0.0469024 
-4 0.118877 
-4 0.415901 
-4 0.501692 
-4 0.912959 
-4 0.344414 
-4 -0.287139 
-4 -0.18955 
-4 0.167972 
-4 0.239968 
-4 0.28577 
-4 0.601788 
-4 0.200702 
ZONE T="boundary1"
1.63956 1 
4 1 
3.67726 1 
0.388784 1 
0.275776 1 
0.177594 1 
0.919425 1 
0.0519025 1 
3.51589 1 
-0.150107 1 
0.723834 1 
1.24883 1 
1.36631 1 
0.612813 1 
-1.11753 1 
1.97208 1 
1.80582 1 
-1.69138 1 
-3.60791 1 
-4 1 
-2.60789 1 
-2.32635 1 
-2.0448 1 
2.92717 1 
2.20374 1 
2.4354 1 
2.68129 1 
-3.35456 1 
-0.562584 1 
-0.464078 1 
-0.217493 1 
-0.669293 1 
-0.365573 1 
-0.291533 1 
-0.0154094 1 
-0.0827214 1 
0.114748 1 
-0.818232 1 
1.13134 1 
0.821629 1 
-0.776003 1 
-0.86046 1 
0.501792 1 
-1.03122 1 
-1.24753 1 
-1.37752 1 
1.02538 1 
-1.53445 1 
-1.45599 1 
1.50293 1 
3.35451 1 
-1.61291 1 
3.14084 1 
-1.86809 1 
-3.1012 1 
-0.944918 1 
-2.85454 1 
3.83863 1 
0.33228 1 
0.226685 1 
1.30757 1 
1.88895 1 
-3.80396 1 
-2.46712 1 
-2.18557 1 
2.31957 1 
-0.513331 1 
-0.1838 1 
-0.615938 1 
-0.328553 1 
-0.0490654 1 
0.0833255 1 
-0.116414 1 
-0.414826 1 
1.19009 1 
0.772732 1 
-0.722648 1 
-0.839346 1 
0.557302 1 
-1.07438 1 
-1.18253 1 
-1.31252 1 
-0.797117 1 
0.668323 1 
1.07836 1 
0.445288 1 
-1.49522 1 
3.4352 1 
-1.65215 1 
1.57124 1 
1.43462 1 
3.59657 1 
3.24768 1 
2.55834 1 
2.80423 1 
1.72269 1 
2.08791 1 
-1.77973 1 
3.03401 1 
-3.22788 1 
0.146171 1 
-0.254513 1 
0.0182466 1 
-0.902689 1 
-0.988071 1 
-1.57368 1 
-1.95645 1 
0.870527 1 
0.972405 1 
-1.41675 1 
-3.48123 1 
-2.73121 1 
-2.97787 1 
ZONE T="boundary2"
4 -0.445584 
4 -0.861246 
4 -0.525577 
4 -0.279312 
4 -0.163756 
4 -0.19083 
4 -0.0934201 
4 1 
4 -0.248608 
4 0.0504488 
4 0.114178 
4 0.177907 
4 0.234155 
4 0.821935 
4 0.64387 
4 -1 
4 -0.722492 
4 -0.624034 
4 -0.322451 
4 -0.217904 
4 -0.36559 
4 0.290403 
4 0.395892 
4 0.457887 
4 0.519881 
4 -0.177293 
4 -0.0214857 
4 0.0823134 
4 0.206031 
4 0.910967 
4 -0.930623 
4 -0.673263 
4 -0.128588 
4 -0.204367 
4 -0.26396 
4 -0.233256 
4 -0.344021 
4 -0.300881 
4 -0.48558 
4 -0.405587 
4 0.343148 
4 0.488884 
4 0.42689 
4 0.262279 
4 0.581875 
4 0.732902 
4 0.146043 
4 -0.574806 
4 -0.791869 
ZONE T="boundary3"
-4 -1 
-0.836969 -1 
-0.289822 -1 
-0.230839 -1 
3.23899 -1 
3.4377 -1 
0.359823 -1 
0.407772 -1 
-0.171855 -1 
-0.0415476 -1 
-3.64994 -1 
0.857956 -1 
3.62513 -1 
3.81257 -1 
4 -1 
-1.66788 -1 
-1.56949 -1 
1.40775 -1 
1.53227 -1 
1.93516 -1 
2.25594 -1 
2.44267 -1 
-2.96505 -1 
-2.44224 -1 
-2.05533 -1 
3.04028 -1 
2.83484 -1 
-1.86161 -1 
0.155989 -1 
0.215975 -1 
0.0960021 -1 
-0.407789 -1 
0.760419 -1 
0.0272273 -1 
-0.106701 -1 
-0.526015 -1 
0.467632 -1 
0.527491 -1 
0.311873 -1 
0.263924 -1 
-0.740605 -1 
0.585723 -1 
0.643955 -1 
0.955493 -1 
-0.644241 -1 
1.17572 -1 
1.29174 -1 
-1.04807 -1 
-0.942522 -1 
-1.16744 -1 
-1.2868 -1 
-1.37895 -1 
-3.47491 -1 
-1.4711 -1 
1.65679 -1 
-2.64784 -1 
2.09555 -1 
2.62939 -1 
-3.07666 -1 
-3.29988 -1 
1.01055 -1 
1.06561 -1 
-2.85345 -1 
-0.260331 -1 
3.33834 -1 
0.383797 -1 
-3.82497 -1 
3.90628 -1 
-1.61869 -1 
1.47001 -1 
2.3493 -1 
-2.24879 -1 
2.93756 -1 
-1.95847 -1 
0.185982 -1 
-0.00716018 -1 
-0.139278 -1 
-0.201347 -1 
-0.348806 -1 
0.125995 -1 
0.437702 -1 
0.497561 -1 
0.287899 -1 
0.614839 -1 
0.702187 -1 
0.809188 -1 
0.906725 -1 
-0.585128 -1 
-0.466902 -1 
0.556607 -1 
1.34975 -1 
-0.692423 -1 
-0.995298 -1 
-1.10775 -1 
-1.22712 -1 
-1.33287 -1 
-3.56242 -1 
-1.5203 -1 
3.53141 -1 
3.13964 -1 
1.59453 -1 
-1.76474 -1 
2.01535 -1 
1.79597 -1 
-3.02086 -1 
2.17575 -1 
-3.38739 -1 
3.71885 -1 
2.73212 -1 
2.53603 -1 
0.983022 -1 
1.03808 -1 
1.12066 -1 
0.0616147 -1 
0.335848 -1 
-0.0741245 -1 
0.23995 -1 
-0.889745 -1 
-0.788787 -1 
-3.18827 -1 
-2.90925 -1 
-2.75065 -1 
1.23373 -1 
-1.42503 -1 
-2.54504 -1 
ZONE T="boundary4"
-0.621527 0.0884183 
-0.618332 0.110697 
-0.387135 0.442769 
-0.367076 0.454969 
-0.622948 0.0225254 
0.60579 0.088128 
0.597013 0.101329 
-0.62383 0.0442516 
0.577893 0.125738 
0.613841 0.0743991 
0.628001 0.0442088 
0.633623 0.0284301 
-0.57796 0.231506 
-0.623361 0.0662214 
-0.491112 0.356653 
-0.47625 0.371843 
-0.569427 0.248141 
-0.460029 0.387143 
-0.600831 0.177267 
-0.607929 0.155244 
-0.585908 0.214578 
-0.5935 0.19672 
0.644117 -0.0200263 
-0.551683 0.278656 
-0.541317 0.294419 
-0.256261 0.503466 
-0.232037 0.510296 
-0.130671 0.525641 
-0.104499 0.526196 
-0.530034 0.310216 
-0.504936 0.341376 
-0.518159 0.325571 
0.641662 -0.0037044 
0.645557 -0.0365268 
-0.346105 0.466504 
-0.32467 0.47709 
-0.406663 0.429709 
-0.279591 0.495679 
-0.207588 0.51593 
-0.182288 0.520456 
0.43395 0.244367 
-0.156885 0.523685 
-0.0508197 0.522891 
-0.0775506 0.525293 
0.361073 0.298089 
0.308504 0.338225 
0.283217 0.357851 
0.334761 0.31802 
0.235048 0.394757 
0.567502 0.137232 
0.556637 0.148281 
0.409379 0.262287 
0.509166 0.189139 
0.533604 0.169284 
0.621376 0.0595773 
0.385227 0.280079 
0.0578439 0.496803 
0.030761 0.50586 
0.137989 0.459468 
0.11156 0.473533 
0.0850139 0.485925 
0.211991 0.411667 
0.163863 0.44408 
0.188146 0.428287 
0.257875 0.377441 
0.587747 0.113779 
0.63815 0.0125376 
-0.613787 0.133007 
-0.443201 0.401763 
-0.425222 0.416123 
-0.302323 0.486906 
-0.0239147 0.518921 
0.00366999 0.513187 
0.458478 0.226632 
0.484018 0.208078 
-0.620095 0.0995811 
-0.377171 0.448977 
0.601492 0.094789 
-0.623558 0.0333816 
0.609914 0.0813216 
0.630941 0.0363652 
-0.483756 0.364321 
-0.573766 0.239861 
-0.604526 0.166302 
-0.58979 0.205686 
-0.582009 0.223077 
-0.597274 0.187034 
-0.546575 0.286587 
-0.24419 0.507027 
-0.117589 0.526094 
-0.535751 0.302372 
-0.511625 0.333538 
-0.524169 0.317949 
-0.498098 0.349081 
-0.356654 0.460852 
-0.335446 0.471916 
-0.267971 0.499708 
-0.219846 0.513261 
-0.194967 0.518352 
-0.0641683 0.52428 
-0.143791 0.524837 
-0.623765 0.0552401 
0.644964 -0.0282655 
0.295857 0.348034 
0.347897 0.308027 
0.572759 0.131544 
0.421654 0.253312 
0.521502 0.179355 
-0.560826 0.263556 
-0.622613 0.0773338 
0.044369 0.501529 
0.124863 0.466667 
0.176076 0.436291 
-0.468218 0.379576 
0.200128 0.420061 
0.270561 0.367663 
0.582891 0.119817 
0.636014 0.0205203 
0.640037 0.00444486 
0.617724 0.0670469 
0.643018 -0.011846 
0.545295 0.158974 
0.592459 0.107613 
-0.0910182 0.525933 
-0.396969 0.436344 
-0.611013 0.144166 
-0.45169 0.394539 
-0.434287 0.409037 
0.624812 0.0519462 
-0.416013 0.423013 
-0.291007 0.491422 
-0.169607 0.522232 
-0.313552 0.482125 
0.373135 0.289064 
0.397291 0.271168 
0.0715071 0.491559 
0.0983711 0.479908 
0.223562 0.40327 
0.246488 0.386135 
-0.0100797 0.516259 
0.446208 0.235492 
0.0172692 0.509723 
0.321616 0.328102 
-0.0373386 0.521099 
0.496655 0.198692 
0.471268 0.217382 
0.151012 0.451918 
0.562126 0.14281 
-0.61622 0.121885 
ZONE T="boundary5"
-0.468833 -0.249828 
-0.485555 -0.235415 
-0.599144 -0.0804593 
-0.606391 -0.0607323 
-0.357404 -0.323401 
-0.339271 -0.332788 
-0.622948 0.0225254 
-0.531734 -0.188784 
-0.517108 -0.204862 
0.542289 -0.317438 
0.365984 -0.429046 
0.334009 -0.438457 
-0.612429 -0.0405317 
-0.545619 -0.171994 
-0.454277 -0.26151 
-0.590702 -0.099737 
-0.191478 -0.394273 
-0.214962 -0.385976 
-0.28049 -0.360075 
-0.259694 -0.368758 
-0.237409 -0.377575 
-0.570403 -0.136781 
-0.0688401 -0.429815 
-0.301119 -0.35099 
-0.0940343 -0.423575 
-0.119077 -0.416825 
-0.0429931 -0.435633 
-0.167835 -0.402135 
-0.143532 -0.409712 
-0.424965 -0.282834 
-0.43936 -0.272708 
0.499296 -0.358316 
-0.392952 -0.303312 
0.645475 -0.0696873 
0.645998 -0.0531152 
-0.501723 -0.220369 
-0.375321 -0.31358 
-0.320285 -0.342089 
-0.410296 -0.29254 
0.551591 -0.306497 
-0.620735 0.0011246 
0.38189 -0.423506 
0.472757 -0.377775 
0.458923 -0.386609 
0.413301 -0.41066 
0.486206 -0.368361 
0.618876 -0.184851 
0.645557 -0.0365268 
-0.558606 -0.154549 
0.149486 -0.458671 
0.120708 -0.457696 
0.0920002 -0.455799 
0.612395 -0.201104 
-0.0169984 -0.440875 
0.00971662 -0.445608 
0.270507 -0.451286 
0.302286 -0.445763 
0.209143 -0.457508 
0.179316 -0.458648 
0.239521 -0.455114 
-0.617216 -0.0199231 
0.444003 -0.395273 
0.51195 -0.347664 
0.532535 -0.327984 
0.634679 -0.135778 
0.624828 -0.168395 
0.583758 -0.259677 
0.5685 -0.283911 
0.644031 -0.0862703 
0.638565 -0.119397 
0.641716 -0.102822 
0.598871 -0.231099 
0.0642279 -0.453127 
0.0365668 -0.449678 
-0.581108 -0.118518 
-0.477262 -0.2427 
-0.602919 -0.0706511 
-0.348364 -0.328146 
-0.524512 -0.196905 
0.350071 -0.434004 
-0.609567 -0.0506787 
-0.461602 -0.255728 
-0.595068 -0.0901617 
-0.203239 -0.390179 
-0.248572 -0.37322 
-0.290827 -0.355583 
-0.0814534 -0.426761 
-0.0559326 -0.432795 
-0.131322 -0.413328 
-0.155702 -0.405981 
-0.432199 -0.277824 
0.645854 -0.0614049 
-0.509496 -0.212695 
-0.366393 -0.318546 
-0.310724 -0.346587 
-0.417664 -0.287738 
-0.384171 -0.308506 
-0.401664 -0.29799 
-0.446864 -0.267169 
0.373961 -0.426344 
0.465886 -0.382264 
0.397713 -0.417369 
0.492807 -0.363411 
-0.270112 -0.364465 
0.645901 -0.0448177 
-0.622009 0.0118076 
-0.493712 -0.22797 
-0.552228 -0.163357 
0.135093 -0.458302 
0.106347 -0.45686 
-0.00365532 -0.443323 
0.318199 -0.442335 
0.194235 -0.458222 
-0.329803 -0.337489 
0.255036 -0.45338 
-0.619141 -0.00942682 
0.286432 -0.44873 
0.451509 -0.39102 
0.479532 -0.37314 
0.522442 -0.338033 
0.505684 -0.353062 
0.630062 -0.15218 
0.576366 -0.271943 
0.640238 -0.111128 
0.537467 -0.322762 
0.546998 -0.312016 
0.560277 -0.295377 
0.615699 -0.193003 
0.605849 -0.216199 
-0.564626 -0.145745 
0.63671 -0.127608 
-0.53878 -0.180475 
-0.179675 -0.398259 
0.428806 -0.403273 
0.642978 -0.0945606 
0.644864 -0.0779885 
0.621922 -0.176648 
0.591566 -0.245522 
-0.226204 -0.381827 
-0.106573 -0.420263 
0.164401 -0.458795 
-0.0300107 -0.438328 
0.0781044 -0.454563 
0.224345 -0.456471 
0.0231287 -0.447729 
0.0503855 -0.451497 
-0.614984 -0.0302647 
-0.586043 -0.109198 
-0.575885 -0.127725 
