ZONE T="boundary0"
-4 -0.129884 
-4 -0.214932 
-4 -0.291567 
-4 0.276657 
-4 0.234566 
-4 0.318749 
-4 0.188945 
-4 -0.0597894 
-4 0.0103052 
-4 0.375809 
-4 -0.819968 
-4 -1 
-4 0.660242 
-4 0.830121 
-4 1 
-4 -0.369923 
-4 -0.448279 
-4 0.143325 
-4 0.0768149 
-4 -0.639936 
-4 -0.544107 
-4 0.546556 
-4 0.489713 
-4 0.432869 
-4 -0.729952 
-4 -0.172408 
-4 0.255611 
-4 -0.0948368 
-4 0.347279 
-4 -0.909984 
-4 0.745182 
-4 0.915061 
-4 -0.253249 
-4 -0.0247421 
-4 -0.409101 
-4 0.166135 
-4 0.297703 
-4 0.11007 
-4 0.211755 
-4 0.0435601 
-4 -0.330745 
-4 -0.592022 
-4 0.603399 
-4 0.461291 
-4 -0.496193 
-4 0.404339 
-4 0.518134 
-4 -0.684944 
-4 -0.77496 
ZONE T="boundary1"
3.80583 1 
3.61167 1 
0.711146 1 
0.839729 1 
0.159436 1 
0.00799784 1 
-0.0725846 1 
2.63541 1 
-1.28725 1 
1.13572 1 
1.27205 1 
-3.44686 1 
-3.72343 1 
-2.41322 1 
-2.61871 1 
-1.81582 1 
-2.01177 1 
3.22334 1 
2.83268 1 
-3.23676 1 
1.49211 1 
-4 1 
-3.02665 1 
1.81117 1 
-0.40196 1 
-0.310192 1 
0.553763 1 
0.0837168 1 
0.257593 1 
0.35575 1 
0.306672 1 
-0.153167 1 
0.658685 1 
0.606224 1 
-0.23168 1 
-0.493728 1 
0.919561 1 
-0.675756 1 
-0.584742 1 
0.999394 1 
4 1 
-0.780562 1 
-0.885368 1 
1.65164 1 
1.38208 1 
-1.41447 1 
-1.00238 1 
-1.11939 1 
-1.54168 1 
-1.20332 1 
-1.67875 1 
3.4175 1 
2.53678 1 
2.01419 1 
2.43815 1 
2.32768 1 
-2.20772 1 
0.501302 1 
2.21721 1 
2.1157 1 
3.70875 1 
0.775438 1 
1.20389 1 
-3.58515 1 
-2.51596 1 
-1.91379 1 
3.02801 1 
-2.82268 1 
-0.356076 1 
-0.0322934 1 
0.121576 1 
0.208514 1 
0.0458573 1 
0.331211 1 
0.632455 1 
-0.270936 1 
-0.192423 1 
-0.447844 1 
0.879645 1 
-0.630249 1 
3.90292 1 
-0.832965 1 
-0.728159 1 
1.73141 1 
-3.86172 1 
-1.35086 1 
-1.06089 1 
1.57188 1 
1.32707 1 
1.4371 1 
-1.61021 1 
3.51459 1 
1.91268 1 
2.73405 1 
-2.31047 1 
-1.74728 1 
-2.10974 1 
3.32042 1 
0.282132 1 
-0.112876 1 
0.579994 1 
0.527533 1 
0.428526 1 
0.684915 1 
0.959478 1 
1.06756 1 
-3.13171 1 
-0.539235 1 
-0.943875 1 
-1.16136 1 
-1.47807 1 
2.38291 1 
2.5861 1 
2.48747 1 
-3.34181 1 
-1.24529 1 
2.27244 1 
2.06494 1 
2.16645 1 
ZONE T="boundary2"
4 -0.612905 
4 -0.708036 
4 -0.298577 
4 -0.361705 
4 0.189272 
4 -0.43974 
4 0.248952 
4 0.80991 
4 -0.854018 
4 -0.517774 
4 -0.255386 
4 0.0884216 
4 0.308631 
4 0.138847 
4 0.427096 
4 0.367864 
4 0.523458 
4 0.61982 
4 -0.0149855 
4 -0.118393 
4 1 
4 -1 
4 -0.212196 
4 -0.188745 
4 -0.165294 
4 -0.66047 
4 -0.330141 
4 -0.400722 
4 -0.781027 
4 -0.478757 
4 -0.276982 
4 0.278791 
4 0.219112 
4 0.39748 
4 0.475277 
4 0.338247 
4 0.571639 
4 0.0367181 
4 -0.0666891 
4 -0.565339 
4 0.904955 
4 0.714865 
4 -0.927009 
4 -0.233791 
4 -0.17702 
4 -0.141843 
4 -0.200471 
4 0.164059 
4 0.113634 
ZONE T="boundary3"
-3.82903 -1 
-3.65806 -1 
-1.64416 -1 
-1.49847 -1 
1.42179 -1 
1.49531 -1 
-0.171409 -1 
-0.238481 -1 
1.19249 -1 
2.07151 -1 
-1.17907 -1 
-1.28735 -1 
-0.371442 -1 
-1.0708 -1 
0.348706 -1 
1.34827 -1 
1.72456 -1 
1.89804 -1 
-1.78985 -1 
-0.029791 -1 
0.044756 -1 
-0.716069 -1 
-0.621887 -1 
-0.892312 -1 
-4 -1 
-3.4903 -1 
-2.85282 -1 
2.45181 -1 
2.8188 -1 
3.05654 -1 
3.29428 -1 
3.64714 -1 
3.82357 -1 
2.63531 -1 
-0.304961 -1 
-0.527704 -1 
-0.104338 -1 
-0.80419 -1 
0.12057 -1 
0.196384 -1 
0.530802 -1 
0.439754 -1 
0.638486 -1 
1.03672 -1 
0.74617 -1 
-1.39291 -1 
0.891444 -1 
-3.32255 -1 
-3.08768 -1 
4 -1 
-1.9506 -1 
-2.11135 -1 
-2.48131 -1 
-2.29633 -1 
-3.74354 -1 
-1.57132 -1 
1.45855 -1 
-0.204945 -1 
-1.23321 -1 
1.27038 -1 
1.98477 -1 
0.00748248 -1 
-0.668978 -1 
-3.91451 -1 
-3.57418 -1 
2.26166 -1 
3.17541 -1 
3.47071 -1 
2.72706 -1 
-0.271721 -1 
-0.449573 -1 
-0.137874 -1 
-0.76013 -1 
0.158477 -1 
0.485278 -1 
0.584644 -1 
-0.981555 -1 
0.39423 -1 
0.692328 -1 
-1.12494 -1 
-1.44569 -1 
-1.34013 -1 
0.272545 -1 
0.818807 -1 
-1.71701 -1 
-3.40642 -1 
-2.97025 -1 
-2.03098 -1 
1.8113 -1 
-2.66707 -1 
1.60994 -1 
-2.20384 -1 
2.93767 -1 
3.73535 -1 
-1.87023 -1 
3.91178 -1 
-3.20511 -1 
-0.0670645 -1 
-0.338202 -1 
-0.574795 -1 
-0.848251 -1 
1.1146 -1 
0.964081 -1 
1.38503 -1 
2.54356 -1 
-2.38882 -1 
0.0826631 -1 
ZONE T="boundary4"
-0.609368 0.0585035 
-0.334011 0.400634 
0.520078 0.33415 
0.40875 0.455455 
0.393383 0.465179 
0.423806 0.444829 
-0.615161 0.0387383 
0.504348 0.359941 
0.486885 0.38386 
0.327623 0.496744 
-0.627204 -0.021034 
-0.624093 -0.0010889 
-0.620079 0.0188361 
0.438299 0.433422 
0.451264 0.422087 
-0.595275 0.0974096 
-0.587717 0.114975 
0.463665 0.410087 
-0.579535 0.132267 
-0.563721 0.161992 
-0.602729 0.0780757 
-0.350826 0.38964 
0.60856 0.0963692 
0.578726 0.184681 
0.570037 0.210153 
-0.53792 0.203444 
-0.527158 0.218942 
-0.446071 0.31321 
-0.429326 0.328718 
-0.548258 0.187662 
-0.412066 0.343659 
-0.397427 0.355589 
-0.382476 0.367131 
-0.366799 0.378592 
-0.298743 0.421747 
-0.316911 0.411186 
-0.280297 0.431825 
0.555015 0.2543 
0.561432 0.235666 
-0.260589 0.441913 
-0.24061 0.451465 
-0.197726 0.469825 
-0.174562 0.478604 
-0.151153 0.486714 
-0.125872 0.494648 
-0.100363 0.501819 
-0.0160273 0.519855 
-0.0453611 0.514546 
-0.510126 0.241863 
-0.488584 0.268335 
0.548259 0.272784 
0.36116 0.482459 
0.344556 0.489955 
0.628301 0.00505239 
0.629764 -0.0176027 
0.377496 0.474184 
0.310502 0.502812 
0.475595 0.397293 
0.5327 0.309542 
0.0755012 0.529909 
0.0444374 0.52761 
0.275709 0.512959 
0.241216 0.520488 
0.586116 0.163339 
0.54083 0.291331 
0.62085 0.0505798 
0.615164 0.0735801 
0.62529 0.0277144 
-0.219298 0.460942 
-0.465183 0.294116 
0.593505 0.142025 
0.60123 0.119242 
0.0134564 0.524173 
-0.0729605 0.508618 
0.107906 0.531048 
0.173186 0.529177 
0.140271 0.530845 
0.206609 0.525849 
0.401127 0.460411 
0.416346 0.450239 
0.495869 0.372085 
-0.625759 -0.0110442 
-0.622195 0.0088956 
0.444853 0.427836 
-0.617728 0.0288138 
-0.591575 0.106226 
0.457541 0.416166 
-0.583702 0.123656 
-0.571845 0.147245 
-0.342455 0.395193 
0.574364 0.197411 
-0.53259 0.211228 
-0.437764 0.321035 
-0.404786 0.349673 
-0.374675 0.372913 
-0.358848 0.384168 
-0.307863 0.416527 
-0.289553 0.426847 
0.558251 0.244993 
-0.250632 0.446756 
-0.186176 0.474298 
-0.138542 0.490777 
-0.113144 0.498329 
-0.0307164 0.517323 
0.565736 0.22291 
-0.543144 0.195589 
-0.518752 0.230484 
-0.499524 0.255236 
-0.60615 0.068324 
0.551695 0.263563 
0.352899 0.486298 
-0.389989 0.361409 
-0.325495 0.405965 
0.629234 -0.00626222 
-0.612369 0.0486516 
0.385494 0.469776 
0.336125 0.493438 
0.369376 0.478416 
0.481327 0.390649 
0.431128 0.439221 
0.469713 0.403767 
0.526594 0.321951 
0.0599586 0.528904 
0.258523 0.517002 
0.319093 0.499863 
0.582413 0.174007 
0.544627 0.28209 
-0.270477 0.436936 
0.618137 0.0621123 
0.611958 0.0850026 
0.536861 0.300479 
-0.5991 0.0877803 
-0.162887 0.482743 
-0.208542 0.465458 
0.512473 0.347204 
-0.455727 0.303763 
0.589817 0.152684 
0.604959 0.107826 
-0.229987 0.456278 
0.626976 0.0164074 
0.623229 0.0391781 
0.5974 0.130645 
-0.00130371 0.522139 
0.0289314 0.526031 
-0.0591842 0.511691 
-0.477063 0.281389 
0.0916977 0.530642 
0.156738 0.530201 
-0.0866884 0.505327 
0.189919 0.527726 
0.223952 0.52342 
0.124089 0.531119 
0.293199 0.508204 
-0.556144 0.17492 
-0.420757 0.33626 
ZONE T="boundary5"
-0.630702 -0.0607716 
-0.629407 -0.0409353 
-0.559185 -0.308269 
-0.623701 -0.157758 
-0.626888 -0.138704 
0.420451 -0.309157 
0.388372 -0.319885 
-0.569025 -0.29456 
0.560161 -0.210897 
0.542453 -0.230298 
-0.413927 -0.404569 
-0.430302 -0.400074 
-0.578168 -0.280182 
-0.619594 -0.176721 
-0.614601 -0.195394 
-0.360226 -0.411841 
-0.378844 -0.410515 
-0.396447 -0.408127 
0.522406 -0.249084 
0.501349 -0.265803 
-0.446429 -0.394453 
-0.461464 -0.388052 
-0.341564 -0.412035 
-0.322043 -0.411136 
-0.19551 -0.387091 
-0.261588 -0.402569 
-0.282023 -0.406296 
0.489191 -0.274235 
0.532615 -0.239897 
-0.503017 -0.363558 
-0.489794 -0.372551 
-0.527243 -0.34359 
0.576588 -0.189794 
-0.515379 -0.353982 
0.476685 -0.28209 
-0.240034 -0.397959 
-0.218515 -0.392861 
-0.147641 -0.374997 
-0.17251 -0.38122 
-0.538356 -0.332642 
-0.548832 -0.321081 
-0.0955843 -0.363284 
-0.122747 -0.369114 
-0.476136 -0.380622 
-0.627204 -0.021034 
-0.608774 -0.213636 
-0.594807 -0.248497 
-0.602187 -0.231305 
-0.629185 -0.119444 
-0.630586 -0.10004 
-0.068413 -0.358211 
0.0800637 -0.34465 
0.0206216 -0.347452 
-0.0100902 -0.350165 
0.051249 -0.345659 
0.134853 -0.343893 
0.301624 -0.337056 
0.244807 -0.341772 
0.216224 -0.342896 
0.160894 -0.343737 
0.188536 -0.343468 
-0.302468 -0.409226 
0.273425 -0.339883 
0.451118 -0.295904 
0.435912 -0.302882 
0.32981 -0.333048 
0.359149 -0.327367 
0.464037 -0.289274 
0.623854 -0.0843174 
0.568553 -0.200558 
0.589857 -0.16962 
-0.586874 -0.264645 
0.618327 -0.105833 
0.627595 -0.062381 
0.61099 -0.126966 
0.629764 -0.0176027 
0.629553 -0.040133 
-0.631093 -0.0804548 
0.10879 -0.344123 
0.601623 -0.148113 
-0.0392315 -0.353695 
-0.630166 -0.0508461 
-0.625407 -0.14825 
0.40452 -0.314845 
0.551492 -0.220766 
-0.422152 -0.402457 
-0.573696 -0.287435 
-0.621761 -0.167264 
-0.369545 -0.411325 
-0.387665 -0.409462 
-0.405217 -0.406495 
0.512051 -0.257662 
-0.453999 -0.391377 
-0.350896 -0.412073 
-0.438414 -0.397401 
-0.27179 -0.404519 
-0.564202 -0.301484 
-0.496477 -0.368159 
-0.521389 -0.348875 
0.482983 -0.278233 
-0.509271 -0.358864 
-0.229263 -0.395457 
-0.160083 -0.37808 
-0.207006 -0.390001 
-0.543673 -0.326937 
-0.109184 -0.366116 
-0.483029 -0.376695 
-0.135206 -0.372003 
-0.628417 -0.0309723 
-0.611796 -0.20455 
-0.605586 -0.22251 
-0.629998 -0.10975 
-0.0820174 -0.36065 
0.00525442 -0.348686 
0.0656541 -0.345083 
0.230518 -0.342415 
0.174715 -0.343628 
-0.312244 -0.410298 
0.31574 -0.335211 
0.443555 -0.29948 
0.4704 -0.28575 
0.495319 -0.270089 
0.527558 -0.244543 
0.428216 -0.306104 
0.457612 -0.292656 
0.344519 -0.33041 
0.564409 -0.205769 
0.58342 -0.179836 
-0.582629 -0.272474 
-0.468862 -0.384459 
0.572627 -0.195217 
0.621313 -0.0951322 
0.62595 -0.0733876 
0.614876 -0.116475 
0.628796 -0.0512766 
0.537582 -0.235146 
0.37382 -0.323859 
-0.590946 -0.256623 
-0.63101 -0.070611 
-0.331797 -0.411718 
-0.630952 -0.0902503 
-0.598604 -0.239947 
-0.628149 -0.129088 
-0.29223 -0.407869 
0.147874 -0.343816 
0.12182 -0.343989 
-0.18401 -0.384154 
0.0944278 -0.344339 
0.03593 -0.346452 
0.606526 -0.137637 
0.629874 -0.0288699 
0.287538 -0.338602 
0.20238 -0.343232 
-0.024675 -0.351811 
0.259123 -0.340937 
-0.0538413 -0.355833 
-0.61721 -0.186087 
-0.250795 -0.400336 
0.595966 -0.15899 
-0.5541 -0.314749 
-0.532881 -0.338194 
