ZONE T="boundary0"
-4 -0.362318 
-4 1 
-4 0.579599 
-4 0.439466 
-4 0.222945 
-4 0.127606 
-4 -0.415313 
-4 -0.613648 
-4 -0.806824 
-4 -0.0160466 
-4 -0.0956539 
-4 -0.2194 
-4 -1 
-4 0.7898 
-4 -0.309323 
-4 -0.264362 
-4 -0.51448 
-4 0.0635607 
-4 0.347487 
-4 0.254239 
-4 0.19165 
-4 0.378147 
-4 0.316828 
-4 0.285533 
-4 0.509532 
-4 -0.710236 
-4 -0.0558502 
-4 -0.903412 
-4 -0.286843 
-4 -0.335821 
-4 -0.388815 
-4 -0.564064 
-4 -0.464896 
-4 -0.157527 
-4 0.238592 
-4 0.0955832 
-4 0.0237571 
-4 0.159628 
-4 0.408806 
-4 0.8949 
-4 0.684699 
-4 -0.241881 
-4 0.207298 
-4 0.30118 
-4 0.362817 
-4 0.332157 
-4 0.269886 
ZONE T="boundary1"
-3.53612 1 
-4 1 
0.99186 1 
1.91364 1 
1.75459 1 
0.171595 1 
0.125782 1 
-1.03825 1 
-0.941323 1 
0.235499 1 
0.0799684 1 
-0.126412 1 
-0.193489 1 
-1.13517 1 
-0.868326 1 
0.0309446 1 
-1.28055 1 
-1.20786 1 
-1.39952 1 
3.63467 1 
3.81734 1 
-0.511247 1 
-0.420652 1 
-1.82281 1 
1.33323 1 
1.21782 1 
4 1 
3.26934 1 
3.45201 1 
-2.4758 1 
2.2507 1 
-3.26941 1 
1.59555 1 
3.00596 1 
-3.0027 1 
-2.73925 1 
1.46439 1 
-0.34061 1 
-0.260567 1 
-0.0180792 1 
-0.0722454 1 
0.469102 1 
0.384252 1 
0.299403 1 
-0.698585 1 
-0.795328 1 
-0.601842 1 
-1.51849 1 
0.571447 1 
0.673792 1 
-1.67065 1 
-1.59457 1 
1.10241 1 
0.88131 1 
0.777551 1 
0.82943 1 
-1.99949 1 
-2.17617 1 
2.74258 1 
2.08217 1 
2.49664 1 
-3.76806 1 
1.83412 1 
0.148688 1 
-0.989785 1 
0.102875 1 
-0.159951 1 
-1.08671 1 
-0.904825 1 
-1.24421 1 
3.726 1 
-0.465949 1 
1.27552 1 
3.90867 1 
3.36067 1 
3.13765 1 
-2.60752 1 
1.39881 1 
-3.40276 1 
0.00643268 1 
0.0554565 1 
-0.0993286 1 
-0.0451623 1 
0.426677 1 
0.203547 1 
0.341828 1 
-0.746956 1 
-0.650213 1 
-1.17151 1 
-1.459 1 
0.62262 1 
-1.34004 1 
-1.63261 1 
3.54334 1 
1.16011 1 
0.803491 1 
-1.74673 1 
-2.08783 1 
-3.13605 1 
2.87427 1 
2.16644 1 
1.99791 1 
2.37367 1 
2.61961 1 
-1.91115 1 
-2.87097 1 
-2.32598 1 
0.267451 1 
-0.380631 1 
-0.300588 1 
0.85537 1 
0.936585 1 
1.04713 1 
-0.831827 1 
-0.556544 1 
0.520275 1 
0.725672 1 
-1.55653 1 
1.67507 1 
1.52997 1 
-0.227028 1 
ZONE T="boundary2"
4 -0.268047 
4 -0.324587 
4 -0.234952 
4 0.323957 
4 0.589235 
4 0.0110755 
4 -0.0607901 
4 0.452313 
4 -0.648815 
4 -0.824408 
4 0.863078 
4 1 
4 -0.201858 
4 -0.296317 
4 -0.131324 
4 0.082941 
4 -0.549535 
4 -0.387421 
4 -0.450255 
4 0.147879 
4 0.212818 
4 0.268387 
4 0.726157 
4 -1 
4 0.931539 
4 -0.218405 
4 -0.166591 
4 -0.2515 
4 -0.096057 
4 0.0470082 
4 -0.0248573 
4 -0.599175 
4 -0.418838 
4 0.388135 
4 0.240603 
4 0.11541 
4 0.180349 
4 0.657696 
4 0.520774 
4 0.794618 
4 -0.736611 
4 -0.912204 
4 -0.282182 
4 -0.310452 
4 -0.356004 
4 -0.499895 
4 0.296172 
ZONE T="boundary3"
-3.75497 -1 
-3.50993 -1 
2.99829 -1 
3.2341 -1 
2.42771 -1 
-0.0474879 -1 
-0.702695 -1 
-0.291941 -1 
0.440833 -1 
0.855378 -1 
-1.33269 -1 
0.740621 -1 
2.76247 -1 
-4 -1 
3.42557 -1 
3.61705 -1 
-1.4356 -1 
2.25004 -1 
2.07237 -1 
1.86108 -1 
-1.94573 -1 
-2.76572 -1 
-1.74212 -1 
-1.53851 -1 
-3.1383 -1 
-2.3757 -1 
-2.57071 -1 
-0.163107 -1 
0.354119 -1 
0.527546 -1 
0.0815803 -1 
0.634083 -1 
1.0479 -1 
-0.105297 -1 
-0.227524 -1 
0.212533 -1 
0.147057 -1 
-0.450098 -1 
0.283326 -1 
-0.576397 -1 
1.11207 -1 
0.983724 -1 
3.80852 -1 
-0.800156 -1 
-1.00249 -1 
-0.897617 -1 
-1.10736 -1 
-1.22002 -1 
4 -1 
1.37522 -1 
1.24364 -1 
1.6498 -1 
1.51251 -1 
-2.95201 -1 
-2.16071 -1 
0.0170462 -1 
-0.371019 -1 
-3.63245 -1 
3.11619 -1 
2.59509 -1 
-3.87748 -1 
3.52131 -1 
-1.38414 -1 
2.33887 -1 
1.96672 -1 
-1.64031 -1 
-3.32412 -1 
-2.47321 -1 
-1.84392 -1 
0.484189 -1 
0.797999 -1 
0.687352 -1 
-0.0763926 -1 
-0.259732 -1 
0.179795 -1 
0.24793 -1 
0.318723 -1 
0.580815 -1 
1.07998 -1 
0.919551 -1 
0.397476 -1 
-0.950052 -1 
-1.05492 -1 
-0.751426 -1 
-0.848887 -1 
-1.27635 -1 
-1.16369 -1 
3.90426 -1 
3.71279 -1 
-0.639546 -1 
1.30943 -1 
1.75544 -1 
3.32983 -1 
1.44386 -1 
1.58115 -1 
-3.04516 -1 
-2.85887 -1 
2.88038 -1 
-2.05322 -1 
-2.26821 -1 
2.1612 -1 
-0.0152209 -1 
-0.134202 -1 
0.0493133 -1 
0.114319 -1 
-0.410559 -1 
-0.195315 -1 
-0.513247 -1 
-1.48705 -1 
1.17786 -1 
-2.66822 -1 
1.01581 -1 
-0.33148 -1 
ZONE T="boundary4"
-0.640421 0.0529956 
-0.638875 0.0762057 
-0.381837 0.356293 
-0.635789 0.0993149 
-0.63913 0.00681084 
-0.640483 0.0298537 
-0.545831 0.273542 
-0.532975 0.285237 
-0.517955 0.297231 
-0.290237 0.369028 
-0.266031 0.370717 
-0.484909 0.318589 
-0.502254 0.308149 
-0.631111 0.122227 
0.638423 0.0790037 
0.640104 0.0634977 
-0.616907 0.166814 
-0.624815 0.144787 
-0.598806 0.204522 
-0.607413 0.188172 
-0.579541 0.234555 
-0.589566 0.219861 
0.635855 0.0943345 
-0.569118 0.248132 
0.490837 0.308003 
0.471556 0.320256 
-0.558024 0.260998 
0.623051 0.139303 
0.618215 0.151465 
0.632448 0.109398 
0.628137 0.124518 
-0.403665 0.35099 
-0.424911 0.344649 
-0.337009 0.364098 
-0.359519 0.360638 
-0.313665 0.366885 
-0.445736 0.337114 
-0.241806 0.372024 
-0.216776 0.373109 
-0.16593 0.374957 
-0.140141 0.375892 
-0.00424319 0.382328 
0.0239093 0.383852 
0.314629 0.376156 
0.340143 0.370953 
-0.191781 0.374044 
0.639718 0.0172315 
0.637823 0.00187828 
-0.465621 0.328498 
-0.087007 0.378089 
-0.113542 0.376936 
0.423976 0.344242 
0.451706 0.331237 
0.366122 0.364391 
0.395584 0.355182 
0.511448 0.292835 
0.203632 0.387615 
0.173013 0.388345 
0.11228 0.387717 
0.14243 0.388325 
0.2616 0.383624 
0.288165 0.380403 
0.232624 0.386094 
0.0821532 0.386666 
0.531045 0.275981 
0.56879 0.234621 
0.612879 0.16343 
0.600948 0.186502 
0.64087 0.0481071 
0.640738 0.0326049 
0.585325 0.211797 
-0.0596839 0.379397 
-0.0324142 0.380806 
0.0530281 0.38535 
0.593382 0.199301 
0.550586 0.256232 
-0.639837 0.0646132 
-0.63998 0.0183221 
-0.525566 0.29136 
-0.278138 0.369929 
-0.640633 0.0414252 
-0.493668 0.313513 
-0.510193 0.302818 
0.639377 0.071263 
-0.621062 0.155873 
-0.603229 0.19641 
-0.584657 0.227279 
-0.594294 0.212257 
-0.574424 0.241416 
0.481292 0.31428 
-0.563664 0.254645 
0.620697 0.14541 
0.625691 0.131944 
0.634256 0.10189 
-0.414331 0.347964 
-0.34828 0.362471 
-0.552024 0.267364 
-0.43538 0.341037 
-0.229292 0.372592 
-0.153035 0.375418 
-0.301958 0.368027 
0.00983281 0.383094 
0.327414 0.373693 
-0.178856 0.374502 
-0.253921 0.37141 
-0.204279 0.373588 
0.638878 0.00954161 
-0.392783 0.353775 
-0.475349 0.323707 
-0.539493 0.279488 
-0.325348 0.365582 
-0.100274 0.377498 
0.437961 0.337997 
0.380924 0.360016 
0.353173 0.367832 
0.501282 0.300609 
0.461712 0.325893 
0.188325 0.388083 
0.127354 0.388085 
0.274897 0.382134 
0.218134 0.386964 
0.301419 0.378413 
0.52141 0.284598 
0.637249 0.0866876 
0.607128 0.175077 
0.615607 0.157474 
0.640917 0.0403551 
0.640599 0.055808 
0.630396 0.116988 
-0.63365 0.110812 
0.640338 0.0249109 
-0.637527 0.0877863 
-0.126841 0.376401 
-0.073345 0.378728 
-0.0460481 0.380091 
0.0384678 0.384617 
0.0675894 0.386037 
0.0972147 0.387239 
0.247123 0.384985 
0.57726 0.223355 
0.157721 0.388419 
-0.0183284 0.381562 
-0.455747 0.332964 
-0.370701 0.358586 
-0.628165 0.133563 
-0.612357 0.177581 
0.54102 0.266308 
0.559895 0.245601 
0.409872 0.349952 
0.597229 0.192939 
0.589413 0.205588 
ZONE T="boundary5"
-0.343019 -0.415724 
-0.362717 -0.403717 
-0.572229 -0.190017 
-0.559278 -0.210853 
0.59577 -0.116497 
0.610084 -0.0875925 
-0.636427 -0.0160497 
-0.63913 0.00681084 
-0.613261 -0.105094 
-0.62081 -0.083225 
-0.632435 -0.0387035 
-0.627217 -0.0610823 
-0.584051 -0.169166 
-0.0955349 -0.507727 
-0.230175 -0.469741 
-0.204054 -0.479154 
-0.254844 -0.459861 
-0.279153 -0.44913 
-0.322942 -0.427095 
0.579518 -0.145655 
-0.301232 -0.438474 
-0.123254 -0.501965 
-0.150559 -0.49528 
-0.17762 -0.487636 
-0.499273 -0.289537 
-0.463399 -0.326113 
-0.481913 -0.308008 
-0.545546 -0.231194 
-0.530953 -0.251198 
-0.515582 -0.270624 
-0.400983 -0.377723 
-0.382068 -0.391037 
-0.419875 -0.363433 
-0.438246 -0.348486 
0.631531 -0.0284806 
-0.604594 -0.12672 
0.622162 -0.0582894 
0.62721 -0.0434546 
0.635079 -0.0133843 
0.562444 -0.174438 
0.546948 -0.200112 
0.518242 -0.248111 
-0.0676437 -0.512503 
0.0466059 -0.521446 
0.0178168 -0.520824 
0.0757402 -0.520904 
-0.0393489 -0.516314 
-0.0109545 -0.519091 
0.531481 -0.22591 
0.191913 -0.50565 
0.163057 -0.511579 
0.104762 -0.519137 
0.133813 -0.516071 
0.220521 -0.498164 
0.249038 -0.48894 
-0.594843 -0.148084 
0.304927 -0.464913 
0.358094 -0.432984 
0.331919 -0.449969 
0.277297 -0.477858 
0.383261 -0.413973 
0.504807 -0.270186 
0.488736 -0.295152 
0.471755 -0.319448 
0.637823 0.00187828 
0.451427 -0.345685 
0.429986 -0.370202 
0.407188 -0.393075 
-0.352916 -0.4098 
-0.565855 -0.200498 
0.60314 -0.102151 
-0.637944 -0.00463901 
-0.617172 -0.0942065 
-0.634589 -0.0274045 
-0.624156 -0.0721949 
-0.217156 -0.474564 
-0.267046 -0.454602 
-0.578248 -0.179653 
-0.333026 -0.42149 
-0.290236 -0.443892 
-0.136936 -0.498742 
-0.190874 -0.483512 
-0.629976 -0.0499278 
-0.472751 -0.317157 
-0.552504 -0.221086 
-0.523367 -0.26099 
-0.391581 -0.384459 
-0.429127 -0.356042 
-0.410491 -0.370661 
-0.609057 -0.115959 
0.629461 -0.0359939 
0.633402 -0.0209552 
0.61641 -0.0730592 
-0.507529 -0.280168 
0.554698 -0.187276 
-0.490691 -0.298865 
0.0322083 -0.521276 
-0.372445 -0.397457 
-0.0535135 -0.514536 
-0.0251644 -0.517833 
-0.538343 -0.241264 
0.177523 -0.508801 
0.0902607 -0.520177 
0.119305 -0.51777 
0.234847 -0.493762 
-0.589562 -0.158685 
0.345157 -0.441709 
0.318552 -0.457674 
0.263254 -0.483621 
0.496876 -0.282736 
0.480374 -0.30739 
0.370847 -0.423704 
-0.312134 -0.432875 
0.587782 -0.131153 
0.51157 -0.259176 
0.62477 -0.0509006 
0.636554 -0.00577162 
0.524867 -0.237013 
-0.599841 -0.137458 
-0.450969 -0.337464 
-0.0816105 -0.510238 
-0.10942 -0.504968 
0.0611758 -0.521325 
0.206268 -0.502103 
-0.242552 -0.464908 
0.461775 -0.332709 
0.440898 -0.358111 
-0.164123 -0.491578 
0.00342292 -0.520094 
0.148462 -0.514004 
0.291219 -0.471614 
0.57104 -0.160081 
0.418781 -0.381831 
0.395408 -0.403734 
0.539198 -0.213002 
