ZONE T="boundary0"
-4 -0.207549 
-4 -0.27569 
-4 0.18796 
-4 0.108307 
-4 0.488974 
-4 0.406579 
-4 0.250715 
-4 0.695262 
-4 0.324184 
-4 -0.0689196 
-4 -0.138234 
-4 0.0196938 
-4 1 
-4 0.847631 
-4 0.592118 
-4 -0.34383 
-4 0.219338 
-4 -0.497111 
-4 0.0640005 
-4 -0.687938 
-4 -1 
-4 -0.843969 
-4 -0.42047 
-4 -0.241619 
-4 0.447777 
-4 -0.103577 
-4 -0.0246129 
-4 -0.172892 
-4 0.923815 
-4 0.64369 
-4 -0.30976 
-4 0.148134 
-4 0.28745 
-4 0.235026 
-4 0.0418471 
-4 0.365382 
-4 0.540546 
-4 -0.592524 
-4 0.771446 
-4 -0.765953 
-4 -0.921984 
-4 0.203649 
-4 0.0861538 
-4 -0.38215 
-4 -0.458791 
ZONE T="boundary1"
-2.261 1 
1.70468 1 
3.86601 1 
-0.289043 1 
-0.231354 1 
0.0804697 1 
0.0173628 1 
1.24763 1 
-1.88624 1 
-2.061 1 
-3.65242 1 
-2.46099 1 
-4 1 
3.46404 1 
2.94207 1 
2.77871 1 
-2.66831 1 
-2.87562 1 
3.10543 1 
-1.25409 1 
-1.16768 1 
3.59803 1 
-3.21415 1 
-3.04489 1 
1.86542 1 
-1.4659 1 
-1.58869 1 
2.59798 1 
2.02615 1 
-0.109704 1 
0.322592 1 
-0.0457441 1 
0.731963 1 
0.228478 1 
0.416705 1 
0.154474 1 
0.521777 1 
-0.372324 1 
-0.455604 1 
-0.703273 1 
-0.579438 1 
0.275535 1 
-0.173664 1 
-0.908447 1 
-0.80586 1 
3.73202 1 
4 1 
-1.03806 1 
0.626849 1 
-1.36 1 
-1.08127 1 
0.944503 1 
0.837077 1 
1.57045 1 
1.43622 1 
1.34193 1 
-1.71148 1 
-3.82621 1 
-3.43328 1 
2.41724 1 
1.05193 1 
-0.994858 1 
2.2217 1 
3.28474 1 
-0.260199 1 
0.0489162 1 
-1.97362 1 
-2.361 1 
2.86039 1 
-2.77196 1 
3.02375 1 
-1.21089 1 
3.53104 1 
-3.12952 1 
1.78505 1 
-1.5273 1 
-2.96025 1 
-0.0141907 1 
0.117472 1 
-0.330684 1 
-0.413964 1 
-0.641356 1 
0.252007 1 
-0.857153 1 
-0.517521 1 
0.299063 1 
3.66503 1 
3.93301 1 
3.79902 1 
0.574313 1 
-0.754566 1 
-1.12447 1 
0.89079 1 
1.63757 1 
1.50334 1 
1.29478 1 
-1.79886 1 
0.679406 1 
0.78452 1 
-3.73931 1 
-3.9131 1 
-3.32372 1 
2.50761 1 
2.68835 1 
-2.56465 1 
1.14978 1 
2.12392 1 
2.31947 1 
1.94578 1 
0.369649 1 
0.469241 1 
0.998216 1 
-0.202509 1 
-0.0777242 1 
-0.141684 1 
0.191476 1 
-1.30704 1 
-1.05967 1 
-0.951653 1 
-1.65008 1 
1.38908 1 
-1.41295 1 
-2.161 1 
3.37439 1 
-3.54285 1 
-1.01646 1 
3.19508 1 
ZONE T="boundary2"
4 -0.636048 
4 -0.519178 
4 -0.402308 
4 -0.356726 
4 -0.207742 
4 -0.233592 
4 0.203521 
4 0.243463 
4 0.283405 
4 0.372453 
4 -0.155577 
4 -1 
4 -0.181659 
4 -0.0697086 
4 -0.259442 
4 0.0615859 
4 -0.00406139 
4 0.132554 
4 -0.311143 
4 0.42429 
4 0.476126 
4 0.639828 
4 0.557977 
4 0.819914 
4 1 
4 -0.577613 
4 -0.379517 
4 -0.220667 
4 0.263434 
4 -0.818024 
4 -0.168618 
4 -0.112643 
4 -0.246517 
4 0.0287622 
4 0.168037 
4 -0.333934 
4 0.327929 
4 0.223492 
4 0.450208 
4 -0.460743 
4 0.598903 
4 0.398371 
4 0.0970697 
4 0.729871 
4 0.909957 
4 -0.285293 
4 -0.1947 
4 -0.036885 
4 0.517052 
ZONE T="boundary3"
-3.71724 -1 
-2.13109 -1 
-1.92058 -1 
-1.07476 -1 
-0.961074 -1 
0.252686 -1 
0.379576 -1 
-0.743411 -1 
0.49209 -1 
0.604604 -1 
-0.638113 -1 
-2.30067 -1 
1.41354 -1 
-2.90822 -1 
-3.17135 -1 
-1.32189 -1 
4 -1 
3.6658 -1 
3.21223 -1 
-2.68923 -1 
2.35434 -1 
2.60422 -1 
3.03317 -1 
3.43902 -1 
0.0296409 -1 
0.191216 -1 
-0.174561 -1 
-0.098387 -1 
-0.292457 -1 
-0.250735 -1 
-0.034373 -1 
0.0796931 -1 
0.129745 -1 
-0.334179 -1 
-0.433497 -1 
-0.532814 -1 
1.10963 -1 
1.21117 -1 
-0.212648 -1 
0.704851 -1 
0.654728 -1 
-0.852243 -1 
-4 -1 
0.754974 -1 
1.0081 -1 
1.5554 -1 
1.69726 -1 
-3.43448 -1 
-1.18844 -1 
2.8541 -1 
-2.47025 -1 
-1.71007 -1 
-1.5827 -1 
-1.45533 -1 
1.98327 -1 
2.1688 -1 
0.906597 -1 
0.855847 -1 
0.805097 -1 
-2.02583 -1 
-1.01791 -1 
0.548347 -1 
-2.21588 -1 
-3.03979 -1 
3.8329 -1 
-2.79873 -1 
2.47928 -1 
3.55241 -1 
0.221951 -1 
-0.271596 -1 
-0.06638 -1 
0.104719 -1 
-0.136474 -1 
-0.313318 -1 
-0.383838 -1 
-0.585464 -1 
1.1604 -1 
-0.193604 -1 
0.316131 -1 
-0.483155 -1 
-0.690762 -1 
0.679789 -1 
0.435833 -1 
-0.797827 -1 
-3.85862 -1 
0.729913 -1 
-0.906658 -1 
3.32562 -1 
1.05886 -1 
1.31235 -1 
1.48447 -1 
1.62633 -1 
-3.30292 -1 
-1.25516 -1 
3.1227 -1 
-2.57974 -1 
-1.81532 -1 
-1.64639 -1 
2.72916 -1 
-1.51902 -1 
2.07604 -1 
2.94363 -1 
-2.38546 -1 
1.84026 -1 
2.26157 -1 
-3.57586 -1 
0.054667 -1 
-0.231691 -1 
-0.00236609 -1 
0.16048 -1 
0.881222 -1 
0.957346 -1 
0.830472 -1 
0.780036 -1 
0.629666 -1 
-1.38861 -1 
-1.1316 -1 
ZONE T="boundary4"
0.640379 0.0671079 
0.639353 0.0811053 
-0.639639 -0.00832597 
-0.639226 0.0153078 
-0.561349 0.203281 
-0.222203 0.364597 
-0.320999 0.338331 
-0.296869 0.345287 
-0.368559 0.323003 
-0.345041 0.330895 
-0.41461 0.305147 
-0.436856 0.294994 
0.613708 0.177572 
-0.508829 0.251427 
-0.476923 0.273174 
-0.457174 0.284577 
-0.49313 0.262696 
-0.619718 0.108356 
-0.610186 0.130543 
-0.637088 0.0389101 
-0.573986 0.188284 
-0.58575 0.172459 
0.552641 0.279007 
0.63523 0.108892 
0.637637 0.0949819 
0.532129 0.301357 
0.520596 0.3123 
0.587029 0.230057 
-0.535583 0.229227 
-0.548773 0.21661 
-0.598841 0.151949 
-0.522436 0.240649 
0.624166 0.15017 
-0.272166 0.351992 
0.508557 0.322702 
0.496189 0.332448 
-0.247446 0.358367 
-0.633155 0.0623836 
0.570936 0.255068 
-0.196969 0.370587 
-0.0408245 0.40275 
-0.0140572 0.407206 
0.0128123 0.411256 
-0.627373 0.085589 
-0.171318 0.376458 
-0.14567 0.382118 
-0.119664 0.387634 
0.64027 0.0392917 
0.632166 0.122734 
0.63727 0.0118066 
0.483413 0.34164 
0.562142 0.267117 
0.469643 0.350665 
0.365052 0.397523 
0.396055 0.386923 
0.426548 0.374031 
0.542597 0.290463 
0.441176 0.366844 
0.0675045 0.417972 
0.123615 0.422326 
0.152503 0.423399 
0.18149 0.423576 
0.0954921 0.420496 
0.241313 0.420738 
0.271684 0.417429 
0.333712 0.406038 
0.628462 0.136519 
0.579235 0.242675 
-0.0672624 0.397985 
-0.0936179 0.392917 
0.601402 0.203936 
0.59443 0.217116 
0.302526 0.4126 
0.040093 0.414881 
0.211391 0.42273 
-0.391872 0.314423 
0.639955 0.0741119 
-0.639643 0.00349413 
-0.308946 0.341862 
-0.356823 0.327026 
-0.425788 0.300193 
-0.467124 0.279005 
-0.61518 0.119544 
-0.579993 0.180462 
0.636517 0.10195 
-0.56778 0.195875 
0.526427 0.306896 
-0.542258 0.223 
-0.592502 0.162332 
-0.529076 0.235013 
-0.48509 0.268031 
-0.515694 0.246114 
-0.284526 0.348684 
0.502428 0.327644 
-0.635348 0.0506836 
-0.20959 0.367619 
-0.447076 0.289906 
-0.0274511 0.405026 
-0.000633332 0.409286 
-0.638377 0.027128 
-0.630495 0.0740422 
-0.158498 0.379313 
-0.132672 0.384904 
-0.623776 0.0970479 
-0.333038 0.334678 
-0.184147 0.373548 
0.640686 0.0531934 
-0.259812 0.355215 
-0.234829 0.361513 
0.633777 0.115829 
0.557459 0.273115 
0.476577 0.346228 
0.380641 0.392484 
-0.50105 0.257158 
0.547685 0.284792 
0.514636 0.31757 
0.489851 0.337113 
0.433897 0.370508 
0.537425 0.295969 
0.138051 0.422969 
0.166992 0.423605 
0.0814872 0.419316 
0.256514 0.419252 
0.630389 0.129646 
0.619201 0.16397 
0.626384 0.143366 
0.455576 0.359048 
0.575145 0.248911 
0.63858 0.088053 
-0.0804481 0.395486 
0.597969 0.210555 
-0.0540522 0.400408 
0.109544 0.421503 
0.287132 0.415205 
0.318162 0.409534 
-0.106647 0.390306 
0.0537875 0.416498 
0.226358 0.421884 
0.0264412 0.413132 
0.19644 0.42329 
0.349445 0.40202 
-0.555151 0.210027 
-0.403283 0.309892 
-0.380247 0.318806 
-0.604732 0.141359 
0.583187 0.2364 
0.639131 0.025504 
0.566603 0.261138 
0.590784 0.223616 
0.607779 0.190857 
0.41142 0.380759 
ZONE T="boundary5"
-0.600113 -0.170002 
-0.609901 -0.147456 
-0.576839 -0.214476 
-0.563309 -0.23665 
-0.638403 -0.0319023 
-0.639639 -0.00832597 
-0.618389 -0.124712 
-0.625527 -0.101792 
-0.635593 -0.0553692 
-0.589079 -0.192331 
-0.631283 -0.0786581 
0.611737 -0.0670647 
-0.19626 -0.499875 
-0.224933 -0.491175 
-0.30875 -0.457572 
-0.281249 -0.470018 
-0.0228952 -0.525417 
-0.0517747 -0.52432 
-0.0806504 -0.521955 
-0.138564 -0.513435 
-0.167534 -0.507271 
-0.109668 -0.518315 
-0.516397 -0.300046 
-0.457956 -0.359227 
-0.478721 -0.340051 
-0.548762 -0.258361 
-0.53321 -0.279421 
0.531811 -0.18147 
0.516764 -0.199392 
-0.387385 -0.413113 
-0.361912 -0.429083 
-0.435515 -0.378092 
-0.411959 -0.396085 
0.598278 -0.0919115 
0.634693 -0.00178202 
0.631425 -0.015182 
0.582506 -0.116466 
0.565237 -0.140148 
0.484211 -0.238672 
0.50168 -0.217437 
0.00580992 -0.525222 
0.034368 -0.523709 
0.118482 -0.510968 
0.062692 -0.520853 
0.0907748 -0.516613 
0.172622 -0.495329 
0.145788 -0.503882 
0.249851 -0.460641 
0.198935 -0.485286 
0.224685 -0.47373 
0.274336 -0.446057 
0.298133 -0.429998 
0.321234 -0.412515 
0.365271 -0.373749 
0.343645 -0.393689 
0.386461 -0.352558 
0.407145 -0.330396 
0.427234 -0.307634 
0.447202 -0.284005 
0.466803 -0.260099 
0.548769 -0.160961 
0.622861 -0.0414811 
0.627472 -0.0284241 
0.63727 0.0118066 
-0.253227 -0.481243 
-0.498205 -0.320305 
-0.335715 -0.443892 
-0.605151 -0.158791 
-0.570191 -0.225633 
-0.639222 -0.0201247 
-0.62212 -0.113302 
-0.63719 -0.0436582 
-0.628577 -0.0902673 
-0.583082 -0.20347 
-0.210642 -0.495679 
-0.295068 -0.463948 
-0.0373382 -0.525029 
-0.0662228 -0.523294 
-0.15308 -0.510507 
-0.12414 -0.516028 
-0.46845 -0.349758 
-0.556155 -0.247584 
0.524294 -0.19043 
-0.37474 -0.421243 
-0.446847 -0.36879 
-0.423842 -0.387225 
0.605257 -0.0796258 
-0.63362 -0.0670466 
0.57402 -0.128415 
0.492927 -0.228026 
0.0201002 -0.524633 
-0.59473 -0.181232 
0.0485491 -0.522452 
0.159262 -0.499792 
0.185847 -0.490495 
0.237358 -0.46737 
0.262193 -0.453527 
0.28634 -0.438197 
0.309793 -0.421413 
0.354561 -0.383841 
0.396887 -0.341559 
0.375963 -0.363256 
0.417259 -0.319077 
0.457037 -0.272075 
0.509214 -0.208398 
0.54033 -0.17124 
0.625246 -0.0349817 
0.5906 -0.104323 
0.633144 -0.00850426 
0.63607 0.00499422 
0.629531 -0.0218289 
-0.614299 -0.13614 
-0.541111 -0.268982 
0.61759 -0.0544037 
-0.239133 -0.486362 
-0.267299 -0.475784 
-0.00853913 -0.525482 
-0.488579 -0.330291 
0.132182 -0.507609 
0.104666 -0.51397 
0.557081 -0.150611 
-0.181935 -0.503726 
-0.348897 -0.436635 
-0.0951763 -0.520291 
-0.399771 -0.40474 
-0.524928 -0.289833 
0.0767611 -0.518909 
0.211889 -0.479695 
0.332548 -0.403243 
-0.507422 -0.310282 
0.437274 -0.295864 
-0.322309 -0.450883 
0.475504 -0.249379 
