ZONE T="boundary0"
-4 0.454003 
-4 0.205934 
-4 0.648457 
-4 0.55123 
-4 0.345876 
-4 0.284168 
-4 0.399939 
-4 0.245051 
-4 0.0783821 
-4 -0.298963 
-4 -0.545498 
-4 0.824228 
-4 -0.839044 
-4 0.142158 
-4 -0.0652017 
-4 -0.412908 
-4 -0.245022 
-4 -0.128141 
-4 -0.191081 
-4 1 
-4 -0.678088 
-4 -1 
-4 0.00659024 
-4 0.599843 
-4 0.315022 
-4 0.372908 
-4 0.225493 
-4 0.174046 
-4 0.264609 
-4 0.426971 
-4 0.502616 
-4 -0.355935 
-4 -0.218051 
-4 -0.0966715 
-4 -0.159611 
-4 0.736343 
-4 0.912114 
-4 -0.611793 
-4 -0.479203 
-4 -0.919522 
-4 -0.758566 
-4 0.11027 
-4 0.0424862 
-4 -0.0293057 
-4 -0.271992 
ZONE T="boundary1"
2.9968 1 
4 1 
3.85297 1 
0.997686 1 
0.215512 1 
0.671959 1 
0.836493 1 
-3.81174 1 
-0.380765 1 
0.4359 1 
0.319988 1 
-0.818369 1 
-0.930511 1 
-1.89342 1 
-1.69343 1 
-3.62347 1 
-2.54822 1 
-3.17084 1 
-3.39716 1 
-2.15105 1 
-2.9293 1 
3.70594 1 
3.41189 1 
1.89066 1 
1.73061 1 
1.57529 1 
2.39248 1 
1.319 1 
1.21801 1 
0.15034 1 
0.0851676 1 
-0.170971 1 
-0.0489636 1 
0.018102 1 
0.55393 1 
0.754226 1 
-0.109967 1 
-0.275868 1 
-0.223419 1 
-0.581453 1 
-0.699911 1 
0.917089 1 
-1.23494 1 
1.10785 1 
-4 1 
3.20435 1 
-1.04265 1 
-1.1388 1 
-1.59344 1 
-1.49344 1 
-2.40868 1 
-2.27986 1 
2.69464 1 
2.54356 1 
2.05071 1 
2.2216 1 
-2.68776 1 
-1.36419 1 
1.41998 1 
3.92649 1 
0.377944 1 
-0.87444 1 
-1.79342 1 
-3.284 1 
-3.51032 1 
-3.05007 1 
3.55892 1 
1.81063 1 
1.65295 1 
1.2685 1 
0.117754 1 
0.26775 1 
-0.0154308 1 
0.612944 1 
-0.140469 1 
-0.249644 1 
-0.0794654 1 
0.494915 1 
0.713092 1 
0.795359 1 
-0.328316 1 
-0.481109 1 
0.0516348 1 
-0.640682 1 
-0.75914 1 
0.876791 1 
0.957387 1 
-3.90587 1 
1.05277 1 
1.16293 1 
3.30812 1 
-3.71761 1 
-0.986582 1 
-1.09072 1 
-1.64343 1 
-1.54344 1 
-2.02223 1 
-2.34427 1 
2.6191 1 
1.97068 1 
2.13615 1 
2.30704 1 
-2.61799 1 
-2.80853 1 
2.84572 1 
-2.21545 1 
-2.47845 1 
-0.197195 1 
0.182926 1 
-1.29956 1 
-1.42882 1 
1.49764 1 
1.36949 1 
3.10057 1 
3.77946 1 
2.46802 1 
-1.18687 1 
ZONE T="boundary2"
4 -0.538668 
4 -0.437952 
4 -0.639383 
4 -0.232827 
4 -0.207742 
4 0.165357 
4 0.229817 
4 0.286192 
4 1 
4 -0.819692 
4 -1 
4 0.348199 
4 0.410206 
4 0.589736 
4 0.499971 
4 0.100896 
4 -0.257913 
4 -0.373018 
4 -0.308084 
4 -0.133208 
4 -0.170475 
4 0.794868 
4 0.0211109 
4 -0.282998 
4 -0.0586745 
4 -0.48831 
4 -0.220284 
4 0.197587 
4 0.258005 
4 -0.729538 
4 -0.909846 
4 0.379203 
4 0.544853 
4 -0.24537 
4 -0.340551 
4 -0.405485 
4 -0.589026 
4 0.692302 
4 -0.270456 
4 -0.151842 
4 -0.0959413 
4 -0.189108 
4 -0.295541 
4 0.317195 
4 0.133126 
4 0.0610035 
4 -0.0187818 
4 0.455088 
4 0.897434 
ZONE T="boundary3"
-3.5618 -1 
-3.7809 -1 
-1.93195 -1 
-1.763 -1 
0.108167 -1 
1.85617 -1 
-0.113829 -1 
-0.693365 -1 
-0.494523 -1 
-0.390216 -1 
0.586588 -1 
2.20206 -1 
3.06548 -1 
2.85766 -1 
3.85416 -1 
3.70832 -1 
1.00507 -1 
1.12292 -1 
3.24106 -1 
-3.16153 -1 
-3.36167 -1 
-2.25455 -1 
4 -1 
3.56248 -1 
-3.00861 -1 
-2.4082 -1 
-1.48014 -1 
2.42595 -1 
-2.63194 -1 
-0.32081 -1 
-0.182617 -1 
-0.0483987 -1 
0.017032 -1 
-0.251404 -1 
-0.598829 -1 
0.480295 -1 
0.684363 -1 
0.286652 -1 
0.153734 -1 
0.893604 -1 
0.782139 -1 
0.199301 -1 
-0.891165 -1 
-0.787902 -1 
-0.994427 -1 
1.24077 -1 
-1.57443 -1 
1.4547 -1 
1.34774 -1 
1.69912 -1 
-4 -1 
3.41663 -1 
2.64984 -1 
-1.10081 -1 
-1.38586 -1 
-1.20719 -1 
1.57691 -1 
-2.85568 -1 
-2.1009 -1 
0.374002 -1 
-3.67135 -1 
-1.84747 -1 
-0.442369 -1 
2.96157 -1 
3.78124 -1 
1.064 -1 
-3.2616 -1 
3.92708 -1 
3.6354 -1 
-3.08507 -1 
-2.33137 -1 
2.31401 -1 
-0.355513 -1 
-0.148223 -1 
-0.0156834 -1 
-0.217011 -1 
0.533442 -1 
-0.081114 -1 
0.635476 -1 
0.733251 -1 
0.176517 -1 
-0.839533 -1 
1.18185 -1 
1.40122 -1 
1.77765 -1 
-3.89045 -1 
3.48955 -1 
2.75375 -1 
3.32884 -1 
-1.29652 -1 
1.63802 -1 
2.02912 -1 
-2.74381 -1 
3.15327 -1 
-1.66871 -1 
2.5379 -1 
-2.52007 -1 
-2.01642 -1 
0.242976 -1 
0.330327 -1 
-0.286107 -1 
0.427148 -1 
-0.646097 -1 
-0.546676 -1 
-0.740634 -1 
-0.942796 -1 
-1.04762 -1 
0.0625992 -1 
0.13095 -1 
-3.46174 -1 
-1.154 -1 
0.949337 -1 
0.837872 -1 
1.29426 -1 
1.51581 -1 
-2.17772 -1 
-1.433 -1 
-2.93214 -1 
-1.52728 -1 
ZONE T="boundary4"
-0.174821 0.486822 
-0.200422 0.478657 
-0.633884 0.0155522 
-0.62963 0.0392612 
-0.464449 0.322047 
-0.42741 0.354689 
0.637052 0.00830215 
-0.62396 0.0630058 
0.388754 0.411951 
0.402002 0.400706 
-0.616896 0.0866868 
-0.587738 0.156544 
-0.598727 0.133548 
-0.542898 0.230652 
-0.553795 0.214649 
0.43932 0.363813 
0.414857 0.388913 
-0.575573 0.179172 
-0.481431 0.305227 
-0.531549 0.246337 
-0.321161 0.425927 
-0.608473 0.110221 
-0.274584 0.449269 
-0.298081 0.438007 
-0.520363 0.260888 
-0.495349 0.290394 
-0.508734 0.275099 
0.461862 0.337208 
0.482632 0.309384 
-0.365405 0.399662 
-0.343523 0.413191 
-0.386661 0.385424 
-0.250336 0.459867 
-0.446825 0.338211 
-0.407367 0.370411 
-0.636717 -0.00809781 
-0.121998 0.500731 
-0.148523 0.494229 
-0.0674142 0.511163 
-0.0393681 0.515012 
0.0175911 0.519689 
0.0464208 0.520421 
-0.0947866 0.506421 
-0.225732 0.46962 
-0.564985 0.19709 
0.501779 0.280747 
0.519696 0.251556 
0.375021 0.422713 
0.346761 0.442294 
0.532547 0.229813 
0.0760233 0.519986 
-0.0112338 0.517852 
0.105503 0.518303 
0.165836 0.510645 
0.196619 0.504323 
0.545374 0.20808 
0.317428 0.459427 
0.135827 0.515195 
0.257288 0.486264 
0.287518 0.474036 
0.561263 0.181301 
0.634061 0.0228371 
0.630358 0.0372201 
0.60208 0.108355 
0.589881 0.131622 
0.615156 0.0800865 
0.640717 -0.0206991 
0.639268 -0.00617207 
0.576949 0.15457 
0.226943 0.496294 
0.620813 0.0659932 
0.625906 0.0516885 
-0.187656 0.482848 
-0.631928 0.0274353 
-0.626962 0.0511713 
0.395431 0.406394 
-0.62059 0.0748928 
0.427311 0.376593 
-0.548404 0.222689 
-0.581787 0.167927 
-0.473022 0.313719 
-0.612841 0.0985079 
-0.286382 0.443741 
-0.309675 0.432069 
-0.52601 0.253653 
-0.488454 0.297869 
-0.502109 0.282804 
0.472442 0.323449 
-0.354526 0.406526 
-0.376099 0.39264 
-0.262506 0.454674 
-0.455714 0.330212 
-0.332399 0.419659 
-0.135288 0.497593 
-0.161703 0.490638 
-0.417464 0.362645 
-0.0534064 0.513213 
0.0320051 0.520195 
-0.108416 0.503694 
-0.514605 0.268038 
-0.238076 0.464849 
-0.559462 0.205914 
-0.397085 0.378014 
0.510845 0.266221 
0.450805 0.350702 
-0.53728 0.238535 
0.408484 0.394872 
-0.635475 0.0037458 
-0.437198 0.346545 
0.381939 0.417401 
0.361077 0.432783 
0.526137 0.240692 
-0.593373 0.145112 
0.0907754 0.519304 
0.181273 0.507694 
0.538956 0.218938 
0.272506 0.480406 
0.302603 0.467003 
0.332254 0.451142 
0.55332 0.194683 
0.632295 0.0300509 
0.596091 0.120043 
0.608841 0.0943215 
0.635648 0.0155889 
0.640089 -0.0134253 
0.638254 0.00107985 
-0.60375 0.121945 
0.583484 0.14313 
-0.0253118 0.516559 
0.00317235 0.518907 
0.120686 0.516927 
0.150862 0.513106 
-0.213116 0.474247 
-0.0811196 0.50891 
0.0612269 0.520357 
0.242195 0.491517 
0.569148 0.167952 
0.623434 0.0588673 
0.211841 0.500528 
-0.570357 0.188177 
0.492369 0.29518 
0.618051 0.0730659 
0.628214 0.0444797 
ZONE T="boundary5"
-0.457648 -0.338334 
-0.480322 -0.32679 
-0.606751 -0.188765 
-0.596192 -0.20947 
-0.636591 -0.0780674 
-0.638079 -0.0549574 
-0.251063 -0.378166 
0.63622 -0.0924111 
-0.633636 -0.100937 
-0.629198 -0.123486 
0.638669 -0.0782361 
0.59952 -0.18659 
0.606604 -0.17389 
-0.278293 -0.376899 
-0.30526 -0.374951 
-0.358228 -0.368204 
-0.384033 -0.363024 
0.396932 -0.35061 
-0.409317 -0.356398 
-0.22376 -0.378942 
-0.0850195 -0.380716 
-0.196175 -0.379409 
-0.168621 -0.379713 
-0.140789 -0.379979 
-0.113063 -0.380293 
0.57043 -0.229354 
0.585592 -0.208598 
-0.520848 -0.29957 
-0.538934 -0.283856 
0.640349 -0.0639848 
-0.583974 -0.229707 
-0.57035 -0.248948 
-0.0570846 -0.381267 
-0.501278 -0.313914 
-0.331913 -0.372122 
-0.638118 -0.0316112 
-0.615766 -0.16749 
-0.623246 -0.1457 
-0.636717 -0.00809781 
0.556086 -0.246651 
-0.000895451 -0.382725 
-0.0289418 -0.38195 
0.0554723 -0.384345 
0.0273207 -0.38355 
0.0837377 -0.385028 
0.31187 -0.372626 
0.168737 -0.385355 
0.197273 -0.384497 
0.254519 -0.38054 
0.225821 -0.382942 
0.283195 -0.377155 
0.36887 -0.359508 
0.340457 -0.366799 
0.489291 -0.305161 
0.521721 -0.280604 
0.50143 -0.296665 
0.424345 -0.340017 
0.641255 -0.0496315 
0.140356 -0.385646 
0.54091 -0.262839 
0.613143 -0.160903 
0.619157 -0.147498 
0.62913 -0.120203 
0.63304 -0.10637 
0.624525 -0.133838 
0.476821 -0.313141 
-0.555414 -0.266957 
0.64138 -0.0352087 
0.640717 -0.0206991 
0.111991 -0.385497 
-0.433935 -0.348187 
-0.345098 -0.370314 
0.437843 -0.334009 
0.451124 -0.327524 
0.464108 -0.32058 
-0.469104 -0.332785 
-0.601655 -0.199212 
-0.637518 -0.0665264 
-0.635299 -0.0895286 
-0.631604 -0.11225 
0.637539 -0.085339 
0.603128 -0.180275 
-0.291785 -0.376025 
-0.371172 -0.365788 
-0.396733 -0.359905 
-0.209965 -0.379205 
-0.182395 -0.379573 
-0.0990355 -0.380489 
0.578178 -0.219101 
-0.530056 -0.2919 
-0.577341 -0.239454 
-0.590266 -0.219699 
-0.490933 -0.320561 
-0.511214 -0.306942 
0.592745 -0.197715 
-0.619695 -0.156662 
-0.637596 -0.0198463 
-0.071047 -0.380975 
-0.0149151 -0.382328 
-0.0430084 -0.381594 
0.0413979 -0.383956 
0.0696044 -0.384706 
0.183004 -0.385005 
0.240176 -0.381854 
0.354708 -0.363343 
0.382963 -0.355267 
0.511728 -0.288827 
0.495405 -0.300977 
0.640899 -0.0568134 
0.154545 -0.385563 
0.548625 -0.254865 
0.616227 -0.154235 
0.631173 -0.113311 
0.621924 -0.1407 
0.626912 -0.127048 
0.639605 -0.0711208 
0.634721 -0.0994107 
0.483096 -0.309215 
-0.63828 -0.0432871 
-0.547348 -0.275575 
0.641146 -0.0279486 
0.641415 -0.0424201 
-0.626411 -0.134646 
0.126172 -0.385619 
0.326194 -0.369882 
0.297552 -0.375041 
0.410721 -0.345536 
-0.1547 -0.379845 
0.0132151 -0.383136 
0.211549 -0.383815 
0.268867 -0.378979 
-0.12692 -0.380126 
0.0978633 -0.385296 
0.563384 -0.238109 
0.609943 -0.167433 
0.531489 -0.271908 
-0.563059 -0.258099 
-0.611445 -0.178209 
-0.421704 -0.352503 
-0.44589 -0.34348 
-0.264681 -0.377607 
-0.237411 -0.378604 
-0.318603 -0.373662 
-0.35167 -0.369299 
-0.338512 -0.371254 
0.43112 -0.337071 
0.457649 -0.324113 
0.444511 -0.330827 
0.470499 -0.316923 
