ZONE T="boundary0"
-4 -0.330954 
-4 -0.378086 
-4 -0.192013 
-4 0.633609 
-4 -0.109416 
-4 -0.263692 
-4 0.0110613 
-4 -0.807305 
-4 0.816804 
-4 1 
-4 -0.519915 
-4 -0.61461 
-4 0.14917 
-4 0.359784 
-4 0.431152 
-4 0.288415 
-4 0.53238 
-4 -0.425219 
-4 0.253604 
-4 0.183981 
-4 0.218793 
-4 0.0801157 
-4 -1 
-4 -0.227853 
-4 0.725206 
-4 -0.297323 
-4 -0.0491774 
-4 0.395468 
-4 0.481766 
-4 -0.710958 
-4 0.908402 
-4 -0.567263 
-4 -0.401653 
-4 -0.35452 
-4 0.201387 
-4 0.114643 
-4 0.271009 
-4 0.324099 
-4 0.236198 
-4 0.166576 
-4 0.0455885 
-4 -0.472567 
-4 0.582994 
-4 -0.150715 
-4 -0.903653 
ZONE T="boundary1"
-3.47388 1 
-3.27876 1 
3.75 1 
3.49583 1 
-0.0213516 1 
0.0380798 1 
3.34643 1 
-0.158461 1 
-0.089906 1 
-0.35456 1 
-0.397771 1 
-0.482247 1 
-0.566722 1 
-0.68425 1 
1.05618 1 
-1.34414 1 
2.63622 1 
2.46086 1 
-1.97147 1 
-2.18184 1 
-4 1 
-3.73694 1 
-2.6519 1 
-0.234904 1 
-0.311348 1 
0.741838 1 
0.853272 1 
0.513847 1 
0.572125 1 
0.686121 1 
0.630403 1 
0.455569 1 
0.216374 1 
0.0975112 1 
0.156943 1 
0.397291 1 
0.306832 1 
4 1 
-1.10934 1 
0.954726 1 
1.15344 1 
-0.801779 1 
-0.989822 1 
-0.8958 1 
-1.22886 1 
-1.45942 1 
-1.76111 1 
-1.61026 1 
3.19703 1 
-3.60541 1 
2.81157 1 
-3.08365 1 
1.37178 1 
1.7992 1 
1.64603 1 
1.49285 1 
2.15344 1 
1.97632 1 
-2.41687 1 
-2.86777 1 
1.25071 1 
-3.37632 1 
3.62291 1 
0.00836412 1 
3.42113 1 
-0.124183 1 
-0.376165 1 
-0.625486 1 
2.54854 1 
-2.07665 1 
-3.86847 1 
-0.524484 1 
-0.273126 1 
-0.332954 1 
-0.196682 1 
0.797555 1 
0.542986 1 
0.658262 1 
0.484708 1 
-0.440009 1 
0.127227 1 
0.186658 1 
0.352061 1 
3.875 1 
1.10481 1 
-0.743015 1 
-0.942811 1 
-0.84879 1 
-1.1691 1 
-1.40178 1 
-1.2865 1 
-1.68568 1 
3.27173 1 
3.0043 1 
2.72389 1 
1.56944 1 
2.30715 1 
2.06488 1 
-1.86629 1 
-2.29935 1 
-2.75983 1 
-2.53438 1 
1.88776 1 
0.601264 1 
0.42643 1 
0.713979 1 
-0.0556288 1 
-1.04958 1 
0.0677955 1 
0.261603 1 
0.903999 1 
1.00545 1 
1.31124 1 
1.43232 1 
1.72261 1 
-2.97571 1 
-3.67117 1 
-3.18121 1 
-3.53964 1 
1.20208 1 
-1.53484 1 
ZONE T="boundary2"
4 -0.728793 
4 -0.281799 
4 -0.325746 
4 -0.457587 
4 -0.23394 
4 0.155653 
4 0.29977 
4 0.243241 
4 0.369787 
4 -0.177034 
4 -0.120127 
4 0.199447 
4 -0.369693 
4 0.648596 
4 0.450624 
4 0.531461 
4 0.765731 
4 -0.59319 
4 -0.525388 
4 0.0235403 
4 -0.0482936 
4 1 
4 0.882865 
4 -1 
4 -0.303773 
4 -0.25787 
4 0.271506 
4 0.334778 
4 -0.148581 
4 -0.41364 
4 -0.205487 
4 0.221344 
4 0.410205 
4 0.491043 
4 0.707163 
4 -0.34772 
4 -0.660992 
4 -0.491488 
4 -0.559289 
4 0.17755 
4 0.0895965 
4 -0.0123766 
4 0.590029 
4 0.941433 
4 0.824298 
4 -0.864397 
4 -0.0842105 
ZONE T="boundary3"
-1.28649 -1 
-0.478414 -1 
-1.05936 -1 
-0.81966 -1 
-0.69738 -1 
0.180025 -1 
0.731481 -1 
-0.587897 -1 
-3.59493 -1 
-3.27236 -1 
-2.83575 -1 
-2.59437 -1 
-2.35299 -1 
1.7802 -1 
-2.16994 -1 
-1.9869 -1 
-1.82489 -1 
2.17987 -1 
3.63731 -1 
3.48477 -1 
-0.0451141 -1 
-0.111904 -1 
0.0178719 -1 
0.130442 -1 
0.0808578 -1 
0.295435 -1 
0.23773 -1 
-0.396668 -1 
-0.314922 -1 
-0.178693 -1 
-0.246808 -1 
0.820591 -1 
0.642372 -1 
0.926434 -1 
1.03228 -1 
0.535339 -1 
0.428307 -1 
1.16386 -1 
1.29544 -1 
-0.94194 -1 
4 -1 
1.46005 -1 
1.62465 -1 
1.54235 -1 
-3.79747 -1 
-1.17679 -1 
-1.52953 -1 
-1.39619 -1 
-1.66287 -1 
1.93576 -1 
2.60184 -1 
2.77971 -1 
3.02716 -1 
2.42397 -1 
-3.05405 -1 
3.33224 -1 
-4 -1 
3.1797 -1 
3.81865 -1 
-0.75852 -1 
-0.533155 -1 
-3.43365 -1 
-2.47368 -1 
-1.90589 -1 
3.56104 -1 
-0.0136211 -1 
0.266582 -1 
-0.0785088 -1 
0.0493649 -1 
-0.21275 -1 
0.155233 -1 
-0.437541 -1 
0.776036 -1 
0.686926 -1 
0.873512 -1 
0.979355 -1 
-0.355795 -1 
0.481823 -1 
1.09807 -1 
1.22965 -1 
0.361871 -1 
-0.8808 -1 
-1.00065 -1 
1.37774 -1 
1.5835 -1 
-1.23164 -1 
-1.46286 -1 
-1.34134 -1 
-1.5962 -1 
1.85798 -1 
2.90344 -1 
2.05781 -1 
2.30192 -1 
1.70243 -1 
-3.16321 -1 
-1.74388 -1 
-2.26146 -1 
-2.71506 -1 
-2.07842 -1 
2.51291 -1 
-2.9449 -1 
0.10565 -1 
-0.145298 -1 
-0.280865 -1 
0.208878 -1 
-3.89873 -1 
3.4085 -1 
2.69078 -1 
3.10343 -1 
3.25597 -1 
-1.11808 -1 
-0.642638 -1 
-3.6962 -1 
3.72798 -1 
3.90933 -1 
1.5012 -1 
0.588856 -1 
ZONE T="boundary4"
-0.407614 0.322556 
-0.390158 0.327285 
0.550885 0.26403 
-0.457553 0.304757 
0.620433 0.127675 
0.624635 0.107826 
0.539624 0.276976 
-0.636187 0.059801 
-0.441343 0.311341 
-0.636779 -0.000758583 
-0.637724 0.0194131 
-0.252558 0.350613 
-0.230765 0.353316 
0.623142 0.0069811 
-0.294733 0.345047 
-0.315072 0.342051 
-0.633613 0.0798352 
-0.629794 0.0996239 
-0.624718 0.11905 
-0.574193 0.216437 
-0.618416 0.137934 
-0.550185 0.243163 
-0.540399 0.252359 
-0.604912 0.168687 
-0.612079 0.153581 
-0.597543 0.182202 
0.588101 0.208725 
-0.582077 0.206022 
-0.589485 0.195256 
0.594728 0.196135 
-0.559529 0.233533 
0.606603 0.169963 
-0.334361 0.338911 
0.5024 0.311371 
0.491895 0.319294 
-0.502027 0.281353 
-0.515373 0.272389 
-0.487681 0.28989 
-0.472942 0.297634 
0.522619 0.294079 
-0.424843 0.317207 
0.614245 0.149126 
-0.371943 0.331594 
-0.353582 0.335399 
-0.274397 0.347811 
-0.207928 0.356121 
-0.111006 0.368619 
-0.136783 0.365157 
-0.185174 0.35894 
-0.160926 0.36201 
-0.0582198 0.375935 
-0.0311698 0.379706 
0.626488 0.0269609 
0.628329 0.0470365 
-0.637544 0.0396094 
0.561506 0.250397 
0.481086 0.326799 
0.467841 0.335199 
-0.0853157 0.372154 
0.395505 0.369112 
0.426424 0.356771 
0.571569 0.236023 
0.45424 0.343012 
0.054096 0.390692 
0.0831103 0.393773 
0.142499 0.398334 
0.173007 0.399512 
0.364136 0.378986 
0.235329 0.398774 
0.112736 0.396381 
0.581029 0.221034 
-0.528263 0.262648 
0.62864 0.0673412 
0.627414 0.0875033 
-0.00301553 0.383547 
0.0251646 0.387215 
0.203649 0.399724 
0.267141 0.396462 
0.331886 0.386778 
0.299625 0.39251 
-0.398907 0.324995 
0.62271 0.117786 
0.545344 0.27058 
-0.449488 0.308142 
-0.637389 0.00932196 
-0.24166 0.351972 
-0.304906 0.343583 
-0.631862 0.0897605 
-0.635054 0.0698387 
-0.621726 0.128545 
-0.545348 0.247816 
-0.608605 0.161186 
-0.615361 0.145803 
-0.601319 0.175493 
-0.585842 0.20068 
0.591474 0.202461 
-0.567028 0.225123 
-0.593602 0.188782 
0.600929 0.183168 
-0.578194 0.211273 
0.497187 0.315385 
-0.508763 0.276962 
-0.480363 0.293856 
0.512691 0.302935 
-0.465293 0.301289 
0.610601 0.159609 
-0.362775 0.333555 
-0.494914 0.285719 
-0.381067 0.329509 
-0.416256 0.319964 
-0.284566 0.346453 
-0.219343 0.354719 
-0.12389 0.366876 
0.617536 0.138456 
-0.173046 0.360465 
-0.0446953 0.377826 
-0.627416 0.109379 
-0.343981 0.337207 
0.627597 0.0369799 
-0.324722 0.340522 
-0.637016 0.0497164 
-0.263477 0.349228 
0.474509 0.331074 
0.411085 0.363247 
0.486527 0.323098 
0.556286 0.257284 
0.0685944 0.392289 
0.157744 0.399035 
0.379906 0.374327 
-0.637778 0.0295137 
0.576386 0.228583 
-0.521887 0.267609 
0.584622 0.214912 
0.531289 0.285692 
0.624999 0.0169391 
0.566626 0.243272 
0.628679 0.0571842 
0.626214 0.0976892 
0.628218 0.0774322 
-0.0981579 0.370378 
-0.0717665 0.374041 
-0.14885 0.363573 
0.097913 0.395152 
0.127607 0.397448 
0.0110695 0.385409 
0.0396224 0.388996 
0.188322 0.399748 
0.219489 0.399407 
-0.0170952 0.381642 
0.251244 0.397798 
0.348071 0.383144 
0.315794 0.389878 
0.283404 0.394697 
-0.433126 0.31436 
-0.554912 0.238402 
-0.534404 0.257587 
0.44047 0.35017 
-0.196548 0.357525 
0.461084 0.339177 
ZONE T="boundary5"
0.538011 -0.17144 
0.552451 -0.147895 
0.596276 -0.0704719 
0.586679 -0.0894101 
-0.565506 -0.210704 
-0.554846 -0.227923 
-0.532485 -0.260722 
-0.585562 -0.17456 
-0.631723 -0.0407505 
-0.634761 -0.0208241 
-0.610348 -0.118398 
-0.616999 -0.0992901 
-0.627725 -0.0604532 
-0.575842 -0.192792 
-0.622799 -0.0799883 
-0.496782 -0.305135 
0.564584 -0.128011 
-0.246944 -0.481188 
0.576371 -0.108017 
-0.223801 -0.490446 
-0.268858 -0.471586 
-0.330654 -0.439705 
-0.290448 -0.461287 
-0.310725 -0.45081 
-0.349204 -0.4286 
-0.150843 -0.51417 
-0.124705 -0.520786 
-0.175729 -0.50697 
-0.602885 -0.137284 
-0.200369 -0.498943 
-0.520783 -0.276263 
-0.509017 -0.290882 
-0.543679 -0.244829 
-0.636779 -0.000758583 
-0.416192 -0.381434 
-0.400802 -0.39335 
0.623142 0.0069811 
-0.459011 -0.344187 
-0.445298 -0.35683 
-0.431223 -0.369085 
-0.472094 -0.331414 
-0.594582 -0.156075 
-0.367398 -0.416939 
0.444247 -0.337452 
-0.384279 -0.405389 
0.0457354 -0.541097 
0.0152366 -0.540393 
-0.0138911 -0.538498 
-0.098375 -0.526495 
0.107005 -0.538285 
0.0761036 -0.540437 
0.248422 -0.505038 
0.270794 -0.495255 
0.416985 -0.376419 
0.317356 -0.469339 
0.293482 -0.483649 
0.223644 -0.514176 
0.340385 -0.453164 
0.399387 -0.397885 
0.380823 -0.417794 
0.36105 -0.436323 
0.434743 -0.351868 
0.453446 -0.32264 
0.604809 -0.0514843 
0.471363 -0.2915 
0.612208 -0.0322631 
0.618348 -0.0127941 
0.484197 -0.2677 
0.496844 -0.243759 
0.523759 -0.195282 
0.510064 -0.219322 
0.19823 -0.521901 
0.138427 -0.534443 
-0.042973 -0.53545 
-0.0707383 -0.531477 
0.168617 -0.52903 
0.54522 -0.159653 
0.591578 -0.0799905 
-0.56024 -0.219352 
-0.633367 -0.0308051 
-0.613775 -0.108878 
-0.629842 -0.0506244 
-0.620006 -0.0896699 
0.581599 -0.0987524 
-0.235411 -0.485912 
-0.300628 -0.456128 
-0.320734 -0.445336 
-0.339972 -0.434223 
-0.137802 -0.51759 
-0.163315 -0.510673 
-0.606712 -0.127878 
-0.21212 -0.49479 
-0.514959 -0.283619 
-0.549325 -0.236417 
-0.538143 -0.252818 
-0.40854 -0.387447 
-0.438304 -0.363007 
-0.4522 -0.350558 
-0.580782 -0.183717 
-0.465598 -0.337847 
-0.598826 -0.146719 
-0.48463 -0.318452 
-0.502956 -0.298056 
-0.392586 -0.399431 
0.0304853 -0.540912 
0.00066584 -0.539592 
0.091571 -0.539553 
-0.375881 -0.411226 
0.305544 -0.476708 
0.236102 -0.509792 
0.390264 -0.407997 
0.35086 -0.444926 
0.426041 -0.36428 
0.448892 -0.330077 
0.439546 -0.344696 
-0.590158 -0.165358 
0.408347 -0.387292 
0.329015 -0.461465 
0.462555 -0.307164 
0.615436 -0.0225791 
0.558541 -0.137963 
0.477827 -0.27963 
0.49052 -0.255729 
-0.570747 -0.201789 
0.570533 -0.118043 
0.60865 -0.041928 
0.600664 -0.061032 
-0.635901 -0.0108033 
-0.358346 -0.422839 
-0.423753 -0.375313 
0.620918 -0.00294958 
-0.625375 -0.0702478 
-0.526698 -0.26854 
0.530836 -0.183324 
-0.25794 -0.476474 
0.282228 -0.489632 
0.259679 -0.500309 
0.516845 -0.207256 
-0.279695 -0.466524 
-0.188082 -0.50306 
0.210993 -0.518219 
0.503401 -0.231503 
0.0609264 -0.540941 
-0.111563 -0.523754 
-0.0284446 -0.537116 
-0.0845776 -0.529111 
0.122745 -0.536578 
0.371092 -0.427233 
0.18348 -0.52569 
-0.056872 -0.533591 
0.153563 -0.531951 
