ZONE T="boundary0"
-4 -0.176614 
-4 -0.250686 
-4 -0.329885 
-4 0.234566 
-4 0.54699 
-4 0.660242 
-4 -0.0831543 
-4 0.188945 
-4 -0.448279 
-4 -0.389082 
-4 -0.544107 
-4 0.0103052 
-4 -0.819968 
-4 -0.639936 
-4 0.143325 
-4 0.276657 
-4 0.0768149 
-4 0.432869 
-4 0.375809 
-4 0.773495 
-4 1 
-4 -1 
-4 0.318749 
-4 -0.21365 
-4 0.603616 
-4 -0.129884 
-4 -0.41868 
-4 -0.0364245 
-4 -0.290286 
-4 -0.592022 
-4 0.166135 
-4 0.11007 
-4 0.211755 
-4 0.0435601 
-4 0.404339 
-4 -0.496193 
-4 -0.359483 
-4 0.489929 
-4 0.716868 
-4 -0.909984 
-4 -0.729952 
-4 0.886747 
-4 0.297703 
-4 0.347279 
-4 0.255611 
ZONE T="boundary1"
2.01419 1 
1.81117 1 
1.38576 1 
4 1 
-1.45511 1 
0.103149 1 
0.215723 1 
1.58447 1 
-3.44686 1 
-3.66579 1 
-0.219181 1 
-0.153167 1 
-0.310192 1 
-0.401204 1 
2.43815 1 
2.65909 1 
-1.81582 1 
-2.00339 1 
-0.493728 1 
3.60453 1 
3.80227 1 
-3.02665 1 
-2.82538 1 
-1.00548 1 
-3.22793 1 
2.21721 1 
3.27629 1 
3.12199 1 
-2.41205 1 
-2.20772 1 
-2.61871 1 
0.35575 1 
0.0555734 1 
0.00799784 1 
0.159436 1 
-0.586253 1 
-0.675756 1 
0.285736 1 
-0.0395777 1 
-0.0871533 1 
0.577773 1 
0.508692 1 
-0.76526 1 
-0.885368 1 
0.432221 1 
0.646854 1 
-1.11939 1 
-1.23331 1 
1.27205 1 
1.15835 1 
1.03118 1 
-3.8329 1 
-4 1 
-1.34421 1 
-1.54168 1 
-1.62825 1 
0.775438 1 
2.96769 1 
3.44041 1 
0.904021 1 
1.91268 1 
1.69782 1 
-3.55633 1 
-0.186174 1 
-0.355698 1 
2.54862 1 
-1.9096 1 
-0.447466 1 
3.7034 1 
-2.92602 1 
-3.33739 1 
3.19914 1 
-2.30988 1 
-2.72205 1 
-2.51538 1 
0.0317856 1 
0.131292 1 
-0.631005 1 
-0.264687 1 
0.0793612 1 
-0.0633655 1 
-0.12016 1 
0.543232 1 
-0.825314 1 
-0.720508 1 
0.470456 1 
-1.17635 1 
1.32891 1 
1.09477 1 
-0.539991 1 
-3.74935 1 
-3.91645 1 
-1.39966 1 
-1.58496 1 
-1.28876 1 
1.48511 1 
1.2152 1 
-1.72203 1 
-1.49839 1 
3.04484 1 
2.81339 1 
-3.12729 1 
3.52247 1 
3.90113 1 
-2.10555 1 
2.32768 1 
2.1157 1 
3.35835 1 
0.250729 1 
0.320743 1 
0.393986 1 
0.612314 1 
0.711146 1 
0.839729 1 
-0.945422 1 
0.967603 1 
0.187579 1 
-0.0157899 1 
-1.06244 1 
ZONE T="boundary2"
4 -0.183402 
4 0.0935352 
4 0.141404 
4 0.189272 
4 0.361099 
4 0.308631 
4 1 
4 0.746547 
4 -0.424834 
4 -0.610714 
4 -1 
4 -0.805357 
4 0.222717 
4 0.256163 
4 0.427096 
4 -0.053383 
4 -0.212196 
4 0.61982 
4 -0.24099 
4 -0.361705 
4 -0.269783 
4 -0.298577 
4 -0.517774 
4 -0.150897 
4 -0.118393 
4 0.493093 
4 0.165338 
4 0.334865 
4 0.873273 
4 -0.902679 
4 0.23944 
4 0.394098 
4 0.0200761 
4 0.117469 
4 -0.197799 
4 0.683183 
4 -0.226593 
4 -0.393269 
4 -0.471304 
4 0.205995 
4 0.282397 
4 -0.0858878 
4 -0.134645 
4 -0.28418 
4 -0.255386 
4 -0.330141 
4 0.460095 
4 0.556457 
4 -0.564244 
4 -0.708036 
4 -0.16715 
ZONE T="boundary3"
-3.77204 -1 
-3.54408 -1 
-2.11135 -1 
-2.25535 -1 
-2.60463 -1 
-0.968254 -1 
-0.892312 -1 
-0.81637 -1 
-0.177612 -1 
0.324435 -1 
0.533795 -1 
0.731184 -1 
1.03672 -1 
1.13638 -1 
0.632489 -1 
4 -1 
1.41889 -1 
1.34827 -1 
-1.61235 -1 
-1.40135 -1 
1.89804 -1 
2.07151 -1 
3.52952 -1 
3.29428 -1 
-2.85282 -1 
-3.32255 -1 
-3.10101 -1 
2.57857 -1 
1.49531 -1 
1.57173 -1 
2.32504 -1 
3.05904 -1 
2.8188 -1 
0.0992249 -1 
0.0342503 -1 
-0.363223 -1 
-0.308919 -1 
-0.104168 -1 
-0.0307244 -1 
0.214692 -1 
-0.243266 -1 
-0.417527 -1 
-0.516058 -1 
-0.614588 -1 
-0.715479 -1 
0.782651 -1 
-1.0708 -1 
0.937052 -1 
0.834118 -1 
-1.28735 -1 
-1.17334 -1 
3.76476 -1 
-4 -1 
1.27764 -1 
1.72456 -1 
-1.96735 -1 
-1.78985 -1 
0.429115 -1 
-0.765924 -1 
-3.65806 -1 
-2.42999 -1 
-2.18335 -1 
-0.930283 -1 
1.08655 -1 
1.38358 -1 
-1.50685 -1 
1.98477 -1 
3.4119 -1 
-2.72873 -1 
1.53352 -1 
2.19828 -1 
3.17666 -1 
2.93892 -1 
-2.97692 -1 
0.0667376 -1 
-0.336071 -1 
-0.0674464 -1 
0.156958 -1 
-0.210439 -1 
-0.14089 -1 
-0.390375 -1 
-0.466792 -1 
-0.565323 -1 
0.269564 -1 
-1.01953 -1 
0.885585 -1 
-1.23034 -1 
0.986885 -1 
3.64714 -1 
-3.88602 -1 
1.20701 -1 
1.64814 -1 
-1.8786 -1 
2.69869 -1 
-3.21178 -1 
-3.43331 -1 
2.45181 -1 
1.8113 -1 
-0.276092 -1 
0.481455 -1 
0.00176295 -1 
0.376775 -1 
-0.740702 -1 
-0.854341 -1 
-0.665033 -1 
0.756917 -1 
0.808384 -1 
0.681837 -1 
0.583142 -1 
-1.34435 -1 
-1.12207 -1 
3.88238 -1 
1.31295 -1 
1.4571 -1 
-1.7011 -1 
-2.03935 -1 
-0.791147 -1 
ZONE T="boundary4"
0.589859 0.246952 
0.598326 0.222515 
-0.613345 -0.0294432 
0.583087 0.264721 
0.353621 0.478899 
0.370796 0.472593 
-0.348279 0.357684 
-0.332363 0.368185 
-0.588519 0.0686427 
0.543488 0.339768 
0.55797 0.316801 
-0.52176 0.190524 
0.387812 0.46556 
0.404483 0.457831 
-0.447177 0.277336 
0.525535 0.363633 
0.505836 0.385539 
0.420737 0.449408 
-0.393595 0.324513 
0.493242 0.397733 
-0.610249 -0.00959182 
-0.606209 0.0101821 
0.45239 0.430072 
-0.262516 0.408444 
-0.243115 0.418137 
-0.601221 0.029879 
-0.595315 0.0493843 
0.575662 0.282198 
0.567214 0.299802 
-0.573099 0.104783 
-0.564675 0.121649 
-0.315651 0.378644 
-0.298694 0.388702 
0.624726 0.133719 
0.630142 0.111087 
0.638279 0.0656448 
0.634761 0.0881998 
-0.580869 0.0876071 
-0.548377 0.150518 
-0.53243 0.175325 
-0.49308 0.227346 
-0.510654 0.205399 
-0.427844 0.295552 
-0.410955 0.310314 
-0.470972 0.252674 
-0.378904 0.335843 
-0.363937 0.346801 
-0.202585 0.436539 
-0.181459 0.445198 
-0.280724 0.398789 
0.618692 0.156201 
-0.223478 0.427355 
-0.135972 0.461821 
-0.111333 0.469727 
-0.0597958 0.48389 
-0.0864722 0.476952 
-0.0329155 0.490045 
0.436796 0.440123 
0.606274 0.197881 
0.336209 0.484548 
0.640977 -0.00159891 
0.480054 0.409265 
0.641534 0.0206387 
-0.00434448 0.495683 
0.466469 0.420003 
0.0546446 0.504402 
0.0850112 0.507347 
0.116784 0.509278 
0.640599 0.0430001 
0.283432 0.497685 
0.248765 0.503488 
0.318714 0.489533 
-0.15883 0.453805 
0.0243974 0.500422 
0.612638 0.177089 
0.148599 0.509995 
0.181089 0.509407 
0.214239 0.507343 
0.594176 0.234763 
0.36224 0.47583 
-0.340352 0.362982 
0.550949 0.328426 
0.396189 0.461785 
0.515922 0.374801 
0.412657 0.453711 
0.499616 0.391717 
-0.608344 0.000318229 
-0.252845 0.41335 
-0.598379 0.0396651 
-0.603829 0.0200591 
0.571545 0.291053 
-0.568967 0.113256 
-0.592025 0.0590513 
-0.307202 0.383723 
0.627523 0.122424 
0.636657 0.0769433 
-0.540564 0.163025 
-0.501975 0.216459 
-0.51626 0.198001 
-0.437605 0.286544 
-0.419462 0.303004 
-0.371454 0.341368 
-0.386285 0.330225 
-0.192049 0.440934 
-0.356141 0.35229 
0.586545 0.255865 
-0.402332 0.317483 
0.621775 0.144978 
-0.271649 0.40367 
-0.233324 0.422805 
-0.21306 0.432013 
-0.324039 0.373465 
-0.12368 0.465859 
-0.0731597 0.480519 
-0.0463785 0.487066 
-0.556753 0.136212 
-0.527153 0.182965 
-0.584797 0.0781665 
0.579466 0.273499 
0.602353 0.210215 
0.64145 0.00951475 
0.534771 0.351899 
0.37934 0.469164 
0.48672 0.403582 
0.473327 0.414717 
0.459489 0.425122 
0.428821 0.444861 
0.0698154 0.506005 
0.100889 0.508461 
0.641244 0.0318265 
0.266142 0.500835 
-0.611913 -0.0194999 
0.327484 0.487117 
-0.577068 0.0962333 
-0.147427 0.457888 
0.344942 0.481804 
-0.28974 0.3938 
0.0100077 0.498166 
0.609491 0.187496 
0.562702 0.308362 
0.615708 0.166657 
0.444655 0.435194 
0.6396 0.0543384 
-0.0989276 0.473425 
-0.459238 0.265163 
-0.170173 0.449576 
0.632567 0.099666 
0.0395044 0.502539 
-0.0186521 0.492975 
-0.482173 0.240139 
0.164848 0.509872 
0.197677 0.508565 
0.231528 0.50564 
0.132689 0.509792 
0.301141 0.493895 
ZONE T="boundary5"
-0.368677 -0.473349 
-0.615493 -0.0493029 
-0.55538 -0.311173 
-0.564179 -0.295361 
-0.613345 -0.0294432 
-0.51553 -0.368039 
-0.53608 -0.341225 
-0.614793 -0.12822 
-0.616337 -0.108621 
-0.616977 -0.0889066 
-0.599812 -0.205781 
-0.604846 -0.186553 
-0.594014 -0.2247 
-0.612357 -0.147746 
-0.572609 -0.278549 
-0.609045 -0.167148 
-0.421298 -0.448859 
-0.437383 -0.438816 
-0.288186 -0.489403 
-0.308892 -0.487547 
-0.329547 -0.484163 
0.574752 -0.164572 
-0.404774 -0.457873 
-0.386899 -0.466232 
0.565932 -0.174209 
-0.580327 -0.261317 
-0.266745 -0.48975 
-0.245424 -0.488545 
-0.492414 -0.393422 
-0.201845 -0.481446 
-0.179623 -0.475534 
-0.223514 -0.485739 
-0.504227 -0.38101 
-0.157647 -0.468267 
-0.479711 -0.405605 
-0.545953 -0.326548 
-0.135013 -0.459424 
-0.466513 -0.417108 
-0.452194 -0.428377 
0.515924 -0.216399 
-0.349222 -0.479465 
0.622434 -0.0867299 
0.61357 -0.106685 
-0.616701 -0.0691522 
-0.112545 -0.449451 
-0.0654879 -0.425726 
-0.0405968 -0.412335 
0.0114162 -0.384687 
-0.0155217 -0.398808 
-0.088987 -0.437953 
0.0925119 -0.347984 
0.118076 -0.338676 
-0.587535 -0.243174 
0.143743 -0.330411 
0.17185 -0.322487 
0.602716 -0.126437 
0.199934 -0.315565 
0.229461 -0.30911 
0.258867 -0.303219 
0.316921 -0.291838 
0.287935 -0.297596 
0.376917 -0.277844 
0.347013 -0.28531 
0.441212 -0.256353 
0.467668 -0.244466 
0.493517 -0.230601 
0.537521 -0.2003 
0.409733 -0.267997 
0.589451 -0.146262 
0.556759 -0.183373 
0.63883 -0.0235802 
0.635041 -0.0451338 
0.629577 -0.0662218 
0.640977 -0.00159891 
0.0654542 -0.359056 
0.0387226 -0.371196 
-0.559863 -0.303315 
-0.526077 -0.354848 
-0.615677 -0.11843 
-0.616771 -0.0987683 
-0.60243 -0.196195 
-0.613685 -0.137998 
-0.610809 -0.157466 
-0.429412 -0.443955 
-0.298558 -0.488663 
-0.319251 -0.486044 
-0.395902 -0.462197 
-0.576561 -0.269976 
-0.256079 -0.489338 
-0.568486 -0.287003 
-0.190696 -0.478666 
-0.23445 -0.487336 
-0.498388 -0.387283 
-0.509948 -0.374587 
-0.486133 -0.399589 
-0.541092 -0.333939 
-0.550747 -0.318911 
-0.413102 -0.45349 
-0.146284 -0.463991 
-0.47318 -0.411437 
-0.444857 -0.433696 
-0.459425 -0.422837 
-0.597008 -0.215271 
-0.339426 -0.481987 
-0.359003 -0.476577 
0.61821 -0.0967997 
-0.616213 -0.0592212 
-0.123735 -0.454555 
-0.053033 -0.419056 
-0.00208438 -0.391685 
-0.0772125 -0.4319 
0.105255 -0.343205 
-0.590866 -0.233971 
0.130877 -0.334423 
0.157769 -0.326319 
0.608354 -0.116677 
0.214684 -0.312253 
0.244156 -0.306119 
0.302436 -0.294757 
0.361998 -0.281718 
0.454535 -0.250633 
0.425566 -0.262446 
0.393389 -0.273154 
0.504845 -0.223704 
0.547312 -0.192036 
0.561395 -0.178841 
0.570396 -0.169441 
0.582295 -0.155573 
0.632522 -0.0557331 
0.640109 -0.0126099 
0.626216 -0.0765494 
-0.584026 -0.252285 
-0.616954 -0.0790285 
-0.377845 -0.46994 
-0.614535 -0.039361 
-0.277471 -0.489774 
-0.607051 -0.176875 
-0.168591 -0.472057 
-0.212651 -0.483772 
-0.100729 -0.4438 
0.0789367 -0.353382 
0.331985 -0.288666 
0.480715 -0.237773 
-0.0280703 -0.405556 
0.0520375 -0.365006 
0.025025 -0.377839 
0.185873 -0.318919 
0.526879 -0.208567 
0.273402 -0.300404 
0.637146 -0.0343942 
0.596303 -0.136497 
