ZONE T="boundary0"
-4 -0.375016 
-4 0.336236 
-4 0.45727 
-4 0.396753 
-4 -0.121145 
-4 -0.221282 
-4 -0.839289 
-4 -0.267985 
-4 -0.314689 
-4 -0.0125926 
-4 -0.435344 
-4 -0.556961 
-4 -0.678579 
-4 -1 
-4 0.218605 
-4 0.248013 
-4 0.27742 
-4 0.0959595 
-4 0.157282 
-4 0.550165 
-4 0.732295 
-4 0.82153 
-4 1 
-4 0.64306 
-4 -0.171213 
-4 -0.291337 
-4 -0.244634 
-4 -0.40518 
-4 -0.496153 
-4 -0.344853 
-4 -0.61777 
-4 -0.919645 
-4 0.306828 
-4 0.427012 
-4 0.366494 
-4 0.0416834 
-4 -0.758934 
-4 0.503718 
-4 0.776913 
-4 0.687678 
-4 0.910765 
-4 0.233309 
-4 0.262717 
-4 0.187944 
-4 0.126621 
-4 -0.0668687 
-4 0.596613 
ZONE T="boundary1"
-3.07481 1 
0.961172 1 
3.72212 1 
0.435501 1 
-1.22051 1 
0.232581 1 
3.24782 1 
1.41086 1 
0.479247 1 
-0.509305 1 
-0.637135 1 
-0.876857 1 
-0.988751 1 
-1.10463 1 
-1.58227 1 
-1.72894 1 
1.82704 1 
4 1 
-2.8141 1 
2.04697 1 
2.55838 1 
-3.63425 1 
-2.55338 1 
2.80489 1 
3.0514 1 
-1.89975 1 
3.44423 1 
0.637402 1 
0.747874 1 
0.304264 1 
0.391755 1 
0.558324 1 
-0.122695 1 
0.160899 1 
0.089264 1 
-0.0525333 1 
-0.277019 1 
-0.393162 1 
0.801198 1 
-0.199857 1 
0.907847 1 
0.854523 1 
1.30741 1 
1.20396 1 
-0.764964 1 
-1.32806 1 
-1.43561 1 
1.08256 1 
-3.75617 1 
-4 1 
1.60712 1 
-2.07055 1 
-2.31197 1 
-3.29358 1 
-3.51234 1 
2.30267 1 
0.0176288 1 
-0.57322 1 
-1.04669 1 
-1.65561 1 
-2.94446 1 
2.92815 1 
3.58317 1 
3.86106 1 
0.692638 1 
0.413628 1 
0.518785 1 
0.19674 1 
0.125082 1 
-0.0876144 1 
-0.33509 1 
0.348009 1 
0.268423 1 
-0.238438 1 
0.881185 1 
1.25568 1 
1.35913 1 
-0.701049 1 
-0.932804 1 
-1.38183 1 
-0.820911 1 
-1.16257 1 
-0.451234 1 
1.02187 1 
-3.87808 1 
-3.69521 1 
-1.50894 1 
1.93701 1 
1.71708 1 
1.50899 1 
3.14961 1 
2.68164 1 
-2.19126 1 
-2.43267 1 
-3.40296 1 
2.43053 1 
2.17482 1 
-1.98515 1 
-3.1842 1 
0.597863 1 
0.774536 1 
0.827861 1 
0.0534464 1 
0.457374 1 
-0.0174523 1 
-0.161276 1 
0.93451 1 
3.34602 1 
-3.57329 1 
1.14326 1 
-2.68374 1 
-1.27429 1 
-1.81434 1 
ZONE T="boundary2"
4 -1 
4 -0.11129 
4 -0.262268 
4 0.39857 
4 -0.0249772 
4 0.0613351 
4 0.350058 
4 0.136741 
4 0.62602 
4 1 
4 -0.632954 
4 -0.512899 
4 -0.392844 
4 -0.191489 
4 -0.226878 
4 0.536551 
4 0.174444 
4 0.212147 
4 0.31558 
4 0.281102 
4 -0.327556 
4 -0.816477 
4 -0.294912 
4 0.246625 
4 0.447082 
4 0.018179 
4 0.099038 
4 0.81301 
4 -0.572926 
4 -0.151389 
4 -0.244573 
4 0.581285 
4 0.193295 
4 -0.0681334 
4 0.298341 
4 -0.3602 
4 -0.724715 
4 -0.908238 
4 -0.27859 
4 -0.209183 
4 -0.452872 
4 0.332819 
4 0.374314 
4 0.263863 
4 0.229386 
4 0.491816 
4 0.155592 
4 0.422826 
4 -0.311234 
ZONE T="boundary3"
4 -1 
3.75128 -1 
-0.0919892 -1 
2.31619 -1 
2.45459 -1 
-0.91545 -1 
-0.175395 -1 
0.0403715 -1 
-0.0258089 -1 
-0.393618 -1 
-0.473051 -1 
-3.55096 -1 
-3.77548 -1 
1.15143 -1 
-0.831879 -1 
-0.748307 -1 
-1.41687 -1 
-1.52692 -1 
-3.10192 -1 
-3.32644 -1 
2.6122 -1 
-2.55781 -1 
-2.18283 -1 
3.50257 -1 
3.32213 -1 
-2.82986 -1 
-1.79237 -1 
0.24272 -1 
0.383393 -1 
0.106776 -1 
0.173181 -1 
-0.258802 -1 
0.312259 -1 
-0.650396 -1 
-0.552484 -1 
0.454527 -1 
-0.32621 -1 
0.852008 -1 
0.735322 -1 
0.67698 -1 
1.03672 -1 
0.944362 -1 
0.536582 -1 
0.618637 -1 
-1.06936 -1 
-4 -1 
1.26614 -1 
-1.30683 -1 
-1.18809 -1 
1.56057 -1 
1.84904 -1 
2.01341 -1 
2.17778 -1 
2.76981 -1 
-2.30782 -1 
-2.05783 -1 
3.14168 -1 
2.95574 -1 
1.41336 -1 
3.87564 -1 
2.38539 -1 
0.00728132 -1 
-0.433334 -1 
-3.66322 -1 
-0.790093 -1 
-3.21418 -1 
3.41235 -1 
-1.65965 -1 
0.0735739 -1 
-0.217099 -1 
0.207951 -1 
0.139979 -1 
0.27749 -1 
-0.60144 -1 
0.41896 -1 
0.347826 -1 
-0.0588991 -1 
-0.133692 -1 
-0.359914 -1 
-0.873664 -1 
-0.699351 -1 
0.706151 -1 
0.793665 -1 
0.990539 -1 
0.57761 -1 
-0.512767 -1 
-0.992405 -1 
-3.88774 -1 
1.20879 -1 
0.898185 -1 
1.09407 -1 
-1.24746 -1 
-1.12873 -1 
1.7048 -1 
2.09559 -1 
1.93123 -1 
-2.96589 -1 
3.62693 -1 
2.691 -1 
-2.43281 -1 
-1.9251 -1 
-2.12033 -1 
-2.69384 -1 
3.23191 -1 
2.86277 -1 
2.5334 -1 
-2.24532 -1 
-3.4387 -1 
3.04871 -1 
2.24698 -1 
-0.292506 -1 
0.495555 -1 
0.647809 -1 
-1.4719 -1 
1.33975 -1 
1.48696 -1 
-1.36185 -1 
ZONE T="boundary4"
-0.266964 0.362829 
-0.397675 0.249189 
-0.382957 0.264861 
-0.284589 0.350224 
0.463017 0.496413 
0.618623 0.17655 
0.625428 0.196916 
0.4975 0.480713 
-0.482847 0.137004 
0.512472 0.472468 
0.288073 0.530884 
0.32027 0.528756 
-0.411972 0.233112 
0.0937839 0.515127 
0.114892 0.519 
-0.23195 0.386031 
-0.214619 0.396685 
0.637806 0.277025 
0.636684 0.296488 
-0.142275 0.435895 
-0.161252 0.426385 
-0.367767 0.28011 
-0.352124 0.294896 
-0.249028 0.375007 
-0.524722 0.0514478 
-0.535218 0.0203459 
0.205054 0.52977 
0.180403 0.527771 
-0.513176 0.0794114 
-0.499771 0.106992 
-0.439181 0.20005 
-0.425785 0.216764 
-0.473024 0.152673 
-0.451182 0.184212 
-0.462735 0.168028 
0.62815 0.336945 
0.633439 0.317016 
-0.302141 0.336987 
-0.0999862 0.455255 
-0.0764909 0.464968 
-0.33593 0.309327 
-0.319334 0.323296 
-0.197417 0.406755 
-0.179989 0.416468 
0.158209 0.525355 
-0.121265 0.445822 
-0.0527014 0.474077 
0.621119 0.355689 
-0.0274227 0.482979 
-0.00185 0.491193 
0.0230741 0.498451 
0.0709271 0.510363 
0.0482428 0.505044 
0.136127 0.522384 
0.541753 0.453134 
0.527351 0.463234 
0.382968 0.519762 
0.579294 0.419443 
0.634723 0.237322 
0.630825 0.217323 
0.413107 0.51277 
0.443544 0.503587 
0.482206 0.488195 
0.48174 0.0131249 
0.575488 0.0960286 
0.591316 0.405356 
0.258904 0.531526 
0.602496 0.389946 
0.612379 0.373597 
0.54347 0.0591853 
0.524667 0.0423658 
0.554325 0.443205 
0.56635 0.432532 
0.229809 0.531034 
0.353254 0.524885 
0.398072 0.5165 
0.588795 0.115628 
0.600348 0.13567 
0.610264 0.156026 
0.637125 0.257402 
0.560429 0.0771798 
0.504178 0.0270268 
0.458062 0.00114318 
-0.549652 -0.0457535 
-0.543692 -0.0124487 
-0.390372 0.257077 
0.622189 0.186684 
0.505036 0.476685 
0.30418 0.530013 
0.104325 0.517125 
-0.223315 0.391405 
0.637475 0.286773 
-0.151791 0.431192 
-0.36 0.287561 
-0.258033 0.368972 
-0.530243 0.0359892 
0.192719 0.528861 
-0.519165 0.0655195 
-0.432539 0.208452 
-0.477996 0.144877 
-0.491542 0.122131 
-0.457018 0.176163 
0.631047 0.327052 
-0.445235 0.192172 
-0.467936 0.160389 
-0.404875 0.241197 
-0.0882725 0.460188 
-0.37542 0.272543 
-0.344079 0.30217 
-0.275816 0.356581 
-0.32768 0.316369 
-0.206046 0.401766 
-0.18873 0.411657 
0.169296 0.526634 
-0.131801 0.440922 
-0.170649 0.421478 
-0.24052 0.380566 
-0.293408 0.343662 
0.0105852 0.494906 
0.0823386 0.512816 
0.0595666 0.507773 
0.125498 0.520755 
0.147157 0.523938 
-0.41893 0.224982 
0.534623 0.45829 
0.632945 0.227292 
0.428401 0.508444 
0.489896 0.484545 
-0.310783 0.330199 
-0.110655 0.450602 
0.585437 0.412515 
0.273488 0.531352 
-0.506679 0.0933024 
0.519973 0.467953 
0.607611 0.381881 
0.534257 0.0505779 
0.548106 0.448258 
0.560415 0.437958 
0.217424 0.530497 
0.336784 0.527043 
0.616956 0.364749 
0.472665 0.492434 
0.390531 0.518187 
0.62486 0.346406 
0.368142 0.522524 
0.597061 0.397768 
0.582332 0.10571 
0.594755 0.125553 
0.614614 0.166225 
0.605482 0.14577 
0.628293 0.20708 
0.636123 0.24734 
0.568152 0.0864614 
0.572937 0.426105 
0.637684 0.267209 
0.453323 0.500122 
0.405603 0.514694 
0.0356335 0.501833 
0.244351 0.531417 
-0.0646282 0.4696 
0.470026 0.00688502 
-0.0400953 0.478615 
-0.0146674 0.487175 
-0.539762 0.00402776 
0.635326 0.306798 
0.493115 0.0198311 
0.514597 0.0344768 
0.552145 0.0680124 
-0.546991 -0.0290446 
ZONE T="boundary5"
-0.532873 -0.245411 
-0.522779 -0.275996 
-0.33574 -0.531322 
-0.352191 -0.517548 
-0.412767 -0.457705 
-0.426724 -0.441374 
-0.237145 -0.597889 
-0.398254 -0.473551 
-0.547912 -0.179802 
-0.552102 -0.146358 
-0.54141 -0.212946 
-0.440598 -0.423924 
-0.479268 -0.366908 
-0.491032 -0.346205 
-0.502106 -0.324618 
-0.513099 -0.300476 
-0.0759817 -0.664487 
-0.10652 -0.65514 
-0.188915 -0.622523 
-0.214197 -0.610168 
-0.163164 -0.633927 
0.0685823 -0.688585 
0.101015 -0.688704 
0.132707 -0.686387 
0.0194939 -0.684369 
-0.0131742 -0.679201 
0.0440365 -0.687041 
-0.318043 -0.545173 
-0.299884 -0.558438 
-0.279985 -0.571963 
-0.383463 -0.488646 
-0.368175 -0.503251 
-0.453822 -0.405978 
0.105856 -0.147674 
0.118035 -0.124215 
0.305473 -0.037567 
0.271157 -0.0432163 
0.0975307 -0.200519 
0.0987887 -0.173602 
0.134497 -0.103737 
0.102068 -0.227163 
0.111743 -0.252296 
-0.259615 -0.584805 
-0.135061 -0.645096 
0.314062 -0.495595 
0.163215 -0.681441 
0.177803 -0.677958 
0.31677 -0.530946 
0.316557 -0.513552 
0.192069 -0.673736 
0.311687 -0.561693 
0.219507 -0.662911 
0.205798 -0.668808 
0.245183 -0.648599 
0.232621 -0.6562 
0.267668 -0.631206 
0.256965 -0.640192 
0.277505 -0.621478 
0.294184 -0.600111 
0.286328 -0.61114 
0.307092 -0.575175 
0.301236 -0.587976 
0.229824 -0.373798 
0.207942 -0.355802 
0.186736 -0.0676308 
0.159232 -0.0830828 
0.185873 -0.337785 
0.302101 -0.459971 
0.29271 -0.442663 
0.280387 -0.42484 
0.243807 -0.0487854 
0.214946 -0.0566906 
0.248617 -0.390424 
0.265068 -0.406832 
0.31492 -0.547534 
0.308951 -0.476819 
0.412293 -0.015924 
0.38221 -0.0238408 
-0.466931 -0.386696 
-0.045065 -0.672494 
0.135952 -0.289248 
0.458062 0.00114318 
0.16208 -0.316884 
-0.553028 -0.0792641 
-0.549652 -0.0457535 
-0.55383 -0.112834 
0.432183 -0.00936558 
0.340206 -0.0320399 
-0.528066 -0.260784 
-0.344022 -0.524501 
-0.419816 -0.4496 
-0.405578 -0.46569 
-0.550306 -0.163119 
-0.544936 -0.19643 
-0.485258 -0.356618 
-0.496687 -0.335472 
-0.518097 -0.288299 
-0.0913006 -0.659977 
-0.201615 -0.616465 
-0.176094 -0.628345 
0.116898 -0.687869 
0.00312984 -0.682003 
-0.32695 -0.538322 
-0.289994 -0.565286 
-0.390921 -0.48116 
-0.360242 -0.510465 
-0.447293 -0.415012 
-0.225726 -0.60413 
0.111342 -0.135627 
0.288282 -0.0402906 
0.0974209 -0.187025 
0.106324 -0.239956 
-0.149169 -0.639651 
0.0317543 -0.685839 
0.0563046 -0.68796 
0.148034 -0.68427 
0.0848078 -0.688934 
0.316935 -0.52226 
0.184969 -0.675944 
0.212704 -0.665969 
0.238975 -0.652513 
0.262407 -0.635804 
0.272688 -0.626444 
0.290378 -0.605713 
0.30956 -0.568498 
0.297854 -0.59413 
0.218937 -0.364745 
0.125782 -0.113584 
0.146338 -0.092778 
0.172669 -0.0747939 
0.297652 -0.451204 
0.286793 -0.433605 
0.25744 -0.0458341 
0.229288 -0.0524337 
0.23933 -0.382003 
0.198974 -0.671371 
0.251158 -0.644508 
0.304321 -0.581652 
0.313488 -0.554663 
0.256995 -0.398494 
0.316095 -0.53928 
0.170535 -0.679792 
0.397305 -0.0201361 
0.315595 -0.504551 
-0.43374 -0.432712 
0.282027 -0.616403 
0.226125 -0.659667 
-0.375879 -0.496011 
0.311814 -0.486144 
-0.24844 -0.591448 
-0.473198 -0.376864 
-0.309019 -0.55188 
-0.0605665 -0.668662 
-0.269856 -0.57847 
0.101614 -0.160443 
0.0990992 -0.213961 
-0.460471 -0.396401 
-0.507753 -0.312616 
0.122789 -0.271476 
-0.120841 -0.65026 
0.196878 -0.346837 
0.148573 -0.303492 
0.200674 -0.0617357 
0.173826 -0.327513 
-0.551662 -0.0624773 
-0.53739 -0.229245 
-0.0291573 -0.67604 
-0.553278 -0.129613 
0.305768 -0.468316 
0.272951 -0.41567 
0.445225 -0.00437484 
0.422279 -0.01278 
0.361238 -0.0282533 
-0.553749 -0.0960426 
0.322828 -0.0348627 
