ZONE T="boundary0"
-4 -0.357986 
-4 -0.334575 
-4 0.15129 
-4 0.220735 
-4 0.294093 
-4 0.466357 
-4 0.673946 
-4 -0.0672876 
-4 0.0779639 
-4 0.00463758 
-4 0.380225 
-4 -0.421067 
-4 -0.484149 
-4 -0.287753 
-4 -0.139213 
-4 0.570151 
-4 -0.669619 
-4 0.836973 
-4 1 
-4 -0.834809 
-4 -1 
-4 -0.311164 
-4 -0.264341 
-4 -0.233059 
-4 -0.201777 
-4 -0.34628 
-4 0.186013 
-4 0.257414 
-4 0.0413007 
-4 0.337159 
-4 0.423291 
-4 -0.452608 
-4 -0.10325 
-4 -0.576884 
-4 0.518254 
-4 0.75546 
-4 0.622049 
-4 0.918487 
-4 -0.031325 
-4 -0.917405 
-4 -0.752214 
-4 -0.299458 
-4 -0.389527 
-4 -0.322869 
-4 -0.2487 
-4 -0.276047 
-4 0.114627 
-4 -0.170495 
-4 -0.217418 
ZONE T="boundary1"
0.319552 1 
0.267047 1 
-0.597954 1 
0.653471 1 
-3.7297 1 
0.870526 1 
0.829494 1 
3.5 1 
3.128 1 
-1.06922 1 
-1.18833 1 
2.69828 1 
2.50592 1 
-1.66817 1 
-2.26688 1 
1.2104 1 
-2.48742 1 
-2.70796 1 
-2.96503 1 
3.314 1 
-3.2221 1 
-3.4759 1 
0.214541 1 
0.0823002 1 
0.14842 1 
-0.308472 1 
-0.233858 1 
-0.159245 1 
-0.0236026 1 
0.0293488 1 
0.406899 1 
-0.0914236 1 
0.494246 1 
-0.380842 1 
-0.453213 1 
0.741483 1 
-0.711919 1 
-0.825884 1 
1.10201 1 
0.911559 1 
0.993624 1 
-3.86485 1 
-4 1 
-1.48781 1 
-1.39763 1 
-0.947552 1 
-1.30745 1 
1.61594 1 
1.33842 1 
4 1 
3.75 1 
1.76544 1 
1.46644 1 
-1.95526 1 
2.89064 1 
2.32253 1 
2.13915 1 
1.04782 1 
1.95229 1 
0.293299 1 
0.85001 1 
-1.12878 1 
2.6021 1 
-2.59769 1 
-2.8365 1 
3.221 1 
-3.349 1 
0.240794 1 
0.11536 1 
-0.271165 1 
0.181481 1 
0.00287311 1 
0.0558245 1 
0.363226 1 
-0.0575131 1 
0.450572 1 
-0.196551 1 
-0.417028 1 
0.697477 1 
0.573859 1 
-0.525583 1 
-0.654936 1 
-0.768902 1 
1.15621 1 
0.785488 1 
-3.93242 1 
-3.6028 1 
-3.79727 1 
-1.44272 1 
-1.00839 1 
-1.24789 1 
-0.886718 1 
3.407 1 
3.625 1 
1.54119 1 
1.27441 1 
1.40243 1 
3.875 1 
-1.57799 1 
-1.81172 1 
3.00932 1 
2.79446 1 
1.69069 1 
-3.09356 1 
2.41423 1 
-2.11107 1 
-2.37715 1 
2.23084 1 
-0.125334 1 
1.02072 1 
0.952592 1 
0.891043 1 
-0.344657 1 
1.07491 1 
2.04572 1 
-1.35254 1 
1.85887 1 
ZONE T="boundary2"
4 -1 
4 -0.694962 
4 0.220554 
4 0.263479 
4 0.34933 
4 0.459261 
4 -0.302453 
4 -0.339068 
4 -0.0537903 
4 0.729631 
4 0.177628 
4 0.101193 
4 -0.132338 
4 -0.199088 
4 -0.265839 
4 0.0247574 
4 0.404296 
4 -0.553629 
4 -0.482963 
4 1 
4 0.594446 
4 -0.232464 
4 -0.412297 
4 -0.847481 
4 0.242016 
4 0.306405 
4 -0.320761 
4 0.199091 
4 0.13941 
4 -0.0145164 
4 -0.518296 
4 0.864815 
4 -0.624296 
4 0.376813 
4 0.431779 
4 0.526854 
4 -0.249151 
4 -0.284146 
4 -0.375682 
4 -0.165713 
4 -0.0930641 
4 -0.215776 
4 -0.44763 
4 0.0629751 
4 0.662038 
ZONE T="boundary3"
-3.84928 -1 
-3.69856 -1 
4 -1 
-0.537209 -1 
1.98189 -1 
1.90056 -1 
0.0618384 -1 
-0.00509163 -1 
1.20925 -1 
1.4347 -1 
0.564774 -1 
0.462884 -1 
-2.20039 -1 
-2.77292 -1 
-3.20643 -1 
2.39621 -1 
2.63911 -1 
2.76056 -1 
2.88201 -1 
3.69058 -1 
-1.52734 -1 
-2.57136 -1 
2.18905 -1 
-0.448072 -1 
-0.284218 -1 
-0.209501 -1 
-0.358934 -1 
0.201216 -1 
0.131527 -1 
-0.0720216 -1 
0.901416 -1 
0.67928 -1 
0.793787 -1 
-0.140761 -1 
0.360994 -1 
0.281105 -1 
-0.670269 -1 
1.10915 -1 
1.00905 -1 
-4 -1 
-1.38027 -1 
-1.13384 -1 
-0.95408 -1 
-1.04396 -1 
-1.25705 -1 
-0.803329 -1 
1.36074 -1 
3.48204 -1 
-1.60088 -1 
-1.67441 -1 
3.2735 -1 
-2.36981 -1 
-2.03098 -1 
-1.85269 -1 
1.50865 -1 
3.07775 -1 
1.65656 -1 
1.81923 -1 
-3.77392 -1 
1.94123 -1 
0.0283734 -1 
0.513829 -1 
-2.98968 -1 
2.69983 -1 
3.84529 -1 
-2.67214 -1 
2.51766 -1 
-3.45249 -1 
-0.492641 -1 
-0.246859 -1 
-0.403503 -1 
0.166372 -1 
0.736533 -1 
-0.106391 -1 
-0.0385566 -1 
0.411939 -1 
-0.603739 -1 
1.1592 -1 
0.321049 -1 
0.955231 -1 
-3.92464 -1 
-0.99902 -1 
-1.0889 -1 
-1.19545 -1 
-0.878704 -1 
-0.736799 -1 
1.0591 -1 
0.847601 -1 
-1.4538 -1 
3.58631 -1 
-1.56411 -1 
-1.63764 -1 
3.37777 -1 
2.08547 -1 
-2.2851 -1 
-2.11568 -1 
-1.94184 -1 
1.47167 -1 
3.17563 -1 
-2.47058 -1 
2.29263 -1 
-0.321576 -1 
-0.175131 -1 
0.0966829 -1 
0.241161 -1 
-1.31866 -1 
-1.76355 -1 
0.622027 -1 
1.58261 -1 
1.39772 -1 
1.285 -1 
2.97988 -1 
1.7379 -1 
1.85989 -1 
2.82128 -1 
ZONE T="boundary4"
0.610498 0.156154 
0.48302 0.368041 
0.495014 0.355702 
0.545649 0.2889 
0.55402 0.274794 
-0.603851 0.0725048 
-0.594758 0.095686 
0.644673 0.0403794 
0.647872 -0.00330222 
0.457566 0.391052 
0.470626 0.379742 
0.5065 0.342826 
0.601166 0.178128 
0.646443 0.0257602 
-0.6227 0.00172072 
-0.617845 0.0254403 
0.567563 0.24967 
0.580177 0.224041 
-0.611561 0.0490473 
-0.481755 0.263186 
-0.497308 0.246163 
-0.588353 0.110085 
-0.559677 0.16294 
-0.535823 0.198255 
-0.548078 0.180819 
-0.572589 0.140993 
-0.524262 0.213602 
-0.229348 0.431631 
-0.406237 0.330762 
-0.512263 0.228603 
-0.445176 0.298654 
-0.426012 0.315081 
-0.386615 0.34521 
-0.463729 0.281409 
-0.347947 0.370893 
-0.329042 0.382263 
-0.36652 0.358987 
-0.272788 0.412139 
-0.252443 0.421629 
-0.311084 0.392417 
-0.0777715 0.479334 
-0.0509141 0.484832 
0.00445321 0.493525 
0.0330308 0.496625 
-0.0232974 0.489611 
-0.62612 -0.0220214 
-0.292872 0.402111 
-0.20597 0.440962 
0.444054 0.401773 
0.647514 0.0112373 
-0.104449 0.47303 
0.429906 0.412046 
0.370026 0.446746 
0.400508 0.430685 
0.338858 0.460301 
0.517287 0.329659 
0.527548 0.316033 
0.590859 0.201162 
0.0616881 0.498775 
0.0912626 0.499966 
0.151415 0.499017 
0.181884 0.496694 
0.120847 0.500081 
0.307336 0.471501 
0.24397 0.487664 
0.275462 0.480603 
0.635493 0.0843351 
0.626565 0.113596 
0.619263 0.133969 
0.642232 0.0550351 
-0.181188 0.450024 
-0.156142 0.458352 
-0.130407 0.466073 
0.212743 0.492966 
0.489083 0.361936 
0.549893 0.281882 
-0.599465 0.0841583 
0.464157 0.385468 
0.500826 0.349325 
0.645642 0.0330799 
-0.620446 0.0136157 
0.573957 0.236898 
-0.614874 0.037289 
-0.607873 0.0608307 
-0.489609 0.254745 
-0.591617 0.102913 
-0.542029 0.189592 
-0.580747 0.12568 
-0.5301 0.205972 
-0.566267 0.152046 
-0.518316 0.221145 
-0.435674 0.306961 
-0.396488 0.33807 
-0.454542 0.290127 
-0.338535 0.376644 
-0.262647 0.416951 
-0.320096 0.387398 
-0.376625 0.352181 
-0.0643636 0.482184 
0.0187293 0.495192 
-0.0371243 0.487329 
-0.416197 0.323014 
-0.624585 -0.0101255 
-0.50486 0.237446 
0.476885 0.373958 
0.605891 0.167166 
0.450867 0.396485 
0.647784 0.00396974 
0.437035 0.406985 
-0.240932 0.426714 
0.385422 0.439011 
0.354563 0.453803 
-0.472839 0.272393 
0.522486 0.322898 
0.511962 0.336298 
-0.357277 0.365007 
-0.302008 0.397321 
0.596062 0.189666 
0.0764704 0.499503 
0.166662 0.498017 
0.106055 0.500161 
-0.217693 0.43638 
0.323189 0.46616 
0.259765 0.484349 
0.623002 0.123814 
0.585563 0.212623 
0.614962 0.145093 
-0.282864 0.407192 
0.647065 0.0185051 
0.643532 0.0477203 
-0.168696 0.45428 
0.560939 0.262311 
-0.193613 0.445585 
-0.553964 0.171936 
-0.117454 0.469648 
-0.0911341 0.476283 
0.0473507 0.49782 
0.197335 0.495007 
0.22839 0.49051 
-0.143303 0.462308 
-0.00943734 0.491677 
0.415399 0.421669 
0.136137 0.499703 
0.536845 0.302633 
0.291468 0.476293 
0.639145 0.0697495 
0.631259 0.0990349 
ZONE T="boundary5"
-0.402691 -0.423702 
-0.445583 -0.402299 
-0.602707 -0.209149 
-0.625622 -0.116611 
-0.576669 -0.265912 
-0.566848 -0.282634 
-0.62786 -0.0930801 
-0.628692 -0.0694677 
-0.628115 -0.0457674 
0.647494 -0.0177293 
-0.585682 -0.248645 
-0.52605 -0.336589 
-0.542582 -0.317133 
-0.288143 -0.449449 
-0.261687 -0.450167 
-0.313053 -0.447154 
0.647872 -0.00330222 
0.408203 -0.299263 
-0.337746 -0.443196 
0.599592 -0.157112 
-0.381512 -0.431623 
-0.235144 -0.449261 
-0.18172 -0.44315 
-0.20843 -0.446863 
-0.128641 -0.43261 
0.646376 -0.031998 
-0.507922 -0.355103 
-0.488282 -0.372433 
-0.555186 -0.30025 
0.638566 -0.0738223 
-0.423393 -0.414325 
-0.594659 -0.229161 
0.586617 -0.174601 
-0.359788 -0.438134 
-0.0754465 -0.419176 
-0.102017 -0.426142 
-0.466923 -0.388579 
0.0059333 -0.396697 
-0.155139 -0.438332 
-0.610515 -0.18631 
-0.616951 -0.163226 
-0.62612 -0.0220214 
-0.0484997 -0.411798 
-0.0215838 -0.404307 
0.033423 -0.389287 
0.0616078 -0.381995 
-0.621989 -0.139976 
0.176392 -0.356086 
0.205501 -0.350237 
0.118512 -0.368422 
0.0897711 -0.375079 
0.147213 -0.36215 
0.234869 -0.344391 
0.264129 -0.338438 
0.322608 -0.325292 
0.29344 -0.332136 
0.351548 -0.317679 
0.524061 -0.235606 
0.500096 -0.252831 
0.487721 -0.26075 
0.545273 -0.217992 
0.512181 -0.244471 
0.554648 -0.209362 
0.572627 -0.190999 
0.612792 -0.136064 
0.629679 -0.100704 
0.624204 -0.113679 
0.634487 -0.0873743 
0.644518 -0.0460979 
0.641909 -0.0600706 
0.380226 -0.309043 
0.43563 -0.288035 
0.462104 -0.275283 
-0.571865 -0.274336 
-0.628452 -0.0812807 
-0.62858 -0.0576138 
-0.534485 -0.327005 
-0.274922 -0.45002 
-0.300618 -0.448504 
0.647776 -0.0105181 
-0.325436 -0.445387 
-0.392168 -0.42784 
-0.248411 -0.449908 
-0.195057 -0.445157 
0.647029 -0.024871 
-0.517152 -0.346009 
-0.549004 -0.308781 
-0.561141 -0.291525 
-0.434601 -0.40852 
-0.590292 -0.23896 
0.593259 -0.165971 
-0.0887198 -0.422707 
-0.115312 -0.429449 
-0.456381 -0.395638 
-0.413121 -0.419189 
-0.626916 -0.104863 
-0.613901 -0.174816 
-0.370705 -0.435058 
-0.00782848 -0.400487 
0.0475067 -0.385599 
-0.619641 -0.151639 
0.190945 -0.353145 
0.104132 -0.371703 
0.132855 -0.365244 
0.249505 -0.341442 
-0.598806 -0.219205 
0.308043 -0.328796 
0.493945 -0.256845 
0.534817 -0.226981 
0.518161 -0.240093 
-0.581281 -0.257334 
-0.477758 -0.380713 
0.563802 -0.200341 
0.579755 -0.182914 
0.627027 -0.107227 
0.618753 -0.125002 
0.636618 -0.0806232 
0.643308 -0.0531017 
0.645541 -0.0390602 
0.549996 -0.213716 
-0.606773 -0.197786 
-0.348809 -0.440843 
-0.627294 -0.0338801 
-0.623978 -0.128321 
-0.14187 -0.435569 
-0.16841 -0.440865 
0.0196717 -0.392963 
0.220187 -0.347318 
0.394272 -0.304321 
0.365929 -0.313503 
-0.498262 -0.36395 
-0.221774 -0.448236 
-0.061966 -0.415512 
0.0756808 -0.37849 
0.278796 -0.335341 
0.448968 -0.281871 
0.337107 -0.321597 
-0.0350401 -0.408056 
0.161798 -0.359086 
0.606418 -0.14673 
0.632172 -0.0940712 
0.64033 -0.0669714 
0.421995 -0.293843 
0.475039 -0.268241 
0.506175 -0.248706 
