ZONE T="boundary0"
-4 -0.825843 
-4 0.239208 
-4 0.390624 
-4 0.464734 
-4 0.316515 
-4 0.174758 
-4 1 
-4 0.732367 
-4 -0.215158 
-4 -0.244223 
-4 -0.539566 
-4 0.116737 
-4 0.0587152 
-4 -0.102859 
-4 -0.022072 
-4 0.353569 
-4 0.59855 
-4 -0.186094 
-4 -0.144477 
-4 -0.302352 
-4 -0.273288 
-4 -0.427446 
-4 -0.364899 
-4 -0.651687 
-4 -1 
-4 -0.333626 
-4 0.427679 
-4 0.206983 
-4 0.866183 
-4 -0.229691 
-4 0.087726 
-4 -0.0624656 
-4 0.277861 
-4 0.335042 
-4 -0.165285 
-4 -0.28782 
-4 0.531642 
-4 0.0183216 
-4 -0.396172 
-4 -0.595626 
-4 -0.483506 
-4 -0.738765 
-4 0.665459 
-4 -0.912922 
-4 0.372097 
-4 0.145748 
-4 -0.258755 
-4 -0.123668 
-4 -0.200626 
-4 -0.349262 
-4 -0.317989 
ZONE T="boundary1"
-3.19273 1 
-4 1 
2.45758 1 
2.6294 1 
1.61302 1 
0.361695 1 
3.8128 1 
-1.29687 1 
-1.22865 1 
0.720789 1 
1.48308 1 
1.35314 1 
1.16416 1 
1.02233 1 
-0.342908 1 
-3.48327 1 
-3.75 1 
-0.00567406 1 
-0.0731976 1 
-0.446115 1 
-0.651883 1 
-1.02397 1 
-1.39106 1 
1.78224 1 
3.62561 1 
3.32591 1 
-3.338 1 
-1.63131 1 
-1.77735 1 
2.80122 1 
2.20452 1 
-2.6784 1 
3.06357 1 
-2.5628 1 
-1.99667 1 
0.202881 1 
0.132365 1 
0.408724 1 
0.282288 1 
-0.130971 1 
-0.188744 1 
0.771186 1 
0.829413 1 
0.670391 1 
0.455753 1 
0.0618495 1 
-0.265826 1 
0.590004 1 
0.522878 1 
-0.549321 1 
0.887641 1 
0.954987 1 
-0.754444 1 
-0.889209 1 
-1.16042 1 
-1.48526 1 
4 1 
1.25865 1 
-2.21599 1 
-2.93556 1 
1.95146 1 
-3.06415 1 
-2.4472 1 
2.54349 1 
-1.26276 1 
1.41811 1 
1.09325 1 
-3.61664 1 
-0.0394358 1 
1.69763 1 
3.47576 1 
-3.41063 1 
-1.70433 1 
2.33105 1 
-2.6206 1 
-1.88701 1 
0.167623 1 
0.321992 1 
-0.102084 1 
-0.159858 1 
0.745987 1 
0.0280877 1 
0.0971075 1 
0.69559 1 
0.38521 1 
0.556441 1 
-0.394511 1 
0.630197 1 
0.8003 1 
0.858527 1 
0.98866 1 
0.921314 1 
0.242585 1 
0.489316 1 
-0.497718 1 
-0.703164 1 
-0.600602 1 
-0.821827 1 
-0.956591 1 
-1.0922 1 
1.54805 1 
-1.19453 1 
-1.34397 1 
-1.55828 1 
3.9064 1 
3.7192 1 
-3.875 1 
-2.80698 1 
2.07799 1 
-3.26536 1 
-3.12844 1 
-2.505 1 
-2.33159 1 
-2.10633 1 
1.86685 1 
3.19474 1 
2.71531 1 
2.93239 1 
0.432238 1 
-0.227285 1 
-0.304367 1 
1.21141 1 
1.3059 1 
-1.43816 1 
-2.99985 1 
ZONE T="boundary2"
4 -0.32469 
4 -0.375166 
4 -0.249122 
4 -0.206255 
4 0.0850018 
4 0.0185933 
4 -0.0478152 
4 0.46253 
4 0.195846 
4 -0.583823 
4 -1 
4 0.596898 
4 0.731265 
4 -0.286906 
4 -0.163388 
4 -0.105602 
4 -0.134495 
4 -0.504732 
4 -0.425641 
4 -0.791911 
4 0.314404 
4 1 
4 0.255125 
4 0.225486 
4 0.388467 
4 -0.349928 
4 0.0517976 
4 0.664081 
4 -0.268014 
4 -0.0767085 
4 -0.120048 
4 -0.465187 
4 0.140424 
4 -0.544277 
4 -0.687867 
4 0.529714 
4 -0.895956 
4 0.865633 
4 -0.305798 
4 -0.184822 
4 -0.148942 
4 -0.227688 
4 -0.400404 
4 -0.014611 
4 0.240305 
4 0.351435 
4 0.425498 
4 0.284764 
4 0.210666 
ZONE T="boundary3"
-3.875 -1 
-3.51571 -1 
-3.35428 -1 
-0.29088 -1 
-0.16228 -1 
0.0331227 -1 
-0.0260796 -1 
3.32146 -1 
3.48053 -1 
0.373875 -1 
0.287275 -1 
1.28526 -1 
-1.31726 -1 
-1.41871 -1 
-1.20307 -1 
-1.08887 -1 
-0.996737 -1 
1.04945 -1 
1.16736 -1 
4 -1 
3.74027 -1 
1.47822 -1 
3.1624 -1 
2.99251 -1 
2.82263 -1 
2.48286 -1 
-3.15108 -1 
-1.52015 -1 
-1.72927 -1 
-1.93838 -1 
-2.94789 -1 
-2.5498 -1 
-0.583112 -1 
-0.47137 -1 
0.490417 -1 
0.606958 -1 
-0.799728 -1 
-0.381125 -1 
-0.0941798 -1 
0.0923251 -1 
0.200675 -1 
0.822385 -1 
0.714672 -1 
-3.67714 -1 
0.935919 -1 
-0.694855 -1 
-0.904602 -1 
1.38174 -1 
1.67119 -1 
1.85882 -1 
2.04644 -1 
-2.24409 -1 
2.26465 -1 
-4 -1 
-2.39694 -1 
-3.43499 -1 
-0.22658 -1 
0.00352154 -1 
3.401 -1 
0.330575 -1 
-1.36798 -1 
-1.26016 -1 
-1.0428 -1 
1.10841 -1 
3.87013 -1 
3.07745 -1 
-3.25268 -1 
-1.62471 -1 
3.6104 -1 
-2.74884 -1 
-0.527241 -1 
0.548687 -1 
-0.336003 -1 
0.432146 -1 
-0.426248 -1 
-0.0601297 -1 
-0.12823 -1 
0.0627239 -1 
0.1465 -1 
0.243975 -1 
0.768529 -1 
0.660815 -1 
0.992686 -1 
-0.747291 -1 
-0.638983 -1 
-1.14597 -1 
-0.950669 -1 
-3.77607 -1 
1.22631 -1 
-1.83382 -1 
-3.59642 -1 
-2.09123 -1 
1.57471 -1 
2.65274 -1 
2.90757 -1 
3.24193 -1 
1.95263 -1 
2.15555 -1 
1.765 -1 
-3.9375 -1 
-1.46943 -1 
1.42998 -1 
1.3335 -1 
0.879152 -1 
-0.852165 -1 
2.37375 -1 
-2.47337 -1 
-3.04949 -1 
-2.32051 -1 
ZONE T="boundary4"
0.617251 0.406387 
-0.127276 0.57679 
-0.150157 0.569433 
-0.310654 0.496947 
-0.328944 0.485807 
0.408607 -0.0237719 
-0.272928 0.517803 
0.526685 0.220074 
0.513621 0.557698 
0.555665 0.524462 
0.536923 0.540954 
-0.582774 0.206712 
-0.572926 0.225918 
-0.591982 0.187263 
-0.60152 0.165013 
-0.632807 0.0332221 
-0.559099 0.250756 
-0.544215 0.275079 
0.613125 0.343447 
0.606909 0.324078 
-0.513668 0.318508 
-0.497589 0.338666 
-0.480709 0.358246 
-0.46244 0.377861 
-0.42379 0.414836 
-0.403486 0.432157 
-0.44338 0.396802 
-0.384605 0.447134 
-0.365193 0.461499 
-0.347264 0.473911 
-0.292029 0.507585 
-0.253527 0.527511 
0.488934 0.572121 
-0.233906 0.536684 
-0.214026 0.545359 
-0.193535 0.553688 
-0.0740246 0.591635 
-0.529456 0.297017 
0.578548 0.498757 
0.567591 0.512025 
0.606774 0.448496 
0.613617 0.426452 
0.552821 0.245176 
-0.615907 0.124686 
-0.172817 0.561515 
0.539901 0.232496 
-0.610017 0.142533 
0.430406 0.103317 
0.414197 0.0548064 
0.408864 0.01542 
0.59736 0.46934 
-0.631602 0.0492324 
-0.629618 0.0651704 
0.473859 0.579613 
0.442288 0.125634 
0.525484 0.549616 
0.565242 0.258359 
0.0241405 0.611707 
-0.0112011 0.605486 
0.0596973 0.616896 
0.212153 0.627206 
0.250801 0.626482 
0.427045 0.597987 
0.587347 0.286631 
0.360612 0.614713 
0.287659 0.624287 
0.0973172 0.621252 
0.442831 0.592519 
0.458394 0.586432 
0.588567 0.484454 
-0.0427311 0.599 
0.576801 0.272101 
0.598318 0.305116 
0.6185 0.385852 
0.617174 0.364639 
-0.100766 0.584561 
0.420962 0.0795779 
0.513398 0.207722 
0.324934 0.620357 
0.393922 0.60747 
0.135106 0.624458 
0.173579 0.626489 
0.483968 0.178963 
0.456128 0.146254 
-0.623301 0.0976879 
-0.13874 0.573181 
0.546492 0.532936 
-0.577923 0.21635 
-0.587459 0.197024 
-0.596868 0.176184 
-0.566135 0.238401 
0.610299 0.333673 
-0.551793 0.262995 
-0.505728 0.328662 
-0.471671 0.36814 
-0.413721 0.42359 
-0.453003 0.387421 
-0.489244 0.348534 
-0.374961 0.454396 
-0.39411 0.439724 
-0.356276 0.467771 
-0.282515 0.512759 
-0.31984 0.491441 
-0.243747 0.532161 
-0.223995 0.541084 
-0.203809 0.549587 
-0.263261 0.522721 
-0.338149 0.479925 
0.573195 0.505496 
0.610544 0.437587 
-0.183202 0.557664 
-0.161514 0.565546 
-0.30138 0.50233 
-0.61305 0.133637 
0.410795 0.0352181 
0.408223 -0.00418479 
0.602377 0.459062 
-0.630704 0.05721 
0.519601 0.55373 
0.531259 0.545359 
0.501436 0.565184 
0.269239 0.625579 
0.450642 0.589556 
0.583703 0.491709 
0.571131 0.265135 
0.593079 0.295726 
0.61817 0.375227 
0.618184 0.396141 
0.48144 0.575957 
0.593127 0.476993 
-0.0874198 0.588184 
-0.605898 0.153818 
0.436052 0.114645 
-0.114049 0.580765 
-0.521674 0.307841 
0.425354 0.0915938 
-0.0584066 0.59543 
-0.0269906 0.602352 
-0.433672 0.40591 
-0.536952 0.286121 
0.00644411 0.608727 
0.0418977 0.61443 
0.306317 0.622551 
0.342809 0.617779 
0.0784879 0.619216 
0.231477 0.627034 
0.377319 0.611341 
0.116196 0.623001 
0.192859 0.627018 
0.154331 0.625631 
0.582215 0.279262 
0.615486 0.353981 
0.546406 0.238785 
0.559109 0.251691 
0.602882 0.314475 
0.615726 0.416476 
0.561739 0.518351 
-0.632306 0.0412372 
0.498492 0.193565 
0.533316 0.226265 
0.520039 0.213902 
0.469556 0.163071 
0.410564 0.603019 
-0.626815 0.0814918 
-0.619823 0.111242 
0.417239 0.0672892 
0.466163 0.583109 
0.434964 0.595328 
0.448968 0.136118 
ZONE T="boundary5"
0.134958 -0.400145 
-0.602845 -0.101044 
-0.168842 -0.324724 
-0.143795 -0.334379 
-0.518483 -0.185228 
-0.527118 -0.179688 
-0.622826 -0.0547033 
-0.626468 -0.0411462 
-0.562469 -0.151793 
-0.555473 -0.158134 
-0.583423 -0.129263 
-0.576113 -0.137828 
-0.629364 -0.0270037 
-0.590266 -0.120371 
-0.569455 -0.144935 
-0.548195 -0.164246 
-0.535627 -0.173812 
0.408607 -0.0237719 
0.410238 -0.0494661 
-0.184706 -0.318532 
-0.340858 -0.259557 
-0.360281 -0.252627 
-0.239 -0.297349 
-0.258837 -0.289745 
-0.200542 -0.31233 
-0.0128709 -0.377884 
-0.0279531 -0.373757 
-0.09012 -0.354035 
0.0650562 -0.394139 
-0.118538 -0.343853 
-0.104374 -0.349002 
-0.0429165 -0.369388 
-0.481135 -0.205477 
-0.459702 -0.215169 
-0.44058 -0.223055 
0.179568 -0.398801 
0.164291 -0.399771 
-0.505471 -0.192893 
-0.492586 -0.199803 
-0.321641 -0.266466 
-0.37823 -0.246228 
-0.396327 -0.239723 
-0.278757 -0.282227 
-0.413888 -0.233288 
-0.631439 -0.0125868 
-0.618613 -0.0673169 
0.26969 -0.379663 
0.256217 -0.384257 
-0.632807 0.0332221 
0.341029 -0.339532 
-0.300096 -0.274316 
0.412908 -0.212998 
-0.219756 -0.304818 
0.224899 -0.392363 
0.0441204 -0.390674 
0.354842 -0.327136 
0.0874593 -0.397037 
0.0233625 -0.38656 
-0.633177 0.0177843 
0.00516333 -0.38243 
0.209904 -0.395127 
0.194793 -0.397262 
0.240603 -0.388718 
0.296258 -0.368257 
0.28291 -0.374407 
0.110003 -0.39905 
0.309247 -0.361344 
0.326291 -0.350633 
0.367835 -0.313129 
0.37946 -0.297876 
0.389238 -0.282056 
0.409336 -0.229861 
0.404125 -0.247927 
0.397488 -0.265295 
-0.0666632 -0.361941 
0.415453 -0.195745 
0.412544 -0.074799 
0.417339 -0.17242 
0.417697 -0.148536 
-0.632725 0.0024407 
0.414891 -0.0996081 
0.416755 -0.124084 
-0.613644 -0.0796767 
-0.427252 -0.228252 
-0.156331 -0.329571 
-0.522824 -0.182492 
-0.62475 -0.0479504 
-0.559002 -0.154997 
-0.579823 -0.13359 
-0.628022 -0.0340952 
-0.586902 -0.124859 
-0.572823 -0.141416 
-0.551863 -0.161223 
-0.531399 -0.176787 
-0.565998 -0.148399 
-0.541982 -0.169118 
0.409295 -0.0366365 
-0.176777 -0.321631 
-0.350561 -0.256091 
-0.248913 -0.293535 
-0.192626 -0.315431 
-0.111463 -0.346442 
-0.0354454 -0.371602 
-0.450163 -0.219176 
0.171935 -0.399355 
-0.512018 -0.189131 
-0.499061 -0.196407 
-0.48688 -0.20268 
-0.331242 -0.263005 
-0.131186 -0.33915 
-0.387276 -0.242987 
-0.36925 -0.249432 
-0.26879 -0.285973 
-0.596818 -0.110868 
-0.630506 -0.0198092 
-0.620814 -0.0610392 
0.262982 -0.382041 
-0.289418 -0.278257 
-0.210147 -0.30857 
0.0545723 -0.392493 
0.348072 -0.333487 
0.0762426 -0.395694 
0.0337236 -0.388695 
0.202361 -0.396271 
0.217416 -0.393826 
-0.00386889 -0.380208 
0.24844 -0.386589 
0.289628 -0.371425 
0.276334 -0.377119 
0.122473 -0.399752 
-0.0204227 -0.375853 
0.317884 -0.35617 
0.187187 -0.398105 
0.373833 -0.305648 
0.384538 -0.290088 
0.361503 -0.320288 
0.302804 -0.364896 
0.406908 -0.238955 
0.400997 -0.256692 
0.411257 -0.221467 
0.414308 -0.204399 
-0.0548158 -0.365732 
0.411344 -0.0621493 
0.417698 -0.160499 
0.0142483 -0.384551 
0.413744 -0.0872177 
-0.405109 -0.236526 
0.232774 -0.390636 
-0.633092 0.0255059 
-0.229376 -0.301075 
0.149628 -0.400193 
0.417368 -0.136322 
-0.0972547 -0.351535 
-0.616223 -0.073532 
-0.632189 -0.00508142 
-0.633056 0.0101099 
-0.0784151 -0.358043 
-0.433923 -0.225677 
0.0987196 -0.398159 
-0.310858 -0.270379 
0.415911 -0.111857 
0.416602 -0.184116 
0.333776 -0.345236 
0.393561 -0.27378 
-0.470466 -0.210435 
-0.608546 -0.0905004 
-0.420573 -0.230788 
