ZONE T="boundary0"
-4 0.773124 
-4 -1 
-4 0.659687 
-4 0.546249 
-4 0.394788 
-4 0.36226 
-4 -0.486275 
-4 -0.558382 
-4 -0.668787 
-4 -0.363069 
-4 -0.271827 
-4 -0.31197 
-4 -0.779191 
-4 0.200022 
-4 0.135369 
-4 0.0650924 
-4 -0.0051839 
-4 0.329732 
-4 -0.191541 
-4 -0.231684 
-4 1 
-4 -0.337519 
-4 -0.414168 
-4 -0.0782907 
-4 -0.151398 
-4 0.232349 
-4 0.264676 
-4 0.470519 
-4 0.297204 
-4 0.602968 
-4 0.378524 
-4 -0.522329 
-4 -0.291898 
-4 -0.889596 
-4 0.167696 
-4 0.0299542 
-4 -0.211612 
-4 0.886562 
-4 -0.350294 
-4 -0.388619 
-4 -0.450222 
-4 -0.171469 
-4 -0.0417373 
-4 -0.114844 
-4 0.248513 
-4 0.345996 
-4 0.432653 
-4 0.313468 
-4 0.28094 
-4 0.508384 
-4 -0.723989 
-4 -0.613584 
-4 0.716406 
-4 0.216186 
-4 -0.251755 
-4 -0.324745 
-4 0.100231 
ZONE T="boundary1"
1.46148 1 
0.200703 1 
0.424337 1 
-0.401721 1 
0.346213 1 
4 1 
3.69343 1 
3.05603 1 
2.86635 1 
-0.586277 1 
-0.493999 1 
-1.38375 1 
0.856126 1 
-1.5168 1 
-1.64985 1 
-2.33358 1 
3.22144 1 
-2.76984 1 
-3.34934 1 
1.72855 1 
3.38686 1 
2.46553 1 
2.2544 1 
-0.124756 1 
-0.186213 1 
0.268088 1 
-0.778503 1 
0.00379014 1 
0.0685545 1 
-0.24767 1 
0.133319 1 
-0.0604831 1 
0.523712 1 
-0.879836 1 
-0.981168 1 
0.739606 1 
0.96693 1 
0.623087 1 
-1.17785 1 
-1.07951 1 
-1.2808 1 
-1.96865 1 
-1.80925 1 
1.36736 1 
1.07773 1 
1.17548 1 
1.27323 1 
1.99147 1 
-3.82601 1 
-3.65201 1 
-4 1 
2.67667 1 
-2.55171 1 
2.12294 1 
-2.15112 1 
-3.05959 1 
-0.324695 1 
3.84671 1 
2.96119 1 
-0.540138 1 
3.13873 1 
3.54014 1 
2.35997 1 
-0.155485 1 
-0.68239 1 
0.30715 1 
0.0361723 1 
0.167011 1 
0.385275 1 
0.100937 1 
-0.0926197 1 
0.474025 1 
-0.930502 1 
0.797866 1 
-0.829169 1 
0.911528 1 
-1.12868 1 
-1.03034 1 
-1.22932 1 
-1.33227 1 
-1.45027 1 
-0.44786 1 
-1.58332 1 
-1.72955 1 
1.12661 1 
1.41442 1 
1.32029 1 
1.02233 1 
1.22435 1 
1.59502 1 
1.86001 1 
-3.73901 1 
-3.913 1 
3.30415 1 
2.5711 1 
-2.66077 1 
-3.50067 1 
2.0572 1 
2.18867 1 
-2.05989 1 
-1.88895 1 
-2.91471 1 
-3.20446 1 
2.77151 1 
-2.44265 1 
0.573399 1 
0.681347 1 
-0.286183 1 
-0.363208 1 
-0.216942 1 
0.234396 1 
-0.0283465 1 
-2.24235 1 
ZONE T="boundary2"
4 -0.50446 
4 -0.439862 
4 -0.375263 
4 -0.288561 
4 -0.247369 
4 -0.598595 
4 0.333826 
4 0.656573 
4 -0.206177 
4 0.20691 
4 1 
4 -0.69273 
4 -0.846365 
4 -1 
4 0.771049 
4 -0.147627 
4 0.383859 
4 0.283793 
4 0.462978 
4 0.542098 
4 0.245352 
4 0.115818 
4 0.013371 
4 -0.0890765 
4 0.0645947 
4 -0.472161 
4 -0.551528 
4 -0.769548 
4 0.885524 
4 -0.331912 
4 -0.226773 
4 -0.407562 
4 -0.267965 
4 -0.176902 
4 0.358843 
4 0.308809 
4 0.423419 
4 0.502538 
4 0.226131 
4 0.161364 
4 -0.645663 
4 -0.118352 
4 -0.0378528 
4 -0.923183 
4 0.713811 
4 0.264572 
4 0.0389828 
4 0.0902065 
4 0.599336 
ZONE T="boundary3"
-3.41021 -1 
-3.70511 -1 
-2.37939 -1 
0.561721 -1 
-0.635998 -1 
-0.733614 -1 
-0.831231 -1 
-2.02407 -1 
-1.84531 -1 
3.74817 -1 
1.69542 -1 
2.20825 -1 
-0.348294 -1 
0.960831 -1 
-4 -1 
4 -1 
3.12749 -1 
2.9315 -1 
2.60369 -1 
2.7355 -1 
-3.04682 -1 
-3.22852 -1 
3.49634 -1 
2.34006 -1 
0.75819 -1 
0.108761 -1 
0.659955 -1 
-0.0861806 -1 
-0.492146 -1 
-0.0178376 -1 
0.0454617 -1 
0.230809 -1 
0.169785 -1 
0.306381 -1 
0.381953 -1 
-0.251409 -1 
-0.154524 -1 
0.471837 -1 
-0.202966 -1 
1.17029 -1 
-1.02674 -1 
0.910171 -1 
0.85951 -1 
1.54952 -1 
-1.13815 -1 
-1.24956 -1 
-1.34472 -1 
1.06556 -1 
-2.55595 -1 
-2.80139 -1 
1.94919 -1 
-2.20283 -1 
2.07872 -1 
-1.64259 -1 
-1.54124 -1 
-1.43988 -1 
2.47187 -1 
1.28696 -1 
1.40363 -1 
-3.55766 -1 
-0.684806 -1 
-1.93469 -1 
-3.85255 -1 
3.87409 -1 
3.02949 -1 
2.66959 -1 
-3.13767 -1 
3.31192 -1 
0.610838 -1 
-0.564072 -1 
0.013812 -1 
0.200297 -1 
0.344167 -1 
0.139273 -1 
-0.0520091 -1 
-0.299851 -1 
-0.120352 -1 
0.426895 -1 
-0.178745 -1 
-0.782423 -1 
-0.928983 -1 
0.709073 -1 
0.80885 -1 
1.62247 -1 
-1.08244 -1 
-1.19385 -1 
-0.42022 -1 
0.516779 -1 
-1.29714 -1 
3.62226 -1 
1.0132 -1 
-3.31936 -1 
-2.9241 -1 
-2.67867 -1 
1.8223 -1 
2.8335 -1 
-2.29111 -1 
2.14348 -1 
-1.74395 -1 
-2.46767 -1 
-1.49056 -1 
2.01395 -1 
-2.11345 -1 
2.40597 -1 
0.0771113 -1 
-0.227187 -1 
0.268595 -1 
1.11793 -1 
1.22863 -1 
1.34529 -1 
0.935501 -1 
0.884841 -1 
-1.3923 -1 
1.47658 -1 
-1.59192 -1 
2.53778 -1 
2.27415 -1 
ZONE T="boundary4"
-0.247313 0.515534 
-0.224727 0.524041 
0.608133 0.0144753 
0.598678 0.0348702 
-0.619459 0.0223464 
0.585951 0.0570903 
-0.310347 0.486533 
0.371927 0.309708 
0.356359 0.333338 
-0.435839 0.400218 
-0.417807 0.415526 
-0.290133 0.496719 
-0.269584 0.506201 
-0.619766 0.0412413 
-0.619013 0.0603635 
-0.617202 0.0796242 
0.318283 0.388893 
0.302517 0.409554 
-0.611203 0.11502 
-0.614348 0.098961 
-0.59988 0.156535 
-0.6074 0.130942 
-0.594124 0.173046 
-0.581118 0.204776 
-0.570202 0.227669 
-0.558273 0.250103 
-0.456044 0.381584 
-0.400294 0.429326 
-0.498146 0.336646 
-0.475327 0.362139 
-0.382301 0.442505 
-0.365064 0.454255 
-0.347453 0.465442 
-0.329073 0.476292 
0.344961 0.350535 
-0.20032 0.532193 
-0.175637 0.539375 
-0.064733 0.558865 
-0.0350795 0.56049 
-0.00392728 0.560459 
-0.540266 0.279974 
0.625391 -0.0493814 
0.621481 -0.0276554 
0.387704 0.286191 
0.333418 0.367561 
0.28562 0.429707 
0.477538 0.177518 
0.498399 0.157118 
0.455777 0.19982 
0.409082 0.255951 
0.519177 0.136794 
0.11891 0.540083 
0.14814 0.529363 
0.0888364 0.548467 
0.267089 0.449428 
0.247783 0.467484 
0.225753 0.485296 
0.201812 0.501705 
0.537686 0.117866 
0.592555 0.0461271 
0.555406 0.0981826 
0.571409 0.0781897 
0.615741 -0.00639591 
0.431744 0.226947 
-0.14992 0.545746 
-0.0944481 0.55569 
-0.122248 0.551355 
-0.519982 0.309134 
0.175887 0.516489 
0.0268483 0.558567 
0.0582374 0.554573 
-0.236058 0.519891 
0.603617 0.0247723 
0.364136 0.321518 
-0.426895 0.407957 
-0.279899 0.501549 
-0.619745 0.031792 
-0.618237 0.0700062 
0.310502 0.399305 
-0.61286 0.107007 
-0.615901 0.0893112 
-0.603838 0.143797 
-0.58789 0.189022 
-0.59708 0.164818 
-0.609381 0.123 
-0.575788 0.216284 
-0.258491 0.51097 
-0.409111 0.422503 
-0.446045 0.391013 
-0.48692 0.349556 
-0.37373 0.44845 
-0.338307 0.470943 
-0.319752 0.481489 
-0.188013 0.535906 
-0.212563 0.528237 
-0.0499156 0.559874 
-0.0195015 0.560703 
-0.391355 0.435994 
-0.549511 0.265183 
0.623667 -0.0384758 
0.379774 0.297921 
-0.356304 0.45992 
0.350674 0.341946 
-0.564359 0.23895 
0.33922 0.359069 
0.294195 0.419741 
0.325927 0.378284 
0.48794 0.167286 
0.466563 0.18857 
-0.300284 0.491713 
0.398258 0.270971 
0.133634 0.535023 
0.103954 0.544566 
0.257585 0.45862 
0.213947 0.493745 
0.276504 0.439714 
0.59568 0.0405336 
0.578885 0.0677832 
0.589312 0.0516445 
0.61216 0.00412195 
0.563569 0.0883165 
0.546669 0.108137 
0.420202 0.241277 
-0.16281 0.542693 
-0.108372 0.553682 
-0.509275 0.323057 
-0.0796091 0.557466 
0.162147 0.523218 
0.189002 0.50937 
0.528506 0.127403 
0.443561 0.213197 
-0.465795 0.371969 
-0.136115 0.548706 
0.0114768 0.559752 
0.0425782 0.556838 
0.236936 0.476603 
0.508819 0.146986 
0.0735927 0.551797 
-0.530362 0.294719 
0.618839 -0.0169631 
-0.619521 0.0508079 
ZONE T="boundary5"
-0.0365493 -0.41676 
-0.0614155 -0.410676 
0.484161 -0.36714 
-0.0861347 -0.404172 
-0.525282 -0.190334 
-0.513799 -0.201765 
-0.602518 -0.0671982 
-0.596197 -0.0838988 
-0.618102 0.0037201 
-0.619459 0.0223464 
-0.607886 -0.0500918 
-0.565184 -0.141446 
-0.573738 -0.128144 
-0.589317 -0.0993944 
0.606856 -0.200752 
-0.581666 -0.114392 
-0.536051 -0.178737 
0.584427 -0.253329 
0.545693 -0.311482 
-0.463445 -0.243824 
-0.476691 -0.233791 
-0.176205 -0.377042 
-0.237058 -0.355934 
-0.217506 -0.362958 
-0.196891 -0.370114 
-0.293451 -0.334235 
-0.154403 -0.384071 
-0.132509 -0.390842 
-0.109378 -0.397668 
0.181128 -0.445766 
0.154841 -0.444954 
-0.449904 -0.253453 
-0.407146 -0.280259 
-0.556055 -0.154274 
-0.612295 -0.0325291 
-0.615707 -0.0145854 
-0.489498 -0.223455 
-0.310919 -0.327002 
-0.328298 -0.319508 
-0.392291 -0.288492 
-0.376818 -0.296592 
0.393656 -0.413548 
-0.344802 -0.312077 
-0.361189 -0.304345 
-0.546376 -0.166652 
0.503903 -0.352282 
0.525586 -0.33301 
0.360873 -0.424146 
0.344356 -0.428535 
0.623397 -0.137394 
0.626366 -0.11534 
0.377233 -0.419187 
-0.256545 -0.348692 
-0.275034 -0.341579 
0.625391 -0.0493814 
0.128634 -0.443322 
0.100268 -0.440684 
0.0165387 -0.428076 
0.0442069 -0.432993 
0.463622 -0.380438 
-0.0100909 -0.422696 
0.206167 -0.445726 
0.257511 -0.442945 
0.231222 -0.444843 
0.283756 -0.439983 
0.566559 -0.283777 
0.437082 -0.394958 
0.409854 -0.407278 
0.535908 -0.322474 
0.596489 -0.227563 
0.590672 -0.240608 
0.627751 -0.0933168 
0.556513 -0.297948 
0.575873 -0.268883 
0.60186 -0.214328 
0.613419 -0.180336 
0.618935 -0.159461 
0.313996 -0.435129 
0.627458 -0.0713091 
-0.421798 -0.271634 
0.0720481 -0.437208 
-0.501836 -0.21282 
-0.435982 -0.262748 
-0.0489967 -0.413773 
-0.0737891 -0.407475 
-0.519595 -0.196105 
-0.599478 -0.0755937 
-0.618913 0.0130239 
-0.605326 -0.0586836 
-0.56954 -0.134846 
-0.592862 -0.0916931 
-0.577787 -0.121316 
-0.470105 -0.238858 
-0.227292 -0.359472 
-0.120955 -0.394294 
0.167981 -0.445466 
-0.165314 -0.380589 
-0.456711 -0.248688 
-0.560693 -0.147912 
-0.614131 -0.0235816 
-0.319623 -0.323288 
-0.384577 -0.292587 
-0.353013 -0.30825 
-0.336565 -0.315827 
-0.399744 -0.284422 
-0.207209 -0.366564 
0.514962 -0.34289 
-0.530725 -0.184589 
0.352634 -0.42641 
0.62507 -0.126392 
0.385471 -0.416445 
-0.246811 -0.352341 
0.141731 -0.444237 
0.11444 -0.442112 
0.0303567 -0.43062 
0.193647 -0.445848 
0.218698 -0.445393 
0.244375 -0.444022 
-0.369023 -0.300509 
-0.551284 -0.160517 
0.369073 -0.421739 
-0.0233362 -0.419796 
0.423579 -0.401364 
0.53081 -0.327804 
0.474005 -0.373964 
0.401786 -0.410493 
0.540867 -0.317037 
0.593638 -0.234111 
0.627262 -0.10434 
-0.143466 -0.38749 
0.551201 -0.304793 
0.561639 -0.290935 
0.580255 -0.261164 
0.587611 -0.246999 
-0.617036 -0.00544955 
0.604414 -0.20756 
0.571323 -0.276397 
0.329223 -0.43205 
-0.284254 -0.337937 
-0.186557 -0.373606 
-0.302197 -0.330648 
-0.541278 -0.172749 
0.62665 -0.0603229 
0.494167 -0.359891 
-0.610218 -0.0413421 
-0.585591 -0.106944 
-0.265799 -0.345163 
-0.414501 -0.275996 
-0.0977687 -0.400963 
0.0581124 -0.435193 
0.450495 -0.38796 
0.00320789 -0.42546 
0.0861447 -0.439047 
0.270648 -0.441601 
0.298907 -0.437753 
0.627821 -0.0823094 
0.62134 -0.148463 
0.61632 -0.169937 
0.610266 -0.190586 
0.599229 -0.220968 
-0.507867 -0.207346 
-0.495712 -0.218189 
-0.483135 -0.228673 
-0.442977 -0.258152 
-0.428921 -0.267241 
