ZONE T="boundary0"
-4 -0.278712 
-4 -0.221734 
-4 -0.332942 
-4 -0.574875 
-4 0.124374 
-4 0.170764 
-4 1 
-4 0.765098 
-4 -1 
-4 0.530196 
-4 0.427665 
-4 -0.673699 
-4 -0.836849 
-4 -0.476052 
-4 -0.404497 
-4 0.0392548 
-4 -0.0458642 
-4 -0.164755 
-4 -0.10531 
-4 0.271145 
-4 0.217155 
-4 0.325135 
-4 0.647647 
-4 -0.250223 
-4 -0.305827 
-4 0.147569 
-4 0.882549 
-4 0.47893 
-4 -0.440275 
-4 -0.00330473 
-4 -0.624287 
-4 -0.193244 
-4 -0.135033 
-4 0.19396 
-4 0.24415 
-4 0.29814 
-4 0.3764 
-4 0.588921 
-4 -0.525464 
-4 0.706372 
-4 -0.918425 
-4 -0.755274 
-4 -0.36872 
-4 0.0818143 
-4 -0.075587 
ZONE T="boundary1"
-4 1 
-3.04003 1 
-1.28298 1 
0.596305 1 
3.56675 1 
3.42234 1 
-1.35494 1 
-1.05194 1 
-0.951971 1 
-1.69112 1 
0.686389 1 
3.06408 1 
-2.07529 1 
-2.20335 1 
-3.28177 1 
-3.76175 1 
-2.61884 1 
-0.0449343 1 
-0.098466 1 
-0.205529 1 
-0.259061 1 
0.0911841 1 
-0.151998 1 
0.236034 1 
0.163609 1 
0.0231249 1 
0.916439 1 
-0.347654 1 
-0.436247 1 
0.489932 1 
0.38356 1 
0.309797 1 
0.776474 1 
-0.632701 1 
-0.534474 1 
-0.852006 1 
1.0564 1 
-1.4269 1 
-3.5235 1 
-0.742353 1 
1.19648 1 
-1.16746 1 
-1.55901 1 
3.71117 1 
4 1 
3.85558 1 
1.50293 1 
2.63645 1 
2.85026 1 
1.84103 1 
1.67198 1 
-2.82944 1 
2.21217 1 
-1.94723 1 
2.42431 1 
0.846456 1 
1.33655 1 
2.0266 1 
1.58746 1 
3.49455 1 
-1.00195 1 
-2.13932 1 
-3.1609 1 
-2.41109 1 
-0.0717002 1 
-0.232295 1 
-0.125232 1 
0.127397 1 
-0.0109047 1 
-0.39195 1 
0.543118 1 
0.272916 1 
0.346678 1 
0.436746 1 
-0.583587 1 
0.641347 1 
-1.39092 1 
-0.48536 1 
-3.64263 1 
-0.687527 1 
-3.88088 1 
-1.31896 1 
-0.901988 1 
1.12644 1 
-1.49296 1 
3.63896 1 
3.92779 1 
3.24321 1 
-3.40264 1 
2.74336 1 
1.75651 1 
2.95717 1 
-2.01126 1 
2.53038 1 
1.26651 1 
2.11938 1 
1.54519 1 
1.93382 1 
-2.93473 1 
2.31824 1 
-2.72414 1 
-1.81918 1 
3.78338 1 
-0.178764 1 
0.199822 1 
-0.303358 1 
0.0571545 1 
0.731432 1 
-0.797179 1 
0.986421 1 
0.811465 1 
0.881448 1 
-1.1097 1 
-1.22522 1 
-1.62507 1 
1.41974 1 
1.62972 1 
ZONE T="boundary2"
4 -0.322508 
4 -0.369101 
4 -0.415694 
4 0.0795377 
4 0.164212 
4 0.235077 
4 0.32074 
4 0.373632 
4 0.426525 
4 0.521745 
4 0.616965 
4 0.808483 
4 -0.59093 
4 -0.795465 
4 -1 
4 -0.261917 
4 -0.292213 
4 -0.216343 
4 -0.170769 
4 -0.503312 
4 -0.0929787 
4 0.0321745 
4 -0.0151887 
4 1 
4 -0.345804 
4 0.121875 
4 0.347186 
4 0.400079 
4 0.569355 
4 -0.693198 
4 -0.277065 
4 -0.193556 
4 -0.459503 
4 -0.30736 
4 0.199644 
4 0.277908 
4 -0.392398 
4 0.0558561 
4 0.474135 
4 -0.547121 
4 -0.897733 
4 0.712724 
4 0.904241 
4 -0.23913 
4 -0.0540837 
4 -0.131874 
4 0.00849289 
ZONE T="boundary3"
-1.16972 -1 
0.00252249 -1 
0.392441 -1 
-1.36929 -1 
-1.0345 -1 
-0.89928 -1 
1.27654 -1 
1.42472 -1 
1.35063 -1 
-4 -1 
-3.58391 -1 
0.135145 -1 
-0.436474 -1 
-0.247473 -1 
0.485605 -1 
1.55505 -1 
1.68538 -1 
1.87644 -1 
-0.824209 -1 
0.79274 -1 
0.685754 -1 
-1.26951 -1 
-2.88567 -1 
-2.60352 -1 
4 -1 
3.65533 -1 
3.31066 -1 
3.09784 -1 
2.28426 -1 
-3.16781 -1 
2.69303 -1 
-2.38149 -1 
-2.15946 -1 
-1.78296 -1 
-1.97121 -1 
2.06749 -1 
2.50103 -1 
2.88502 -1 
-0.749139 -1 
0.068834 -1 
0.254983 -1 
-0.0629989 -1 
-0.12852 -1 
-0.598999 -1 
-0.341973 -1 
-0.187997 -1 
-0.389224 -1 
1.01489 -1 
-1.49228 -1 
-1.61527 -1 
0.578769 -1 
-0.517736 -1 
1.0803 -1 
1.14572 -1 
0.903815 -1 
-0.96689 -1 
1.38767 -1 
-3.79195 -1 
-1.10211 -1 
1.78091 -1 
0.739247 -1 
-1.21961 -1 
3.82767 -1 
3.483 -1 
3.20425 -1 
-3.37586 -1 
-2.27048 -1 
-1.87709 -1 
2.39265 -1 
2.59703 -1 
2.17588 -1 
0.101989 -1 
0.195064 -1 
0.323712 -1 
-0.0957597 -1 
-0.0302382 -1 
-0.674069 -1 
-0.217735 -1 
-1.3194 -1 
-1.43079 -1 
-1.55378 -1 
0.439023 -1 
-0.365598 -1 
-0.558367 -1 
-1.69912 -1 
1.62021 -1 
1.31359 -1 
1.11301 -1 
1.48988 -1 
1.21113 -1 
1.0476 -1 
0.632262 -1 
0.532187 -1 
0.848277 -1 
1.97196 -1 
-3.02674 -1 
-2.49251 -1 
-2.06534 -1 
2.99143 -1 
2.78902 -1 
0.0356781 -1 
-0.786674 -1 
-0.861745 -1 
-0.294723 -1 
-0.158258 -1 
0.959352 -1 
-2.74459 -1 
-0.412849 -1 
-0.477105 -1 
ZONE T="boundary4"
0.619269 0.0853692 
0.607842 0.110786 
0.122138 0.519148 
-0.133276 0.487541 
-0.105828 0.495415 
-0.409728 0.343542 
-0.646983 -0.0147618 
-0.363451 0.376971 
-0.453905 0.306749 
0.64479 -0.0180098 
0.0642178 0.520392 
0.0931372 0.520432 
-0.642669 0.0100389 
-0.636621 0.0348221 
-0.628862 0.0595394 
-0.619434 0.0841031 
-0.608396 0.108434 
-0.602269 0.120537 
-0.581788 0.156129 
-0.592376 0.13853 
-0.566429 0.179371 
0.00674054 0.516585 
0.035406 0.519091 
-0.0218116 0.512913 
-0.552748 0.198341 
-0.534621 0.221593 
-0.495789 0.266 
-0.475043 0.287021 
-0.51565 0.244134 
-0.43202 0.325651 
-0.339547 0.392524 
-0.386838 0.360658 
-0.315213 0.407277 
-0.290416 0.421255 
0.566519 0.18757 
0.5809 0.162048 
-0.239583 0.446783 
-0.213563 0.4583 
-0.187152 0.468955 
-0.160384 0.478712 
-0.265214 0.434423 
-0.0781038 0.502288 
-0.0500588 0.50814 
0.594868 0.136405 
0.349952 0.450497 
0.376218 0.433191 
0.151259 0.516459 
0.180325 0.51229 
0.468285 0.345207 
0.401329 0.413872 
0.425195 0.392569 
0.322855 0.465675 
0.536745 0.240225 
0.551632 0.213839 
0.487478 0.319688 
0.521292 0.267103 
0.505105 0.293506 
0.209304 0.506549 
0.295102 0.478777 
0.266802 0.489903 
0.238206 0.499111 
0.641908 0.00798005 
0.636572 0.0339554 
0.628949 0.0597622 
0.643658 -0.00498218 
0.44753 0.369598 
0.613727 0.0981536 
-0.119588 0.491601 
0.0786785 0.520573 
-0.63985 0.022479 
-0.624335 0.0718921 
-0.605375 0.114507 
-0.587165 0.147378 
-0.597413 0.129583 
-0.614092 0.0963478 
-0.574245 0.16784 
0.0210611 0.517987 
-0.559672 0.188916 
-0.543798 0.210056 
-0.485527 0.27662 
-0.525238 0.23295 
-0.443051 0.316302 
-0.351562 0.384843 
-0.375211 0.36891 
-0.327439 0.399997 
-0.30287 0.414364 
-0.420952 0.334694 
0.573735 0.17482 
-0.226621 0.452648 
-0.17381 0.473948 
-0.200403 0.463738 
-0.146869 0.483245 
-0.277868 0.427939 
-0.0641088 0.505347 
0.049806 0.519896 
-0.00755332 0.514892 
-0.0919977 0.498979 
0.601479 0.123656 
0.363241 0.442085 
0.16582 0.514562 
-0.645038 -0.00232614 
0.413452 0.403438 
0.336537 0.458326 
0.388949 0.423763 
0.54419 0.227029 
0.47806 0.332586 
0.513319 0.28038 
0.52908 0.253699 
0.107646 0.519959 
0.136716 0.517982 
0.194855 0.509617 
-0.035958 0.510664 
0.30909 0.472462 
0.559072 0.200699 
0.252575 0.494726 
0.22381 0.503039 
-0.464572 0.29699 
0.639529 0.0210275 
0.624327 0.0726474 
0.644302 -0.0114889 
0.642859 0.00150934 
0.496447 0.306704 
-0.252449 0.440706 
-0.398355 0.352196 
0.281043 0.484569 
0.587956 0.149262 
0.458099 0.35757 
-0.632938 0.0472414 
0.633018 0.0469351 
-0.505829 0.255166 
0.436558 0.381278 
ZONE T="boundary5"
0.192595 -0.374575 
-0.64174 -0.136902 
-0.616295 -0.206218 
-0.626666 -0.183663 
-0.650318 -0.0641731 
-0.650153 -0.051857 
-0.635155 -0.160507 
-0.631138 -0.172178 
-0.646983 -0.0147618 
-0.64954 -0.0395144 
-0.536581 -0.305034 
-0.556202 -0.287816 
-0.649295 -0.0886571 
0.638234 -0.09464 
0.642939 -0.069469 
0.603415 -0.177905 
-0.467755 -0.34685 
-0.269505 -0.385635 
-0.299288 -0.384218 
-0.328918 -0.381746 
-0.38699 -0.37275 
-0.358231 -0.37799 
0.434654 -0.323988 
-0.414959 -0.365875 
-0.0928715 -0.383519 
-0.239882 -0.386228 
-0.210233 -0.386223 
0.580894 -0.210608 
0.621663 -0.143231 
0.631108 -0.119249 
-0.180775 -0.38581 
-0.151338 -0.385144 
-0.122079 -0.384351 
-0.515231 -0.320669 
-0.582195 -0.259317 
-0.589956 -0.249149 
-0.574013 -0.26913 
-0.0348956 -0.381956 
0.220464 -0.372442 
0.64479 -0.0180098 
0.645137 -0.0438903 
-0.492223 -0.334647 
-0.503882 -0.327899 
-0.441915 -0.357269 
-0.604046 -0.228104 
0.525675 -0.268306 
0.545448 -0.250431 
0.383501 -0.342974 
-0.00611782 -0.381263 
-0.0638505 -0.382711 
0.0225985 -0.380613 
0.0511606 -0.379972 
0.0796725 -0.379286 
0.275823 -0.366263 
0.303251 -0.361978 
0.108032 -0.378489 
0.164483 -0.37623 
0.136353 -0.377498 
0.248301 -0.369701 
0.357078 -0.35047 
0.330259 -0.356773 
0.409393 -0.334183 
0.446865 -0.318403 
0.482379 -0.29925 
0.458899 -0.312428 
0.504544 -0.28464 
0.644357 -0.0567013 
0.596365 -0.189013 
0.610028 -0.166513 
-0.646444 -0.112932 
-0.610386 -0.217283 
-0.3436 -0.380045 
0.563845 -0.23116 
-0.621704 -0.195044 
-0.650292 -0.0580147 
-0.63868 -0.148771 
-0.628959 -0.177943 
-0.64848 -0.0271172 
-0.546583 -0.296643 
-0.650034 -0.0764262 
0.640896 -0.082111 
-0.284403 -0.385044 
-0.314117 -0.38313 
-0.372651 -0.375574 
-0.225057 -0.386288 
0.626659 -0.131347 
-0.195503 -0.386057 
-0.136706 -0.384758 
-0.107473 -0.383936 
-0.526078 -0.313084 
-0.58613 -0.254275 
-0.649902 -0.0456834 
-0.578158 -0.264268 
-0.633204 -0.166363 
-0.565316 -0.278672 
0.206534 -0.373577 
0.645282 -0.0309446 
-0.498089 -0.331334 
-0.480116 -0.340996 
-0.166055 -0.385501 
-0.254696 -0.386019 
0.535731 -0.259557 
-0.0205052 -0.381603 
-0.0493714 -0.382326 
0.0368808 -0.380295 
0.0654177 -0.379639 
0.289554 -0.364235 
0.0938535 -0.378906 
0.178542 -0.375457 
0.122194 -0.378024 
0.262073 -0.36808 
0.370333 -0.346882 
0.316778 -0.359503 
0.422097 -0.329273 
0.470752 -0.306043 
0.452906 -0.315465 
0.634965 -0.107029 
0.644827 -0.0503004 
0.440781 -0.321243 
0.599943 -0.183493 
0.616094 -0.154996 
0.606779 -0.172242 
0.588826 -0.199952 
0.643728 -0.0630936 
0.493595 -0.292148 
-0.0783595 -0.38311 
0.23439 -0.371155 
-0.509596 -0.324345 
0.343701 -0.353766 
0.00824207 -0.380934 
0.15042 -0.376906 
-0.644324 -0.124964 
-0.454938 -0.352307 
-0.613395 -0.211781 
-0.6481 -0.100823 
-0.60727 -0.222724 
-0.597214 -0.238769 
-0.350922 -0.379064 
-0.401034 -0.369537 
-0.428517 -0.361811 
0.515267 -0.276677 
0.554817 -0.240959 
0.572546 -0.221033 
-0.336265 -0.380938 
0.396505 -0.338752 
