ZONE T="boundary0"
-4 -1 
-4 -0.37296 
-4 -0.326804 
-4 -0.287071 
-4 0.264695 
-4 0.293579 
-4 0.468141 
-4 0.395302 
-4 0.734071 
-4 1 
-4 0.322463 
-4 -0.247337 
-4 -0.152593 
-4 -0.0789179 
-4 -0.618669 
-4 -0.701756 
-4 -0.850878 
-4 0.238133 
-4 0.601106 
-4 0.21157 
-4 0.0766007 
-4 -0.0052432 
-4 -0.419115 
-4 -0.477349 
-4 -0.535582 
-4 0.117523 
-4 0.158445 
-4 -0.306938 
-4 0.279137 
-4 0.431722 
-4 0.867035 
-4 0.358883 
-4 -0.115755 
-4 -0.660213 
-4 -0.925439 
-4 0.308021 
-4 0.224851 
-4 0.0356787 
-4 -0.396038 
-4 -0.349882 
-4 -0.448232 
-4 -0.506465 
-4 -0.267204 
-4 -0.199965 
-4 -0.0420806 
-4 -0.577126 
-4 -0.776317 
-4 0.667588 
-4 0.185007 
-4 0.251414 
-4 0.0970617 
-4 0.137984 
-4 0.534624 
ZONE T="boundary1"
-4 1 
4 1 
3.63705 1 
0.167314 1 
0.275719 1 
-0.0172358 1 
-0.871924 1 
-0.995469 1 
2.01762 1 
-2.02675 1 
0.753654 1 
-0.540067 1 
-0.640113 1 
3.47029 1 
-1.44858 1 
-1.6275 1 
-1.82298 1 
1.11018 1 
3.30353 1 
-3.11894 1 
-2.89696 1 
1.68698 1 
1.527 1 
1.8523 1 
-3.55937 1 
-3.33916 1 
-2.67499 1 
-3.77969 1 
0.636446 1 
0.52915 1 
0.0936566 1 
-0.128942 1 
-0.355419 1 
-0.440021 1 
0.421854 1 
0.348787 1 
-0.756019 1 
0.0199996 1 
0.870861 1 
-0.270818 1 
-0.19988 1 
-1.19331 1 
-1.09439 1 
-1.32094 1 
-1.53804 1 
0.990521 1 
1.30281 1 
1.2386 1 
1.36701 1 
-2.45275 1 
-2.23051 1 
2.46346 1 
2.71674 1 
2.97002 1 
-0.0544711 1 
3.81852 1 
0.221516 1 
-0.933696 1 
-0.59009 1 
-1.72524 1 
3.38691 1 
-3.00795 1 
1.60699 1 
1.76964 1 
-3.44926 1 
-3.66953 1 
0.582798 1 
0.130485 1 
-0.39772 1 
0.312253 1 
-0.813971 1 
-0.235349 1 
-0.164411 1 
-0.490044 1 
-1.04493 1 
-1.25712 1 
-1.38476 1 
1.05035 1 
3.55367 1 
0.812257 1 
0.69505 1 
0.930691 1 
1.2707 1 
1.33491 1 
1.447 1 
-3.22905 1 
1.93496 1 
-2.34163 1 
-2.78598 1 
-2.56387 1 
2.5901 1 
3.13678 1 
-2.12863 1 
-1.92486 1 
2.84338 1 
-3.88984 1 
2.24054 1 
-0.0917065 1 
-0.0358534 1 
0.00138193 1 
0.0568281 1 
-0.698066 1 
0.475502 1 
-0.313119 1 
0.38532 1 
-1.14385 1 
-1.58277 1 
-1.49331 1 
1.17439 1 
ZONE T="boundary2"
4 -1 
4 -0.831366 
4 -0.382676 
4 -0.310396 
4 -0.140124 
4 -0.000261714 
4 0.0764199 
4 0.130313 
4 0.184206 
4 0.25566 
4 0.418831 
4 1 
4 0.323096 
4 0.794312 
4 -0.662732 
4 0.370963 
4 0.588624 
4 -0.203305 
4 -0.558844 
4 -0.454956 
4 -0.0769433 
4 -0.256851 
4 -0.915683 
4 -0.346536 
4 0.0380791 
4 0.15726 
4 0.219933 
4 0.897156 
4 -0.747049 
4 0.289378 
4 0.394897 
4 0.503727 
4 0.347029 
4 0.103366 
4 -0.5069 
4 -0.108534 
4 -0.171715 
4 -0.0386025 
4 0.691468 
4 -0.283623 
4 -0.230078 
4 -0.418816 
4 -0.610788 
ZONE T="boundary3"
-4 -1 
-3.76691 -1 
-2.21641 -1 
4 -1 
-0.309591 -1 
-0.168053 -1 
0.127156 -1 
0.411315 -1 
0.478102 -1 
0.7161 -1 
0.941558 -1 
1.08046 -1 
1.16402 -1 
1.24758 -1 
-0.944422 -1 
0.194784 -1 
0.269656 -1 
-0.631622 -1 
-0.526488 -1 
-0.840589 -1 
1.86844 -1 
-0.736755 -1 
-3.53381 -1 
-3.331 -1 
-3.12819 -1 
3.06094 -1 
-1.42205 -1 
2.19898 -1 
2.39022 -1 
3.53047 -1 
2.61836 -1 
2.8465 -1 
-2.72498 -1 
-2.39095 -1 
-1.17304 -1 
-1.29754 -1 
0.537602 -1 
-0.0178641 -1 
0.0595283 -1 
0.344528 -1 
0.802657 -1 
-0.45241 -1 
-0.378332 -1 
-0.24085 -1 
-0.0952565 -1 
0.597101 -1 
1.33393 -1 
1.42027 -1 
1.72914 -1 
1.57471 -1 
-1.05873 -1 
-2.04188 -1 
-1.84307 -1 
-1.53316 -1 
-1.64427 -1 
2.00774 -1 
3.2957 -1 
-3.88345 -1 
0.444709 -1 
1.01101 -1 
0.23222 -1 
-0.579055 -1 
-3.65036 -1 
-3.2296 -1 
2.2946 -1 
3.76523 -1 
2.73243 -1 
-2.92658 -1 
-1.23529 -1 
0.16097 -1 
0.0933423 -1 
0.307092 -1 
0.759378 -1 
-0.415371 -1 
-0.275221 -1 
-0.343962 -1 
-0.489449 -1 
0.872107 -1 
-0.684189 -1 
-0.131655 -1 
0.6566 -1 
1.2058 -1 
1.3771 -1 
1.12224 -1 
1.65193 -1 
1.29075 -1 
-0.892505 -1 
-1.11588 -1 
-1.00158 -1 
-3.43241 -1 
-1.3598 -1 
-1.94247 -1 
-1.47761 -1 
-1.58872 -1 
-2.30368 -1 
-2.12915 -1 
2.50429 -1 
2.10336 -1 
1.79879 -1 
1.93809 -1 
-0.204452 -1 
0.377922 -1 
0.567351 -1 
0.507852 -1 
-0.0565603 -1 
0.0208321 -1 
-0.788672 -1 
3.41309 -1 
3.17832 -1 
1.49749 -1 
-1.74367 -1 
2.95372 -1 
-2.55796 -1 
ZONE T="boundary4"
-0.252925 0.328435 
0.516713 0.29482 
0.504656 0.30679 
-0.633248 0.029639 
0.552991 0.247123 
0.560017 0.234922 
-0.633278 0.0113413 
-0.232013 0.331999 
-0.211195 0.335665 
-0.612375 0.132386 
-0.63236 -0.00693852 
0.596511 0.126926 
0.598142 0.112487 
-0.390493 0.302993 
-0.492097 0.265406 
-0.503523 0.258762 
0.572664 0.20926 
0.433669 0.356235 
0.449798 0.347393 
-0.191509 0.339262 
-0.525847 0.243625 
-0.514607 0.251631 
-0.630177 0.0659186 
-0.632226 0.0478581 
-0.627693 0.0806408 
-0.624468 0.0952073 
-0.617751 0.118018 
0.544805 0.259883 
0.535965 0.272179 
0.594151 0.14119 
-0.599727 0.15903 
-0.60643 0.145883 
-0.547379 0.225736 
-0.557568 0.215857 
-0.576345 0.194473 
-0.588686 0.177367 
-0.536658 0.235101 
0.591106 0.155217 
0.56656 0.22233 
-0.291304 0.322049 
-0.272085 0.325238 
-0.359472 0.309842 
-0.17191 0.342978 
-0.153684 0.346551 
-0.135519 0.350216 
-0.47349 0.274879 
-0.116242 0.354201 
-0.0969937 0.358253 
-0.0570209 0.366766 
-0.0325355 0.371934 
-0.0770112 0.362505 
-0.308992 0.319078 
-0.437679 0.289328 
-0.406186 0.298971 
0.491949 0.317986 
-0.454397 0.283126 
0.597749 0.0613926 
-0.00799252 0.376982 
0.414706 0.365288 
0.395466 0.373177 
0.372441 0.381118 
0.4713 0.333682 
0.526654 0.283751 
0.578208 0.195943 
0.13705 0.39977 
0.194065 0.403261 
0.165967 0.402035 
0.222279 0.403423 
0.248918 0.402496 
0.32532 0.393049 
0.275717 0.400403 
0.301339 0.397206 
0.587386 0.169108 
-0.421757 0.294498 
0.59915 0.0868656 
0.594012 0.0361792 
0.0206056 0.382586 
0.349354 0.387633 
0.108312 0.396617 
0.0493437 0.387793 
0.0787253 0.392545 
-0.567249 0.205418 
-0.326705 0.316009 
0.588021 0.0111031 
0.510775 0.300896 
0.556572 0.241062 
-0.2216 0.333816 
0.597421 0.119717 
-0.242466 0.330205 
-0.497847 0.262147 
0.441793 0.351923 
-0.520276 0.247696 
-0.631333 0.0569035 
-0.626174 0.0879449 
-0.629027 0.0732951 
-0.621354 0.106684 
0.540469 0.266091 
0.595421 0.134073 
-0.632864 0.0387559 
-0.603173 0.152504 
-0.615166 0.12524 
-0.552539 0.220863 
-0.594399 0.168313 
-0.54208 0.230487 
-0.531306 0.239429 
0.54898 0.253555 
0.592714 0.148222 
-0.609497 0.139176 
0.563356 0.228661 
-0.281694 0.323645 
-0.201349 0.337447 
-0.181706 0.341104 
-0.144599 0.348372 
-0.482873 0.270297 
-0.106616 0.35622 
-0.0447813 0.36936 
-0.0670167 0.364637 
-0.125878 0.352198 
-0.300148 0.320571 
-0.262503 0.326831 
-0.398352 0.301034 
-0.633384 0.0204907 
0.498385 0.312481 
-0.446074 0.286322 
-0.0202691 0.374479 
-0.0870019 0.360375 
-0.464006 0.279145 
0.424254 0.360899 
0.384013 0.377319 
0.481793 0.326055 
0.40514 0.369363 
0.521758 0.289353 
0.531388 0.278028 
0.575506 0.202633 
0.180009 0.402774 
0.235602 0.403097 
0.262328 0.401601 
0.589328 0.162184 
-0.429742 0.291987 
-0.509106 0.255259 
0.598948 0.0996877 
-0.162794 0.344751 
0.596165 0.0487436 
0.288546 0.398956 
0.313354 0.395272 
0.00629656 0.379827 
0.337372 0.390498 
0.122668 0.398297 
0.360942 0.384533 
0.0349623 0.385249 
0.0640199 0.390247 
0.151498 0.401022 
0.20817 0.403483 
-0.632934 0.00219607 
-0.582693 0.186045 
-0.562481 0.2107 
0.598748 0.0741125 
-0.375014 0.306568 
-0.343105 0.313024 
-0.317851 0.317559 
0.59128 0.0235784 
0.583092 0.182626 
-0.413989 0.296795 
0.569682 0.215826 
0.460685 0.34075 
-0.571871 0.200009 
0.0935036 0.394676 
ZONE T="boundary5"
-0.620181 -0.0790132 
-0.534643 -0.260337 
-0.609731 -0.113713 
-0.615292 -0.09645 
-0.597082 -0.146841 
0.421153 -0.422471 
0.434265 -0.400141 
-0.630542 -0.0251599 
-0.63236 -0.00693852 
-0.186067 -0.521231 
-0.209268 -0.512518 
-0.274534 -0.483397 
-0.232183 -0.503099 
-0.253511 -0.493563 
-0.294133 -0.473192 
-0.108652 -0.544786 
-0.081245 -0.551226 
-0.0520013 -0.557056 
-0.0225909 -0.561849 
-0.161082 -0.529733 
-0.135838 -0.53744 
-0.500949 -0.305167 
-0.517067 -0.284785 
-0.365636 -0.429219 
-0.381849 -0.417571 
0.451825 -0.361293 
-0.349094 -0.440418 
-0.331417 -0.451671 
-0.313414 -0.462422 
0.402602 -0.447946 
-0.400698 -0.403128 
0.354949 -0.493981 
0.340587 -0.504298 
0.445807 -0.37609 
0.412195 -0.435513 
-0.624404 -0.0612348 
0.0386707 -0.568365 
0.0696472 -0.569811 
0.0998198 -0.569944 
0.00799772 -0.565695 
0.129817 -0.568736 
-0.627881 -0.0432237 
0.186625 -0.562305 
0.15842 -0.566224 
0.282303 -0.535483 
0.254035 -0.545969 
0.240616 -0.550117 
0.213906 -0.556985 
0.325595 -0.513803 
0.368692 -0.482804 
0.392512 -0.459625 
0.381823 -0.470705 
0.440247 -0.388297 
0.457319 -0.346034 
0.47712 -0.273385 
0.472284 -0.293603 
0.534456 -0.111555 
0.467113 -0.31365 
0.482152 -0.251985 
0.487513 -0.230627 
0.580002 -0.0136331 
0.512839 -0.157341 
0.52227 -0.136483 
0.504183 -0.178632 
0.570247 -0.0380693 
-0.419031 -0.388068 
-0.477863 -0.331614 
-0.439932 -0.369546 
-0.551014 -0.235153 
0.558983 -0.0626269 
-0.459297 -0.350944 
0.495171 -0.204356 
-0.567973 -0.206319 
-0.583329 -0.177006 
0.311498 -0.521725 
0.297031 -0.528954 
0.588021 0.0111031 
0.546935 -0.0869133 
0.267299 -0.541361 
-0.612592 -0.105107 
0.427947 -0.41145 
-0.63156 -0.0160596 
-0.197701 -0.516963 
-0.242883 -0.49841 
-0.264061 -0.48856 
-0.284371 -0.478366 
-0.0949749 -0.548119 
-0.0373169 -0.559583 
-0.14849 -0.533686 
-0.173609 -0.525582 
-0.509116 -0.29506 
-0.373784 -0.423452 
-0.617822 -0.0877551 
-0.391334 -0.410429 
-0.322454 -0.457111 
0.347844 -0.499245 
0.416763 -0.429055 
-0.303814 -0.467878 
0.0541526 -0.569248 
-0.00731395 -0.563916 
0.114827 -0.569514 
-0.626241 -0.0522477 
0.172549 -0.56445 
0.247344 -0.5481 
0.227315 -0.553757 
0.387242 -0.465239 
0.375352 -0.476858 
0.333158 -0.509157 
0.361905 -0.488497 
0.407484 -0.441797 
0.443086 -0.382222 
0.454645 -0.353691 
0.448895 -0.368725 
0.437317 -0.394251 
0.397637 -0.453856 
0.47473 -0.283502 
-0.340296 -0.446108 
0.469757 -0.303644 
0.479623 -0.262682 
0.484766 -0.241289 
0.517466 -0.14687 
0.508398 -0.167939 
0.528287 -0.123979 
-0.622384 -0.0701454 
-0.629314 -0.0342066 
-0.357404 -0.434876 
0.462464 -0.329923 
-0.409928 -0.395676 
-0.489589 -0.318548 
-0.429576 -0.378913 
-0.526005 -0.272668 
-0.542968 -0.247834 
-0.220762 -0.507897 
-0.449708 -0.360341 
0.499501 -0.191428 
-0.468679 -0.341373 
-0.0666484 -0.554269 
0.0847341 -0.57004 
-0.559662 -0.220834 
-0.122275 -0.541226 
0.0233221 -0.56718 
0.144135 -0.567653 
0.200304 -0.559837 
-0.575841 -0.191761 
0.304309 -0.525424 
0.584238 -0.00133782 
0.575305 -0.0259222 
0.564742 -0.0504045 
0.553019 -0.0747984 
0.540688 -0.0992268 
0.274834 -0.538501 
0.318593 -0.517853 
0.289702 -0.532302 
0.260687 -0.543724 
-0.590424 -0.162022 
-0.603689 -0.130383 
0.491178 -0.217445 
