ZONE T="boundary0"
-4 0.330947 
-4 0.284942 
-4 1 
-4 0.228878 
-4 -1 
-4 0.559283 
-4 0.779641 
-4 0.468118 
-4 0.376953 
-4 0.172815 
-4 0.0608524 
-4 0.116834 
-4 -0.0145613 
-4 -0.0899751 
-4 -0.23675 
-4 -0.261902 
-4 -0.120381 
-4 -0.211598 
-4 -0.150787 
-4 -0.372112 
-4 -0.432018 
-4 -0.55041 
-4 -0.312206 
-4 -0.834401 
-4 -0.181192 
-4 -0.668802 
-4 0.307945 
-4 0.669462 
-4 0.422535 
-4 0.200847 
-4 0.25691 
-4 0.088843 
-4 0.0231455 
-4 0.144824 
-4 -0.249326 
-4 -0.135584 
-4 -0.402065 
-4 -0.491214 
-4 0.5137 
-4 0.889821 
-4 -0.917201 
-4 -0.196395 
-4 -0.165989 
-4 -0.0522682 
-4 -0.105178 
-4 -0.287054 
-4 -0.224174 
-4 -0.609606 
-4 -0.751602 
-4 0.35395 
-4 -0.342159 
ZONE T="boundary1"
-3.8324 1 
-4 1 
3.76833 1 
4 1 
0.193377 1 
0.852086 1 
-0.0598739 1 
-0.121834 1 
0.404572 1 
0.310029 1 
0.13435 1 
0.967742 1 
1.07884 1 
1.18995 1 
0.0753239 1 
0.00772501 1 
-1.35255 1 
-1.44965 1 
-3.30094 1 
-3.48287 1 
3.36151 1 
3.18637 1 
3.04546 1 
-1.8331 1 
-2.7093 1 
-3.66479 1 
-3.14347 1 
2.56326 1 
2.36199 1 
1.75424 1 
1.5911 1 
2.16073 1 
-2.4326 1 
2.7339 1 
2.90454 1 
-2.21416 1 
-0.595207 1 
-0.363975 1 
-0.497565 1 
-0.782901 1 
0.499116 1 
0.617773 1 
-0.25162 1 
0.736431 1 
-0.319444 1 
-0.692848 1 
-0.408505 1 
-0.872954 1 
-0.966127 1 
-1.15737 1 
-1.25544 1 
-1.67047 1 
1.30896 1 
1.42797 1 
3.53665 1 
-1.99573 1 
1.50954 1 
1.95749 1 
-2.98599 1 
-0.183795 1 
-1.0593 1 
-3.9162 1 
3.88416 1 
-0.0908542 1 
0.357301 1 
0.163864 1 
1.02329 1 
0.0415245 1 
-3.39191 1 
3.11591 1 
-3.57383 1 
2.46262 1 
1.67267 1 
3.27394 1 
2.975 1 
0.104837 1 
-0.0260744 1 
0.251703 1 
-0.546386 1 
0.451844 1 
0.558445 1 
0.677102 1 
0.794259 1 
-0.644028 1 
-0.38624 1 
-1.20641 1 
-0.827928 1 
0.909914 1 
1.13439 1 
-1.56006 1 
-1.30399 1 
-1.4011 1 
1.24945 1 
3.65249 1 
-1.91441 1 
1.46875 1 
-1.75179 1 
-3.74859 1 
2.26136 1 
-2.84765 1 
-2.57095 1 
-3.22221 1 
2.64858 1 
-3.06473 1 
3.44908 1 
1.85586 1 
2.05911 1 
2.81922 1 
-2.32338 1 
-0.152815 1 
-0.285532 1 
-0.217707 1 
-0.34171 1 
-0.453035 1 
-0.737875 1 
-1.01271 1 
-0.919541 1 
-1.10834 1 
1.36846 1 
1.55032 1 
-2.10494 1 
ZONE T="boundary2"
4 -0.6809 
4 -0.232438 
4 -0.292768 
4 -0.423077 
4 -0.353098 
4 0.309544 
4 0.413572 
4 0.463558 
4 0.121033 
4 0.014853 
4 1 
4 0.363586 
4 0.336565 
4 -0.161883 
4 -0.84045 
4 -0.493057 
4 0.709432 
4 -0.0735149 
4 -1 
4 0.513544 
4 0.19415 
4 0.56353 
4 0.264033 
4 0.169778 
4 0.218522 
4 -0.262603 
4 -0.388087 
4 0.438565 
4 0.0679431 
4 0.350075 
4 -0.19716 
4 -0.760675 
4 -0.586978 
4 -0.322933 
4 0.488551 
4 0.538537 
4 0.388579 
4 0.636481 
4 -0.0293309 
4 -0.117699 
4 -0.458067 
4 0.854716 
4 -0.920225 
4 0.286788 
4 0.241277 
4 0.206336 
4 0.323054 
4 0.181964 
4 0.145405 
ZONE T="boundary3"
-3.80994 -1 
-3.61987 -1 
3.36161 -1 
-0.224244 -1 
0.681831 -1 
-0.699568 -1 
-0.606125 -1 
1.36786 -1 
-0.512681 -1 
1.80557 -1 
-0.171285 -1 
3.6808 -1 
-4 -1 
-3.32077 -1 
1.97672 -1 
-1.82702 -1 
4 -1 
-3.02166 -1 
-2.34777 -1 
-2.68735 -1 
-1.2828 -1 
-1.12005 -1 
-2.85451 -1 
2.91498 -1 
3.13829 -1 
-1.97751 -1 
-0.00917204 -1 
-0.0673969 -1 
0.181329 -1 
0.325718 -1 
0.253523 -1 
0.496829 -1 
-0.277204 -1 
-0.394943 -1 
-0.336073 -1 
0.115191 -1 
0.79317 -1 
0.904509 -1 
0.58933 -1 
-1.01555 -1 
-0.911041 -1 
-1.67652 -1 
-1.44556 -1 
-1.56104 -1 
1.02268 -1 
1.25436 -1 
1.47167 -1 
1.57547 -1 
1.14086 -1 
-1.36418 -1 
2.14788 -1 
-2.16264 -1 
2.50217 -1 
2.70857 -1 
0.0490528 -1 
0.411273 -1 
-3.7149 -1 
-0.652847 -1 
-0.559403 -1 
-3.90497 -1 
-3.47032 -1 
3.8404 -1 
-3.17122 -1 
-2.51756 -1 
-1.20143 -1 
-2.93809 -1 
3.02663 -1 
-0.0382844 -1 
-0.119341 -1 
-0.197765 -1 
-0.306639 -1 
-0.453812 -1 
0.84884 -1 
0.635581 -1 
-0.963293 -1 
-0.805304 -1 
-1.5033 -1 
0.963597 -1 
1.31111 -1 
1.52357 -1 
1.19761 -1 
1.69052 -1 
-1.0678 -1 
-1.61878 -1 
-1.32349 -1 
-1.75177 -1 
-1.90226 -1 
2.0623 -1 
1.89115 -1 
3.5212 -1 
3.24995 -1 
-2.77093 -1 
-2.25521 -1 
-2.07007 -1 
2.32502 -1 
2.60537 -1 
2.81177 -1 
0.217426 -1 
0.14826 -1 
0.0199404 -1 
0.0821217 -1 
0.543079 -1 
0.454051 -1 
0.289621 -1 
-0.365508 -1 
-0.250724 -1 
0.368496 -1 
1.41976 -1 
1.08177 -1 
0.737501 -1 
-1.40487 -1 
ZONE T="boundary4"
-0.635353 0.0122299 
-0.618711 0.174519 
-0.63713 0.0329556 
-0.637842 0.0538317 
0.607815 0.159952 
-0.58026 0.251887 
-0.570006 0.266057 
-0.400926 0.36919 
-0.384088 0.372348 
-0.493009 0.334139 
-0.478518 0.342117 
0.633449 0.0752905 
-0.308676 0.378436 
-0.328331 0.377896 
-0.287633 0.378413 
-0.366075 0.374896 
-0.637442 0.0747637 
-0.633711 0.112963 
-0.635892 0.095684 
-0.630724 0.13002 
-0.627709 0.143672 
-0.624151 0.157187 
-0.612531 0.19109 
0.517093 0.276326 
-0.605535 0.207203 
0.617177 0.138335 
-0.589442 0.237513 
-0.597861 0.222616 
0.5405 0.254847 
0.550917 0.243842 
0.570576 0.220222 
0.560913 0.232331 
0.529043 0.265885 
-0.546972 0.292312 
0.624819 0.115862 
-0.534238 0.30427 
0.594669 0.184545 
0.587436 0.196261 
-0.52094 0.315233 
-0.507067 0.325257 
-0.463842 0.349116 
0.504844 0.286022 
-0.448828 0.35527 
-0.433325 0.360663 
0.400144 0.340575 
0.422141 0.332339 
-0.417567 0.365243 
-0.120332 0.370218 
-0.0925049 0.369259 
-0.064806 0.36868 
-0.347877 0.376702 
-0.266548 0.377902 
-0.244001 0.376963 
0.635339 0.0554698 
0.303626 0.363468 
0.632307 -0.00406548 
0.634732 0.0158018 
0.63007 0.0949961 
0.43936 0.324883 
0.354157 0.35385 
0.377893 0.347609 
0.49217 0.295113 
0.456287 0.316574 
0.468459 0.309927 
0.156166 0.372061 
0.0583513 0.37002 
0.0912173 0.370906 
0.218206 0.371096 
0.248152 0.36943 
0.275906 0.366968 
0.188307 0.371915 
-0.221445 0.375761 
-0.559004 0.279443 
0.579756 0.207683 
0.635754 0.0356035 
-0.172397 0.372851 
-0.196894 0.374309 
-0.146314 0.371419 
0.328938 0.359222 
-0.034949 0.368478 
-0.0052351 0.368673 
0.0266139 0.369233 
0.124046 0.37166 
-0.637622 0.0433903 
-0.57524 0.25905 
-0.392527 0.370864 
-0.485824 0.338235 
-0.318507 0.378241 
-0.298155 0.378494 
-0.634904 0.104337 
-0.636812 0.0852362 
-0.63232 0.12151 
-0.625998 0.150446 
0.612708 0.149234 
-0.609139 0.199193 
-0.59375 0.23012 
0.545769 0.249402 
0.565807 0.226327 
-0.58495 0.244764 
-0.601798 0.21496 
0.534838 0.260435 
0.621233 0.127177 
-0.540702 0.298394 
0.523132 0.271178 
0.591111 0.190439 
-0.514083 0.320354 
-0.471231 0.345721 
0.511027 0.281247 
-0.456379 0.352296 
-0.500106 0.329804 
-0.441114 0.35807 
0.411197 0.336607 
-0.425477 0.363052 
-0.106416 0.369693 
-0.0786527 0.368921 
-0.409273 0.367319 
0.601506 0.172389 
-0.356987 0.375888 
-0.27709 0.37821 
-0.527678 0.309858 
0.634579 0.065397 
-0.637783 0.0643018 
-0.338111 0.377388 
0.633689 0.00584711 
-0.375098 0.37372 
0.430793 0.328711 
0.389061 0.344232 
0.366061 0.350873 
0.49856 0.290642 
0.462404 0.313308 
0.480463 0.302758 
0.447874 0.320832 
0.0747844 0.370466 
0.233182 0.37038 
0.172234 0.37207 
0.203256 0.3716 
0.28978 0.365356 
-0.636373 0.0225828 
0.555976 0.238139 
-0.232721 0.376386 
-0.56461 0.272836 
-0.61573 0.182846 
0.58365 0.202009 
-0.553092 0.285975 
0.635729 0.0455398 
0.575231 0.214 
-0.255273 0.377474 
-0.209167 0.375045 
-0.159353 0.372113 
-0.133321 0.370786 
0.316301 0.361476 
-0.184644 0.373574 
0.341576 0.356682 
-0.049874 0.368526 
-0.0200885 0.36853 
0.262037 0.368319 
0.0106925 0.368915 
0.0424845 0.369607 
0.140103 0.371915 
0.10763 0.371312 
-0.621546 0.16589 
0.631944 0.0851739 
0.635419 0.025693 
-0.629284 0.136863 
0.62765 0.10548 
ZONE T="boundary5"
-0.518084 -0.254308 
0.628562 -0.0237841 
0.623602 -0.0433203 
0.617538 -0.0626948 
-0.561524 -0.192094 
-0.551428 -0.207911 
-0.62408 -0.0486885 
-0.628783 -0.0286274 
-0.632555 -0.00831107 
-0.635353 0.0122299 
-0.604742 -0.107277 
-0.612032 -0.088004 
-0.596648 -0.126282 
-0.618478 -0.0685064 
-0.571075 -0.176113 
-0.465158 -0.313511 
-0.158901 -0.491048 
-0.272835 -0.446853 
-0.25165 -0.456615 
-0.293713 -0.436463 
-0.332926 -0.414716 
0.585705 -0.137897 
-0.313483 -0.425878 
-0.351352 -0.403399 
-0.133684 -0.498279 
-0.108259 -0.504714 
-0.206709 -0.474908 
-0.182929 -0.483345 
-0.229319 -0.466101 
-0.492838 -0.284496 
-0.505709 -0.269602 
-0.540893 -0.223446 
-0.529701 -0.239034 
-0.435344 -0.341024 
-0.450468 -0.327497 
-0.369431 -0.391549 
-0.386642 -0.379527 
-0.479238 -0.299225 
-0.58012 -0.15985 
0.495923 -0.315663 
0.0610239 -0.526723 
0.0312966 -0.525473 
0.00160081 -0.523095 
-0.588675 -0.143203 
-0.0816046 -0.510565 
-0.0547888 -0.515545 
-0.419613 -0.354252 
0.183689 -0.518771 
0.213132 -0.513251 
0.122766 -0.525518 
0.0919563 -0.526782 
0.153377 -0.52287 
0.240934 -0.5065 
0.357571 -0.457112 
0.334911 -0.469958 
0.289545 -0.490565 
0.312261 -0.481026 
0.265492 -0.499157 
0.381724 -0.441154 
0.40493 -0.42322 
0.428342 -0.40201 
0.470659 -0.353277 
0.48777 -0.328631 
0.507382 -0.295977 
0.450251 -0.378696 
0.532469 -0.247046 
0.546406 -0.218044 
0.518163 -0.275852 
0.632307 -0.00406548 
0.60253 -0.1013 
0.577197 -0.155342 
0.561749 -0.186594 
0.593984 -0.120387 
0.610473 -0.0819986 
-0.403486 -0.367004 
-0.026647 -0.519808 
0.626224 -0.033588 
-0.556533 -0.200038 
-0.626547 -0.038684 
-0.63408 0.00194339 
-0.608488 -0.0976779 
-0.600791 -0.11682 
-0.62139 -0.0586278 
-0.262279 -0.451812 
-0.303637 -0.431243 
-0.323246 -0.420369 
-0.34218 -0.409125 
-0.120996 -0.501596 
-0.194852 -0.479218 
-0.240521 -0.461443 
-0.511957 -0.262004 
-0.53535 -0.231277 
-0.546213 -0.215714 
-0.63079 -0.0184905 
-0.457868 -0.320562 
-0.442958 -0.334319 
-0.378081 -0.385601 
-0.486099 -0.291916 
-0.61536 -0.0782891 
-0.523947 -0.246712 
0.0461557 -0.526241 
0.016439 -0.524422 
-0.584468 -0.151562 
-0.0682163 -0.513164 
-0.427529 -0.347698 
0.198448 -0.516202 
0.10737 -0.526319 
0.138089 -0.524372 
0.346342 -0.463715 
-0.575663 -0.168017 
0.300969 -0.485952 
-0.499335 -0.277101 
0.277577 -0.495024 
0.393494 -0.432406 
0.416848 -0.412854 
-0.360436 -0.397541 
0.479407 -0.341092 
0.501746 -0.305878 
0.491893 -0.322177 
0.460693 -0.366184 
0.369791 -0.449354 
0.539438 -0.232544 
0.512852 -0.285958 
-0.592736 -0.134777 
0.569477 -0.170964 
0.58988 -0.129157 
0.58147 -0.146628 
-0.56636 -0.184139 
0.59832 -0.11087 
0.606587 -0.0916834 
0.630592 -0.0139546 
0.620694 -0.053046 
-0.472256 -0.306424 
-0.395111 -0.373328 
-0.411597 -0.360688 
-0.146321 -0.494763 
-0.170944 -0.487288 
0.253261 -0.502986 
0.22708 -0.510061 
-0.283313 -0.441736 
-0.0949548 -0.507748 
-0.218047 -0.470589 
0.323668 -0.475659 
0.0764916 -0.526914 
-0.0407353 -0.517797 
0.168561 -0.521008 
-0.0125363 -0.521574 
0.439525 -0.390574 
0.614111 -0.0723846 
0.554043 -0.202297 
0.525412 -0.261499 
