ZONE T="boundary0"
-4 -1 
-4 0.330947 
-4 0.279913 
-4 -0.23675 
-4 -0.181192 
-4 -0.120381 
-4 -0.0145613 
-4 0.116834 
-4 -0.0674711 
-4 0.172856 
-4 0.399533 
-4 -0.668802 
-4 -0.834401 
-4 1 
-4 0.734059 
-4 -0.312206 
-4 -0.372112 
-4 -0.432018 
-4 0.228878 
-4 -0.55041 
-4 0.468118 
-4 0.0511362 
-4 0.601088 
-4 0.30543 
-4 -0.208971 
-4 -0.150787 
-4 -0.0939259 
-4 0.36524 
-4 0.867029 
-4 -0.274478 
-4 -0.0410162 
-4 -0.402065 
-4 0.144845 
-4 0.0839849 
-4 0.200867 
-4 0.0182874 
-4 -0.491214 
-4 -0.609606 
-4 -0.751602 
-4 -0.917201 
-4 0.667574 
-4 -0.342159 
-4 0.254396 
-4 0.433825 
-4 0.534603 
ZONE T="boundary1"
1.50954 1 
1.95749 1 
-3.14347 1 
-0.319444 1 
4 1 
-1.43203 1 
-1.51151 1 
3.18637 1 
2.90454 1 
1.07884 1 
-0.0598739 1 
0.965465 1 
-3.48287 1 
0.404572 1 
0.351774 1 
3.76833 1 
3.53665 1 
-0.966127 1 
-1.06175 1 
-1.25496 1 
-1.35255 1 
1.75424 1 
-1.8331 1 
-4 1 
-2.21416 1 
-2.4326 1 
2.7339 1 
-3.66479 1 
2.16073 1 
-2.98599 1 
-2.7093 1 
-0.363975 1 
0.13435 1 
0.0753239 1 
0.00772501 1 
-0.45518 1 
-0.408505 1 
-0.501856 1 
-0.595207 1 
-0.689054 1 
-0.782901 1 
0.457873 1 
0.246176 1 
-0.121834 1 
0.298975 1 
0.617773 1 
-0.874514 1 
-1.15737 1 
0.73493 1 
0.852086 1 
1.30896 1 
1.1939 1 
1.40925 1 
2.36199 1 
-1.67047 1 
-1.99573 1 
2.56326 1 
-3.30094 1 
-0.183795 1 
-0.25162 1 
0.193377 1 
0.511173 1 
-1.47177 1 
3.04546 1 
0.378173 1 
3.65249 1 
-1.01394 1 
3.36151 1 
-2.32338 1 
2.81922 1 
-3.8324 1 
-2.57095 1 
0.0415245 1 
-0.38624 1 
-0.548531 1 
-0.735978 1 
0.431223 1 
-0.0908542 1 
-0.0260744 1 
0.325374 1 
0.104837 1 
-0.920321 1 
-1.10956 1 
-0.828708 1 
0.676352 1 
-1.30375 1 
3.88416 1 
-1.20616 1 
1.25143 1 
1.63189 1 
1.3591 1 
2.05911 1 
2.26136 1 
-1.59099 1 
-1.91441 1 
0.908776 1 
2.64858 1 
-3.39191 1 
-2.10494 1 
-1.75179 1 
-3.57383 1 
-3.22221 1 
-2.84765 1 
-3.06473 1 
2.46262 1 
1.85586 1 
-0.152815 1 
-0.217707 1 
-0.64213 1 
-0.34171 1 
0.219776 1 
-0.285532 1 
0.163864 1 
0.272575 1 
-0.478518 1 
-0.431843 1 
0.484523 1 
0.564473 1 
1.02215 1 
-1.39229 1 
0.793508 1 
1.45939 1 
1.13637 1 
ZONE T="boundary2"
4 0.014853 
4 0.131046 
4 0.169778 
4 0.218522 
4 0.19415 
4 0.309544 
4 0.363586 
4 -0.161883 
4 -0.0735149 
4 0.781765 
4 1 
4 -0.227325 
4 -0.260047 
4 -0.423077 
4 0.264033 
4 0.413572 
4 0.463558 
4 0.0923153 
4 0.56353 
4 -0.357923 
4 -0.325345 
4 -0.551988 
4 -0.292768 
4 -0.84045 
4 -0.6809 
4 -1 
4 0.150412 
4 0.206336 
4 0.336565 
4 -0.117699 
4 0.890882 
4 -0.243686 
4 0.181964 
4 0.286788 
4 0.241277 
4 0.438565 
4 0.0535841 
4 0.111681 
4 -0.0293309 
4 0.513544 
4 0.388579 
4 -0.3905 
4 -0.487533 
4 -0.276407 
4 0.672647 
4 -0.194604 
4 -0.341634 
4 -0.309057 
4 -0.616444 
4 -0.920225 
4 -0.760675 
ZONE T="boundary3"
-4 -1 
-3.61987 -1 
-1.46261 -1 
-1.36418 -1 
-0.171285 -1 
0.0530093 -1 
0.115191 -1 
-1.12005 -1 
-1.01555 -1 
-0.911041 -1 
-0.336073 -1 
1.13852 -1 
1.25436 -1 
-0.394943 -1 
-3.32077 -1 
3.78457 -1 
1.80557 -1 
-2.16264 -1 
-1.99483 -1 
3.35372 -1 
3.13829 -1 
1.97672 -1 
2.14788 -1 
-1.82702 -1 
-1.69403 -1 
-3.02166 -1 
-2.68735 -1 
2.70857 -1 
2.42822 -1 
0.184357 -1 
0.253523 -1 
-0.0902285 -1 
-0.224244 -1 
-0.277204 -1 
-0.606125 -1 
-0.500534 -1 
0.411273 -1 
0.500302 -1 
0.58933 -1 
0.69125 -1 
0.79317 -1 
-0.682354 -1 
-0.00917204 -1 
0.332398 -1 
3.56915 -1 
-1.24212 -1 
0.907927 -1 
-0.758583 -1 
-1.62753 -1 
-1.56104 -1 
-2.29382 -1 
1.02268 -1 
1.47167 -1 
1.36301 -1 
1.63862 -1 
-2.42499 -1 
3.46143 -1 
-0.834812 -1 
2.92343 -1 
4 -1 
-3.80994 -1 
-1.41339 -1 
0.0841 -1 
-0.963293 -1 
1.19644 -1 
-3.47032 -1 
-2.07873 -1 
3.246 -1 
2.0623 -1 
-1.76052 -1 
-3.17122 -1 
-2.85451 -1 
2.28805 -1 
0.21894 -1 
-0.130757 -1 
-0.306639 -1 
-0.197765 -1 
-0.250724 -1 
-0.553329 -1 
-0.365508 -1 
-0.447738 -1 
0.544816 -1 
0.455788 -1 
0.74221 -1 
-0.644239 -1 
0.0219186 -1 
0.149774 -1 
-1.0678 -1 
-1.30315 -1 
-1.18108 -1 
-1.91092 -1 
0.850549 -1 
-1.66078 -1 
-1.59429 -1 
-2.22823 -1 
1.0806 -1 
1.41734 -1 
1.30869 -1 
1.55514 -1 
1.72209 -1 
-2.35941 -1 
1.89115 -1 
-2.55617 -1 
3.67686 -1 
-0.0497003 -1 
0.292961 -1 
0.64029 -1 
0.371836 -1 
-0.872926 -1 
-0.720468 -1 
-0.796697 -1 
3.40757 -1 
3.03086 -1 
-1.51182 -1 
0.965306 -1 
3.51529 -1 
2.816 -1 
3.89229 -1 
2.5684 -1 
ZONE T="boundary4"
-0.212368 0.363676 
-0.235018 0.362856 
-0.638754 0.0265335 
-0.639062 0.0471666 
-0.637344 0.00600841 
-0.409168 0.343724 
-0.42495 0.339365 
-0.300059 0.35962 
-0.319764 0.358064 
-0.440494 0.33434 
-0.540242 0.276679 
-0.527097 0.287711 
0.442925 0.336601 
-0.609908 0.181153 
-0.392516 0.347605 
-0.375666 0.350875 
-0.357597 0.353748 
-0.63822 0.0678037 
-0.636183 0.0883721 
-0.633563 0.105313 
-0.630107 0.121984 
0.571906 0.227855 
-0.622708 0.148417 
-0.626689 0.135288 
0.471845 0.320879 
-0.593988 0.211279 
-0.584933 0.225395 
-0.602293 0.196591 
-0.616686 0.165191 
-0.499298 0.306924 
-0.485024 0.315016 
-0.575128 0.238946 
-0.56428 0.25224 
0.483747 0.313373 
0.495333 0.305391 
-0.513454 0.297768 
-0.470371 0.322284 
0.507849 0.295922 
0.616421 0.144191 
0.623628 0.121471 
0.56261 0.240347 
-0.455583 0.328678 
-0.278889 0.360919 
-0.339401 0.356076 
-0.187758 0.364567 
-0.552749 0.264735 
0.633087 0.0607785 
0.631746 0.0211528 
0.628906 0.00137617 
0.580222 0.215693 
0.588064 0.203217 
0.425777 0.344477 
0.381637 0.360701 
0.403842 0.353211 
0.531637 0.27503 
0.542828 0.263611 
-0.257704 0.361945 
0.519911 0.28585 
0.459759 0.327855 
0.160924 0.386124 
-0.0838949 0.369778 
0.279871 0.381447 
0.357937 0.367373 
0.307491 0.377699 
0.19275 0.386376 
0.222451 0.385721 
0.252201 0.384051 
0.55295 0.252236 
-0.163235 0.365537 
0.594981 0.191218 
0.628505 0.100447 
0.631541 0.0806464 
0.607524 0.166133 
0.633147 0.0409108 
0.332756 0.373136 
-0.137262 0.366718 
-0.1114 0.368091 
-0.0565059 0.371675 
-0.0271684 0.373899 
0.00208497 0.376236 
0.0333153 0.378752 
0.0645334 0.381149 
0.0968337 0.383341 
0.129204 0.385068 
-0.223691 0.363271 
-0.639049 0.0368489 
-0.417083 0.341626 
-0.309916 0.35889 
-0.432752 0.33694 
-0.533758 0.282299 
-0.384107 0.349314 
-0.366644 0.352385 
-0.637353 0.078104 
-0.63498 0.0968599 
-0.631942 0.113672 
-0.624769 0.141874 
-0.628469 0.128654 
-0.589559 0.2184 
-0.598243 0.203993 
-0.619817 0.156847 
-0.49222 0.31107 
-0.569804 0.245674 
-0.580126 0.232239 
0.48958 0.309442 
-0.477748 0.318748 
-0.506446 0.302452 
-0.400862 0.345746 
0.620255 0.132903 
-0.61341 0.17322 
-0.463019 0.325574 
-0.289476 0.36031 
-0.348508 0.354976 
-0.520355 0.292845 
-0.20006 0.364116 
-0.558611 0.258577 
-0.638184 0.0162628 
0.584204 0.209493 
0.392787 0.357099 
0.537304 0.26939 
-0.448074 0.331598 
-0.24636 0.362418 
0.434397 0.34064 
0.451396 0.332333 
0.465835 0.324425 
0.41487 0.348997 
0.293699 0.379723 
0.2076 0.386165 
0.237331 0.385022 
0.176833 0.386362 
0.369828 0.364186 
-0.638787 0.0574922 
0.547955 0.257981 
0.557845 0.246344 
-0.546592 0.270807 
0.525842 0.280513 
-0.329589 0.357131 
0.567323 0.23415 
0.630206 0.0905738 
0.633302 0.0508443 
0.62627 0.111005 
0.513941 0.29096 
0.632626 0.0310183 
-0.268297 0.361459 
-0.60621 0.188926 
-0.175493 0.365037 
0.320147 0.375557 
-0.150244 0.366105 
0.34538 0.370407 
-0.124327 0.367379 
-0.0701968 0.370702 
-0.0976429 0.368906 
-0.0418339 0.372767 
-0.0125401 0.375058 
0.266046 0.382883 
0.0489217 0.379974 
0.0176997 0.3775 
0.0806786 0.382292 
0.145058 0.385685 
0.113013 0.384275 
0.6325 0.0707259 
0.630501 0.0112387 
0.601509 0.178803 
0.612179 0.155245 
0.576123 0.221814 
0.591579 0.19725 
0.501647 0.300731 
0.477834 0.317185 
ZONE T="boundary5"
-0.409776 -0.374449 
-0.498654 -0.291101 
0.624703 -0.0182038 
-0.575656 -0.181991 
-0.566307 -0.198049 
-0.485163 -0.30596 
0.619232 -0.0375498 
-0.637344 0.00600841 
-0.634884 -0.0143716 
0.551355 -0.178225 
0.534449 -0.209198 
-0.621685 -0.0742825 
-0.60846 -0.113002 
-0.6155 -0.0937424 
-0.627013 -0.0545298 
-0.631424 -0.0345624 
-0.584499 -0.165663 
-0.29989 -0.444597 
-0.319723 -0.433932 
-0.357666 -0.411243 
-0.375757 -0.399266 
0.586868 -0.113352 
-0.339214 -0.422669 
-0.392957 -0.387113 
-0.164355 -0.499157 
-0.138985 -0.506268 
-0.113406 -0.512546 
-0.278925 -0.45505 
-0.257642 -0.464851 
-0.235193 -0.474351 
0.026673 -0.531725 
-0.425858 -0.361554 
-0.535077 -0.245304 
-0.523631 -0.260688 
-0.55641 -0.213962 
-0.546075 -0.229602 
-0.45658 -0.334509 
-0.441531 -0.348179 
-0.471185 -0.320379 
-0.511398 -0.276095 
-0.188531 -0.491534 
-0.600608 -0.132018 
-0.592846 -0.148972 
0.481721 -0.307312 
-0.00306128 -0.529791 
-0.0314041 -0.526868 
-0.0596546 -0.522919 
0.604882 -0.0756927 
-0.0866081 -0.518189 
0.234749 -0.507651 
0.0872887 -0.531929 
0.0564159 -0.532469 
0.20742 -0.515291 
0.258806 -0.499468 
0.178373 -0.521682 
0.282276 -0.490013 
0.304368 -0.47962 
0.34819 -0.45393 
0.371431 -0.437002 
0.393707 -0.418134 
0.437203 -0.371855 
0.456931 -0.345706 
0.473655 -0.320516 
0.416155 -0.396 
0.32631 -0.467676 
0.493217 -0.287315 
0.504224 -0.266991 
0.568429 -0.147556 
0.577782 -0.1305 
0.596207 -0.0946592 
0.612595 -0.0566822 
0.628906 0.00137617 
-0.212454 -0.483143 
0.148364 -0.526599 
0.117966 -0.529993 
0.519293 -0.238041 
-0.571041 -0.190055 
0.622116 -0.0279191 
-0.636243 -0.00419608 
0.542845 -0.193674 
-0.612082 -0.103409 
-0.629336 -0.0445711 
-0.624461 -0.0644353 
-0.309847 -0.43934 
-0.366758 -0.405323 
-0.329512 -0.428376 
-0.384403 -0.393254 
-0.151698 -0.502816 
-0.12622 -0.509511 
-0.268322 -0.460032 
-0.246455 -0.46969 
-0.417866 -0.368062 
-0.529411 -0.253039 
-0.551295 -0.221816 
-0.561415 -0.20604 
-0.433746 -0.354927 
-0.580142 -0.173862 
-0.49197 -0.298586 
-0.463939 -0.327501 
-0.517578 -0.268441 
-0.618699 -0.0840452 
-0.449109 -0.341402 
0.011798 -0.530904 
-0.0455459 -0.52502 
-0.0731506 -0.520668 
0.0718572 -0.53237 
0.246833 -0.503721 
0.192942 -0.518687 
0.22114 -0.511664 
0.270608 -0.494906 
0.293395 -0.484974 
-0.348484 -0.417025 
-0.633277 -0.024487 
0.359962 -0.445679 
0.38274 -0.427775 
0.447284 -0.358951 
0.477726 -0.313938 
0.465458 -0.333225 
0.405141 -0.407287 
0.337359 -0.46098 
-0.604631 -0.122549 
0.487541 -0.297357 
-0.505089 -0.283651 
0.498774 -0.277183 
0.573128 -0.139038 
0.591607 -0.104039 
0.582365 -0.121945 
0.608852 -0.0662329 
0.616045 -0.0471616 
0.626968 -0.00844922 
-0.54063 -0.237491 
0.600638 -0.0852176 
-0.596802 -0.140529 
0.559896 -0.162886 
-0.478232 -0.313225 
-0.588743 -0.157352 
-0.401415 -0.380845 
-0.176473 -0.495441 
-0.200526 -0.487434 
-0.289449 -0.449905 
0.315428 -0.473814 
-0.223858 -0.478836 
0.0415423 -0.532249 
-0.10003 -0.515481 
0.133188 -0.528484 
0.526824 -0.223591 
0.102641 -0.53114 
-0.0172447 -0.528458 
0.163403 -0.524338 
0.426898 -0.384125 
0.511789 -0.252532 
