ZONE T="boundary0"
-4 -0.295569 
-4 -0.326804 
-4 -0.480191 
-4 -0.419115 
-4 0.0955929 
-4 0.257766 
-4 0.221296 
-4 0.773156 
-4 0.659734 
-4 -0.0052432 
-4 -0.152593 
-4 -0.106079 
-4 0.308095 
-4 1 
-4 -0.602342 
-4 -0.199106 
-4 -0.247337 
-4 -0.35804 
-4 0.184827 
-4 0.452368 
-4 -1 
-4 0.358424 
-4 -0.701756 
-4 -0.801171 
-4 0.546312 
-4 -0.311187 
-4 -0.449653 
-4 0.239531 
-4 0.716445 
-4 -0.129336 
-4 0.28293 
-4 0.886578 
-4 -0.541266 
-4 -0.388578 
-4 0.14021 
-4 0.0451749 
-4 -0.652049 
-4 -0.751463 
-4 -0.900585 
-4 0.405396 
-4 -0.342422 
-4 0.333259 
-4 0.203062 
-4 -0.271453 
-4 -0.223222 
-4 -0.175849 
-4 -0.0556613 
-4 0.49934 
-4 0.603023 
ZONE T="boundary1"
1.34387 1 
-1.26452 1 
-1.19331 1 
0.0546394 1 
0.104441 1 
-3.33916 1 
-3.55937 1 
-0.382138 1 
-1.63265 1 
0.154242 1 
0.306131 1 
-0.00260296 1 
4 1 
3.63705 1 
-0.627914 1 
-0.12628 1 
-0.192715 1 
-1.35655 1 
-2.01846 1 
-4 1 
2.66594 1 
2.46346 1 
2.26098 1 
-2.89696 1 
-3.11894 1 
-2.67499 1 
2.072 1 
1.88301 1 
0.989882 1 
0.230186 1 
-0.0598453 1 
-0.435783 1 
-0.531848 1 
-0.328494 1 
-0.688146 1 
-0.748379 1 
0.746681 1 
0.632593 1 
-0.808611 1 
-0.995469 1 
-1.12209 1 
0.518506 1 
-1.44858 1 
-1.80641 1 
-2.23051 1 
1.11429 1 
0.868281 1 
0.412318 1 
1.66603 1 
1.23869 1 
1.44904 1 
-3.75 1 
2.97002 1 
3.2741 1 
-2.45275 1 
1.55754 1 
-0.260604 1 
-0.868843 1 
3.12206 1 
-1.22891 1 
0.0795401 1 
-3.44926 1 
3.81852 1 
-0.159497 1 
2.5647 1 
-3.00795 1 
1.9775 1 
-0.0930627 1 
-0.483816 1 
-0.408961 1 
-0.355316 1 
-0.0312241 1 
0.129341 1 
0.0260182 1 
-0.579881 1 
-0.718262 1 
0.689637 1 
-1.05878 1 
0.575549 1 
-1.1577 1 
-1.31053 1 
-1.40256 1 
-1.54061 1 
-1.71953 1 
-1.91244 1 
-2.12449 1 
1.05208 1 
0.807481 1 
0.465412 1 
1.17649 1 
1.39646 1 
-3.65469 1 
-3.875 1 
-2.78598 1 
3.45557 1 
2.81798 1 
-3.22905 1 
2.36222 1 
-2.34163 1 
-2.56387 1 
1.50329 1 
1.77452 1 
-0.22666 1 
-0.294549 1 
0.192214 1 
0.359224 1 
0.268159 1 
-0.65803 1 
-0.778495 1 
-0.838727 1 
-0.932156 1 
1.29128 1 
0.929082 1 
1.61178 1 
3.04604 1 
3.19808 1 
2.16649 1 
ZONE T="boundary2"
4 -0.454956 
4 -0.407279 
4 -0.662732 
4 -0.359602 
4 -0.280706 
4 -0.176344 
4 -0.228386 
4 0.215871 
4 0.289937 
4 0.0847964 
4 0.434529 
4 0.588624 
4 0.680845 
4 1 
4 0.150334 
4 0.840423 
4 -0.128064 
4 -0.0797845 
4 0.00250595 
4 -0.558844 
4 0.372656 
4 0.496402 
4 -1 
4 -0.831366 
4 -0.320154 
4 -0.202365 
4 -0.254546 
4 0.252904 
4 0.634734 
4 0.183102 
4 -0.103924 
4 0.0436512 
4 -0.431117 
4 -0.38344 
4 0.331297 
4 0.117565 
4 -0.152204 
4 0.465465 
4 0.403593 
4 0.542513 
4 0.920211 
4 0.760634 
4 -0.915683 
4 -0.0386393 
4 -0.5069 
4 -0.610788 
4 -0.747049 
ZONE T="boundary3"
-3.39309 -1 
-1.29754 -1 
-1.17304 -1 
-1.86649 -1 
-1.70278 -1 
1.0733 -1 
-0.236767 -1 
-0.126104 -1 
-0.0756685 -1 
-1.42205 -1 
3.81649 -1 
1.34134 -1 
-1.56242 -1 
1.68199 -1 
-2.21726 -1 
-2.0302 -1 
1.8671 -1 
3.63298 -1 
3.48705 -1 
2.05221 -1 
2.42966 -1 
-3.04563 -1 
-3.21936 -1 
2.63206 -1 
2.83446 -1 
-2.8853 -1 
-2.72498 -1 
0.629543 -1 
0.727954 -1 
0.868707 -1 
0.198756 -1 
0.128134 -1 
0.427622 -1 
0.261434 -1 
0.324112 -1 
0.479377 -1 
0.531132 -1 
-0.805978 -1 
-0.944422 -1 
0.0575128 -1 
-0.176539 -1 
-0.296995 -1 
-0.363764 -1 
-0.00907785 -1 
-3.69654 -1 
-4 -1 
0.992769 -1 
-0.549033 -1 
-0.430533 -1 
-0.736755 -1 
1.15382 -1 
1.24758 -1 
1.42027 -1 
1.49921 -1 
-1.05873 -1 
3.08778 -1 
2.96112 -1 
3.34111 -1 
-2.40432 -1 
-2.56465 -1 
4 -1 
-0.667533 -1 
-1.23529 -1 
-1.78464 -1 
-0.100886 -1 
-1.49223 -1 
-2.12373 -1 
3.56001 -1 
2.24094 -1 
-1.6326 -1 
-3.13249 -1 
2.73326 -1 
-2.80514 -1 
0.678748 -1 
0.79833 -1 
0.163445 -1 
0.292773 -1 
0.505255 -1 
0.4535 -1 
0.375867 -1 
-0.8752 -1 
-0.151321 -1 
-0.266881 -1 
-0.206653 -1 
0.0242175 -1 
0.0928236 -1 
-3.84827 -1 
0.930738 -1 
-0.489783 -1 
-0.397149 -1 
0.580338 -1 
-0.771367 -1 
1.11356 -1 
1.03303 -1 
1.2007 -1 
1.29446 -1 
1.45974 -1 
-1.00158 -1 
1.5906 -1 
1.38081 -1 
3.02445 -1 
3.21445 -1 
-3.54482 -1 
-1.3598 -1 
1.95966 -1 
1.77455 -1 
2.53086 -1 
-2.31079 -1 
-1.94834 -1 
-2.48448 -1 
3.41408 -1 
2.89779 -1 
-2.96547 -1 
-2.64481 -1 
3.72474 -1 
3.90825 -1 
-0.608283 -1 
0.230095 -1 
-0.330379 -1 
-0.0423732 -1 
-0.702144 -1 
-1.11588 -1 
-3.30622 -1 
ZONE T="boundary4"
-0.625351 0.0215315 
-0.627677 0.0408641 
-0.629193 0.0603833 
-0.286239 0.401659 
-0.266773 0.396803 
0.0599382 0.334138 
0.0914501 0.334413 
-0.24571 0.39091 
-0.305663 0.405752 
-0.629869 0.0800135 
0.404249 0.311667 
-0.627435 0.132193 
-0.623851 0.158131 
-0.620671 0.174811 
0.614501 0.0872953 
-0.6126 0.206662 
-0.605132 0.229403 
-0.596416 0.251379 
-0.582356 0.279995 
0.596774 0.141286 
-0.565507 0.306953 
0.542108 0.223228 
0.584143 0.166127 
-0.376289 0.411783 
-0.359165 0.411812 
-0.525943 0.351868 
-0.489489 0.378969 
-0.472725 0.388141 
0.48353 0.273315 
-0.508227 0.366392 
-0.456524 0.395361 
-0.440021 0.401218 
0.497064 0.26383 
-0.424382 0.405492 
0.560666 0.20125 
0.618712 0.0622641 
0.606997 0.114911 
0.620666 0.0370466 
-0.224538 0.384557 
-0.408638 0.408636 
-0.0671365 0.343649 
-0.131358 0.35716 
-0.110873 0.352206 
-0.151777 0.362622 
0.0273494 0.334703 
-0.392481 0.410738 
0.568941 0.190025 
0.611101 0.101247 
-0.342039 0.410821 
-0.323844 0.408752 
0.439822 0.29756 
-0.170943 0.368138 
-0.0890009 0.347569 
0.461937 0.286393 
0.384917 0.317664 
0.423407 0.304607 
0.551973 0.212031 
0.510147 0.253575 
0.531762 0.233962 
0.620512 0.0117743 
0.618433 -0.0136682 
0.152635 0.336085 
0.182455 0.336865 
0.210907 0.337237 
0.122767 0.335182 
0.239477 0.337002 
0.338826 0.3281 
0.361882 0.323505 
0.314835 0.331716 
0.265113 0.336078 
0.290845 0.334297 
0.602228 0.128225 
-0.629681 0.0996966 
-0.536506 0.341776 
-0.0356831 0.33928 
-0.546493 0.331084 
-0.00448523 0.336367 
-0.190005 0.373892 
-0.207279 0.379227 
0.521173 0.244014 
-0.626615 0.0311877 
-0.628539 0.0506178 
-0.276495 0.399311 
0.0757011 0.334193 
-0.256231 0.393922 
-0.629638 0.0701971 
-0.625842 0.145195 
-0.622345 0.166489 
-0.609032 0.218092 
-0.616949 0.190826 
-0.589727 0.265868 
-0.574284 0.293707 
-0.600944 0.240464 
-0.367735 0.41193 
-0.481204 0.383731 
-0.49901 0.372908 
-0.448333 0.398449 
0.49036 0.268663 
-0.432243 0.403493 
0.616893 0.0748271 
-0.14158 0.359835 
0.0436497 0.334293 
-0.3844 0.411388 
-0.416542 0.407197 
0.564866 0.195683 
0.612893 0.0942932 
-0.350603 0.411439 
-0.332937 0.409911 
-0.314745 0.40736 
0.576823 0.178254 
-0.464697 0.39191 
-0.517253 0.359342 
-0.295939 0.403808 
-0.161369 0.365342 
-0.0999472 0.349802 
0.472864 0.28007 
0.394618 0.314788 
0.413874 0.308268 
0.431658 0.301188 
0.556377 0.206687 
0.503673 0.25879 
-0.400583 0.409821 
0.536995 0.228653 
0.547103 0.217686 
0.619698 -0.000963701 
0.167539 0.336508 
0.196675 0.337112 
0.10711 0.334755 
0.1377 0.335631 
-0.235118 0.387771 
0.350378 0.325944 
0.373436 0.320742 
0.252293 0.336636 
0.590763 0.15386 
0.609139 0.108105 
0.450982 0.292182 
0.620841 0.0244095 
0.604699 0.121598 
0.599585 0.13479 
-0.121126 0.354615 
-0.629884 0.0898587 
-0.628862 0.115974 
0.277981 0.335305 
0.302848 0.333126 
-0.531298 0.346898 
-0.0780786 0.34552 
-0.0514216 0.34128 
0.326845 0.330044 
-0.556329 0.31929 
0.225186 0.337211 
-0.0200852 0.337654 
0.0114339 0.335382 
0.619963 0.0496764 
-0.198644 0.376553 
-0.541571 0.336503 
0.526522 0.239048 
0.515716 0.248857 
-0.180479 0.370991 
-0.215908 0.3819 
ZONE T="boundary5"
0.36711 -0.495221 
0.286095 -0.523119 
0.318278 -0.514065 
-0.566694 -0.152589 
-0.625351 0.0215315 
-0.622246 0.00241232 
0.509743 -0.373819 
-0.589264 -0.105944 
-0.59626 -0.0888047 
0.441986 -0.449302 
-0.581925 -0.122338 
-0.602653 -0.0714444 
-0.618406 -0.0163991 
-0.495405 -0.258967 
-0.415932 -0.341268 
-0.39473 -0.359048 
-0.18785 -0.478317 
-0.209529 -0.46942 
-0.250973 -0.450388 
-0.230945 -0.459928 
-0.1411 -0.495225 
-0.164599 -0.487103 
-0.270728 -0.440315 
-0.289239 -0.430243 
-0.0902619 -0.51033 
-0.115794 -0.503154 
-0.0627828 -0.51716 
-0.00570936 -0.528495 
0.589472 -0.140367 
0.582395 -0.165665 
-0.0351084 -0.52313 
-0.45476 -0.304647 
-0.43571 -0.323335 
-0.549909 -0.181745 
-0.478615 -0.278918 
-0.372856 -0.376012 
-0.608582 -0.0533512 
-0.34143 -0.39822 
-0.357287 -0.387315 
0.614682 -0.0390433 
0.609566 -0.0643418 
-0.324592 -0.409173 
-0.307472 -0.41969 
0.350039 -0.502597 
0.429208 -0.459083 
0.571401 -0.206859 
0.500852 -0.386988 
0.466315 -0.427589 
0.484323 -0.408189 
0.45442 -0.438765 
0.0846845 -0.538752 
0.114593 -0.540026 
0.144486 -0.540187 
0.0238361 -0.532886 
0.0542234 -0.536354 
0.20192 -0.537113 
0.229973 -0.533824 
0.540463 -0.313008 
0.547247 -0.294474 
0.173261 -0.539228 
0.38378 -0.487076 
0.415971 -0.468242 
0.400064 -0.478106 
0.525773 -0.345778 
-0.613823 -0.0350679 
0.492804 -0.397783 
0.532884 -0.330975 
0.576805 -0.18624 
0.603381 -0.0897786 
0.518007 -0.360158 
0.553411 -0.275113 
0.558936 -0.255476 
0.565205 -0.231211 
0.618433 -0.0136682 
0.596556 -0.115128 
-0.513953 -0.234959 
-0.531526 -0.210207 
0.257818 -0.529251 
0.302268 -0.518865 
-0.623896 0.0119577 
-0.592836 -0.0974037 
-0.585661 -0.11417 
-0.62042 -0.00701099 
-0.57453 -0.137573 
-0.405418 -0.35026 
-0.19872 -0.473943 
-0.240991 -0.455225 
-0.220271 -0.464748 
-0.152878 -0.491247 
-0.280017 -0.435339 
-0.103055 -0.506836 
0.585917 -0.153009 
-0.128477 -0.499284 
-0.445329 -0.314086 
-0.260885 -0.445418 
-0.558497 -0.167278 
-0.487112 -0.269027 
-0.383874 -0.367633 
-0.349393 -0.392818 
0.61227 -0.0517191 
-0.425908 -0.332396 
-0.605701 -0.0624243 
-0.316066 -0.414486 
0.334271 -0.508633 
-0.599533 -0.0801518 
0.475524 -0.418083 
0.448269 -0.444113 
0.0996351 -0.539525 
-0.333047 -0.403751 
0.00904617 -0.530813 
0.0390161 -0.534751 
0.215968 -0.535623 
0.54396 -0.303783 
0.15888 -0.539848 
-0.365108 -0.381714 
0.408083 -0.473279 
0.391979 -0.482693 
0.435656 -0.45427 
-0.611289 -0.0442332 
0.488619 -0.403033 
0.505379 -0.380461 
0.496886 -0.39243 
0.422644 -0.463741 
-0.298391 -0.425027 
0.513958 -0.367041 
0.529413 -0.33842 
0.358617 -0.499006 
0.556241 -0.265317 
0.536786 -0.322043 
-0.616206 -0.0257546 
0.56829 -0.219033 
0.574081 -0.196544 
0.579579 -0.175945 
0.375494 -0.491248 
0.460439 -0.433255 
0.593029 -0.127748 
0.600024 -0.102465 
0.521976 -0.353017 
0.606576 -0.0770819 
0.550423 -0.284828 
-0.504806 -0.24706 
-0.522863 -0.22267 
-0.176256 -0.482794 
0.562109 -0.243357 
-0.0204302 -0.525933 
-0.0489684 -0.520252 
0.129541 -0.540249 
0.272001 -0.526374 
-0.0765488 -0.513852 
0.069445 -0.537689 
0.187604 -0.53832 
0.243926 -0.531704 
-0.540891 -0.196087 
-0.466865 -0.291945 
0.616746 -0.0263813 
