ZONE T="boundary0"
-4 -0.356813 
-4 -0.302848 
-4 -0.823593 
-4 -0.0880004 
-4 0.25137 
-4 0.281083 
-4 0.53184 
-4 0.191942 
-4 -0.248884 
-4 -0.168442 
-4 0.310797 
-4 1 
-4 0.76592 
-4 -0.414305 
-4 -0.471798 
-4 -0.647186 
-4 -0.559492 
-4 0.0563029 
-4 0.221656 
-4 0.124123 
-4 0.366057 
-4 -1 
-4 0.158033 
-4 0.421318 
-4 -0.32983 
-4 0.266226 
-4 -0.275866 
-4 -0.128221 
-4 -0.208663 
-4 0.88296 
-4 -0.443051 
-4 -0.603339 
-4 -0.0158488 
-4 0.206799 
-4 0.0902127 
-4 0.236513 
-4 0.338427 
-4 -0.911796 
-4 -0.735389 
-4 0.64888 
-4 0.29594 
-4 0.393688 
-4 0.476579 
-4 -0.385559 
-4 -0.515645 
-4 0.174987 
-4 0.141078 
ZONE T="boundary1"
0.494013 1 
-0.539739 1 
-1.16746 1 
3.74832 1 
3.62248 1 
-1.45698 1 
-1.55901 1 
-2.11514 1 
-2.34707 1 
-2.86679 1 
-4 1 
-3.5235 1 
-3.28177 1 
-2.69355 1 
2.44029 1 
-2.52031 1 
2.63729 1 
2.81528 1 
-0.0376705 1 
0.0278479 1 
-0.0981799 1 
-0.158689 1 
-0.283283 1 
-0.362174 1 
0.165035 1 
0.236703 1 
0.0933668 1 
-0.220986 1 
0.318284 1 
0.399865 1 
0.588161 1 
0.694787 1 
-0.441064 1 
-0.638414 1 
4 1 
1.02145 1 
0.911433 1 
0.801414 1 
1.23891 1 
1.09394 1 
-1.05971 1 
-1.35494 1 
-1.2612 1 
1.16642 1 
1.3114 1 
-1.72111 1 
-1.88321 1 
3.49664 1 
1.69067 1 
1.53206 1 
1.42173 1 
3.3708 1 
3.24496 1 
2.99328 1 
2.04629 1 
-3.04003 1 
1.84929 1 
2.24329 1 
-3.76175 1 
-0.795192 1 
-0.716803 1 
-0.834387 1 
-0.873582 1 
-0.951971 1 
-1.00584 1 
3.6854 1 
-2.2311 1 
-3.40264 1 
-2.78017 1 
2.53879 1 
-0.0049112 1 
-0.128435 1 
-0.0679252 1 
-0.322728 1 
0.200869 1 
-0.252135 1 
-0.189838 1 
0.129201 1 
0.446939 1 
0.541087 1 
-0.490401 1 
-0.589076 1 
0.641474 1 
0.966443 1 
0.748101 1 
0.856424 1 
1.0577 1 
-1.11359 1 
-1.30807 1 
1.20267 1 
-1.64006 1 
-1.40596 1 
-1.508 1 
-1.80216 1 
3.87416 1 
3.55956 1 
1.61137 1 
1.36656 1 
3.30788 1 
3.43372 1 
3.11912 1 
-1.99917 1 
-3.1609 1 
1.76998 1 
2.14479 1 
-3.64263 1 
-3.88088 1 
-2.43369 1 
-2.60693 1 
-0.401619 1 
0.277494 1 
0.0606075 1 
0.359074 1 
-0.853984 1 
-0.81479 1 
-0.755998 1 
-0.677608 1 
-1.03278 1 
-0.978907 1 
-0.912776 1 
-2.95341 1 
2.72628 1 
-1.21433 1 
1.13018 1 
1.27515 1 
1.47689 1 
2.34179 1 
1.94779 1 
2.90428 1 
ZONE T="boundary2"
4 -0.383432 
4 -1 
4 -0.564702 
4 -0.302078 
4 -0.342755 
4 -0.474067 
4 0.447689 
4 0.585767 
4 0.393938 
4 -0.0929787 
4 -0.13924 
4 -0.24379 
4 -0.185502 
4 -0.0109597 
4 0.0710593 
4 0.723844 
4 1 
4 0.303659 
4 0.340188 
4 0.194072 
4 0.163319 
4 0.132566 
4 0.26713 
4 0.230601 
4 -0.782351 
4 -0.322417 
4 -0.428749 
4 0.516728 
4 0.420814 
4 -0.11611 
4 -0.363093 
4 -0.214646 
4 -0.272934 
4 0.0300498 
4 -0.162371 
4 0.861922 
4 0.321924 
4 0.178696 
4 0.101813 
4 -0.519385 
4 -0.0519692 
4 0.654805 
4 0.367063 
4 0.147943 
4 0.285395 
4 0.212337 
4 0.248866 
ZONE T="boundary3"
-3.76595 -1 
-1.65684 -1 
4 -1 
-0.943723 -1 
-1.274 -1 
-0.382639 -1 
-0.833935 -1 
-0.264985 -1 
1.4514 -1 
1.54412 -1 
0.491101 -1 
0.398092 -1 
0.584109 -1 
0.687968 -1 
1.17488 -1 
-1.38785 -1 
-1.05193 -1 
-1.81372 -1 
-2.90126 -1 
-2.75793 -1 
3.66169 -1 
2.64676 -1 
-3.41007 -1 
-3.53189 -1 
2.79944 -1 
3.49254 -1 
3.32338 -1 
2.18526 -1 
3.06141 -1 
-0.125497 -1 
-0.195241 -1 
-0.06129 -1 
0.00291756 -1 
0.266101 -1 
0.332097 -1 
-0.497429 -1 
0.115371 -1 
0.0591447 -1 
0.791827 -1 
0.890579 -1 
0.190736 -1 
1.08211 -1 
0.989332 -1 
1.26678 -1 
1.35868 -1 
-0.723077 -1 
-1.16014 -1 
1.71028 -1 
1.87644 -1 
-0.612219 -1 
-4 -1 
-3.28825 -1 
-3.0446 -1 
-1.97061 -1 
2.49409 -1 
-2.1779 -1 
-2.57156 -1 
-2.38519 -1 
-3.64892 -1 
-0.323812 -1 
1.49776 -1 
0.444597 -1 
0.636039 -1 
-0.997826 -1 
-2.82959 -1 
3.83085 -1 
-3.47098 -1 
3.40796 -1 
2.93042 -1 
-0.160369 -1 
-0.0291862 -1 
-0.0933937 -1 
0.299099 -1 
0.365094 -1 
0.537605 -1 
0.0872579 -1 
0.0310311 -1 
0.841203 -1 
0.228419 -1 
0.153054 -1 
1.1285 -1 
1.03572 -1 
1.31273 -1 
-0.888829 -1 
-0.778506 -1 
0.739898 -1 
1.40504 -1 
-0.440034 -1 
-1.10603 -1 
1.79336 -1 
-0.554824 -1 
1.22083 -1 
1.6272 -1 
3.57711 -1 
-1.21707 -1 
2.03085 -1 
-3.34916 -1 
-2.97293 -1 
-3.16642 -1 
3.19239 -1 
-1.52235 -1 
-1.89217 -1 
-1.73528 -1 
2.33967 -1 
-2.07426 -1 
2.7231 -1 
-2.28155 -1 
2.57042 -1 
-3.70743 -1 
0.939955 -1 
-0.230113 -1 
-0.667648 -1 
-3.88297 -1 
-1.33093 -1 
-2.47838 -1 
-3.59041 -1 
-2.66474 -1 
ZONE T="boundary4"
-0.0605308 0.526751 
-0.379571 0.442488 
-0.541696 0.286482 
0.0735144 0.497519 
0.0993044 0.487097 
-0.355556 0.457027 
-0.330841 0.470353 
-0.033029 0.523992 
-0.00587009 0.519677 
0.642205 0.0174709 
0.650794 -0.0345937 
-0.524747 0.309716 
-0.62684 0.0684445 
-0.618457 0.118194 
-0.600967 0.17446 
-0.593424 0.192924 
-0.582049 0.217492 
-0.57017 0.240272 
-0.628456 0.0438833 
-0.628361 0.0196235 
-0.55729 0.262479 
-0.226129 0.510534 
0.274356 0.375961 
0.300317 0.355458 
0.57532 0.134423 
0.555066 0.154917 
-0.425297 0.409969 
-0.402828 0.42679 
-0.44691 0.39209 
-0.467747 0.37308 
-0.305483 0.482414 
-0.171327 0.522083 
-0.143654 0.525583 
-0.279518 0.49317 
-0.253058 0.502553 
-0.0881354 0.52793 
-0.115907 0.527538 
0.020959 0.513814 
-0.611724 0.143183 
-0.50655 0.332088 
-0.487611 0.353105 
0.609486 0.090441 
0.0474289 0.50642 
0.40675 0.271895 
0.249457 0.395176 
0.326193 0.334875 
0.509906 0.193427 
0.533598 0.174115 
0.433642 0.251336 
0.459704 0.23163 
0.48558 0.212146 
0.124699 0.475229 
0.224244 0.413858 
0.199439 0.431189 
0.149787 0.461932 
0.174705 0.447212 
0.647843 -0.00837475 
0.62293 0.0670669 
0.63388 0.0426819 
0.649647 -0.0214122 
-0.198878 0.517051 
0.593479 0.113021 
0.35299 0.313672 
0.379788 0.292719 
-0.623505 0.0932477 
0.0864741 0.492486 
-0.343281 0.463846 
-0.01942 0.52203 
-0.597289 0.18373 
-0.576236 0.228949 
-0.587891 0.205281 
-0.628622 0.0317539 
-0.563858 0.25145 
0.287357 0.365731 
0.565369 0.14485 
-0.549656 0.274586 
-0.414165 0.418516 
-0.436212 0.40116 
-0.457444 0.382712 
-0.318237 0.476545 
-0.391295 0.434782 
-0.157513 0.524024 
-0.239645 0.506723 
-0.0743244 0.527537 
-0.266348 0.498035 
-0.102023 0.52793 
-0.129793 0.526754 
-0.62786 0.0561791 
-0.49721 0.342714 
0.0605292 0.502153 
0.261942 0.385617 
0.313259 0.345164 
0.521843 0.183882 
0.446668 0.24146 
-0.533377 0.298212 
0.420191 0.261593 
0.497789 0.202841 
0.544459 0.16466 
0.0342427 0.510307 
0.112072 0.481331 
-0.4778 0.363214 
0.236902 0.404596 
0.162321 0.454713 
0.187142 0.439323 
0.645359 0.00462542 
0.628714 0.0550185 
0.650303 -0.0279949 
0.648828 -0.0148811 
-0.185135 0.519755 
-0.292569 0.48796 
0.00758363 0.516939 
0.137316 0.468736 
0.61649 0.0789226 
-0.515793 0.32102 
-0.367653 0.449907 
-0.212545 0.513976 
-0.0467604 0.525569 
0.211904 0.422625 
0.584615 0.123911 
0.366381 0.303167 
0.339585 0.324252 
-0.62538 0.0808753 
-0.621183 0.105763 
-0.615284 0.130742 
-0.606632 0.158921 
0.638369 0.0301893 
0.393264 0.282282 
0.472655 0.221893 
0.601738 0.101919 
ZONE T="boundary5"
0.24092 -0.443105 
0.21278 -0.445203 
0.379735 -0.414257 
0.352486 -0.42278 
-0.602843 -0.0952131 
-0.592879 -0.116599 
-0.553758 -0.177002 
-0.537806 -0.195801 
-0.617976 -0.0507498 
0.650794 -0.0345937 
-0.611214 -0.0732581 
-0.568296 -0.15752 
-0.581343 -0.137392 
0.638021 -0.139692 
-0.482467 -0.247951 
-0.502064 -0.231286 
-0.0652674 -0.419894 
-0.229988 -0.374919 
-0.254313 -0.366558 
-0.299927 -0.349448 
-0.321213 -0.340727 
-0.0377282 -0.425481 
-0.0929936 -0.413694 
-0.120579 -0.406971 
-0.176089 -0.391796 
-0.203111 -0.383608 
-0.148403 -0.399639 
0.156633 -0.446395 
0.128664 -0.445634 
0.0729462 -0.441702 
-0.520539 -0.213897 
0.619476 -0.191119 
-0.529305 -0.204964 
-0.461738 -0.263863 
-0.439819 -0.279001 
-0.392608 -0.306903 
-0.367478 -0.319745 
-0.278494 -0.357737 
0.297009 -0.435512 
0.268989 -0.439906 
0.613819 -0.203854 
-0.628361 0.0196235 
0.184697 -0.446274 
0.607837 -0.216417 
-0.344474 -0.330559 
0.100772 -0.444053 
0.0452312 -0.438636 
0.0175251 -0.434884 
-0.0100468 -0.430502 
-0.416778 -0.293322 
0.324871 -0.429835 
0.406488 -0.404177 
0.457785 -0.379108 
0.481741 -0.364187 
0.525892 -0.329307 
0.504633 -0.347478 
0.432556 -0.392483 
0.545758 -0.30939 
0.563876 -0.287989 
0.650366 -0.0741746 
-0.62657 -0.00426779 
0.594771 -0.241231 
0.629595 -0.165521 
0.648997 -0.0873765 
0.651134 -0.061 
0.644556 -0.113645 
-0.6231 -0.0277485 
0.580174 -0.26523 
0.226859 -0.444287 
0.366168 -0.418706 
-0.598052 -0.105994 
-0.545924 -0.186522 
-0.57499 -0.147565 
-0.492369 -0.23974 
-0.242169 -0.370794 
-0.310592 -0.345143 
-0.106803 -0.410397 
-0.189618 -0.387763 
-0.162264 -0.395781 
0.142644 -0.446121 
-0.511414 -0.222711 
-0.533589 -0.200413 
-0.450872 -0.271569 
-0.524953 -0.20946 
-0.380101 -0.313441 
-0.28923 -0.353644 
-0.472202 -0.256038 
0.283022 -0.437863 
-0.6148 -0.0620641 
-0.356014 -0.325237 
-0.587293 -0.127095 
-0.0791466 -0.416861 
0.114711 -0.444943 
0.0590773 -0.440256 
0.0313654 -0.436842 
0.170664 -0.446449 
0.198742 -0.445861 
-0.428381 -0.286296 
-0.0515132 -0.422757 
0.338723 -0.426484 
0.310973 -0.432838 
-0.0239025 -0.428065 
-0.332875 -0.335718 
0.393186 -0.409416 
0.469896 -0.371861 
0.515439 -0.3386 
0.445284 -0.38601 
0.536026 -0.31955 
-0.134509 -0.403369 
0.555036 -0.298875 
-0.627679 0.00766341 
0.601476 -0.228916 
0.610869 -0.210156 
-0.266424 -0.362207 
0.634018 -0.152675 
0.61669 -0.197506 
0.624719 -0.178393 
0.00372535 -0.43277 
0.419615 -0.398537 
-0.404763 -0.30024 
0.25497 -0.441648 
0.649755 -0.0807826 
0.650826 -0.0675911 
0.647048 -0.100555 
0.651284 -0.0477896 
0.493344 -0.356049 
0.0868495 -0.44297 
0.641529 -0.126728 
-0.625047 -0.0160382 
-0.607227 -0.0843102 
-0.561184 -0.167378 
-0.620747 -0.0392946 
-0.21657 -0.379327 
0.587679 -0.253357 
0.572251 -0.276771 
