ZONE T="boundary0"
-4 -0.439959 
-4 -0.267231 
-4 0.113665 
-4 0.268138 
-4 0.645314 
-4 0.32115 
-4 -0.322852 
-4 0.822657 
-4 1 
-4 0.0367698 
-4 -0.0401251 
-4 0.215127 
-4 0.164396 
-4 0.387403 
-4 0.453655 
-4 0.549485 
-4 -0.381406 
-4 -0.544369 
-4 -0.211609 
-4 -0.125867 
-4 -0.648779 
-4 -1 
-4 -0.824389 
-4 -0.295042 
-4 0.911329 
-4 -0.00167762 
-4 0.241633 
-4 0.420529 
-4 0.294644 
-4 0.354276 
-4 0.5974 
-4 0.50157 
-4 -0.23942 
-4 -0.168738 
-4 -0.410682 
-4 -0.352129 
-4 -0.0829961 
-4 -0.596574 
-4 -0.492164 
-4 0.733986 
-4 -0.912195 
-4 -0.736584 
-4 0.13903 
-4 0.0752173 
-4 0.189761 
ZONE T="boundary1"
-3.45942 1 
4 1 
3.75 1 
0.773613 1 
0.062409 1 
0.0194032 1 
0.28548 1 
0.363226 1 
0.987236 1 
0.880425 1 
0.156574 1 
0.207734 1 
-0.706151 1 
3.20071 1 
3.47536 1 
-1.2967 1 
-1.18046 1 
-3.8014 1 
-4 1 
1.21046 1 
1.09885 1 
2.64154 1 
-2.30232 1 
-2.06008 1 
-1.81785 1 
2.92113 1 
-2.66196 1 
-3.31605 1 
-0.339689 1 
-0.392604 1 
-0.0360102 1 
-0.162641 1 
-0.233858 1 
-0.0914236 1 
0.105415 1 
0.475093 1 
0.58696 1 
-0.888167 1 
-0.286773 1 
-0.445519 1 
0.680287 1 
-0.575835 1 
-0.827495 1 
-1.06465 1 
1.46497 1 
1.33772 1 
-1.51417 1 
-1.6154 1 
-1.41294 1 
1.54582 1 
-2.84563 1 
-2.48214 1 
-3.0293 1 
2.19002 1 
1.98919 1 
1.62666 1 
1.78835 1 
2.41578 1 
-3.6028 1 
-0.94884 1 
2.78133 1 
2.3029 1 
3.875 1 
0.0409061 1 
0.324353 1 
0.933831 1 
0.182154 1 
0.246607 1 
3.33804 1 
-1.23858 1 
-3.9007 1 
1.15466 1 
-2.1812 1 
-1.93897 1 
-0.366146 1 
-0.19825 1 
-0.127032 1 
0.130994 1 
0.419159 1 
0.531026 1 
0.0839118 1 
-0.00830352 1 
-0.0637169 1 
-0.313231 1 
0.72695 1 
0.633623 1 
-0.766823 1 
-1.12256 1 
0.827019 1 
1.04304 1 
1.40134 1 
-1.56478 1 
-1.46356 1 
-1.71662 1 
-1.35482 1 
1.27409 1 
1.50539 1 
-2.39223 1 
-2.57205 1 
2.0896 1 
1.70751 1 
-2.7538 1 
-2.93746 1 
1.88877 1 
3.61268 1 
1.58624 1 
-3.7021 1 
-0.419061 1 
-0.260316 1 
-0.857831 1 
-0.918504 1 
-1.00675 1 
2.71144 1 
2.85123 1 
2.35934 1 
2.24646 1 
-3.53111 1 
-0.510677 1 
-0.640993 1 
2.52866 1 
-3.38774 1 
3.06092 1 
-3.17267 1 
ZONE T="boundary2"
4 -0.326147 
4 -0.414252 
4 -0.296469 
4 -0.26679 
4 -0.130611 
4 1 
4 -0.0439006 
4 0.13941 
4 0.0428101 
4 0.472968 
4 -0.625636 
4 0.604726 
4 0.736484 
4 -0.748917 
4 -0.237111 
4 -0.207432 
4 0.351489 
4 0.253288 
4 0.0911102 
4 -1 
4 0.196349 
4 0.302389 
4 -0.502356 
4 -0.3702 
4 -0.281629 
4 0.868242 
4 -0.222272 
4 -0.311308 
4 -0.169022 
4 -0.25195 
4 -0.000545256 
4 -0.0872559 
4 0.412229 
4 0.11526 
4 0.670605 
4 0.538847 
4 -0.874458 
4 0.224818 
4 0.277838 
4 0.16788 
4 0.326939 
4 0.0669602 
4 -0.458304 
4 -0.563996 
4 -0.687276 
ZONE T="boundary3"
-0.486786 -1 
-0.351859 -1 
1.52416 -1 
-0.00441235 -1 
0.682696 -1 
2.22554 -1 
-1.32462 -1 
-3.63134 -1 
-3.26269 -1 
-2.43993 -1 
-1.72272 -1 
-3.0527 -1 
-2.84272 -1 
2.50186 -1 
-2.24791 -1 
2.01948 -1 
0.478237 -1 
0.576127 -1 
-0.582425 -1 
-0.216012 -1 
-0.283936 -1 
-0.144897 -1 
-0.0737811 -1 
0.138459 -1 
0.0649564 -1 
0.211961 -1 
-0.678064 -1 
1.09769 -1 
1.19127 -1 
0.789265 -1 
1.00412 -1 
0.896692 -1 
0.296154 -1 
-0.738662 -1 
1.35296 -1 
-0.920458 -1 
-0.799261 -1 
3.58781 -1 
3.79391 -1 
4 -1 
-4 -1 
-1.23757 -1 
-1.15051 -1 
3.24325 -1 
3.41553 -1 
-1.03548 -1 
-2.64132 -1 
-2.0559 -1 
-1.83378 -1 
1.66879 -1 
1.81342 -1 
2.64002 -1 
3.01071 -1 
2.89444 -1 
-1.46814 -1 
-1.61166 -1 
-1.39638 -1 
2.77817 -1 
0.380347 -1 
0.842979 -1 
-0.419322 -1 
-3.44702 -1 
-2.94771 -1 
2.3637 -1 
0.527182 -1 
-0.249974 -1 
-0.109339 -1 
0.101708 -1 
-0.0390967 -1 
0.030272 -1 
0.17521 -1 
-0.630244 -1 
1.14448 -1 
0.735981 -1 
0.629411 -1 
0.950406 -1 
-0.708363 -1 
1.27211 -1 
-0.85986 -1 
3.89695 -1 
3.69086 -1 
1.43856 -1 
-1.19404 -1 
3.32939 -1 
3.50167 -1 
-3.81567 -1 
-1.09299 -1 
-3.1577 -1 
-2.74202 -1 
-1.28109 -1 
-1.94484 -1 
1.59647 -1 
2.12251 -1 
1.91645 -1 
-2.54062 -1 
2.95258 -1 
-2.34392 -1 
3.12698 -1 
-1.5399 -1 
-1.3605 -1 
-1.43226 -1 
-1.66719 -1 
-1.77825 -1 
2.7091 -1 
2.57094 -1 
-0.534605 -1 
-0.317897 -1 
-0.180455 -1 
0.429292 -1 
0.33825 -1 
0.254058 -1 
2.83631 -1 
0.869836 -1 
1.05091 -1 
0.816122 -1 
-0.97797 -1 
-0.768962 -1 
-2.15191 -1 
1.7411 -1 
ZONE T="boundary4"
-0.511738 0.296992 
-0.636695 0.00446933 
0.62807 0.0277998 
-0.400559 0.398917 
-0.420147 0.384324 
-0.583015 0.191235 
-0.572924 0.209477 
-0.210705 0.493608 
-0.236062 0.484983 
0.639663 -0.0294624 
0.637959 -0.0150028 
-0.613534 0.121954 
-0.635015 0.0277734 
-0.631838 0.0512599 
-0.627182 0.0748298 
-0.621065 0.0984404 
-0.594424 0.168448 
-0.608099 0.136652 
-0.562211 0.227369 
-0.550957 0.244845 
-0.539118 0.261937 
-0.476711 0.334803 
-0.525782 0.279731 
-0.458137 0.352423 
-0.439158 0.368999 
-0.381871 0.411809 
-0.362744 0.424049 
-0.343925 0.435219 
-0.324749 0.445771 
-0.304088 0.45626 
0.56577 0.143084 
-0.283085 0.466045 
-0.494557 0.316373 
-0.131718 0.513948 
-0.0767033 0.522608 
-0.0202844 0.526905 
-0.0487917 0.525317 
0.0661887 0.524122 
0.534859 0.183807 
-0.259743 0.475941 
0.550485 0.16353 
0.635463 -0.000682092 
0.604357 0.083078 
0.592769 0.103156 
0.466077 0.27454 
0.484124 0.250434 
0.423602 0.328029 
0.445192 0.301576 
0.400334 0.354498 
0.375875 0.37982 
0.580169 0.12265 
0.502121 0.22639 
0.518449 0.204999 
0.0951958 0.520439 
0.153873 0.508211 
0.182888 0.499535 
0.211781 0.488943 
0.632162 0.0136035 
0.61129 0.0695609 
0.617622 0.055749 
-0.185051 0.501271 
-0.158498 0.50812 
-0.104284 0.518818 
0.124788 0.515112 
0.00820508 0.527279 
0.0368989 0.526392 
0.240437 0.476309 
0.296753 0.444349 
0.268964 0.461389 
0.32391 0.425036 
0.350317 0.403483 
-0.410422 0.391713 
-0.57805 0.200401 
-0.223424 0.489415 
0.638911 -0.0222208 
-0.633607 0.0395411 
-0.624293 0.0866792 
-0.601538 0.152669 
-0.610878 0.129326 
-0.567642 0.218468 
-0.556655 0.236153 
-0.545112 0.253443 
-0.588853 0.179908 
-0.63604 0.0161347 
-0.532538 0.2709 
-0.467516 0.343711 
-0.429726 0.376753 
-0.448731 0.360807 
-0.35338 0.429711 
-0.314463 0.451104 
-0.293628 0.461241 
-0.334379 0.440573 
-0.37236 0.418011 
-0.485733 0.325684 
-0.0345464 0.52626 
-0.271459 0.471099 
-0.518846 0.288431 
0.558183 0.153348 
-0.629685 0.0630793 
0.636809 -0.00782535 
-0.503257 0.306779 
0.598703 0.0931979 
-0.391271 0.405444 
0.475124 0.262505 
0.434501 0.314887 
0.388268 0.367317 
0.412107 0.341386 
0.586578 0.112974 
0.573059 0.13293 
0.526646 0.194397 
0.542693 0.173684 
0.0807152 0.522461 
0.168444 0.504088 
0.633909 0.00648303 
0.607894 0.076356 
0.614535 0.0626916 
0.63021 0.0207285 
0.623195 0.0419046 
-0.247943 0.480568 
-0.171807 0.504822 
-0.197914 0.497559 
-0.118025 0.516517 
-0.0905123 0.520849 
-0.0627611 0.524103 
0.110028 0.517975 
0.139379 0.511865 
0.51026 0.215674 
-0.145136 0.511162 
0.022557 0.526997 
0.0515574 0.525433 
0.197417 0.494464 
0.226212 0.482859 
0.493102 0.238395 
-0.00604168 0.527245 
0.283004 0.453107 
0.310495 0.434922 
0.337288 0.414474 
0.254827 0.469091 
0.363272 0.391842 
-0.617462 0.110249 
0.455709 0.288115 
ZONE T="boundary5"
-0.632674 -0.0638913 
-0.635534 -0.0414294 
-0.549437 -0.229974 
-0.561547 -0.216611 
-0.636871 -0.0186195 
-0.628279 -0.0859844 
-0.636695 0.00446933 
-0.614863 -0.128749 
-0.622351 -0.107601 
0.636322 -0.101332 
0.6334 -0.115511 
-0.605816 -0.149338 
-0.584596 -0.186315 
0.568625 -0.252131 
-0.520778 -0.25667 
-0.257947 -0.360186 
-0.231774 -0.365121 
-0.205598 -0.369794 
-0.0705672 -0.391364 
-0.282348 -0.355266 
0.010994 -0.402188 
-0.0434563 -0.39521 
-0.17868 -0.374394 
-0.460694 -0.296673 
-0.481928 -0.284502 
-0.0162499 -0.398839 
-0.151776 -0.37883 
0.639663 -0.0294624 
-0.502003 -0.271144 
-0.393354 -0.325682 
0.472351 -0.34052 
0.446324 -0.355302 
-0.535466 -0.243762 
0.629776 -0.129598 
-0.329086 -0.344603 
-0.306701 -0.34995 
-0.351362 -0.33873 
-0.37246 -0.332541 
-0.438116 -0.307813 
-0.415979 -0.317262 
0.509039 -0.314524 
-0.595237 -0.169261 
0.583595 -0.230266 
0.121295 -0.411547 
0.149318 -0.412488 
0.595098 -0.211139 
0.6057 -0.191203 
0.0383901 -0.405208 
0.0935416 -0.409966 
0.0658581 -0.407822 
0.205797 -0.41205 
0.177397 -0.41269 
0.291555 -0.403957 
0.234204 -0.410467 
0.262904 -0.407803 
0.320241 -0.398783 
0.348921 -0.392122 
0.432895 -0.361966 
0.405545 -0.373795 
-0.572962 -0.20254 
0.48489 -0.332393 
0.377385 -0.383849 
0.497149 -0.323717 
0.616409 -0.16778 
0.625517 -0.14346 
0.53153 -0.29465 
0.520506 -0.304836 
0.56067 -0.262527 
0.542184 -0.283869 
0.639973 -0.07272 
0.638519 -0.0870775 
0.640559 -0.0439285 
0.640657 -0.0583513 
-0.097664 -0.387332 
-0.124715 -0.383152 
-0.634297 -0.0526849 
-0.555582 -0.223374 
-0.636394 -0.0300358 
-0.630672 -0.0749764 
-0.636972 -0.00707359 
-0.6188 -0.118244 
0.634949 -0.10844 
-0.244868 -0.36269 
-0.270156 -0.357768 
-0.0570154 -0.393312 
-0.192142 -0.372116 
-0.471409 -0.290759 
-0.165231 -0.37663 
0.459479 -0.348159 
-0.528215 -0.250323 
0.631672 -0.122576 
-0.511518 -0.264072 
-0.317908 -0.347335 
-0.361934 -0.335713 
-0.427107 -0.312677 
-0.542551 -0.236969 
-0.590056 -0.177875 
-0.294536 -0.352663 
-0.404713 -0.321596 
-0.340243 -0.341738 
-0.49208 -0.277995 
0.135303 -0.412105 
0.600533 -0.201242 
0.0246869 -0.403745 
0.0796948 -0.408959 
0.1916 -0.412482 
0.220008 -0.411383 
-0.382937 -0.329202 
0.334624 -0.39564 
0.41932 -0.368113 
-0.578907 -0.194519 
0.491064 -0.328119 
0.62119 -0.155705 
0.526075 -0.299804 
0.551653 -0.273394 
0.503143 -0.319184 
0.478661 -0.336519 
0.564695 -0.257366 
0.63934 -0.0799084 
0.627725 -0.136553 
0.576293 -0.241324 
0.514826 -0.309743 
0.637512 -0.094219 
0.640211 -0.0366892 
-0.600711 -0.159397 
-0.61053 -0.139127 
0.43964 -0.358694 
0.640411 -0.0655402 
0.640707 -0.0511393 
-0.00263266 -0.400552 
-0.0298574 -0.397056 
0.163357 -0.412687 
0.305929 -0.401539 
0.27725 -0.406033 
-0.218691 -0.367485 
0.0521188 -0.406571 
-0.0841187 -0.389369 
-0.138248 -0.381008 
0.107414 -0.410832 
0.363212 -0.388189 
0.248567 -0.409274 
-0.111192 -0.38526 
-0.567352 -0.209655 
0.589471 -0.220777 
-0.449488 -0.302411 
-0.625509 -0.0968463 
0.61125 -0.179581 
0.536919 -0.28932 
0.391544 -0.379043 
