ZONE T="boundary0"
-4 -0.825843 
-4 -0.258437 
-4 -0.302308 
-4 0.162099 
-4 0.185599 
-4 -0.125011 
-4 0.256098 
-4 0.731399 
-4 0.8657 
-4 0.553277 
-4 0.331493 
-4 0.406887 
-4 0.0200853 
-4 -0.164078 
-4 -0.203145 
-4 1 
-4 -0.230791 
-4 -0.052463 
-4 -0.454271 
-4 -0.400225 
-4 0.232599 
-4 0.209099 
-4 0.091092 
-4 0.293796 
-4 -1 
-4 -0.651687 
-4 -0.346179 
-4 0.480082 
-4 -0.503625 
-4 -0.552979 
-4 -0.280373 
-4 0.173849 
-4 0.79855 
-4 0.642338 
-4 0.36919 
-4 -0.183612 
-4 -0.0887372 
-4 -0.427248 
-4 0.220849 
-4 0.0555886 
-4 0.312644 
-4 -0.912922 
-4 -0.738765 
-4 0.93285 
-4 -0.324244 
-4 -0.373202 
-4 -0.216968 
-4 -0.244614 
-4 -0.144545 
-4 0.197349 
-4 0.126595 
-4 0.244349 
-4 -0.0161889 
-4 0.443485 
-4 0.516679 
-4 -0.528302 
-4 -0.602333 
-4 -0.478948 
-4 0.274947 
ZONE T="boundary1"
-3.5317 1 
1.28185 1 
1.38665 1 
0.857117 1 
0.762988 1 
-1.50824 1 
-1.62942 1 
-1.07886 1 
-1.17618 1 
-0.436358 1 
1.17704 1 
-0.762005 1 
-4 1 
-3.75218 1 
-3.31121 1 
2.70706 1 
-3.10384 1 
-2.5503 1 
-1.97736 1 
2.90265 1 
3.34188 1 
3.67094 1 
3.83547 1 
4 1 
0.134207 1 
0.206162 1 
0.0501101 1 
0.398755 1 
-0.544603 1 
0.526154 1 
0.438968 1 
0.278116 1 
0.358542 1 
-0.328112 1 
-0.147916 1 
-0.220372 1 
-0.012675 1 
0.613339 1 
0.688163 1 
-0.653304 1 
-0.981535 1 
-0.87177 1 
0.989858 1 
1.08345 1 
1.57081 1 
1.47873 1 
-1.25994 1 
-1.3437 1 
1.75496 1 
-1.42597 1 
3.50641 1 
-2.72338 1 
-2.89646 1 
1.93692 1 
-1.75059 1 
-2.20413 1 
2.51147 1 
-0.0754601 1 
2.31517 1 
2.11887 1 
1.33425 1 
0.810052 1 
-1.56883 1 
-3.87609 1 
3.12226 1 
3.91773 1 
0.0921586 1 
-0.49048 1 
0.482561 1 
0.318329 1 
-0.382235 1 
0.242139 1 
-0.184144 1 
-0.274242 1 
0.569746 1 
0.378649 1 
-0.707655 1 
-0.598954 1 
-0.926653 1 
1.03665 1 
0.923487 1 
-0.816888 1 
1.52477 1 
-1.12752 1 
-1.30182 1 
-1.0302 1 
-1.46711 1 
-1.21806 1 
1.43269 1 
3.42414 1 
-2.80992 1 
-3.00015 1 
-3.20752 1 
1.66288 1 
-3.42146 1 
-3.64194 1 
3.58867 1 
-1.86398 1 
3.7532 1 
-2.09075 1 
2.60926 1 
2.80485 1 
-2.37721 1 
-0.0440675 1 
0.0187176 1 
0.418862 1 
0.170184 1 
-0.111688 1 
0.725575 1 
0.650751 1 
1.13025 1 
1.22945 1 
-1.38484 1 
-1.69001 1 
2.21702 1 
-2.63684 1 
2.02789 1 
2.41332 1 
1.84594 1 
ZONE T="boundary2"
4 0.301596 
4 -0.580957 
4 -0.351219 
4 -0.422 
4 -0.198488 
4 -0.319763 
4 0.078499 
4 0.15726 
4 0.323364 
4 0.345133 
4 0.20766 
4 -0.669133 
4 -1 
4 -0.834566 
4 0.499631 
4 0.624724 
4 1 
4 -0.288307 
4 -0.13434 
4 0.422382 
4 -0.070193 
4 0.749816 
4 0.25806 
4 -0.492781 
4 -0.243397 
4 -0.38661 
4 0.117879 
4 0.334249 
4 0.18246 
4 -0.917283 
4 -0.304035 
4 -0.166414 
4 -0.335491 
4 0.461007 
4 -0.102267 
4 0.68727 
4 0.279828 
4 0.00415299 
4 -0.45739 
4 0.562178 
4 0.874908 
4 -0.265852 
4 -0.220942 
4 0.383757 
4 0.31248 
4 0.23286 
4 -0.625045 
4 -0.536869 
4 -0.75185 
ZONE T="boundary3"
-1.18457 -1 
-1.06686 -1 
-1.43471 -1 
-0.405154 -1 
0.396752 -1 
0.495931 -1 
0.106746 -1 
-0.956682 -1 
-0.5786 -1 
-3.38334 -1 
0.171675 -1 
0.236605 -1 
-0.748361 -1 
-0.650213 -1 
1.27665 -1 
3.30738 -1 
1.16407 -1 
1.66846 -1 
-3.21175 -1 
-1.72356 -1 
-1.56713 -1 
2.79995 -1 
3.00149 -1 
-3.77747 -1 
-3.55494 -1 
-2.81944 -1 
2.5984 -1 
3.70467 -1 
4 -1 
-2.10798 -1 
-2.33596 -1 
-2.5777 -1 
2.40014 -1 
-0.0233302 -1 
-0.164404 -1 
-0.506986 -1 
-0.351068 -1 
-0.296982 -1 
-0.093867 -1 
-0.230693 -1 
-0.846508 -1 
0.0417078 -1 
0.316679 -1 
0.595109 -1 
0.705751 -1 
0.816392 -1 
1.0515 -1 
0.933944 -1 
1.39583 -1 
1.51501 -1 
3.557 -1 
-1.87999 -1 
-4 -1 
1.8219 -1 
-1.30228 -1 
2.20189 -1 
2.01189 -1 
3.85233 -1 
3.40934 -1 
3.20542 -1 
-1.12571 -1 
0.446342 -1 
-1.01177 -1 
0.20414 -1 
-0.699287 -1 
-1.64535 -1 
2.90072 -1 
-3.6662 -1 
-3.0156 -1 
2.69918 -1 
-2.45683 -1 
-2.22197 -1 
-2.69857 -1 
-0.324025 -1 
-0.0585986 -1 
-0.197548 -1 
-0.797435 -1 
-0.542793 -1 
0.0742267 -1 
0.00918879 -1 
-0.45607 -1 
-0.614406 -1 
0.276642 -1 
0.356715 -1 
0.54552 -1 
-0.901595 -1 
0.761071 -1 
0.65043 -1 
0.875168 -1 
0.992719 -1 
1.22036 -1 
1.45542 -1 
1.10778 -1 
3.63084 -1 
-1.99398 -1 
-3.88873 -1 
1.74518 -1 
-1.80178 -1 
-1.50092 -1 
1.59174 -1 
-1.36849 -1 
2.10689 -1 
2.30102 -1 
2.49927 -1 
3.7785 -1 
0.139211 -1 
-0.378111 -1 
-0.129135 -1 
-0.263837 -1 
1.33624 -1 
3.48317 -1 
3.2564 -1 
3.10345 -1 
3.35836 -1 
-1.24342 -1 
3.92617 -1 
1.9169 -1 
-3.29755 -1 
-3.46914 -1 
ZONE T="boundary4"
-0.00166683 0.495793 
0.0254773 0.502259 
-0.512255 0.140603 
0.638921 0.182331 
0.638475 0.145832 
-0.41734 0.263432 
-0.561936 0.0307072 
0.623572 0.304512 
0.617427 0.322063 
0.629558 0.0617989 
0.555455 0.415105 
0.543798 0.42591 
0.63853 0.200208 
0.57992 0.387795 
0.566509 0.403659 
-0.571255 -0.00408105 
-0.182825 0.430004 
-0.16549 0.438156 
-0.577755 -0.0393624 
-0.574865 -0.0216921 
0.592107 0.370879 
-0.543162 0.0809555 
-0.536726 0.0950463 
-0.523085 0.121725 
-0.552215 0.0588466 
-0.500714 0.159047 
-0.466444 0.206727 
-0.0738235 0.474493 
-0.0513009 0.481799 
-0.484123 0.18324 
-0.4338 0.245635 
-0.450426 0.226448 
-0.400275 0.280643 
-0.36183 0.315368 
-0.251751 0.393041 
-0.23492 0.402777 
-0.38137 0.298358 
-0.341585 0.331785 
-0.320804 0.347517 
-0.130313 0.453405 
-0.112486 0.4605 
-0.30281 0.36032 
-0.284482 0.372649 
-0.217877 0.412155 
-0.268231 0.383023 
-0.200451 0.421263 
-0.147982 0.445957 
-0.0932369 0.467701 
0.519304 0.44529 
0.500541 0.457733 
0.628182 0.287873 
0.63632 0.110877 
0.0559347 0.508538 
0.6261 0.0456157 
0.621927 0.0295286 
0.636425 0.235722 
0.637716 0.218065 
0.611126 -0.00232152 
0.616943 0.0134886 
-0.0285853 0.488557 
0.478195 0.470409 
0.455314 0.481395 
0.42776 0.4924 
0.531788 0.435915 
0.610054 0.339127 
0.216287 0.52461 
0.183583 0.523714 
0.24902 0.524184 
0.312019 0.519262 
0.342537 0.51469 
0.280297 0.522453 
0.601648 0.355307 
0.632376 0.0781113 
0.6318 0.270842 
0.634518 0.253318 
0.371232 0.508889 
0.400065 0.501398 
0.0866133 0.513832 
0.118705 0.518263 
0.150964 0.521569 
0.0118815 0.499123 
0.63891 0.164081 
0.620654 0.313342 
0.5497 0.420587 
0.573365 0.395855 
-0.566938 0.0134047 
-0.174178 0.434124 
-0.576399 -0.0305128 
-0.539999 0.0880257 
-0.517763 0.131217 
-0.530096 0.108483 
-0.506571 0.149879 
-0.0625849 0.478215 
-0.492559 0.17124 
-0.458515 0.216653 
-0.408884 0.272114 
-0.243362 0.397954 
-0.390906 0.289589 
-0.425644 0.254603 
-0.331258 0.339736 
-0.121417 0.456997 
-0.293686 0.366544 
-0.311849 0.353979 
-0.226424 0.407511 
-0.276385 0.377881 
-0.351777 0.323663 
-0.191661 0.42568 
-0.139166 0.449726 
-0.0835486 0.471149 
-0.209189 0.416755 
-0.260018 0.388077 
0.561062 0.40946 
0.510027 0.45167 
0.626007 0.296229 
-0.102881 0.464152 
0.58618 0.379457 
0.0406801 0.505521 
0.624105 0.037549 
0.638776 0.191271 
-0.475406 0.195076 
-0.573148 -0.0128685 
0.637137 0.226898 
0.619535 0.0214783 
-0.557298 0.0448536 
-0.0151526 0.492272 
0.466844 0.476089 
0.63763 0.128342 
0.441633 0.487138 
0.525604 0.440679 
0.537857 0.43099 
0.61414 0.00554552 
0.232656 0.524568 
0.327306 0.517166 
-0.156756 0.442101 
0.605994 0.347291 
0.627913 0.05369 
0.613893 0.330662 
0.630116 0.279384 
0.633272 0.262098 
0.634608 0.0944648 
0.631043 0.0699426 
-0.442189 0.236108 
0.489482 0.464271 
-0.0399641 0.485247 
-0.547824 0.0699563 
-0.371676 0.30695 
0.356922 0.511975 
0.385703 0.505351 
0.0712518 0.51131 
0.296176 0.521045 
0.413982 0.497114 
0.102639 0.516186 
0.134819 0.52006 
0.19993 0.524322 
0.167263 0.522793 
0.597014 0.363177 
0.638178 0.209139 
0.63556 0.24453 
0.264668 0.523486 
ZONE T="boundary5"
-0.111617 -0.605111 
-0.135228 -0.608061 
-0.581379 -0.0747554 
-0.518303 -0.345872 
-0.529685 -0.323747 
-0.0316253 -0.570951 
-0.0488239 -0.58227 
-0.330671 -0.550034 
-0.348659 -0.537996 
-0.580242 -0.144972 
-0.575867 -0.17871 
-0.582171 -0.110146 
0.0191227 -0.514207 
-0.501367 -0.374968 
-0.442668 -0.453608 
-0.205629 -0.602902 
-0.250964 -0.589893 
-0.272097 -0.581423 
0.568005 -0.0759818 
-0.228306 -0.597287 
-0.182362 -0.606737 
-0.292352 -0.571891 
-0.158813 -0.608528 
-0.0683017 -0.592089 
-0.089325 -0.599763 
-0.397284 -0.499273 
-0.41244 -0.485162 
-0.427842 -0.46969 
-0.48729 -0.396507 
0.578665 -0.0620968 
-0.312259 -0.561167 
-0.0162133 -0.55815 
-0.381643 -0.512771 
-0.365381 -0.525735 
0.500012 -0.134415 
0.474055 -0.148209 
-0.579927 -0.0570766 
-0.577755 -0.0393624 
-0.541575 -0.297534 
-0.55196 -0.27083 
-0.457796 -0.43585 
-0.47223 -0.417459 
0.0492032 -0.443016 
0.0410117 -0.467575 
-0.00293504 -0.544527 
0.00884291 -0.529794 
0.401568 -0.172386 
0.028283 -0.497413 
0.0366073 -0.478931 
0.0580398 -0.411975 
0.0752951 -0.353612 
0.0856429 -0.327173 
0.0668896 -0.380147 
0.326076 -0.184695 
0.354097 -0.180924 
0.102659 -0.294729 
0.124901 -0.264767 
0.148797 -0.241895 
0.173058 -0.22514 
0.377813 -0.177135 
0.431726 -0.164417 
0.298299 -0.188313 
0.544158 -0.101314 
0.604409 -0.0178826 
0.55649 -0.089066 
0.524029 -0.118202 
0.588188 -0.047856 
0.596782 -0.0330646 
0.611126 -0.00232152 
-0.561758 -0.240463 
-0.569709 -0.20985 
0.270849 -0.192488 
0.240081 -0.198841 
0.206289 -0.209301 
0.445845 -0.159749 
0.460086 -0.154322 
0.417438 -0.168503 
-0.123379 -0.606908 
-0.524118 -0.334874 
-0.0400675 -0.576854 
-0.339731 -0.544117 
-0.578354 -0.16188 
-0.581538 -0.127578 
-0.510049 -0.360546 
-0.261592 -0.585822 
-0.170603 -0.607903 
-0.0787004 -0.596231 
-0.0584188 -0.587465 
-0.404927 -0.492289 
-0.494448 -0.385816 
-0.302374 -0.566661 
-0.373575 -0.519334 
0.487209 -0.141647 
-0.321529 -0.55571 
-0.389527 -0.506097 
-0.57893 -0.0482087 
-0.535806 -0.310721 
-0.580741 -0.065909 
-0.282288 -0.5768 
-0.546955 -0.284255 
-0.217015 -0.60031 
-0.45032 -0.444806 
-0.357081 -0.531952 
-0.465105 -0.426728 
0.0452781 -0.455362 
-0.00940596 -0.55151 
0.023867 -0.505908 
0.0388593 -0.473276 
0.0326071 -0.488256 
0.0141487 -0.522119 
0.0801986 -0.34029 
0.0709241 -0.366826 
0.340088 -0.182868 
-0.0237481 -0.564764 
0.00312434 -0.537307 
0.136378 -0.25283 
-0.435331 -0.461721 
0.365964 -0.179124 
0.389713 -0.174898 
0.312179 -0.186476 
0.550427 -0.0952933 
0.573451 -0.0691278 
0.534306 -0.110011 
0.583541 -0.0550521 
0.5926 -0.0405265 
0.600709 -0.0255298 
-0.194031 -0.605063 
-0.420215 -0.477501 
0.607878 -0.010149 
-0.147008 -0.608589 
-0.239695 -0.593791 
-0.100392 -0.60275 
-0.479876 -0.407067 
-0.557089 -0.255722 
-0.56595 -0.225214 
0.284554 -0.190282 
0.255408 -0.195386 
0.0623917 -0.396051 
0.053732 -0.427545 
0.11315 -0.279267 
0.0935865 -0.310647 
-0.573027 -0.194328 
-0.582125 -0.0924435 
0.562357 -0.0826203 
0.512237 -0.126632 
0.452999 -0.157118 
0.424603 -0.166529 
0.467107 -0.151353 
0.40952 -0.17052 
0.438809 -0.162158 
0.160624 -0.233056 
0.189353 -0.216526 
0.223029 -0.203553 
