ZONE T="boundary0"
-4 -1 
-4 -0.332467 
-4 -0.220541 
-4 -0.248522 
-4 -0.276504 
-4 -0.15149 
-4 0.229892 
-4 0.0988864 
-4 0.00979374 
-4 -0.442392 
-4 -0.387429 
-4 -0.534637 
-4 -0.0708483 
-4 -0.813441 
-4 0.450713 
-4 1 
-4 0.772898 
-4 0.545796 
-4 0.143433 
-4 0.355631 
-4 0.313718 
-4 0.659347 
-4 0.403172 
-4 -0.626881 
-4 0.271805 
-4 0.187979 
-4 0.165706 
-4 -0.234531 
-4 -0.41491 
-4 -0.90672 
-4 0.886449 
-4 -0.304485 
-4 -0.359948 
-4 -0.262513 
-4 -0.186015 
-4 -0.111169 
-4 -0.0305273 
-4 0.498254 
-4 0.334674 
-4 0.602571 
-4 0.716122 
-4 0.379402 
-4 -0.580759 
-4 0.292762 
-4 0.208936 
-4 0.12116 
-4 0.250849 
-4 0.0543401 
-4 0.154569 
-4 0.426943 
-4 -0.488514 
-4 -0.720161 
-4 0.176843 
ZONE T="boundary1"
3.81188 1 
4 1 
-0.936655 1 
0.124194 1 
-3.39384 1 
-3.69692 1 
0.425966 1 
-1.16561 1 
3.62375 1 
3.06393 1 
2.88036 1 
-1.47025 1 
-4 1 
-1.92607 1 
-1.75008 1 
-3.16548 1 
-2.30144 1 
-2.50082 1 
2.23139 1 
2.45975 1 
1.79062 1 
-2.71897 1 
-2.93712 1 
-0.171946 1 
-0.211433 1 
-0.0125942 1 
-0.0725268 1 
-0.132459 1 
-0.562094 1 
-0.470497 1 
-0.295167 1 
0.333598 1 
0.24123 1 
-0.661532 1 
0.0557997 1 
0.690026 1 
0.503416 1 
-1.07967 1 
-0.760971 1 
-1.25155 1 
-1.3609 1 
-1.61016 1 
-3.84846 1 
0.910615 1 
1.02204 1 
1.13255 1 
1.64078 1 
1.24306 1 
3.43563 1 
-2.10206 1 
1.49094 1 
1.89683 1 
3.2475 1 
2.00304 1 
2.67005 1 
-0.3789 1 
0.580865 1 
0.799187 1 
1.367 1 
3.90594 1 
-3.54538 1 
3.71781 1 
2.97215 1 
-1.83807 1 
-3.27966 1 
-2.40113 1 
-2.82804 1 
-0.19169 1 
-0.0425605 1 
-0.102493 1 
-0.516295 1 
-0.152203 1 
-0.2533 1 
0.287414 1 
0.182712 1 
0.0899967 1 
0.464691 1 
0.379782 1 
-1.00816 1 
-0.711252 1 
-0.848813 1 
-1.20858 1 
-1.12264 1 
-1.30622 1 
0.0216028 1 
-0.611813 1 
-1.54021 1 
-1.41557 1 
-1.68012 1 
-3.92423 1 
1.0773 1 
1.18781 1 
-2.01407 1 
1.84373 1 
1.7157 1 
1.56586 1 
3.15572 1 
-2.20175 1 
-3.0513 1 
1.94994 1 
2.77521 1 
2.5649 1 
2.34557 1 
-0.337034 1 
-0.424699 1 
0.966329 1 
0.744606 1 
0.54214 1 
0.635445 1 
0.854901 1 
1.30503 1 
1.42897 1 
3.52969 1 
3.34156 1 
2.11722 1 
-2.6099 1 
-3.77269 1 
ZONE T="boundary2"
4 -0.32336 
4 -0.386308 
4 -0.449256 
4 -0.281177 
4 -0.238994 
4 0.354088 
4 0.613771 
4 0.806886 
4 1 
4 -0.154191 
4 -0.196592 
4 -0.648991 
4 -0.824495 
4 -1 
4 -0.0412339 
4 -0.549124 
4 0.025995 
4 0.20078 
4 0.164928 
4 0.236632 
4 0.093224 
4 0.324724 
4 0.485028 
4 0.419558 
4 0.29536 
4 0.710328 
4 0.265996 
4 -0.260085 
4 0.903443 
4 -0.217793 
4 -0.0977125 
4 -0.49919 
4 0.129076 
4 0.339406 
4 0.452293 
4 0.310042 
4 0.5494 
4 0.66205 
4 0.758607 
4 -0.175392 
4 -0.302269 
4 -0.00761946 
4 0.280678 
4 -0.354834 
4 -0.417782 
4 0.386823 
4 0.0596095 
4 0.218706 
4 0.182854 
4 -0.599057 
4 -0.736743 
4 -0.912248 
4 0.251314 
ZONE T="boundary3"
-4 -1 
-3.64924 -1 
-1.53101 -1 
-1.44977 -1 
-0.254426 -1 
1.02447 -1 
1.13584 -1 
-0.878583 -1 
-0.980479 -1 
-1.19719 -1 
-1.08883 -1 
-0.4904 -1 
-0.400326 -1 
-1.61225 -1 
-0.776688 -1 
2.82795 -1 
2.98511 -1 
-3.29848 -1 
1.59428 -1 
2.4282 -1 
3.22984 -1 
-1.99323 -1 
-1.77472 -1 
-2.34226 -1 
-2.21174 -1 
-1.32348 -1 
3.73729 -1 
4 -1 
-2.87497 -1 
-2.7338 -1 
-0.192203 -1 
-0.0664515 -1 
0.0633981 -1 
-0.12998 -1 
0.280444 -1 
0.242763 -1 
0.440896 -1 
0.129719 -1 
-0.0029232 -1 
-0.580475 -1 
0.205082 -1 
0.564648 -1 
0.36067 -1 
0.502772 -1 
2.67079 -1 
1.34446 -1 
1.46937 -1 
1.72219 -1 
1.8501 -1 
-3.01614 -1 
2.01785 -1 
2.18561 -1 
0.913095 -1 
-2.47277 -1 
3.47458 -1 
3.35221 -1 
3.60593 -1 
0.6884 -1 
0.800748 -1 
-3.47386 -1 
-3.82462 -1 
-1.49039 -1 
1.08015 -1 
-0.929531 -1 
-1.14301 -1 
-0.445363 -1 
2.90653 -1 
3.10748 -1 
-1.88398 -1 
-2.277 -1 
-1.26033 -1 
3.86864 -1 
-0.223314 -1 
-0.161091 -1 
0.261604 -1 
0.0965587 -1 
0.0302374 -1 
-0.327376 -1 
-0.0346874 -1 
-0.827636 -1 
-0.678581 -1 
-0.535438 -1 
0.223923 -1 
-1.03466 -1 
-1.38663 -1 
0.471834 -1 
1.24015 -1 
1.53182 -1 
1.78614 -1 
1.40692 -1 
1.93397 -1 
2.3069 -1 
0.968781 -1 
1.65823 -1 
-2.40751 -1 
-2.10249 -1 
2.74937 -1 
-1.69349 -1 
-2.60328 -1 
-2.94555 -1 
-2.80438 -1 
0.167401 -1 
-0.0982157 -1 
0.320557 -1 
3.29103 -1 
3.67161 -1 
3.41339 -1 
2.54949 -1 
0.626524 -1 
0.856922 -1 
0.744574 -1 
3.54025 -1 
-3.15731 -1 
-3.38617 -1 
-3.56155 -1 
-1.57163 -1 
2.10173 -1 
0.400783 -1 
0.53371 -1 
ZONE T="boundary4"
-0.204135 0.366048 
-0.22747 0.361593 
-0.637031 -0.00569978 
-0.13213 0.379101 
-0.106702 0.383498 
-0.533047 0.24192 
-0.518643 0.25412 
-0.368111 0.328593 
-0.350341 0.333754 
-0.63608 0.0371448 
-0.633538 0.0584857 
-0.33138 0.338823 
-0.637227 0.0157109 
-0.470072 0.286681 
-0.486638 0.276857 
-0.271781 0.352636 
-0.629558 0.0796495 
-0.624124 0.100471 
-0.600192 0.157929 
-0.61975 0.113941 
-0.419773 0.310565 
-0.402863 0.317048 
-0.608917 0.140618 
-0.614657 0.127408 
-0.59094 0.173713 
-0.570242 0.202753 
-0.580986 0.188571 
-0.558967 0.216031 
-0.546813 0.228876 
-0.453449 0.295461 
-0.436766 0.303347 
-0.385754 0.323 
-0.312343 0.343537 
-0.29208 0.34822 
0.63506 0.0960164 
0.637039 0.0786214 
-0.249629 0.357211 
-0.0812603 0.387768 
-0.0546389 0.392068 
-0.0279824 0.396157 
0.465555 0.34681 
0.447031 0.357153 
-0.156468 0.374789 
0.405982 0.375878 
0.383553 0.384058 
-0.502933 0.265966 
0.63369 0.00971455 
-0.18081 0.370378 
0.602005 0.197573 
0.358222 0.391819 
0.0572912 0.407146 
0.0280927 0.403814 
0.428099 0.366448 
0.48362 0.335351 
0.118004 0.412191 
0.149521 0.413599 
0.214912 0.413265 
0.18219 0.414025 
0.304995 0.403771 
0.277197 0.407995 
0.0865917 0.40993 
0.332726 0.398227 
0.556378 0.269092 
0.631982 0.113383 
0.627903 0.130443 
0.612401 0.175078 
0.621363 0.151753 
0.636225 0.0268278 
0.637623 0.0439671 
0.637896 0.0612663 
0.246028 0.411306 
1.73739e-05 0.400162 
0.57307 0.246737 
0.501062 0.322782 
0.520149 0.306993 
0.538175 0.289662 
0.58853 0.222388 
-0.215806 0.363837 
-0.119419 0.381314 
-0.52593 0.24812 
-0.35924 0.331224 
-0.636824 0.026437 
-0.634986 0.0478362 
-0.478419 0.281876 
-0.627023 0.0901081 
-0.622016 0.107232 
-0.411345 0.313876 
-0.611867 0.134048 
-0.617285 0.120705 
-0.595687 0.165892 
-0.575715 0.195739 
-0.604696 0.149345 
-0.564694 0.209469 
-0.631729 0.0691017 
-0.552975 0.222535 
-0.445149 0.299492 
-0.461812 0.291168 
-0.39433 0.320087 
-0.321871 0.34122 
-0.281936 0.350457 
-0.376951 0.325854 
-0.428304 0.307036 
0.636187 0.0873345 
-0.238553 0.359422 
-0.0939841 0.38565 
-0.0413152 0.394142 
0.456364 0.352107 
-0.144301 0.376957 
-0.540021 0.235494 
0.39482 0.380112 
-0.637293 0.00500412 
-0.510874 0.260156 
-0.30222 0.345915 
-0.192475 0.368226 
0.370939 0.388107 
0.0426847 0.405543 
-0.26071 0.35495 
0.437625 0.361922 
0.47467 0.34121 
0.417106 0.371316 
0.133757 0.413009 
0.198555 0.413802 
0.29112 0.406037 
-0.0679534 0.389942 
0.318894 0.401168 
0.633654 0.104723 
0.624815 0.141153 
-0.340873 0.336336 
0.635098 0.0182504 
0.637065 0.0353859 
0.637901 0.0526145 
0.617085 0.163494 
0.60738 0.186407 
-0.586072 0.181216 
0.345513 0.395179 
-0.168641 0.372596 
0.0719343 0.408613 
0.102291 0.41116 
0.23048 0.412444 
0.0140487 0.402037 
-0.0139883 0.3982 
0.564948 0.258082 
0.261632 0.409827 
0.637608 0.0699508 
0.630066 0.121942 
-0.494862 0.271525 
0.492436 0.329199 
0.51075 0.315062 
0.529327 0.298499 
0.547494 0.27957 
0.595475 0.210093 
0.581017 0.234701 
0.165854 0.413951 
ZONE T="boundary5"
-0.594591 -0.169683 
-0.566302 -0.222146 
-0.555745 -0.239003 
-0.637031 -0.00569978 
-0.490709 -0.32197 
-0.475238 -0.337782 
-0.458923 -0.353284 
-0.505576 -0.305603 
-0.623986 -0.090158 
-0.628978 -0.069287 
-0.236918 -0.487317 
-0.260508 -0.478142 
0.612933 -0.0563239 
0.605272 -0.0722847 
-0.602761 -0.151489 
-0.610847 -0.131239 
-0.617938 -0.110781 
-0.576327 -0.204971 
-0.212267 -0.495895 
-0.283758 -0.468127 
-0.34823 -0.434784 
-0.368433 -0.422454 
-0.0813345 -0.525662 
-0.161452 -0.510509 
-0.187331 -0.50357 
-0.635551 -0.0270402 
-0.519316 -0.289291 
-0.632848 -0.048249 
-0.585774 -0.187484 
-0.544375 -0.255941 
-0.532425 -0.272485 
-0.387683 -0.409762 
-0.424515 -0.382612 
-0.406474 -0.396409 
0.596839 -0.0878519 
0.619642 -0.0401699 
0.00259025 -0.531469 
0.0310733 -0.531025 
-0.0256215 -0.53068 
-0.0538388 -0.528706 
0.0597785 -0.529264 
0.204579 -0.496808 
0.175947 -0.5068 
0.088638 -0.526088 
0.118104 -0.521292 
0.147068 -0.514927 
0.233325 -0.484622 
0.261674 -0.470234 
0.316942 -0.434231 
0.289743 -0.453372 
0.343298 -0.412735 
0.368729 -0.388967 
0.387229 -0.3697 
0.405296 -0.349263 
0.425098 -0.325105 
0.461141 -0.277187 
0.444167 -0.300294 
0.477851 -0.253872 
0.63369 0.00971455 
0.630054 -0.007177 
0.544492 -0.164311 
0.527224 -0.18693 
0.562408 -0.14028 
0.579529 -0.115766 
0.625357 -0.0238058 
-0.305874 -0.457652 
-0.327604 -0.446401 
-0.442053 -0.368192 
-0.10842 -0.52159 
-0.13535 -0.516482 
0.509979 -0.209711 
0.4938 -0.231667 
0.588423 -0.101957 
-0.561088 -0.230615 
-0.483046 -0.329947 
-0.467151 -0.345607 
-0.626617 -0.0797548 
-0.248754 -0.482835 
0.609205 -0.0643537 
-0.606918 -0.14141 
-0.62109 -0.100507 
-0.224632 -0.491718 
-0.272178 -0.473239 
-0.358386 -0.428708 
-0.199834 -0.499845 
-0.512522 -0.297511 
-0.498219 -0.313856 
-0.634349 -0.0376637 
-0.581125 -0.196268 
-0.538474 -0.264266 
-0.55013 -0.247519 
-0.378113 -0.416192 
-0.415555 -0.38959 
-0.397137 -0.403168 
-0.614514 -0.121052 
0.0168342 -0.531406 
-0.0397404 -0.529839 
-0.0676017 -0.527319 
0.190341 -0.50203 
0.132631 -0.518313 
0.0742279 -0.527855 
0.247625 -0.477676 
0.303515 -0.444046 
0.356206 -0.401057 
-0.590264 -0.178624 
0.396361 -0.359568 
0.415305 -0.337272 
-0.636448 -0.0163808 
0.452702 -0.288776 
0.469514 -0.265542 
0.434715 -0.312764 
0.378084 -0.379435 
-0.598765 -0.160626 
0.632008 0.00123957 
0.535865 -0.175626 
0.571095 -0.128111 
0.601145 -0.0801169 
0.553513 -0.152342 
0.627835 -0.0155278 
0.622621 -0.0320303 
-0.525951 -0.28095 
-0.571383 -0.213598 
-0.631054 -0.0587941 
-0.316789 -0.452123 
-0.433348 -0.37548 
-0.174424 -0.507159 
-0.337968 -0.440682 
-0.294862 -0.462987 
-0.450555 -0.360813 
-0.0948967 -0.523756 
-0.121909 -0.519164 
0.0454362 -0.530313 
-0.148429 -0.513616 
-0.0115199 -0.531225 
0.103403 -0.523888 
0.161568 -0.511079 
0.501849 -0.22066 
0.485804 -0.242752 
0.518573 -0.198298 
0.275861 -0.462057 
0.330307 -0.423713 
0.6164 -0.0482938 
0.58403 -0.108896 
0.219054 -0.490957 
0.592695 -0.0949453 
