ZONE T="boundary0"
-4 -0.216152 
-4 -0.183783 
-4 -0.332467 
-4 -0.290495 
-4 0.436751 
-4 0.376642 
-4 0.600357 
-4 0.800178 
-4 0.000610212 
-4 -0.442392 
-4 -0.626881 
-4 -0.813441 
-4 -1 
-4 1 
-4 0.518554 
-4 -0.534637 
-4 -0.387429 
-4 -0.248522 
-4 -0.119043 
-4 -0.0592166 
-4 0.316532 
-4 0.191572 
-4 0.222812 
-4 0.254052 
-4 0.285292 
-4 0.143832 
-4 0.0960913 
-4 -0.199968 
-4 -0.311481 
-4 0.406696 
-4 0.700267 
-4 -0.90672 
-4 0.900089 
-4 0.477652 
-4 -0.488514 
-4 -0.41491 
-4 -0.580759 
-4 -0.232337 
-4 -0.0891299 
-4 -0.720161 
-4 -0.269508 
-4 -0.359948 
-4 -0.151413 
-4 -0.0293032 
-4 0.207192 
-4 0.300912 
-4 0.269672 
-4 0.346587 
-4 0.167702 
-4 0.119962 
-4 0.559455 
-4 0.0483508 
-4 0.238432 
ZONE T="boundary1"
-1.90682 1 
-3.0778 1 
-3.32048 1 
3.68254 1 
4 1 
0.602728 1 
0.690026 1 
-1.50735 1 
-1.63019 1 
0.229554 1 
-1.11974 1 
-1.02243 1 
0.178116 1 
0.372323 1 
0.300938 1 
-0.611931 1 
-0.281991 1 
-0.124135 1 
-0.176332 1 
0.910615 1 
-0.82467 1 
-0.724229 1 
1.13255 1 
1.02158 1 
-3.58136 1 
-1.40488 1 
3.03351 1 
2.83121 1 
-2.73778 1 
-2.90779 1 
0.80032 1 
-2.06062 1 
-2.21345 1 
3.23582 1 
-4 1 
2.34106 1 
1.24978 1 
1.95591 1 
0.51543 1 
0.443876 1 
0.00486326 1 
0.0657712 1 
0.126679 1 
-0.0596361 1 
-0.22853 1 
-0.335453 1 
-0.417544 1 
-0.499634 1 
-1.21107 1 
-1.30241 1 
-0.925112 1 
-1.75302 1 
1.76736 1 
3.45918 1 
1.367 1 
1.47291 1 
2.58613 1 
1.57881 1 
-3.79068 1 
-2.55203 1 
-2.36627 1 
2.4636 1 
-3.19914 1 
3.84127 1 
0.646377 1 
-1.56877 1 
0.203835 1 
0.33663 1 
-0.150234 1 
-0.66808 1 
1.07707 1 
2.93236 1 
-2.82279 1 
0.855467 1 
-1.98372 1 
2.14848 1 
0.559079 1 
0.408099 1 
0.0353172 1 
0.152398 1 
-0.0918858 1 
-0.0273864 1 
-0.202431 1 
-0.308722 1 
-0.376499 1 
-0.25526 1 
-0.458589 1 
0.745173 1 
-0.555783 1 
-0.77445 1 
0.966099 1 
-1.07108 1 
-1.25674 1 
-0.973769 1 
-1.45612 1 
-1.35364 1 
-1.69161 1 
1.19117 1 
-1.16541 1 
1.41996 1 
-1.82992 1 
1.67309 1 
1.52586 1 
-3.68602 1 
-3.45092 1 
-2.9928 1 
1.86164 1 
-2.6449 1 
-2.45915 1 
-3.89534 1 
-2.28986 1 
0.0962252 1 
0.265246 1 
0.479653 1 
-0.874891 1 
2.40233 1 
2.52486 1 
3.3475 1 
3.13466 1 
3.57086 1 
1.30839 1 
2.70867 1 
-2.13704 1 
ZONE T="boundary2"
4 -0.218764 
4 -0.288386 
4 -0.386227 
4 -0.0572383 
4 0.244913 
4 0.381416 
4 0.437062 
4 0.637499 
4 1 
4 0.0114662 
4 0.143304 
4 0.0773851 
4 -0.774562 
4 -0.661843 
4 -0.549124 
4 0.818749 
4 -1 
4 -0.172354 
4 -0.125943 
4 -0.467675 
4 0.285342 
4 0.32577 
4 0.53728 
4 -0.253575 
4 -0.337306 
4 0.409239 
4 0.110345 
4 -0.718202 
4 -0.605483 
4 -0.887281 
4 -0.149148 
4 -0.426951 
4 0.305556 
4 -0.0228861 
4 -0.0915906 
4 0.265127 
4 0.194108 
4 0.0444257 
4 0.587389 
4 0.909375 
4 -0.508399 
4 0.728124 
4 0.353593 
4 0.487171 
4 -0.195559 
ZONE T="boundary3"
-3.70405 -1 
-1.5643 -1 
-2.36702 -1 
-0.323985 -1 
1.35155 -1 
-0.853484 -1 
-0.00189022 -1 
0.0605663 -1 
-0.733845 -1 
0.214133 -1 
-3.85202 -1 
-4 -1 
0.804037 -1 
1.23835 -1 
3.71119 -1 
3.56679 -1 
3.42238 -1 
3.16916 -1 
4 -1 
-3.22149 -1 
-3.4252 -1 
-1.86086 -1 
-2.57879 -1 
-2.79829 -1 
2.66749 -1 
-2.11394 -1 
-0.363945 -1 
-0.124359 -1 
-0.0631247 -1 
-0.244063 -1 
-0.184211 -1 
0.123023 -1 
-0.561631 -1 
-0.509056 -1 
0.305243 -1 
0.489035 -1 
0.397139 -1 
0.696768 -1 
0.592901 -1 
-0.973665 -1 
-1.09385 -1 
-0.614206 -1 
-0.674026 -1 
1.01823 -1 
1.12515 -1 
-1.3167 -1 
-1.20527 -1 
0.911307 -1 
1.44689 -1 
1.54223 -1 
1.7319 -1 
1.92157 -1 
-3.56462 -1 
2.1703 -1 
2.41903 -1 
1.63706 -1 
-1.4405 -1 
2.91594 -1 
-0.403906 -1 
-0.456481 -1 
-3.01778 -1 
0.0293381 -1 
-0.793664 -1 
-3.92601 -1 
3.63899 -1 
3.29577 -1 
-3.32334 -1 
-2.68854 -1 
3.49458 -1 
-2.24048 -1 
-0.343965 -1 
-0.0325074 -1 
-0.214137 -1 
0.0917946 -1 
-0.284024 -1 
-0.535344 -1 
0.259688 -1 
0.168578 -1 
0.443087 -1 
0.351191 -1 
0.540968 -1 
-1.03376 -1 
-0.644116 -1 
1.07169 -1 
-1.26099 -1 
0.750402 -1 
1.29495 -1 
0.964767 -1 
1.49456 -1 
1.18175 -1 
-1.9874 -1 
1.82674 -1 
-3.63433 -1 
-3.49491 -1 
1.68448 -1 
-1.71258 -1 
-1.3786 -1 
-2.47291 -1 
3.8556 -1 
2.29467 -1 
2.79171 -1 
2.54326 -1 
3.04255 -1 
2.04594 -1 
-0.154285 -1 
-0.383926 -1 
-0.430194 -1 
-0.482769 -1 
-0.913574 -1 
-0.0937419 -1 
-0.587919 -1 
-0.703935 -1 
1.39922 -1 
-1.14956 -1 
-3.77803 -1 
0.857672 -1 
0.644834 -1 
-3.11963 -1 
-1.5024 -1 
-2.90803 -1 
1.58964 -1 
ZONE T="boundary4"
0.420362 0.426238 
0.442544 0.413119 
-0.262548 0.397309 
0.513374 0.355429 
0.531178 0.33551 
-0.612472 0.0158655 
-0.616676 -0.00530889 
-0.619694 -0.0265394 
-0.533893 0.182189 
-0.522545 0.197012 
-0.564629 0.135667 
-0.35031 0.349427 
0.592309 0.234559 
-0.484769 0.240575 
-0.497962 0.226213 
-0.131565 0.448105 
-0.106847 0.455343 
0.648638 0.0399189 
0.646983 0.058281 
-0.607091 0.0368964 
-0.60054 0.0577377 
-0.178146 0.43252 
-0.200127 0.424249 
-0.574317 0.118199 
-0.587213 0.0916061 
-0.592864 0.0782754 
-0.554792 0.151807 
-0.544609 0.167183 
-0.154957 0.440602 
-0.299849 0.378538 
-0.281306 0.388138 
-0.456382 0.268822 
-0.441803 0.282005 
-0.42682 0.294718 
-0.366208 0.339236 
-0.334181 0.359241 
-0.317124 0.369086 
-0.396814 0.317993 
-0.381641 0.328808 
-0.24233 0.406619 
-0.411977 0.306568 
-0.470793 0.254923 
-0.0819352 0.461935 
-0.0554966 0.468172 
-0.221894 0.415451 
-0.510744 0.211469 
0.630338 0.134707 
0.636258 0.113839 
0.648727 0.00355497 
0.397604 0.4379 
0.371639 0.449286 
0.345273 0.459026 
0.640722 0.0952578 
0.49682 0.371607 
0.479409 0.386636 
0.461297 0.400458 
-0.00059508 0.478661 
0.0886364 0.488595 
0.120822 0.489944 
0.0581851 0.48621 
0.221786 0.485708 
0.187378 0.488683 
0.25454 0.481241 
0.287292 0.475018 
0.316396 0.46785 
0.54768 0.314113 
0.614109 0.181816 
0.603742 0.207982 
0.623661 0.155354 
0.649234 0.0217248 
0.644324 0.0767247 
0.564035 0.289272 
0.578765 0.262844 
-0.0288793 0.473671 
0.0278408 0.482792 
0.153037 0.490039 
0.431555 0.419851 
0.522455 0.345632 
-0.614719 0.00530653 
-0.61833 -0.0159041 
-0.528279 0.189647 
-0.491416 0.233441 
-0.11923 0.451805 
0.647937 0.0491111 
-0.603956 0.0473608 
-0.609924 0.0264171 
-0.189162 0.428451 
-0.580987 0.10501 
-0.590095 0.0849648 
-0.539315 0.174732 
-0.559789 0.143785 
-0.569567 0.126985 
-0.143285 0.444426 
-0.290606 0.383392 
-0.449145 0.275471 
-0.434361 0.28842 
-0.325681 0.364213 
-0.342274 0.35438 
-0.358289 0.344379 
-0.389262 0.323449 
-0.252467 0.402024 
-0.308514 0.373861 
-0.0944133 0.45872 
-0.068738 0.465145 
-0.419441 0.300696 
-0.477835 0.247802 
-0.404434 0.312332 
-0.504407 0.218888 
0.633402 0.124302 
-0.211038 0.419916 
-0.271954 0.392777 
-0.516699 0.204285 
-0.596837 0.0680569 
-0.232138 0.411095 
0.384709 0.443793 
0.358526 0.454344 
0.638586 0.104571 
0.505223 0.363648 
0.470455 0.393681 
0.488229 0.379255 
0.409069 0.432237 
0.104723 0.489422 
0.204601 0.487404 
0.270959 0.478353 
0.301892 0.471626 
-0.373956 0.33407 
0.539621 0.324962 
0.609018 0.194936 
0.598129 0.221315 
0.627084 0.145057 
0.64907 0.0308259 
0.645771 0.0675195 
0.64263 0.0860119 
0.649122 0.0126356 
0.57163 0.276188 
-0.166577 0.436633 
-0.0422077 0.471015 
0.0136067 0.480836 
0.45201 0.406922 
0.0429984 0.484628 
0.0734003 0.487534 
0.330898 0.463645 
-0.0147563 0.476273 
0.170216 0.489555 
0.618998 0.168626 
0.238191 0.483679 
0.136929 0.490152 
-0.463643 0.26193 
-0.54977 0.159541 
0.585721 0.248791 
0.556094 0.301851 
ZONE T="boundary5"
-0.582892 -0.246692 
-0.574639 -0.264046 
0.21156 -0.340908 
0.189307 -0.349261 
-0.298724 -0.482852 
-0.622215 -0.0690224 
-0.621536 -0.0477942 
-0.621747 -0.0901908 
-0.613626 -0.153139 
-0.617437 -0.132254 
-0.608738 -0.173891 
-0.590437 -0.228977 
0.644297 -0.0320102 
-0.620145 -0.111299 
-0.619694 -0.0265394 
-0.422396 -0.433083 
-0.252453 -0.489166 
-0.275984 -0.48671 
-0.321273 -0.477528 
0.569615 -0.171275 
0.588647 -0.150074 
-0.364018 -0.463086 
-0.34282 -0.470984 
-0.384131 -0.454178 
-0.228875 -0.490113 
-0.132004 -0.479144 
-0.204746 -0.489564 
-0.180711 -0.48754 
-0.15627 -0.484025 
0.529082 -0.206369 
0.507865 -0.221171 
0.621721 -0.0989582 
0.629016 -0.0829458 
-0.532152 -0.332085 
-0.50489 -0.364492 
-0.518896 -0.348646 
-0.56541 -0.28143 
-0.555416 -0.298344 
-0.544168 -0.315507 
0.647085 -0.0143743 
-0.440451 -0.421042 
-0.403769 -0.444064 
-0.489886 -0.379859 
-0.474173 -0.394399 
-0.457633 -0.40819 
-0.603391 -0.192594 
0.435017 -0.260861 
-0.0829291 -0.46537 
-0.107675 -0.472936 
-0.0583243 -0.456723 
-0.00809002 -0.436271 
-0.0335052 -0.447022 
0.127462 -0.374611 
0.0708566 -0.400159 
0.0440533 -0.41261 
0.0991278 -0.387194 
0.352328 -0.293165 
0.327594 -0.301531 
0.0172699 -0.424946 
0.15834 -0.361561 
-0.597279 -0.21094 
0.233815 -0.332921 
0.27942 -0.317419 
0.256051 -0.325246 
0.302702 -0.309747 
0.380295 -0.283198 
0.485009 -0.235224 
0.407926 -0.272503 
0.648727 0.00355497 
0.549911 -0.189689 
0.597436 -0.138721 
0.61409 -0.113208 
0.605691 -0.126849 
0.63527 -0.066306 
0.640363 -0.0493153 
0.461584 -0.248004 
-0.578857 -0.255414 
0.200421 -0.34504 
-0.62202 -0.0584043 
-0.622123 -0.0796106 
-0.615666 -0.142722 
-0.586753 -0.237873 
-0.618928 -0.121796 
-0.264239 -0.488128 
-0.310042 -0.48037 
0.579379 -0.160901 
-0.332097 -0.474423 
-0.37414 -0.458781 
-0.21681 -0.490027 
-0.192717 -0.488732 
-0.144109 -0.481748 
0.518584 -0.213933 
0.625503 -0.0910139 
-0.62076 -0.0371548 
-0.511989 -0.356655 
-0.570123 -0.272791 
-0.549893 -0.306993 
-0.431505 -0.427187 
-0.394023 -0.449264 
-0.497484 -0.372271 
-0.465992 -0.401404 
-0.611312 -0.163546 
-0.538257 -0.323867 
-0.353479 -0.467198 
-0.449126 -0.414731 
-0.606168 -0.183273 
-0.621087 -0.100757 
-0.0952663 -0.469292 
-0.0705905 -0.461165 
-0.0207689 -0.441724 
-0.0458815 -0.451971 
0.0574542 -0.406381 
0.0849792 -0.393645 
0.113275 -0.380848 
0.339974 -0.297381 
0.00460925 -0.430659 
0.173794 -0.355322 
0.222677 -0.336876 
0.267731 -0.32131 
0.366339 -0.288258 
-0.600431 -0.2018 
0.496531 -0.228357 
0.42153 -0.266822 
-0.413158 -0.438704 
0.648051 -0.00542327 
-0.119806 -0.476191 
0.539643 -0.198218 
0.593112 -0.144454 
0.609991 -0.120091 
0.601641 -0.13284 
0.559948 -0.180684 
0.632285 -0.0746799 
0.618014 -0.106142 
0.637961 -0.0578544 
0.645837 -0.0232157 
-0.560509 -0.289945 
-0.482121 -0.38723 
-0.593948 -0.219994 
-0.525624 -0.340447 
-0.240674 -0.489825 
-0.168471 -0.48596 
0.142875 -0.368003 
0.291061 -0.313575 
0.244927 -0.329052 
0.473371 -0.241759 
-0.287385 -0.484962 
0.315154 -0.30565 
0.394153 -0.277961 
0.448376 -0.254594 
0.0306718 -0.418804 
0.642476 -0.0406962 
