ZONE T="boundary0"
-4 -0.137305 
-4 -0.203027 
-4 -0.561246 
-4 -0.39117 
-4 -0.456655 
-4 -0.264441 
-4 -0.071584 
-4 0.190728 
-4 0.83192 
-4 0.663841 
-4 0.340105 
-4 0.268283 
-4 0.405442 
-4 0.0668878 
-4 0.128808 
-4 -0.00234813 
-4 0.470779 
-4 -1 
-4 1 
-4 -0.325684 
-4 -0.665837 
-4 -0.832919 
-4 -0.170166 
-4 -0.423913 
-4 -0.104445 
-4 0.747881 
-4 0.304194 
-4 0.372773 
-4 -0.233734 
-4 0.0978479 
-4 -0.0369661 
-4 -0.295062 
-4 0.229506 
-4 0.0322698 
-4 0.159768 
-4 -0.613542 
-4 0.43811 
-4 0.56731 
-4 -0.749378 
-4 -0.508951 
-4 -0.916459 
-4 0.91596 
-4 -0.358427 
ZONE T="boundary1"
-3.40908 1 
4 1 
3.84148 1 
0.120198 1 
0.0466629 1 
0.912947 1 
0.818776 1 
0.431032 1 
0.347939 1 
-1.27383 1 
0.725526 1 
0.632276 1 
-0.148121 1 
-0.870155 1 
-0.354767 1 
2.18959 1 
2.48638 1 
-0.421368 1 
-0.576959 1 
-3.13974 1 
1.78062 1 
-1.17387 1 
1.5162 1 
-4 1 
-3.67842 1 
-2.901 1 
3.16738 1 
2.96886 1 
-3.27441 1 
-2.66227 1 
-2.02938 1 
-2.23589 1 
2.72762 1 
-0.196034 1 
-0.243948 1 
-0.487969 1 
-0.026872 1 
0.192522 1 
-0.0874967 1 
-0.768052 1 
-0.665949 1 
-0.972036 1 
-1.07392 1 
1.11142 1 
1.00712 1 
1.21572 1 
1.32189 1 
1.42807 1 
0.264847 1 
0.531654 1 
1.60434 1 
-1.49487 1 
1.9851 1 
-1.38435 1 
-1.57687 1 
3.36591 1 
3.52443 1 
-1.65887 1 
-1.82288 1 
3.68295 1 
-2.44908 1 
3.92074 1 
0.0834304 1 
0.865862 1 
0.389486 1 
0.678901 1 
2.33799 1 
-3.83921 1 
-3.02037 1 
3.06812 1 
-3.34174 1 
-2.78164 1 
-2.13264 1 
-0.219991 1 
-0.299357 1 
-0.388068 1 
0.00989545 1 
0.15636 1 
-0.172078 1 
-0.117809 1 
-0.717001 1 
-0.621454 1 
-1.02298 1 
0.772151 1 
1.05927 1 
1.16357 1 
1.26881 1 
1.47214 1 
1.37498 1 
0.228684 1 
0.306393 1 
0.581965 1 
1.69248 1 
-3.54375 1 
-1.22385 1 
-1.12389 1 
1.88286 1 
3.44517 1 
-1.74087 1 
-3.20707 1 
3.60369 1 
2.08735 1 
-2.34249 1 
3.76221 1 
2.84824 1 
-1.92613 1 
3.26664 1 
-0.0571844 1 
0.960033 1 
-0.454669 1 
-0.532464 1 
0.481343 1 
-1.32909 1 
2.607 1 
-1.61787 1 
-1.53587 1 
1.56027 1 
-2.55568 1 
-1.43961 1 
-0.921095 1 
-0.819104 1 
ZONE T="boundary2"
4 -0.220319 
4 -0.177612 
4 0.141423 
4 0.183708 
4 1 
4 0.794447 
4 0.588895 
4 -0.796581 
4 -0.593163 
4 -1 
4 -0.11453 
4 -0.0514484 
4 0.268277 
4 0.327183 
4 0.225992 
4 0.0238448 
4 -0.263025 
4 0.0991381 
4 0.487492 
4 0.43679 
4 -0.398456 
4 -0.495809 
4 -0.330741 
4 0.386089 
4 -0.198965 
4 0.162565 
4 0.897224 
4 0.691671 
4 -0.694872 
4 -0.0829893 
4 0.29773 
4 0.20485 
4 -0.0138018 
4 -0.241672 
4 0.12028 
4 0.0614914 
4 0.538193 
4 0.462141 
4 -0.447133 
4 -0.898291 
4 0.247135 
4 -0.364599 
4 0.356636 
4 0.41144 
4 -0.296883 
4 -0.146071 
4 -0.544486 
ZONE T="boundary3"
-1.51686 -1 
-2.11028 -1 
-1.93365 -1 
-1.75702 -1 
3.32583 -1 
3.66291 -1 
-0.94423 -1 
0.274384 -1 
0.199599 -1 
-0.340086 -1 
-0.277939 -1 
0.0614738 -1 
0.349168 -1 
-0.0790086 -1 
0.762945 -1 
0.88684 -1 
3.16975 -1 
-4 -1 
-3.62011 -1 
1.01073 -1 
-3.43016 -1 
-3.24021 -1 
-1.18696 -1 
-1.31248 -1 
2.84424 -1 
2.6748 -1 
2.20114 -1 
2.35903 -1 
4 -1 
-2.82036 -1 
-0.463792 -1 
-0.1474 -1 
-0.215792 -1 
-0.401939 -1 
-0.00876738 -1 
0.130536 -1 
0.406265 -1 
-0.587497 -1 
0.463361 -1 
0.577554 -1 
-0.707254 -1 
-0.827011 -1 
1.32971 -1 
-1.06145 -1 
1.11534 -1 
1.21994 -1 
1.71745 -1 
1.88035 -1 
-2.29893 -1 
-2.48759 -1 
-2.65397 -1 
3.01367 -1 
-1.41467 -1 
1.57847 -1 
1.43949 -1 
2.04325 -1 
2.51691 -1 
-2.02196 -1 
-1.84533 -1 
3.49437 -1 
0.236991 -1 
0.824892 -1 
-3.81005 -1 
-1.24972 -1 
2.75952 -1 
2.28008 -1 
3.24779 -1 
3.83146 -1 
-3.03029 -1 
-0.246866 -1 
-0.309013 -1 
-0.371013 -1 
-0.043888 -1 
0.0263532 -1 
0.165068 -1 
0.0960051 -1 
-0.113205 -1 
-0.525644 -1 
0.520458 -1 
-0.647376 -1 
0.670249 -1 
0.948787 -1 
-1.12421 -1 
1.27483 -1 
-3.52513 -1 
-3.33518 -1 
1.7989 -1 
-2.57078 -1 
3.09171 -1 
-2.2046 -1 
-1.63694 -1 
0.311776 -1 
-0.432865 -1 
-0.181596 -1 
-0.88562 -1 
-0.767133 -1 
0.434813 -1 
0.377717 -1 
1.16764 -1 
-1.36357 -1 
1.06304 -1 
-1.46576 -1 
-1.00284 -1 
1.3846 -1 
1.50898 -1 
1.64796 -1 
2.1222 -1 
1.9618 -1 
2.43797 -1 
-2.39326 -1 
2.92895 -1 
2.59586 -1 
-2.73717 -1 
ZONE T="boundary4"
-0.265005 0.370853 
-0.240576 0.372233 
-0.640467 0.052874 
-0.638889 0.0760664 
-0.60719 0.18806 
-0.640558 0.0296966 
-0.639229 0.00665072 
-0.503795 0.306581 
-0.484843 0.318093 
-0.407564 0.349555 
-0.388819 0.354405 
-0.598313 0.204802 
-0.287208 0.369267 
0.641165 0.0479746 
0.640398 0.0633984 
-0.631041 0.122116 
-0.627049 0.137013 
0.641035 0.0325692 
-0.616735 0.166712 
-0.622358 0.151694 
-0.588521 0.220871 
-0.57788 0.236208 
0.563709 0.241356 
0.571483 0.231499 
-0.566432 0.250764 
-0.190701 0.37438 
-0.165292 0.375343 
-0.138999 0.376359 
-0.553302 0.265422 
-0.539282 0.279073 
-0.521943 0.293617 
-0.465483 0.328066 
-0.446161 0.336489 
-0.427044 0.343528 
0.555612 0.250948 
0.536904 0.270733 
0.638727 0.078817 
0.636185 0.0940442 
-0.63576 0.0992116 
0.640024 0.0172494 
-0.350394 0.361942 
-0.369692 0.358522 
-0.21616 0.373358 
-0.309377 0.367251 
-0.112773 0.377444 
-0.0856976 0.37867 
-0.0586846 0.380003 
-0.0028979 0.383 
0.404434 0.352362 
0.425498 0.343936 
0.599483 0.18952 
0.586255 0.210808 
0.628495 0.124209 
0.620584 0.146333 
0.638135 0.00190372 
0.381311 0.360267 
0.025835 0.384563 
0.357943 0.366994 
-0.329935 0.364885 
0.527064 0.279953 
0.510028 0.294281 
0.446223 0.334346 
0.46624 0.323676 
0.0842466 0.387352 
0.113973 0.388352 
0.0545581 0.386032 
0.302462 0.37868 
0.270986 0.38306 
0.61113 0.167616 
0.33028 0.373514 
0.632744 0.109282 
0.492221 0.307378 
-0.0307756 0.381475 
0.144748 0.388918 
0.175568 0.38886 
0.207512 0.387981 
0.239466 0.386092 
-0.252793 0.371582 
-0.639867 0.0644831 
-0.640694 0.0412861 
-0.494423 0.312509 
-0.398218 0.352081 
-0.602877 0.196497 
-0.27611 0.370106 
0.640893 0.0556921 
-0.629133 0.129588 
-0.619641 0.159238 
-0.624792 0.144381 
-0.593537 0.212909 
0.567635 0.23646 
-0.583314 0.228618 
-0.61216 0.177474 
-0.572267 0.243572 
-0.177997 0.374863 
-0.152145 0.375844 
-0.559991 0.258203 
-0.530757 0.286517 
-0.475247 0.323244 
-0.436651 0.34014 
0.546455 0.261027 
0.637564 0.0864487 
-0.6336 0.110705 
-0.417342 0.346664 
-0.360058 0.360315 
-0.203431 0.373882 
-0.298298 0.36832 
-0.0992348 0.378043 
-0.125886 0.37689 
-0.0721901 0.379323 
-0.54641 0.272368 
-0.640068 0.0181636 
0.41502 0.348284 
-0.512992 0.300271 
0.593042 0.200271 
0.639675 0.0711198 
0.624755 0.135348 
0.639187 0.0095633 
0.392923 0.356463 
0.011468 0.383787 
0.369667 0.363768 
-0.319663 0.366134 
0.518665 0.287258 
0.435926 0.339283 
0.0991082 0.3879 
-0.228369 0.37282 
0.286749 0.381049 
0.3164 0.376255 
0.532031 0.275393 
0.63072 0.116774 
0.641211 0.040271 
0.634571 0.101687 
0.640638 0.0249021 
0.456308 0.329155 
0.4794 0.315798 
0.0401957 0.385315 
0.0694009 0.386724 
-0.0168367 0.382235 
0.12936 0.388704 
0.160159 0.388976 
-0.0447305 0.380729 
0.191544 0.388535 
0.223498 0.387173 
-0.379276 0.356557 
-0.455887 0.332426 
-0.63752 0.0876656 
0.579033 0.221271 
0.501228 0.300971 
-0.340176 0.363493 
0.616047 0.157059 
0.605498 0.17867 
0.344153 0.370428 
0.255241 0.384732 
0.559702 0.246186 
ZONE T="boundary5"
-0.594984 -0.148357 
-0.604744 -0.126971 
-0.620957 -0.0834562 
-0.613414 -0.10533 
-0.563401 -0.204899 
-0.574106 -0.187344 
-0.481867 -0.308389 
-0.513007 -0.274111 
-0.527253 -0.256443 
0.583265 -0.139438 
0.597003 -0.114598 
0.568819 -0.163942 
0.554449 -0.18765 
-0.639229 0.00665072 
-0.636545 -0.0162298 
-0.627358 -0.0612997 
-0.63257 -0.0388859 
-0.584937 -0.168053 
-0.25347 -0.460464 
-0.0948964 -0.507667 
-0.277348 -0.450018 
-0.323003 -0.427175 
-0.300847 -0.438752 
-0.344745 -0.414847 
-0.365552 -0.402083 
-0.122411 -0.502013 
-0.149721 -0.495394 
-0.0669188 -0.512393 
-0.444746 -0.343203 
-0.20283 -0.479532 
-0.228316 -0.47044 
-0.176412 -0.487928 
-0.498077 -0.291223 
-0.55213 -0.222104 
-0.539966 -0.23947 
-0.405932 -0.3743 
-0.425426 -0.359279 
0.622522 -0.0581313 
0.610463 -0.0873701 
0.635402 -0.0133251 
0.018285 -0.520492 
-0.0102902 -0.518838 
-0.0388091 -0.516115 
0.0472379 -0.521047 
0.0761372 -0.520436 
0.10512 -0.518602 
-0.463422 -0.326394 
0.163105 -0.510947 
0.134137 -0.515466 
0.191949 -0.504955 
0.249232 -0.48805 
0.277363 -0.476942 
0.383311 -0.41281 
0.407219 -0.391897 
0.35809 -0.431909 
0.304967 -0.463937 
0.440875 -0.357005 
0.42998 -0.369062 
0.495454 -0.284105 
0.481505 -0.304812 
0.508815 -0.263008 
0.524474 -0.23721 
0.461752 -0.331669 
0.331953 -0.448929 
0.540018 -0.211402 
0.631866 -0.0283912 
0.627565 -0.0433064 
0.638135 0.00190372 
-0.385901 -0.388608 
0.22056 -0.497401 
-0.599987 -0.13772 
-0.617321 -0.09444 
-0.568827 -0.196166 
-0.520214 -0.265345 
0.590245 -0.127079 
0.561651 -0.175806 
-0.638053 -0.00480904 
-0.630114 -0.0501278 
-0.624301 -0.0724194 
-0.265454 -0.455343 
-0.311974 -0.433058 
-0.289146 -0.444487 
-0.355204 -0.408554 
-0.108678 -0.50496 
-0.136095 -0.498823 
-0.215613 -0.475097 
-0.634716 -0.0275855 
-0.189658 -0.483846 
-0.333927 -0.421105 
-0.505625 -0.28274 
-0.557832 -0.213546 
-0.533679 -0.248009 
-0.415748 -0.366879 
-0.490057 -0.299886 
-0.435163 -0.351333 
-0.240937 -0.465563 
0.616781 -0.0728696 
-0.579615 -0.177751 
-0.0245622 -0.517608 
0.0327587 -0.520912 
-0.0528807 -0.51438 
0.0906385 -0.519676 
-0.454167 -0.334891 
0.148649 -0.513382 
0.263385 -0.482716 
0.395447 -0.402562 
0.370871 -0.422584 
0.435475 -0.363077 
0.488562 -0.294514 
0.516683 -0.250133 
0.502198 -0.273597 
0.4718 -0.318367 
0.41879 -0.38067 
0.547225 -0.199521 
0.629806 -0.0358749 
0.625128 -0.0507475 
0.633731 -0.0208809 
0.636871 -0.00572914 
-0.546115 -0.230835 
-0.590062 -0.158257 
-0.609209 -0.116202 
-0.395981 -0.381544 
-0.472739 -0.317488 
0.603927 -0.10108 
-0.375786 -0.395434 
-0.0809286 -0.510155 
0.0616907 -0.52089 
0.234966 -0.492938 
0.206307 -0.501374 
0.532235 -0.2243 
-0.163099 -0.491777 
0.00398956 -0.5198 
0.119646 -0.517199 
0.318589 -0.456665 
0.177566 -0.508137 
0.576101 -0.151725 
0.291272 -0.470666 
0.345171 -0.440649 
0.451499 -0.344491 
