ZONE T="boundary0"
-4 -0.387429 
-4 -0.0784014 
-4 0.316532 
-4 0.250849 
-4 0.376642 
-4 -0.442392 
-4 -0.813441 
-4 0.600357 
-4 0.800178 
-4 1 
-4 0.191572 
-4 0.132296 
-4 0.0269474 
-4 0.436751 
-4 -0.332467 
-4 -0.290495 
-4 -0.119043 
-4 -0.159685 
-4 -0.534637 
-4 -0.626881 
-4 -0.248522 
-4 -0.204104 
-4 0.0796218 
-4 -1 
-4 0.518554 
-4 0.28369 
-4 0.346587 
-4 0.700267 
-4 0.900089 
-4 0.161934 
-4 -0.025727 
-4 -0.311481 
-4 -0.139364 
-4 -0.359948 
-4 -0.488514 
-4 -0.41491 
-4 -0.580759 
-4 -0.269508 
-4 -0.181894 
-4 -0.0987224 
-4 -0.90672 
-4 -0.720161 
-4 -0.226313 
-4 0.406696 
-4 0.22121 
-4 0.105959 
-4 0.0532846 
-4 0.477652 
-4 0.559455 
ZONE T="boundary1"
-3.44182 1 
1.47291 1 
1.57881 1 
3.68254 1 
3.57672 1 
-0.799094 1 
-0.0719384 1 
0.00486326 1 
-0.196981 1 
1.367 1 
1.13255 1 
0.126679 1 
0.0816649 1 
0.690026 1 
-0.499634 1 
1.24978 1 
2.34106 1 
2.14848 1 
-3.72091 1 
-3.19914 1 
-4 1 
-1.18835 1 
-2.12646 1 
3.24978 1 
3.05839 1 
-2.5191 1 
2.60403 1 
-2.95646 1 
-0.364472 1 
-0.280727 1 
0.329868 1 
0.287414 1 
0.229554 1 
0.171693 1 
0.372323 1 
0.457231 1 
0.51543 1 
0.573629 1 
-0.634795 1 
4 1 
3.78836 1 
-0.925112 1 
1.02158 1 
-1.05113 1 
-1.11974 1 
-1.32557 1 
1.76736 1 
-1.50735 1 
-1.41646 1 
-1.59825 1 
3.41325 1 
2.86699 1 
1.95591 1 
-2.73778 1 
-1.68914 1 
-1.9078 1 
2.47254 1 
0.910615 1 
0.80032 1 
1.52586 1 
3.62963 1 
-0.0335376 1 
1.41996 1 
1.30839 1 
2.24477 1 
-3.58136 1 
-3.32048 1 
3.15408 1 
-2.32278 1 
0.308641 1 
-0.13446 1 
0.0432641 1 
0.104172 1 
0.258484 1 
0.200623 1 
0.351095 1 
0.486331 1 
0.631827 1 
-0.567215 1 
3.89418 1 
1.07707 1 
-0.862103 1 
-0.716944 1 
-0.988121 1 
-1.15404 1 
-1.25696 1 
1.19117 1 
-1.46191 1 
1.67309 1 
2.96269 1 
3.73545 1 
-1.5528 1 
2.0522 1 
1.86164 1 
-2.62844 1 
-3.0778 1 
-1.79847 1 
-2.84712 1 
-2.01713 1 
3.49498 1 
2.4068 1 
2.73551 1 
-3.86045 1 
2.53828 1 
0.149186 1 
-0.3226 1 
-0.432053 1 
-0.238854 1 
0.414777 1 
0.544529 1 
0.966099 1 
0.855467 1 
0.745173 1 
-1.08544 1 
-1.37101 1 
-1.64369 1 
3.33151 1 
ZONE T="boundary2"
4 -0.648991 
4 -0.824495 
4 -0.386227 
4 -0.323197 
4 -0.248769 
4 -0.449256 
4 -0.549124 
4 -0.183954 
4 -0.067932 
4 0.0114662 
4 -1 
4 0.516665 
4 0.637499 
4 -0.125943 
4 0.0908644 
4 0.32577 
4 0.437062 
4 0.758332 
4 1 
4 0.160784 
4 0.195744 
4 0.230704 
4 0.294082 
4 0.357459 
4 -0.736743 
4 -0.354712 
4 -0.285983 
4 -0.49919 
4 -0.0282329 
4 -0.912248 
4 0.577082 
4 -0.216361 
4 -0.0969374 
4 -0.417742 
4 -0.599057 
4 -0.154948 
4 0.476863 
4 0.697915 
4 0.879166 
4 0.178264 
4 0.0511653 
4 0.262393 
4 0.125824 
4 0.213224 
4 0.341615 
4 0.309926 
4 0.397261 
ZONE T="boundary3"
-0.502979 -1 
-1.53101 -1 
-1.32348 -1 
-0.614206 -1 
-0.725434 -1 
-0.183291 -1 
-0.0015267 -1 
0.804037 -1 
3.80521 -1 
4 -1 
-3.60539 -1 
-3.47386 -1 
-0.874235 -1 
3.22984 -1 
3.61043 -1 
1.23835 -1 
2.23604 -1 
2.11025 -1 
-2.02037 -1 
-2.56498 -1 
2.41903 -1 
2.91594 -1 
-3.245 -1 
-3.01614 -1 
-2.79056 -1 
0.0616465 -1 
-0.0654269 -1 
0.12482 -1 
0.184399 -1 
0.243979 -1 
-0.304834 -1 
-0.237255 -1 
-0.129327 -1 
-0.372413 -1 
0.305243 -1 
0.366507 -1 
-0.981534 -1 
0.592901 -1 
0.696768 -1 
0.489035 -1 
-1.08883 -1 
-1.20616 -1 
-4 -1 
-3.73693 -1 
-1.42725 -1 
-1.70135 -1 
1.7329 -1 
1.98447 -1 
-1.87168 -1 
1.01823 -1 
1.12515 -1 
1.35155 -1 
1.54223 -1 
-2.36702 -1 
-2.16906 -1 
0.911307 -1 
3.07289 -1 
2.60203 -1 
1.44689 -1 
1.63756 -1 
-0.558592 -1 
3.90261 -1 
-3.53963 -1 
3.42014 -1 
2.17314 -1 
-3.13057 -1 
-2.90335 -1 
0.0300599 -1 
0.214189 -1 
0.15461 -1 
-0.271045 -1 
-0.156309 -1 
-0.210273 -1 
-0.0334768 -1 
-0.097377 -1 
-0.338624 -1 
-0.437696 -1 
0.0932331 -1 
0.335875 -1 
-0.927884 -1 
0.644834 -1 
0.427771 -1 
-1.1475 -1 
-0.66982 -1 
-0.799834 -1 
-3.35943 -1 
-1.37536 -1 
-1.26482 -1 
1.85868 -1 
-1.03518 -1 
1.29495 -1 
1.18175 -1 
-1.78652 -1 
-2.466 -1 
0.540968 -1 
0.857672 -1 
3.70782 -1 
3.15137 -1 
2.99441 -1 
1.07169 -1 
2.51053 -1 
2.32754 -1 
-2.67777 -1 
-3.86846 -1 
-1.61618 -1 
2.75899 -1 
2.04736 -1 
-1.94603 -1 
-2.09472 -1 
0.274611 -1 
0.750402 -1 
-1.47913 -1 
0.964767 -1 
1.39922 -1 
1.49456 -1 
1.58989 -1 
-3.67116 -1 
-2.26804 -1 
1.68523 -1 
ZONE T="boundary4"
-0.606752 0.0366002 
-0.618684 -0.0262768 
-0.377355 0.319411 
-0.361857 0.32917 
0.648664 0.0457114 
-0.532846 0.179201 
-0.392626 0.309276 
-0.408003 0.29849 
-0.611967 0.0157755 
-0.438364 0.275187 
-0.468271 0.249102 
-0.587015 0.090601 
0.64577 0.0819704 
-0.554215 0.14959 
-0.615945 -0.00521367 
-0.600307 0.0572043 
-0.592673 0.0774707 
-0.56421 0.133832 
-0.521505 0.193228 
-0.543795 0.164625 
-0.574022 0.116726 
-0.216873 0.401357 
-0.126883 0.432968 
-0.150113 0.425648 
-0.482857 0.235107 
0.421109 0.41984 
0.443523 0.407641 
-0.295116 0.366178 
-0.31252 0.357227 
-0.496498 0.221198 
-0.509713 0.206865 
-0.423087 0.287272 
0.642826 0.100251 
-0.345896 0.338718 
-0.329741 0.34791 
-0.276597 0.375223 
-0.195108 0.40982 
-0.102404 0.44007 
-0.453264 0.262616 
-0.23748 0.392836 
0.515709 0.353328 
0.534013 0.334366 
-0.173156 0.417818 
-0.257901 0.383885 
0.647269 0.00999737 
-0.077736 0.446596 
-0.0516405 0.452817 
0.398195 0.43062 
0.372138 0.441075 
0.0604125 0.471484 
0.0307454 0.467829 
0.345763 0.449948 
0.498747 0.368656 
0.480968 0.382832 
0.462539 0.395809 
0.155042 0.47658 
0.122591 0.476 
0.0902155 0.474191 
0.287998 0.464286 
0.255482 0.469712 
0.316957 0.457907 
0.551025 0.313895 
-0.0253617 0.458372 
0.63897 0.11858 
0.634344 0.136679 
0.608979 0.209405 
0.618671 0.184732 
0.627475 0.159482 
0.648523 0.0278257 
0.647732 0.0637903 
0.596858 0.237027 
0.567904 0.290014 
0.583067 0.264482 
0.00260673 0.463498 
0.188981 0.475793 
0.223025 0.473471 
-0.369634 0.324336 
-0.40035 0.303935 
-0.609511 0.0262246 
-0.614108 0.00530873 
-0.596634 0.0673908 
-0.603678 0.0469478 
-0.589904 0.0840616 
-0.538388 0.171964 
-0.580755 0.103781 
-0.527236 0.186264 
-0.569216 0.125336 
-0.138519 0.429373 
0.432408 0.41391 
-0.559295 0.141764 
-0.303841 0.361747 
-0.489729 0.228204 
-0.503162 0.214085 
-0.415584 0.292935 
0.644412 0.0911282 
-0.385021 0.314391 
-0.353903 0.333989 
-0.337843 0.343357 
-0.28588 0.370749 
-0.206013 0.405647 
-0.114665 0.436591 
-0.227199 0.39715 
0.525034 0.344017 
-0.184154 0.413877 
-0.515663 0.200094 
-0.445863 0.268961 
-0.430772 0.281289 
-0.460821 0.25592 
-0.247715 0.388415 
-0.0647095 0.44979 
-0.321155 0.352615 
-0.549079 0.157159 
0.385244 0.436041 
-0.267271 0.379601 
0.0455631 0.469772 
0.359012 0.445693 
0.507347 0.361126 
-0.475618 0.242162 
0.471848 0.389455 
0.489965 0.375879 
0.409729 0.425393 
0.138813 0.476448 
0.271775 0.467211 
0.302518 0.46128 
0.542709 0.324291 
-0.0385206 0.45568 
0.641002 0.109436 
0.613937 0.197113 
0.623205 0.172153 
0.631036 0.148118 
0.648729 0.0367663 
0.648329 0.0547566 
0.646874 0.0728928 
0.603069 0.223283 
0.636748 0.127652 
0.559705 0.302128 
-0.0900905 0.443406 
0.575729 0.277395 
0.453113 0.401858 
-0.161657 0.421797 
0.0753017 0.472958 
0.106394 0.475245 
0.0166589 0.465765 
0.331415 0.454125 
0.590175 0.250863 
-0.0113971 0.461033 
0.206016 0.47483 
0.239276 0.471786 
0.172015 0.47637 
0.648038 0.0189002 
-0.617467 -0.0157266 
ZONE T="boundary5"
0.296124 -0.316227 
-0.620511 -0.0684583 
-0.511549 -0.347435 
-0.559151 -0.27977 
-0.548848 -0.296713 
-0.610176 -0.152017 
-0.614451 -0.131268 
-0.6202 -0.0473759 
-0.618684 -0.0262768 
0.607938 -0.103607 
-0.599042 -0.191228 
-0.604817 -0.172637 
-0.568719 -0.262394 
-0.168793 -0.513095 
-0.266798 -0.501512 
-0.289923 -0.495275 
-0.334501 -0.479209 
-0.355833 -0.469523 
-0.193666 -0.512373 
-0.14345 -0.512308 
-0.242747 -0.506546 
-0.218542 -0.510156 
-0.118272 -0.510008 
-0.0675822 -0.500808 
-0.0930822 -0.506198 
-0.497353 -0.363576 
-0.466362 -0.394401 
-0.482193 -0.379345 
-0.537309 -0.313952 
-0.525034 -0.330665 
-0.585263 -0.227425 
-0.592511 -0.209474 
-0.39572 -0.44761 
-0.376025 -0.459076 
-0.449734 -0.408842 
-0.43249 -0.422488 
-0.414385 -0.435496 
-0.312766 -0.487725 
0.599033 -0.116781 
0.561384 -0.159674 
0.581152 -0.139194 
0.54106 -0.177541 
-0.617609 -0.110451 
0.644884 -0.00755919 
-0.57733 -0.245079 
-0.61964 -0.0894826 
-0.042414 -0.493984 
0.00776492 -0.476032 
0.032883 -0.464987 
-0.017319 -0.485716 
0.0585148 -0.452445 
0.083958 -0.438895 
0.222172 -0.357123 
0.136032 -0.408731 
0.11005 -0.424094 
0.319817 -0.303973 
0.163911 -0.391906 
0.274369 -0.32781 
0.252643 -0.339746 
0.34344 -0.292021 
0.424586 -0.250807 
0.397668 -0.264755 
0.474782 -0.222919 
0.451117 -0.236463 
0.647269 0.00999737 
0.519685 -0.193873 
0.590346 -0.128239 
0.498017 -0.208588 
0.616111 -0.08983 
0.624028 -0.074324 
0.641367 -0.0247877 
0.636724 -0.0416549 
0.630943 -0.0581772 
0.191868 -0.37504 
0.370681 -0.278376 
-0.55409 -0.288298 
-0.612448 -0.141671 
-0.619594 -0.0368168 
-0.607626 -0.162362 
-0.278402 -0.498556 
-0.345228 -0.474507 
-0.181235 -0.51292 
-0.602031 -0.181965 
-0.23067 -0.508528 
-0.130848 -0.511345 
-0.080301 -0.503689 
-0.47436 -0.386963 
-0.543173 -0.305397 
-0.48986 -0.371546 
-0.518384 -0.339126 
-0.588974 -0.218486 
-0.385942 -0.453466 
-0.458128 -0.401717 
-0.441189 -0.415765 
-0.405123 -0.441665 
0.571491 -0.149661 
0.551383 -0.168802 
-0.301395 -0.491659 
-0.573111 -0.253781 
-0.620222 -0.0789779 
-0.531261 -0.322376 
-0.105654 -0.508288 
-0.0549592 -0.497571 
0.020372 -0.470651 
-0.0298226 -0.490016 
0.0712786 -0.445772 
0.123061 -0.41646 
0.045748 -0.458843 
0.307963 -0.310063 
0.149978 -0.400336 
0.263493 -0.333738 
0.285235 -0.321981 
-0.581381 -0.236291 
0.411157 -0.257826 
0.462997 -0.229772 
0.64622 0.00119806 
-0.156118 -0.512893 
0.530496 -0.185878 
0.585814 -0.133773 
0.60358 -0.110261 
0.594761 -0.122566 
0.508936 -0.201367 
0.612127 -0.0967818 
0.620198 -0.0821451 
0.643269 -0.0162045 
0.633973 -0.0499672 
-0.616168 -0.120882 
-0.620505 -0.0579163 
-0.618768 -0.099982 
-0.564028 -0.271134 
-0.323687 -0.483612 
-0.504539 -0.355585 
-0.423512 -0.4291 
-0.254807 -0.504204 
-0.365993 -0.464427 
-0.206121 -0.511451 
0.237381 -0.34836 
0.206999 -0.366028 
0.331627 -0.297973 
0.486467 -0.215868 
0.0970383 -0.431573 
0.384195 -0.271585 
0.35707 -0.28519 
-0.00473001 -0.481029 
0.177882 -0.383455 
0.639187 -0.0332623 
0.627622 -0.0663116 
-0.59587 -0.200385 
0.437892 -0.243703 
