ZONE T="boundary0"
-4 -0.442392 
-4 -1 
-4 -0.276504 
-4 0.203174 
-4 0.27393 
-4 0.348013 
-4 0.39737 
-4 -0.332467 
-4 0.102028 
-4 0.00979374 
-4 -0.0824404 
-4 1 
-4 0.81565 
-4 0.631299 
-4 -0.813441 
-4 0.539013 
-4 0.446727 
-4 -0.15149 
-4 -0.220541 
-4 -0.387429 
-4 -0.534637 
-4 -0.626881 
-4 0.238552 
-4 0.372691 
-4 0.152601 
-4 0.907825 
-4 0.723474 
-4 0.310972 
-4 -0.0363233 
-4 0.585156 
-4 0.0559108 
-4 -0.186015 
-4 -0.116965 
-4 -0.248522 
-4 -0.41491 
-4 -0.359948 
-4 0.49287 
-4 -0.580759 
-4 -0.488514 
-4 -0.90672 
-4 -0.720161 
-4 -0.304485 
-4 0.422048 
ZONE T="boundary1"
1.24306 1 
1.13312 1 
1.95236 1 
-0.542924 1 
0.274346 1 
-0.431932 1 
0.47432 1 
-1.1543 1 
-1.25374 1 
-1.35319 1 
-4 1 
-3.81127 1 
-1.72708 1 
-2.09606 1 
-1.91157 1 
-2.92914 1 
-3.62254 1 
-2.29255 1 
1.79062 1 
-3.16514 1 
-3.39384 1 
3.43831 1 
3.17324 1 
2.68575 1 
-2.70909 1 
2.27138 1 
2.47856 1 
-0.0767142 1 
-0.137103 1 
-0.0163256 1 
0.0515258 1 
-0.341509 1 
-0.251086 1 
-0.670668 1 
-0.606796 1 
0.119377 1 
0.196862 1 
0.374333 1 
0.799187 1 
0.68741 1 
0.580865 1 
-0.798412 1 
-0.87066 1 
-0.942908 1 
-1.0486 1 
1.02204 1 
0.910963 1 
1.49094 1 
1.35301 1 
1.62888 1 
-1.45009 1 
-1.54698 1 
4 1 
3.57084 1 
-3.04714 1 
-2.48904 1 
3.70337 1 
2.92949 1 
1.18809 1 
-3.90563 1 
-2.00382 1 
-3.7169 1 
1.87149 1 
-3.27949 1 
3.30577 1 
2.37497 1 
-0.0465199 1 
-0.106909 1 
0.0176001 1 
-0.487428 1 
-0.38672 1 
-0.296298 1 
-0.638732 1 
0.158119 1 
0.235604 1 
0.32434 1 
0.424327 1 
0.634137 1 
-0.57486 1 
-0.73454 1 
-0.194095 1 
0.743298 1 
-0.906784 1 
-0.995757 1 
0.527593 1 
-0.834536 1 
1.07758 1 
1.29804 1 
0.966503 1 
1.42198 1 
1.55991 1 
-1.30347 1 
-1.20402 1 
-3.50819 1 
2.11187 1 
-3.10614 1 
-2.3908 1 
-2.19431 1 
-1.10145 1 
3.50457 1 
3.85168 1 
-2.81911 1 
-2.98814 1 
2.58215 1 
-1.81932 1 
-2.59907 1 
0.0854515 1 
0.855075 1 
-1.49853 1 
-1.40164 1 
2.80762 1 
1.70975 1 
-1.63703 1 
3.05137 1 
3.6371 1 
ZONE T="boundary2"
4 -0.281395 
4 -0.11179 
4 -0.0573444 
4 -0.648991 
4 -0.824495 
4 -1 
4 -0.166235 
4 -0.223815 
4 -0.365326 
4 -0.449256 
4 0.0293218 
4 0.115988 
4 -0.549124 
4 0.227641 
4 0.171814 
4 0.387249 
4 1 
4 0.791404 
4 0.582808 
4 0.267543 
4 0.199728 
4 0.307445 
4 0.347347 
4 0.485028 
4 -0.084567 
4 -0.736743 
4 -0.912248 
4 -0.139012 
4 -0.252605 
4 -0.195025 
4 -0.407291 
4 0.0726549 
4 -0.49919 
4 -0.0140113 
4 -0.599057 
4 0.895702 
4 0.687106 
4 0.143901 
4 -0.32336 
4 0.185771 
4 0.247592 
4 0.367298 
4 0.287494 
4 0.436138 
4 0.533918 
4 0.213684 
4 0.327396 
ZONE T="boundary3"
-3.59215 -1 
-3.29848 -1 
-4 -1 
-0.581777 -1 
-0.483473 -1 
-0.134162 -1 
0.793146 -1 
0.913095 -1 
0.127289 -1 
1.02447 -1 
-1.59023 -1 
-1.50869 -1 
1.34446 -1 
1.8501 -1 
-3.12528 -1 
-2.95208 -1 
2.01785 -1 
-1.30932 -1 
-1.42715 -1 
3.29943 -1 
3.06591 -1 
-2.70818 -1 
3.53296 -1 
2.86835 -1 
-2.46427 -1 
2.18561 -1 
2.4282 -1 
-1.95922 -1 
-2.21174 -1 
3.76648 -1 
4 -1 
0.266709 -1 
0.338485 -1 
0.0596449 -1 
0.46107 -1 
0.583655 -1 
-0.677476 -1 
-0.00241026 -1 
0.194934 -1 
-0.38517 -1 
-0.203858 -1 
-0.249186 -1 
-0.773176 -1 
-0.0644654 -1 
0.6884 -1 
-0.294514 -1 
1.13584 -1 
1.24015 -1 
1.46937 -1 
1.59428 -1 
1.72219 -1 
-1.19149 -1 
-0.978624 -1 
-1.08506 -1 
-0.8759 -1 
-1.77472 -1 
2.67079 -1 
-3.44532 -1 
-3.79608 -1 
-0.532625 -1 
0.853121 -1 
-1.54946 -1 
-3.03868 -1 
-1.36823 -1 
3.18267 -1 
2.96713 -1 
-2.58622 -1 
-2.83013 -1 
2.3069 -1 
-2.08548 -1 
3.64972 -1 
0.302597 -1 
0.0934671 -1 
0.522362 -1 
0.0286173 -1 
-0.434322 -1 
0.161111 -1 
-0.226522 -1 
-0.629626 -1 
-0.725326 -1 
-0.0993135 -1 
0.636028 -1 
-0.339842 -1 
1.08015 -1 
-0.0334378 -1 
0.740773 -1 
1.29231 -1 
1.53182 -1 
-1.46792 -1 
-1.2504 -1 
-1.03184 -1 
-1.13827 -1 
-0.824538 -1 
-0.927262 -1 
-1.68248 -1 
2.10173 -1 
-2.33801 -1 
-1.86697 -1 
-3.21188 -1 
3.88324 -1 
1.93397 -1 
-0.16901 -1 
0.230821 -1 
0.399777 -1 
-0.27185 -1 
1.40692 -1 
0.968781 -1 
1.188 -1 
2.54949 -1 
3.41619 -1 
1.65823 -1 
1.78614 -1 
2.76957 -1 
ZONE T="boundary4"
-0.208648 0.392383 
-0.545315 0.302105 
0.637755 0.0795952 
-0.637105 0.0594942 
-0.636474 0.0818665 
-0.63647 0.0372123 
-0.63462 0.015125 
-0.321497 0.396245 
-0.300587 0.396846 
0.489221 0.289895 
0.509082 0.27605 
-0.558355 0.287473 
-0.361446 0.39259 
-0.530752 0.316351 
-0.599007 0.224553 
-0.634534 0.104271 
-0.628366 0.141125 
-0.631259 0.12656 
0.641764 0.0106664 
0.642416 0.0279023 
-0.620659 0.170371 
-0.614105 0.189664 
-0.590264 0.241042 
-0.580873 0.256659 
-0.606926 0.207515 
0.640433 0.0624284 
-0.570477 0.2719 
-0.106602 0.382247 
-0.432959 0.375177 
-0.415732 0.380891 
-0.499409 0.341177 
-0.515339 0.329445 
-0.483204 0.351501 
-0.466768 0.360525 
-0.449865 0.36846 
-0.132778 0.38483 
0.640046 -0.00665337 
-0.397972 0.385704 
0.633947 0.0966159 
-0.379974 0.38957 
-0.341554 0.39486 
-0.183841 0.390033 
-0.159011 0.387517 
-0.278263 0.396679 
-0.255868 0.395818 
0.433993 0.319374 
0.56627 0.222081 
0.547748 0.242236 
0.4528 0.310605 
0.414865 0.327174 
0.37011 0.341736 
0.392612 0.335006 
0.263516 0.36139 
0.291416 0.357836 
0.319219 0.35329 
0.344741 0.348075 
0.528113 0.260668 
0.471256 0.300787 
0.0380856 0.3725 
0.0685673 0.371417 
-0.0788358 0.379721 
0.00749369 0.373858 
-0.0511563 0.377495 
0.232052 0.364402 
0.133721 0.369446 
0.200577 0.366582 
0.167149 0.368234 
0.629094 0.113213 
0.599226 0.177038 
0.621478 0.133748 
0.611154 0.155942 
0.641982 0.0451911 
-0.232273 0.394323 
0.101176 0.370428 
-0.0217761 0.37549 
0.583808 0.199938 
-0.63695 0.0706862 
-0.635695 0.0261573 
-0.311047 0.396645 
0.499272 0.283146 
-0.635669 0.0930846 
-0.629886 0.133857 
0.642224 0.0192789 
-0.617517 0.180065 
-0.624815 0.155831 
-0.594744 0.232856 
-0.585675 0.248915 
-0.603077 0.216087 
0.639235 0.0710331 
-0.575787 0.264357 
-0.636943 0.0483501 
-0.564544 0.279787 
-0.424387 0.378155 
-0.633064 0.115441 
-0.47506 0.356144 
-0.441463 0.371942 
-0.119689 0.38352 
-0.523161 0.323033 
-0.406887 0.383418 
-0.45838 0.364623 
0.63599 0.088136 
-0.389 0.387752 
-0.331535 0.395658 
-0.37073 0.391192 
-0.196241 0.391238 
-0.171423 0.388786 
-0.267064 0.396326 
-0.289426 0.396858 
-0.538159 0.309356 
0.557189 0.232327 
-0.551957 0.294898 
0.443451 0.315109 
0.381398 0.3385 
0.277478 0.359727 
0.332005 0.350812 
-0.351516 0.393842 
-0.610634 0.198638 
0.462094 0.305822 
-0.491393 0.346473 
0.403786 0.33123 
0.424474 0.323387 
0.0533288 0.371931 
0.0227904 0.373139 
-0.0649955 0.378568 
0.247792 0.363013 
0.183865 0.367478 
-0.0927179 0.380951 
0.35746 0.345051 
0.631652 0.104952 
0.616545 0.144951 
0.625486 0.123554 
0.641035 0.00199338 
0.642337 0.0365497 
0.641347 0.0538217 
0.305337 0.355697 
-0.220457 0.393399 
0.480317 0.295471 
-0.244068 0.395136 
0.11745 0.369948 
-0.145893 0.386168 
-0.0071395 0.37463 
-0.0364657 0.376445 
0.0848707 0.370911 
0.150435 0.368879 
0.216319 0.365582 
-0.507475 0.335447 
0.518735 0.26853 
0.538104 0.251639 
0.591745 0.188642 
0.60539 0.166603 
0.575247 0.211176 
ZONE T="boundary5"
-0.404274 -0.357509 
-0.421931 -0.343688 
-0.582008 -0.150499 
-0.572348 -0.167921 
-0.515805 -0.24991 
-0.307827 -0.419125 
-0.631601 -0.0067441 
-0.63462 0.015125 
-0.622254 -0.0496681 
0.568284 -0.197142 
-0.627464 -0.0283515 
-0.608767 -0.0914049 
-0.600545 -0.111845 
-0.591378 -0.13199 
-0.264464 -0.440646 
-0.328246 -0.407783 
-0.528274 -0.233941 
-0.386177 -0.370755 
-0.348302 -0.395817 
-0.367436 -0.383581 
-0.286314 -0.43022 
-0.169382 -0.47721 
-0.143897 -0.484806 
-0.11819 -0.491597 
0.557492 -0.218395 
-0.2415 -0.450742 
-0.218231 -0.460122 
-0.19394 -0.469047 
-0.551426 -0.20147 
-0.540273 -0.217612 
-0.562081 -0.184998 
-0.439187 -0.329232 
-0.487699 -0.282433 
-0.472111 -0.298602 
-0.455935 -0.314196 
-0.502043 -0.266416 
0.62908 -0.0579119 
0.623693 -0.0748155 
0.617554 -0.0916765 
0.516181 -0.294532 
0.640046 -0.00665337 
0.047783 -0.515554 
0.0191176 -0.513845 
-0.00949527 -0.511121 
-0.064852 -0.503003 
-0.0916075 -0.497727 
-0.0372326 -0.507522 
0.0773598 -0.516222 
0.19809 -0.506252 
0.106905 -0.515736 
0.137348 -0.51397 
-0.616003 -0.0707092 
0.290876 -0.481509 
0.25981 -0.491796 
0.596694 -0.139785 
0.228697 -0.500001 
0.352364 -0.453717 
0.410234 -0.415714 
0.381896 -0.436034 
0.430577 -0.398699 
0.450012 -0.380188 
0.491135 -0.331843 
0.508083 -0.307357 
0.471271 -0.356944 
0.637316 -0.0238722 
0.633638 -0.0409565 
0.610827 -0.108334 
0.546627 -0.239637 
0.582697 -0.168515 
0.531727 -0.267726 
0.167593 -0.510861 
0.321981 -0.468811 
-0.413159 -0.35067 
-0.577257 -0.159253 
-0.629671 -0.0175734 
-0.604772 -0.101671 
-0.596072 -0.121967 
-0.624992 -0.0390414 
-0.31808 -0.413532 
-0.357916 -0.389773 
-0.376857 -0.377242 
-0.156669 -0.481108 
-0.13107 -0.488302 
0.562892 -0.207769 
-0.253021 -0.445784 
-0.229901 -0.455522 
-0.181693 -0.473223 
-0.534333 -0.22582 
-0.567287 -0.176503 
-0.545909 -0.209582 
-0.43062 -0.336533 
-0.395278 -0.364204 
-0.464094 -0.306472 
-0.479981 -0.29059 
-0.494944 -0.274489 
-0.297114 -0.424756 
0.626478 -0.0663925 
0.620703 -0.0832758 
-0.20612 -0.46468 
0.0334437 -0.514828 
0.00480023 -0.512608 
-0.0782504 -0.500472 
-0.275429 -0.435516 
-0.0510603 -0.505376 
0.0921361 -0.516126 
0.122138 -0.515017 
0.275427 -0.486903 
0.213437 -0.503332 
0.244315 -0.496129 
-0.556818 -0.193276 
0.396277 -0.426174 
-0.619256 -0.0602256 
0.440442 -0.389602 
0.499787 -0.319726 
0.481418 -0.344569 
0.367307 -0.445175 
0.512175 -0.300973 
0.63559 -0.0324386 
0.614257 -0.10003 
0.631461 -0.0494615 
-0.633255 0.00417166 
0.420541 -0.407372 
-0.612506 -0.0810987 
-0.522099 -0.241972 
0.552074 -0.229022 
0.58977 -0.154182 
-0.586784 -0.14129 
0.638803 -0.0152824 
0.603929 -0.124132 
-0.508996 -0.258222 
-0.447627 -0.321787 
-0.338321 -0.401878 
0.0625695 -0.516029 
-0.104923 -0.494768 
-0.0233782 -0.509438 
0.15249 -0.512588 
0.337315 -0.461553 
0.182872 -0.508745 
0.460851 -0.368762 
0.575516 -0.182838 
0.306541 -0.475436 
0.524109 -0.281222 
0.539273 -0.253733 
