ZONE T="boundary0"
-4 -0.387429 
-4 -0.204104 
-4 0.313718 
-4 0.250849 
-4 0.187979 
-4 0.382216 
-4 0.132296 
-4 0.0766133 
-4 0.600357 
-4 0.450713 
-4 -0.159685 
-4 -0.442392 
-4 -0.813441 
-4 -1 
-4 0.75 
-4 -0.332467 
-4 -0.290495 
-4 0.00288246 
-4 -0.0708483 
-4 -0.248522 
-4 -0.534637 
-4 -0.626881 
-4 1 
-4 0.282283 
-4 0.219414 
-4 0.347967 
-4 0.104455 
-4 0.525535 
-4 -0.90672 
-4 0.675178 
-4 -0.311481 
-4 0.0397479 
-4 0.160138 
-4 -0.0339829 
-4 -0.115267 
-4 -0.181894 
-4 -0.226313 
-4 -0.359948 
-4 -0.488514 
-4 -0.41491 
-4 -0.580759 
-4 -0.720161 
-4 0.875 
-4 -0.269508 
-4 0.416464 
ZONE T="boundary1"
-2.31198 1 
-2.5191 1 
1.79062 1 
4 1 
3.71781 1 
1.13255 1 
1.02158 1 
0.80032 1 
0.690026 1 
-0.661532 1 
-0.799094 1 
-1.94094 1 
-1.68914 1 
0.171693 1 
0.457231 1 
3.43563 1 
3.24978 1 
-0.936655 1 
1.95591 1 
2.1212 1 
3.06393 1 
-2.72621 1 
-3.44182 1 
-3.69692 1 
1.57881 1 
2.86699 1 
-2.95646 1 
0.287414 1 
0.372323 1 
0.229554 1 
0.573629 1 
-0.00836351 1 
0.0816649 1 
-0.177897 1 
-0.135513 1 
-0.470497 1 
-0.09313 1 
-0.258448 1 
-0.338999 1 
0.910615 1 
1.47291 1 
1.24978 1 
1.367 1 
-4 1 
-1.32557 1 
2.67005 1 
-1.05113 1 
-1.16561 1 
-1.48553 1 
-3.31426 1 
2.50556 1 
2.34106 1 
-2.12646 1 
-3.07159 1 
-3.18671 1 
-2.41554 1 
3.85891 1 
1.07707 1 
0.745173 1 
-0.730313 1 
-1.81504 1 
3.3427 1 
-0.867874 1 
2.03856 1 
3.57672 1 
3.15686 1 
-3.56937 1 
-2.84134 1 
0.329868 1 
0.258484 1 
0.200623 1 
0.414777 1 
0.51543 1 
0.0366507 1 
-0.156705 1 
-0.0507468 1 
-0.298724 1 
0.126679 1 
-0.404748 1 
-0.566015 1 
0.631827 1 
0.966099 1 
0.855467 1 
1.52586 1 
1.30839 1 
1.19117 1 
2.96546 1 
1.68472 1 
1.41996 1 
2.76852 1 
-1.10837 1 
-1.40555 1 
-1.24559 1 
-3.84846 1 
-3.37804 1 
-1.58733 1 
2.23113 1 
-2.62266 1 
2.58781 1 
1.87327 1 
2.42331 1 
-2.0337 1 
-0.114322 1 
-0.218172 1 
-0.993893 1 
-3.12915 1 
-3.01402 1 
-3.25049 1 
-2.21922 1 
ZONE T="boundary2"
4 -0.449256 
4 -0.32336 
4 -0.281177 
4 -0.238994 
4 1 
4 0.485028 
4 0.742514 
4 -0.064098 
4 -0.151546 
4 0.354088 
4 0.613771 
4 0.419558 
4 0.166047 
4 0.236632 
4 0.29536 
4 0.0156818 
4 0.0954616 
4 -0.549124 
4 -0.824495 
4 -0.648991 
4 -1 
4 -0.386308 
4 -0.260085 
4 0.871257 
4 -0.107822 
4 0.5494 
4 0.452293 
4 0.678143 
4 0.265996 
4 0.20134 
4 -0.0242081 
4 -0.19527 
4 -0.912248 
4 -0.302269 
4 0.386823 
4 0.130754 
4 0.0555717 
4 0.324724 
4 -0.49919 
4 -0.736743 
4 -0.599057 
ZONE T="boundary3"
3.80521 -1 
3.61043 -1 
0.243979 -1 
0.389922 -1 
-0.0015267 -1 
0.301717 -1 
-0.192203 -1 
-0.237255 -1 
-0.372413 -1 
-4 -1 
-0.633544 -1 
-3.47386 -1 
1.3443 -1 
1.23307 -1 
-2.16906 -1 
-1.98524 -1 
1.59578 -1 
1.7329 -1 
1.87002 -1 
2.22302 -1 
2.62808 -1 
3.22984 -1 
-3.245 -1 
-3.01614 -1 
2.42555 -1 
2.77852 -1 
-0.282308 -1 
0.12482 -1 
0.186241 -1 
-0.129327 -1 
-0.0664515 -1 
-0.756064 -1 
0.0633981 -1 
-0.502979 -1 
0.478128 -1 
-0.817324 -1 
-0.878583 -1 
0.698167 -1 
0.588148 -1 
0.805387 -1 
1.01723 -1 
1.12185 -1 
-1.32348 -1 
-1.42725 -1 
-1.20616 -1 
-0.983708 -1 
-2.77708 -1 
3.42014 -1 
-1.53101 -1 
2.92896 -1 
2.04652 -1 
-2.56498 -1 
-2.35289 -1 
-1.87168 -1 
-1.75813 -1 
1.47004 -1 
4 -1 
-0.931146 -1 
-1.08883 -1 
0.912608 -1 
-3.73693 -1 
0.272848 -1 
-0.214729 -1 
1.28868 -1 
-2.07715 -1 
1.80146 -1 
-3.13057 -1 
2.52681 -1 
2.7033 -1 
-0.327361 -1 
-0.259782 -1 
0.15553 -1 
-0.160765 -1 
-0.0978893 -1 
-0.0339891 -1 
-0.694804 -1 
-0.437696 -1 
-0.568261 -1 
0.21511 -1 
0.34582 -1 
0.0941089 -1 
0.434025 -1 
0.533138 -1 
0.751777 -1 
1.06954 -1 
-1.37536 -1 
-1.26482 -1 
-2.89661 -1 
3.32499 -1 
3.0794 -1 
3.51528 -1 
2.13477 -1 
2.32429 -1 
2.85374 -1 
-2.67103 -1 
-2.45894 -1 
-2.26098 -1 
-1.81491 -1 
1.53291 -1 
1.66434 -1 
1.95827 -1 
-1.64457 -1 
3.70782 -1 
-1.92846 -1 
-3.35943 -1 
0.0309357 -1 
-0.786694 -1 
-0.847953 -1 
-0.957427 -1 
-1.03627 -1 
-0.904865 -1 
0.643157 -1 
0.858998 -1 
0.964917 -1 
-1.1475 -1 
-1.47913 -1 
1.17746 -1 
3.90261 -1 
-3.86846 -1 
-3.60539 -1 
1.40717 -1 
ZONE T="boundary4"
-0.622854 -0.0227371 
-0.425628 0.281345 
-0.599241 0.0803786 
-0.606588 0.060295 
-0.620766 -0.00176922 
-0.570992 0.135854 
0.642045 0.0146387 
-0.39413 0.301378 
-0.378355 0.310546 
-0.501686 0.219913 
-0.487571 0.232998 
-0.293883 0.352545 
-0.274964 0.36068 
-0.255923 0.368488 
0.644927 0.0495263 
-0.593713 0.0933597 
-0.61264 0.0398309 
-0.617365 0.0191212 
-0.560887 0.151225 
-0.550292 0.165812 
-0.539103 0.179878 
-0.580836 0.119093 
-0.587545 0.106341 
-0.52757 0.19322 
-0.0746563 0.426576 
-0.0487254 0.432588 
-0.192289 0.392097 
-0.214285 0.384348 
-0.0992685 0.420331 
-0.51533 0.206335 
0.637743 0.120848 
0.641067 0.102911 
-0.472445 0.246089 
-0.456891 0.258639 
-0.410011 0.291591 
-0.34595 0.327915 
-0.32936 0.336156 
-0.441437 0.270258 
0.643403 0.0850139 
-0.36239 0.31933 
-0.311687 0.344517 
0.459453 0.385972 
0.478007 0.373964 
-0.235167 0.376594 
-0.12372 0.413615 
-0.0226267 0.438035 
-0.147013 0.406748 
0.513196 0.346468 
0.531862 0.328664 
0.549295 0.309337 
0.440378 0.396868 
0.417974 0.408041 
0.627098 0.160795 
0.618542 0.185357 
0.644053 0.0320434 
0.495978 0.360786 
0.062116 0.45133 
0.032876 0.447527 
0.395148 0.417856 
0.566664 0.286661 
0.123348 0.45643 
0.1553 0.457446 
0.0915141 0.454277 
0.254084 0.452484 
0.343145 0.435259 
0.286112 0.447871 
0.314677 0.44231 
0.633556 0.138546 
0.644702 0.0672157 
-0.170161 0.399474 
0.369269 0.427308 
0.596523 0.235916 
0.582312 0.262275 
0.00503748 0.443129 
0.188671 0.457206 
0.222149 0.455531 
0.60887 0.209268 
-0.603073 0.0703933 
-0.38627 0.306011 
-0.494684 0.226516 
-0.284441 0.356654 
-0.265459 0.364624 
-0.621972 -0.0122385 
-0.609776 0.0501095 
-0.619229 0.00870111 
-0.596544 0.0868969 
-0.615166 0.0295119 
-0.566032 0.1436 
-0.544773 0.172904 
-0.584255 0.11275 
-0.590696 0.0998815 
-0.576025 0.127538 
-0.533402 0.186605 
-0.0617091 0.429652 
-0.203304 0.388269 
-0.0869793 0.423514 
-0.521511 0.199834 
0.63952 0.1119 
-0.464721 0.252432 
-0.480064 0.239609 
-0.417856 0.286526 
-0.337674 0.332076 
-0.449212 0.264514 
-0.370396 0.314984 
-0.354192 0.323666 
-0.302802 0.348571 
-0.402103 0.296539 
0.468816 0.3801 
-0.224742 0.380514 
-0.245562 0.372586 
-0.0356935 0.435384 
-0.135383 0.410234 
-0.50857 0.213186 
-0.433576 0.275866 
0.522693 0.337739 
0.540762 0.319167 
0.429257 0.402618 
-0.111512 0.417031 
0.62298 0.173132 
-0.555672 0.158578 
0.644629 0.040776 
0.487091 0.36751 
0.0474796 0.449533 
0.642359 0.0939776 
0.558217 0.298182 
0.406628 0.413105 
0.504698 0.353761 
0.449989 0.391549 
0.139317 0.457085 
0.300428 0.445264 
0.270126 0.450378 
0.328957 0.438972 
0.635753 0.12972 
0.630475 0.149713 
-0.320543 0.340379 
0.643193 0.0233226 
0.644951 0.0583711 
0.644183 0.0761229 
-0.181241 0.395832 
0.382275 0.422766 
-0.158604 0.403162 
0.356259 0.431456 
0.589645 0.249219 
0.0768014 0.452914 
0.107419 0.455491 
0.01894 0.445418 
0.574736 0.274627 
-0.0088129 0.440667 
0.171984 0.457497 
0.238133 0.454191 
0.205417 0.456555 
0.602875 0.222676 
0.613845 0.197369 
ZONE T="boundary5"
-0.581628 -0.222272 
-0.573014 -0.239745 
-0.622854 -0.0227371 
-0.621538 -0.085605 
-0.623207 -0.0647078 
-0.623657 -0.0437368 
0.58865 -0.10885 
0.598015 -0.0959557 
-0.609573 -0.147646 
-0.61469 -0.12708 
0.615227 -0.0674267 
0.642045 0.0146387 
-0.618683 -0.106427 
-0.589584 -0.20452 
-0.423145 -0.417027 
-0.440653 -0.403081 
-0.255706 -0.504408 
-0.302227 -0.48725 
-0.324168 -0.477426 
-0.404804 -0.430459 
-0.385938 -0.443123 
-0.279142 -0.496369 
-0.129074 -0.528052 
-0.155367 -0.525812 
-0.0495051 -0.526265 
-0.231249 -0.511536 
-0.20655 -0.517468 
-0.181021 -0.52229 
-0.530675 -0.30802 
-0.503943 -0.341335 
-0.517902 -0.324632 
0.464893 -0.219868 
0.441573 -0.237212 
-0.563773 -0.256886 
-0.553609 -0.274107 
-0.542753 -0.290909 
-0.489318 -0.357456 
-0.473765 -0.373268 
-0.457589 -0.388437 
0.579594 -0.120118 
0.629278 -0.0356642 
0.622802 -0.0517277 
-0.0763712 -0.528332 
-0.1028 -0.5289 
0.00362693 -0.517581 
-0.0229062 -0.522698 
-0.596848 -0.186466 
0.134761 -0.467394 
0.108971 -0.480714 
0.0564019 -0.502541 
0.0300789 -0.510873 
0.0829966 -0.492381 
0.160391 -0.45245 
0.186356 -0.435644 
0.294126 -0.35302 
0.239424 -0.396839 
0.212452 -0.41722 
0.344351 -0.312366 
0.366599 -0.294723 
0.322149 -0.330235 
0.392394 -0.274613 
0.41816 -0.25486 
0.638905 -0.0024797 
0.634645 -0.0192563 
-0.603376 -0.168066 
0.507913 -0.187316 
0.48659 -0.203686 
0.529273 -0.169901 
0.57008 -0.130962 
0.549832 -0.151511 
0.606701 -0.082518 
-0.345685 -0.466638 
-0.366053 -0.455308 
0.266064 -0.37576 
-0.577399 -0.231048 
-0.622522 -0.0751696 
-0.623414 -0.0332323 
0.593416 -0.102466 
-0.612265 -0.137397 
-0.620255 -0.096037 
-0.431969 -0.410143 
-0.31325 -0.482459 
-0.395435 -0.436888 
-0.142233 -0.527104 
-0.243517 -0.508118 
-0.218933 -0.514651 
-0.168214 -0.524213 
-0.511008 -0.333055 
0.453234 -0.228521 
-0.568473 -0.248359 
-0.548266 -0.282563 
-0.524372 -0.31639 
-0.414043 -0.423837 
-0.496711 -0.349469 
-0.623587 -0.0542269 
0.626174 -0.0437527 
-0.585689 -0.213434 
-0.267468 -0.500523 
-0.115941 -0.52865 
-0.00960599 -0.520331 
0.121944 -0.47423 
0.0432951 -0.5069 
0.069765 -0.497659 
0.173455 -0.444196 
-0.290734 -0.491942 
0.226001 -0.407129 
0.355464 -0.303518 
0.333241 -0.321278 
-0.481621 -0.365441 
0.429856 -0.246006 
0.379486 -0.284632 
0.636916 -0.0109063 
-0.60021 -0.177302 
0.497297 -0.195556 
0.518676 -0.178708 
0.560139 -0.141422 
0.584184 -0.114537 
0.574892 -0.125592 
0.539674 -0.160846 
0.602451 -0.0892997 
0.611082 -0.0750424 
0.632099 -0.0275079 
0.619142 -0.0596422 
-0.616825 -0.116781 
-0.593306 -0.195529 
-0.558778 -0.265548 
0.640618 0.00605103 
-0.536803 -0.299527 
-0.193813 -0.520039 
-0.355928 -0.461081 
-0.376059 -0.449321 
-0.465753 -0.380934 
-0.449194 -0.395845 
-0.334984 -0.472151 
-0.0361816 -0.52467 
-0.0629233 -0.527487 
0.147656 -0.460085 
0.0168969 -0.51442 
-0.0895809 -0.528795 
0.199478 -0.426557 
0.308135 -0.341613 
0.47576 -0.211793 
0.0960556 -0.486733 
0.405269 -0.264702 
0.252783 -0.386359 
-0.606601 -0.157895 
0.280114 -0.364412 
