ZONE T="boundary0"
-4 -0.855515 
-4 0.0390138 
-4 0.152172 
-4 0.173942 
-4 0.418798 
-4 0.356847 
-4 1 
-4 0.217482 
-4 0.195712 
-4 -1 
-4 0.0955929 
-4 -0.0577149 
-4 -0.154444 
-4 -0.213994 
-4 0.298049 
-4 -0.273543 
-4 -0.243769 
-4 0.480749 
-4 0.836913 
-4 0.673827 
-4 0.577288 
-4 -0.566112 
-4 -0.71103 
-4 0.268651 
-4 0.239252 
-4 0.327448 
-4 -0.421195 
-4 -0.347369 
-4 -0.493653 
-4 0.163057 
-4 0.387822 
-4 0.206597 
-4 0.0673033 
-4 0.184827 
-4 -0.00935058 
-4 -0.184219 
-4 -0.106079 
-4 -0.258656 
-4 0.918457 
-4 0.625557 
-4 0.75537 
-4 -0.638571 
-4 -0.927757 
-4 -0.783272 
-4 0.123882 
-4 0.28335 
-4 0.228367 
-4 0.253951 
-4 0.312749 
-4 0.449773 
-4 -0.228881 
-4 -0.384282 
-4 -0.310456 
-4 -0.457424 
-4 -0.529883 
-4 0.529018 
-4 0.342148 
ZONE T="boundary1"
-2.86913 1 
-3.21417 1 
-3.52332 1 
-4 1 
1.88301 1 
1.70959 1 
3.69343 1 
4 1 
0.518506 1 
0.408218 1 
-0.435783 1 
-0.497812 1 
-3.36874 1 
-1.19331 1 
-2.61027 1 
-2.48084 1 
1.1152 1 
-1.54061 1 
-1.98018 1 
-2.35141 1 
-1.12209 1 
-1.05088 1 
3.41002 1 
1.44904 1 
1.36219 1 
2.66594 1 
2.46553 1 
2.86635 1 
-0.260901 1 
-0.192715 1 
-0.124529 1 
0.0546394 1 
-0.627914 1 
-0.373754 1 
-0.868843 1 
-0.758015 1 
-0.0598453 1 
0.00483806 1 
0.628793 1 
-0.979671 1 
0.104441 1 
0.306131 1 
0.204043 1 
0.989882 1 
0.864569 1 
0.746681 1 
-1.26452 1 
-1.44858 1 
-1.63265 1 
-1.35655 1 
-1.80641 1 
1.53589 1 
1.23869 1 
2.26098 1 
2.05643 1 
3.13818 1 
0.154242 1 
3.2741 1 
-3.04165 1 
-3.76166 1 
1.7963 1 
3.84671 1 
0.463362 1 
-0.466798 1 
-3.44603 1 
-2.54556 1 
-2.1658 1 
-1.08649 1 
3.55172 1 
1.40562 1 
2.56574 1 
-0.158622 1 
-0.562863 1 
-0.317327 1 
-0.404768 1 
-0.692965 1 
-0.0275036 1 
-0.924257 1 
0.255087 1 
0.927225 1 
0.357174 1 
-3.29145 1 
-1.22891 1 
-1.01528 1 
-1.58663 1 
-1.71953 1 
-1.4946 1 
-1.8933 1 
1.62274 1 
1.30044 1 
2.76614 1 
2.36326 1 
2.1587 1 
3.00226 1 
1.05254 1 
1.49247 1 
1.17694 1 
-2.7397 1 
1.96972 1 
-0.226808 1 
0.0297387 1 
-0.813429 1 
-0.092187 1 
0.179143 1 
0.0795401 1 
0.687737 1 
0.129341 1 
-1.40256 1 
0.805625 1 
-2.41613 1 
-1.31053 1 
0.573649 1 
-1.1577 1 
3.20614 1 
3.34206 1 
ZONE T="boundary2"
4 -0.775155 
4 -0.307004 
4 -0.254407 
4 -0.197349 
4 -0.103297 
4 0.357597 
4 1 
4 -0.150323 
4 0.296342 
4 0.178838 
4 0.834916 
4 0.32697 
4 0.418343 
4 0.479089 
4 -0.0092456 
4 -0.359602 
4 0.23759 
4 0.57446 
4 0.669832 
4 0.0847964 
4 -0.550309 
4 -0.454956 
4 -1 
4 0.266966 
4 -0.280706 
4 -0.225878 
4 0.917458 
4 0.342283 
4 0.448716 
4 -0.0562715 
4 -0.173836 
4 -0.333303 
4 0.208214 
4 0.622146 
4 0.0377754 
4 -0.502632 
4 -0.662732 
4 -0.887577 
4 0.752374 
4 0.38797 
4 0.252278 
4 0.131817 
4 0.281654 
4 0.311656 
4 -0.12681 
4 -0.407279 
4 0.526775 
ZONE T="boundary3"
0.380688 -1 
-0.296995 -1 
0.531132 -1 
0.267536 -1 
-0.944422 -1 
1.34134 -1 
-2.69589 -1 
0.861553 -1 
0.784021 -1 
1.24758 -1 
-4 -1 
-3.55766 -1 
-1.86649 -1 
2.23965 -1 
-3.39309 -1 
-2.0302 -1 
-2.27961 -1 
-2.40432 -1 
2.40682 -1 
3.04924 -1 
-1.05873 -1 
3.48559 -1 
2.83252 -1 
-0.136387 -1 
-0.0828506 -1 
-0.667533 -1 
-0.770995 -1 
-0.564072 -1 
0.0529499 -1 
0.129976 -1 
-0.430533 -1 
0.628959 -1 
-0.0149504 -1 
0.433306 -1 
0.328071 -1 
0.207002 -1 
-0.189923 -1 
0.939084 -1 
1.04645 -1 
-0.857708 -1 
1.15382 -1 
1.5279 -1 
1.65709 -1 
-1.17304 -1 
-1.29754 -1 
-1.42205 -1 
-1.70278 -1 
-1.56242 -1 
1.78627 -1 
2.07247 -1 
3.70522 -1 
4 -1 
-2.52903 -1 
-3.22852 -1 
-3.04563 -1 
-2.86274 -1 
3.26596 -1 
2.61967 -1 
-3.77883 -1 
-2.34197 -1 
2.32323 -1 
-0.109619 -1 
-0.719264 -1 
0.0914629 -1 
0.580045 -1 
0.0189997 -1 
-0.0489005 -1 
0.482219 -1 
-0.615803 -1 
0.406997 -1 
0.354379 -1 
0.237269 -1 
0.168489 -1 
-0.243459 -1 
-0.363764 -1 
-0.497303 -1 
0.70649 -1 
0.900318 -1 
0.992769 -1 
0.822787 -1 
-0.814352 -1 
1.10014 -1 
1.29446 -1 
1.43462 -1 
1.2007 -1 
-1.00158 -1 
-1.11588 -1 
-1.23529 -1 
-1.3598 -1 
-1.6326 -1 
1.92937 -1 
-3.47537 -1 
3.59541 -1 
-2.15491 -1 
3.85261 -1 
-3.3108 -1 
-2.95419 -1 
-2.77931 -1 
2.15606 -1 
1.72168 -1 
1.59249 -1 
3.37578 -1 
-2.46668 -1 
3.1576 -1 
2.94088 -1 
-2.61246 -1 
0.297804 -1 
-0.163155 -1 
-0.901065 -1 
-3.13707 -1 
-1.49223 -1 
-1.78464 -1 
2.51325 -1 
2.7261 -1 
-1.94834 -1 
ZONE T="boundary4"
-0.560484 0.297189 
-0.609865 0.070369 
-0.608549 0.0508786 
-0.61029 0.0900362 
-0.606369 0.031635 
-0.143309 0.489822 
-0.12075 0.479463 
-0.372047 0.487784 
-0.254436 0.513362 
-0.233093 0.512407 
0.490352 0.216511 
-0.609811 0.109826 
-0.607017 0.142672 
-0.608721 0.126299 
-0.599511 0.186154 
-0.590985 0.219074 
-0.602974 0.169071 
-0.57451 0.266183 
-0.58332 0.242874 
-0.505905 0.38196 
-0.0974279 0.466909 
-0.488896 0.401602 
-0.470781 0.42009 
-0.454406 0.434923 
-0.438335 0.447933 
-0.405664 0.470167 
-0.389224 0.479412 
-0.421697 0.459926 
0.413622 0.249059 
0.430521 0.243295 
-0.0506494 0.43706 
-0.0269363 0.420397 
-0.335753 0.50141 
-0.354545 0.495026 
0.613677 0.0885926 
-0.074456 0.452915 
0.586093 0.13481 
-0.21135 0.509697 
-0.276042 0.51261 
-0.296398 0.51031 
0.568808 0.1557 
-0.166416 0.498508 
0.630872 0.0395362 
0.623971 0.0630286 
-0.316741 0.506452 
0.549918 0.174446 
0.600956 0.112611 
0.30184 0.276399 
0.3966 0.254262 
0.326741 0.271241 
0.559559 0.165324 
0.527742 0.192587 
0.504341 0.208373 
0.453424 0.234353 
0.107046 0.335399 
0.13609 0.322278 
-0.0018424 0.402479 
0.0785506 0.350348 
0.165298 0.311087 
0.277082 0.281503 
0.19465 0.301607 
0.252241 0.286862 
0.374133 0.26036 
0.351535 0.265806 
0.619137 0.0759934 
0.638491 -0.00863008 
0.639463 -0.0332143 
-0.188631 0.504983 
0.635677 0.0155969 
-0.54398 0.327437 
-0.525618 0.355861 
0.0236094 0.384716 
0.0507276 0.366916 
0.22373 0.293641 
0.476026 0.224005 
-0.609318 0.060617 
-0.131954 0.484835 
-0.243758 0.513095 
-0.610164 0.0999346 
-0.607945 0.134494 
-0.609344 0.118068 
-0.59553 0.202691 
-0.605191 0.155903 
-0.567784 0.281821 
-0.587296 0.231022 
-0.109007 0.473366 
-0.446458 0.44154 
-0.462695 0.427623 
-0.397508 0.474908 
-0.413749 0.465159 
-0.430099 0.45405 
0.422093 0.24625 
-0.0387663 0.428783 
-0.345201 0.498377 
-0.0858716 0.460054 
-0.380696 0.483728 
-0.222199 0.511269 
-0.265248 0.513202 
-0.286242 0.511651 
0.577713 0.145474 
0.627685 0.0513601 
-0.479981 0.410991 
-0.306605 0.508571 
-0.497546 0.391913 
-0.61019 0.0802008 
-0.601322 0.177629 
0.405128 0.251725 
-0.326289 0.504096 
0.314295 0.27384 
-0.607568 0.041245 
0.564241 0.160568 
0.51621 0.200739 
0.539046 0.183786 
0.554791 0.169942 
0.121483 0.328616 
-0.0143979 0.411437 
-0.36335 0.491542 
0.0926985 0.342665 
0.150623 0.316473 
0.289459 0.278938 
0.179925 0.306161 
0.264656 0.284137 
0.362848 0.263153 
-0.579065 0.254588 
0.607629 0.100768 
0.621638 0.0695425 
0.6392 -0.0209128 
-0.154792 0.494386 
-0.19995 0.507572 
0.616489 0.0823288 
-0.177469 0.501961 
0.637324 0.00351139 
-0.552512 0.312472 
-0.535058 0.341823 
0.339148 0.268576 
0.0108381 0.393536 
0.0370886 0.375689 
-0.0624954 0.445094 
0.0645423 0.358455 
0.209159 0.297476 
0.63353 0.027618 
0.385389 0.257403 
0.442026 0.238979 
0.464798 0.229354 
0.49739 0.212525 
0.48323 0.220335 
0.593806 0.1239 
0.237964 0.290152 
-0.515997 0.369095 
ZONE T="boundary5"
-0.489146 -0.220448 
-0.510009 -0.193798 
-0.546481 -0.138733 
-0.562238 -0.109547 
-0.431096 -0.283097 
-0.455346 -0.258804 
0.601073 -0.242259 
-0.589607 -0.0423747 
-0.606369 0.031635 
-0.569812 -0.0936522 
-0.577017 -0.0769749 
-0.583574 -0.0600321 
-0.603353 0.0126643 
0.570214 -0.318074 
0.57885 -0.301001 
0.427497 -0.456 
-0.188835 -0.438076 
-0.167218 -0.446908 
-0.247945 -0.410532 
-0.284027 -0.39104 
-0.229129 -0.419863 
-0.266533 -0.400762 
-0.30129 -0.380917 
-0.0729028 -0.478426 
-0.0472487 -0.485144 
-0.599533 -0.00600382 
-0.0983438 -0.471001 
-0.145374 -0.455201 
-0.12197 -0.463407 
0.265501 -0.505422 
0.29374 -0.500815 
-0.472561 -0.239941 
-0.529085 -0.166685 
-0.333618 -0.360425 
-0.348803 -0.350044 
-0.317572 -0.370857 
-0.377962 -0.328578 
-0.391921 -0.317504 
-0.363743 -0.339311 
-0.209097 -0.42921 
0.482412 -0.421042 
0.455553 -0.439846 
0.326177 -0.493748 
-0.594943 -0.0243468 
-0.411838 -0.300678 
0.59365 -0.264851 
0.551859 -0.348039 
0.154032 -0.511901 
0.125554 -0.510946 
0.607725 -0.219386 
0.095932 -0.50893 
0.0663979 -0.505914 
0.0371026 -0.501947 
0.617902 -0.180397 
0.623593 -0.156193 
0.210241 -0.510793 
0.18252 -0.511854 
0.23789 -0.508675 
0.358573 -0.484541 
0.376176 -0.478516 
0.393514 -0.47179 
0.410615 -0.464308 
0.469196 -0.430755 
0.502779 -0.404013 
0.512546 -0.394799 
0.52193 -0.385187 
0.532447 -0.373389 
0.542378 -0.361076 
0.560676 -0.334543 
0.586655 -0.283235 
0.612956 -0.199936 
0.628726 -0.131868 
0.633158 -0.107151 
0.638751 -0.0578692 
0.636572 -0.0825137 
0.639463 -0.0332143 
0.00795923 -0.497047 
-0.019741 -0.491506 
-0.499738 -0.207249 
-0.554594 -0.124267 
-0.443382 -0.271111 
-0.573494 -0.0853479 
-0.604967 0.0221333 
0.57465 -0.309599 
-0.566096 -0.101633 
-0.178055 -0.44256 
-0.238564 -0.415252 
-0.275308 -0.395951 
-0.292688 -0.386029 
-0.601546 0.00330965 
-0.0856496 -0.474802 
-0.156322 -0.451122 
-0.110182 -0.467282 
0.279648 -0.503283 
-0.464039 -0.24945 
-0.537989 -0.152838 
-0.480936 -0.230265 
-0.34124 -0.355278 
-0.325625 -0.365688 
-0.384975 -0.323084 
-0.370884 -0.333986 
-0.257268 -0.405702 
0.441696 -0.44822 
0.310012 -0.497521 
-0.59237 -0.0333886 
-0.133699 -0.459381 
-0.401958 -0.309184 
0.597484 -0.253595 
-0.421553 -0.291982 
-0.580378 -0.0685354 
-0.586681 -0.0512341 
0.139789 -0.511546 
0.110735 -0.510065 
0.0517341 -0.504049 
0.620809 -0.16831 
0.196386 -0.511452 
0.224077 -0.50987 
0.367404 -0.481614 
0.402106 -0.468142 
0.38488 -0.475242 
-0.309459 -0.375934 
0.462426 -0.435378 
-0.198993 -0.433704 
0.492763 -0.412727 
0.517287 -0.390042 
0.475861 -0.425976 
0.527261 -0.379353 
0.537488 -0.367294 
0.5472 -0.354617 
0.419104 -0.460251 
0.565562 -0.326378 
0.582869 -0.29217 
0.556351 -0.341347 
0.590262 -0.274086 
0.604474 -0.230847 
0.610379 -0.209672 
0.615464 -0.190176 
-0.597337 -0.0151997 
0.507709 -0.399456 
-0.219141 -0.424598 
0.342452 -0.489411 
0.626239 -0.144047 
0.63105 -0.119529 
0.637829 -0.0702062 
-0.356305 -0.344722 
0.635002 -0.0948513 
0.168277 -0.512006 
0.0225113 -0.499612 
-0.00591197 -0.49438 
-0.519729 -0.18037 
-0.0600996 -0.481874 
0.251713 -0.507194 
-0.0335189 -0.488427 
0.639304 -0.045547 
0.0811524 -0.507545 
