ZONE T="boundary0"
-4 -0.387173 
-4 -0.332942 
-4 0.124374 
-4 0.217155 
-4 0.176715 
-4 0.257595 
-4 0.530196 
-4 0.392675 
-4 0.346835 
-4 -0.223544 
-4 -1 
-4 0.0720331 
-4 0.014238 
-4 -0.043557 
-4 0.438515 
-4 0.765098 
-4 0.647647 
-4 -0.476052 
-4 -0.564931 
-4 -0.278712 
-4 -0.105967 
-4 -0.168376 
-4 1 
-4 0.882549 
-4 -0.782466 
-4 -0.360058 
-4 0.196935 
-4 0.0982034 
-4 0.150544 
-4 0.0431355 
-4 -0.0146595 
-4 0.237375 
-4 0.302215 
-4 0.369755 
-4 0.484355 
-4 0.706372 
-4 -0.520492 
-4 -0.305827 
-4 -0.251128 
-4 -0.0747617 
-4 -0.137171 
-4 -0.19596 
-4 0.588921 
-4 0.941274 
-4 -0.673699 
-4 -0.891233 
-4 0.823823 
-4 -0.431613 
-4 0.415595 
ZONE T="boundary1"
4 1 
3.83914 1 
2.01275 1 
-1.13906 1 
0.156354 1 
0.0955045 1 
-3.37945 1 
-1.05194 1 
0.916439 1 
0.776474 1 
3.20662 1 
3.05668 1 
-1.54293 1 
-3.66756 1 
-2.18803 1 
-2.01367 1 
-2.598 1 
-2.84467 1 
3.51742 1 
-3.09133 1 
-2.39302 1 
0.38356 1 
0.0260139 1 
-0.0434766 1 
0.217204 1 
-0.267288 1 
-0.346287 1 
0.315715 1 
-0.632701 1 
-0.115883 1 
-0.188289 1 
-0.526207 1 
-0.227788 1 
-0.436247 1 
-0.739195 1 
-0.964816 1 
0.451405 1 
0.686389 1 
0.596305 1 
0.523855 1 
-0.852006 1 
-3.83378 1 
-4 1 
-1.31088 1 
-1.22497 1 
-1.4269 1 
1.20279 1 
1.0564 1 
-1.69112 1 
-1.83931 1 
1.33655 1 
2.66597 1 
2.41158 1 
2.86132 1 
3.67828 1 
3.35656 1 
1.86832 1 
1.66931 1 
1.4703 1 
2.15718 1 
3.91957 1 
0.12593 1 
0.846456 1 
3.13165 1 
-2.10085 1 
-2.72134 1 
-3.5235 1 
-2.968 1 
-2.49551 1 
-0.00873134 1 
-0.306787 1 
0.0607592 1 
0.266459 1 
0.186779 1 
-0.579454 1 
-0.247538 1 
-0.481227 1 
-0.685948 1 
0.641347 1 
0.56008 1 
-0.7956 1 
-3.91689 1 
-0.908411 1 
-1.0955 1 
-1.26792 1 
-1.00838 1 
-1.48492 1 
1.1296 1 
0.731432 1 
0.986421 1 
-1.18201 1 
-1.76522 1 
-1.36889 1 
-1.92649 1 
1.26967 1 
-3.75067 1 
2.53878 1 
2.959 1 
3.75871 1 
3.43699 1 
3.59785 1 
1.76882 1 
1.40343 1 
-1.61703 1 
2.28438 1 
2.08497 1 
-2.29053 1 
-0.391267 1 
0.48763 1 
-0.152086 1 
-0.0796796 1 
0.349637 1 
-0.208038 1 
1.94054 1 
2.76365 1 
-3.23539 1 
1.56981 1 
3.28159 1 
0.417482 1 
ZONE T="boundary2"
4 -0.415694 
4 -0.352803 
4 -0.604367 
4 -0.289441 
4 -0.231622 
4 -0.162919 
4 0.143875 
4 1 
4 -0.109915 
4 0.0873119 
4 0.0152001 
4 -1 
4 0.200439 
4 -0.0569117 
4 0.281555 
4 0.240997 
4 -0.703275 
4 -0.478585 
4 -0.802184 
4 0.565488 
4 0.489287 
4 0.782744 
4 0.674116 
4 0.314438 
4 0.347321 
4 0.413087 
4 -0.384249 
4 -0.321122 
4 -0.260532 
4 -0.197271 
4 0.051256 
4 -0.0208558 
4 0.261276 
4 -0.653821 
4 -0.0834134 
4 -0.136417 
4 -0.44714 
4 0.172157 
4 -0.75273 
4 0.527388 
4 -0.541476 
4 -0.901092 
4 0.619802 
4 0.72843 
4 0.891372 
4 0.297997 
4 0.220718 
4 0.115594 
4 0.380204 
4 0.451187 
4 0.33088 
ZONE T="boundary3"
-3.66457 -1 
-3.49685 -1 
-1.93002 -1 
-1.7596 -1 
-0.363266 -1 
-0.480432 -1 
-0.717566 -1 
-0.837535 -1 
3.76253 -1 
4 -1 
1.42472 -1 
1.12837 -1 
1.24299 -1 
-0.961024 -1 
-0.190345 -1 
1.56406 -1 
0.254983 -1 
2.06749 -1 
2.32828 -1 
-2.83627 -1 
-1.58918 -1 
-1.18257 -1 
-1.0718 -1 
-4 -1 
2.50103 -1 
-3.0827 -1 
-3.32914 -1 
3.09626 -1 
-2.3534 -1 
-2.59484 -1 
-2.14171 -1 
3.52506 -1 
3.31066 -1 
2.67378 -1 
-0.304601 -1 
-0.245936 -1 
-0.134754 -1 
0.0013639 -1 
-0.0666951 -1 
-0.598999 -1 
0.142117 -1 
0.0717401 -1 
0.19855 -1 
-0.89928 -1 
0.579083 -1 
1.49439 -1 
1.68538 -1 
1.8067 -1 
0.473466 -1 
-1.26764 -1 
1.01375 -1 
0.901408 -1 
0.684072 -1 
0.789061 -1 
-1.35271 -1 
-1.47095 -1 
2.88502 -1 
0.311416 -1 
0.367849 -1 
-3.58071 -1 
-1.84481 -1 
-0.421849 -1 
-0.777551 -1 
3.88126 -1 
1.18568 -1 
2.19789 -1 
-1.67439 -1 
-1.12719 -1 
-3.83228 -1 
-2.47412 -1 
-2.03586 -1 
3.64379 -1 
3.41786 -1 
-0.275269 -1 
-0.16255 -1 
-0.0326656 -1 
-0.21814 -1 
-0.100724 -1 
-0.539715 -1 
0.0365521 -1 
-0.930152 -1 
-1.01641 -1 
-0.658282 -1 
1.52922 -1 
1.74604 -1 
0.526274 -1 
-1.22511 -1 
1.33385 -1 
1.07106 -1 
0.957581 -1 
1.45955 -1 
0.736566 -1 
0.845234 -1 
-1.53006 -1 
-2.24755 -1 
-2.71555 -1 
-3.20592 -1 
2.7794 -1 
2.41466 -1 
1.9371 -1 
1.62472 -1 
2.99064 -1 
3.20346 -1 
-0.333933 -1 
0.106929 -1 
0.226767 -1 
0.170333 -1 
-0.868407 -1 
0.2832 -1 
0.339633 -1 
0.420658 -1 
-1.41183 -1 
0.631577 -1 
2.58741 -1 
-1.31018 -1 
-2.95949 -1 
-3.41299 -1 
ZONE T="boundary4"
0.628445 0.129389 
-0.647792 -0.0265728 
0.65387 -0.00203042 
0.372464 0.453589 
0.570446 0.261234 
0.583431 0.234975 
0.652986 0.0241002 
-0.605535 0.0952455 
-0.541845 0.184008 
-0.3671 0.327464 
-0.342678 0.342106 
-0.636276 0.023009 
-0.617539 0.0715767 
-0.576588 0.140944 
-0.559859 0.162839 
-0.591847 0.118403 
-0.529323 0.197593 
-0.504412 0.222525 
-0.437651 0.27941 
-0.460015 0.261797 
-0.482568 0.242588 
0.314331 0.475228 
0.343589 0.465473 
-0.414672 0.296175 
-0.391108 0.312183 
-0.317935 0.356136 
-0.292903 0.369595 
-0.267611 0.382506 
-0.242081 0.394876 
0.0251741 0.484339 
0.0531143 0.488985 
-0.137738 0.43877 
-0.16412 0.428688 
-0.111113 0.448223 
-0.21631 0.40671 
-0.0572837 0.465027 
-0.0300418 0.472299 
-0.0843246 0.456981 
-0.0025654 0.478753 
0.0813857 0.492643 
0.500831 0.361791 
0.478352 0.384077 
0.637239 0.103114 
0.55592 0.287519 
0.453999 0.404598 
0.138444 0.496646 
-0.64294 -0.00169093 
0.400734 0.439468 
0.427978 0.423144 
0.109796 0.495218 
0.539598 0.313205 
0.521295 0.338017 
0.225832 0.493083 
0.196535 0.495685 
0.167404 0.496836 
0.284826 0.482996 
0.255333 0.488892 
0.644454 0.0767827 
0.61836 0.155745 
0.607329 0.182159 
0.653724 0.0110421 
0.649785 0.0504268 
0.595743 0.208371 
-0.190337 0.417981 
-0.627801 0.0474658 
0.577053 0.248161 
-0.354935 0.334863 
-0.568374 0.152007 
-0.584385 0.129787 
-0.535635 0.190848 
-0.448916 0.270709 
-0.493582 0.232658 
0.329042 0.470593 
-0.402953 0.304273 
-0.330347 0.349193 
-0.379157 0.319908 
-0.254878 0.388757 
-0.305456 0.362934 
0.0391236 0.486784 
-0.150958 0.433805 
-0.280291 0.376117 
-0.229226 0.40086 
-0.0436898 0.468763 
-0.0163291 0.475633 
0.0672328 0.490945 
-0.0977477 0.452689 
-0.517022 0.210214 
0.489815 0.37316 
-0.471383 0.252301 
0.633003 0.116305 
0.563365 0.274477 
-0.124455 0.443578 
0.466384 0.394585 
0.414515 0.431572 
0.0955782 0.49407 
0.386731 0.446793 
0.358132 0.459786 
0.54797 0.300497 
-0.426235 0.287894 
0.511293 0.350103 
0.530671 0.325777 
0.2112 0.49457 
0.152923 0.496902 
0.124113 0.496082 
0.299639 0.479342 
0.240611 0.491188 
0.641051 0.0900037 
-0.0708323 0.461097 
0.612926 0.168986 
0.653873 0.00450662 
0.65166 0.0372965 
0.653427 0.0175752 
0.647362 0.0636533 
0.623522 0.142612 
0.181977 0.496434 
0.270123 0.486158 
0.601593 0.19529 
-0.177258 0.423407 
-0.203354 0.412414 
0.0112809 0.48166 
0.58965 0.221702 
0.441175 0.414133 
-0.645588 -0.0140896 
-0.632252 0.0353102 
-0.622875 0.059608 
-0.639826 0.010717 
-0.598874 0.106932 
-0.611732 0.0835094 
-0.550984 0.173536 
ZONE T="boundary5"
-0.370052 -0.43255 
-0.39921 -0.424894 
-0.566103 -0.315996 
-0.547378 -0.336392 
-0.59785 -0.271968 
-0.649194 -0.126614 
-0.526794 -0.355481 
-0.652081 -0.0766043 
-0.651683 -0.0640766 
-0.647792 -0.0265728 
-0.650837 -0.0515596 
0.60848 -0.146632 
0.65387 -0.00203042 
-0.626947 -0.212875 
-0.651532 -0.10163 
-0.64507 -0.151477 
-0.610845 -0.248708 
-0.622027 -0.22489 
-0.280366 -0.442928 
-0.078276 -0.418617 
-0.0502343 -0.412407 
-0.310378 -0.441425 
-0.340326 -0.438027 
-0.427469 -0.415041 
-0.250577 -0.442745 
-0.163232 -0.434429 
-0.221054 -0.441111 
0.230082 -0.346156 
0.20205 -0.352714 
-0.192125 -0.438288 
-0.106365 -0.424435 
0.600953 -0.157276 
-0.504374 -0.373099 
-0.58294 -0.29446 
-0.639158 -0.176191 
-0.134772 -0.429774 
-0.480261 -0.389007 
0.592972 -0.167575 
0.173931 -0.359243 
-0.022293 -0.405937 
-0.454535 -0.403056 
0.444489 -0.279334 
0.00562111 -0.399298 
0.0335866 -0.392561 
0.061528 -0.385815 
0.11766 -0.372405 
0.145818 -0.365789 
0.0896085 -0.379072 
0.257981 -0.339489 
0.285751 -0.332597 
0.313189 -0.325395 
0.367182 -0.309419 
0.393619 -0.300327 
0.340456 -0.31769 
0.419508 -0.290307 
0.556534 -0.205861 
0.514693 -0.239024 
0.492149 -0.253758 
0.633054 -0.101642 
0.621885 -0.124623 
0.64834 -0.0531264 
0.650649 -0.0405316 
0.57557 -0.187343 
0.641895 -0.0777828 
0.652334 -0.0278381 
0.536198 -0.223056 
-0.631464 -0.2007 
0.468873 -0.267105 
0.480606 -0.260599 
-0.384706 -0.429002 
-0.556944 -0.326381 
-0.651938 -0.0703387 
-0.649538 -0.0390399 
-0.650586 -0.114143 
-0.647352 -0.139083 
-0.616637 -0.236894 
-0.0642464 -0.415553 
-0.325382 -0.439974 
-0.413439 -0.420251 
-0.35524 -0.435557 
-0.265472 -0.443032 
-0.235808 -0.442097 
0.21607 -0.349445 
-0.177665 -0.436476 
-0.515765 -0.364521 
-0.590612 -0.283359 
-0.574733 -0.305394 
-0.120555 -0.42718 
-0.0923094 -0.421582 
-0.492483 -0.381304 
-0.441126 -0.409327 
-0.206578 -0.439839 
-0.00833233 -0.402633 
-0.0362576 -0.409199 
0.0475578 -0.389186 
0.131738 -0.369088 
0.103633 -0.37573 
0.159874 -0.362511 
0.299485 -0.32905 
0.271876 -0.336081 
0.38044 -0.304987 
0.244038 -0.342845 
0.326844 -0.321617 
-0.148988 -0.432196 
0.432064 -0.28497 
0.627747 -0.113267 
0.649573 -0.0468413 
0.584471 -0.177636 
0.597018 -0.162468 
0.615437 -0.135783 
0.604776 -0.151996 
-0.651316 -0.0578145 
0.637769 -0.0898216 
0.653411 -0.0149529 
0.0196057 -0.395935 
-0.295385 -0.4424 
-0.537279 -0.346145 
-0.467544 -0.3963 
-0.604562 -0.260458 
0.645424 -0.0655349 
-0.64233 -0.163886 
0.353848 -0.313647 
0.187992 -0.355979 
0.0755676 -0.382437 
-0.629257 -0.206807 
-0.635521 -0.188512 
-0.624537 -0.218902 
0.566221 -0.196778 
0.651569 -0.0341971 
0.546507 -0.214627 
0.525566 -0.231205 
0.503528 -0.246559 
0.474763 -0.263893 
0.456763 -0.273384 
0.486401 -0.257221 
0.406615 -0.295452 
-0.65203 -0.0891232 
