ZONE T="boundary0"
-4 0.773124 
-4 -1 
-4 0.659687 
-4 0.546249 
-4 0.394788 
-4 0.36226 
-4 -0.486275 
-4 -0.558382 
-4 -0.668787 
-4 -0.363069 
-4 -0.271827 
-4 -0.31197 
-4 -0.779191 
-4 0.200022 
-4 0.135369 
-4 0.0650924 
-4 -0.0051839 
-4 0.329732 
-4 -0.191541 
-4 -0.231684 
-4 1 
-4 -0.337519 
-4 -0.414168 
-4 -0.0782907 
-4 -0.151398 
-4 0.232349 
-4 0.264676 
-4 0.470519 
-4 0.297204 
-4 0.602968 
-4 0.378524 
-4 -0.522329 
-4 -0.291898 
-4 -0.889596 
-4 0.167696 
-4 0.0299542 
-4 -0.211612 
-4 0.886562 
-4 -0.350294 
-4 -0.388619 
-4 -0.450222 
-4 -0.171469 
-4 -0.0417373 
-4 -0.114844 
-4 0.248513 
-4 0.345996 
-4 0.432653 
-4 0.313468 
-4 0.28094 
-4 0.508384 
-4 -0.723989 
-4 -0.613584 
-4 0.716406 
-4 0.216186 
-4 -0.251755 
-4 -0.324745 
-4 0.100231 
ZONE T="boundary1"
1.46148 1 
0.200703 1 
0.424337 1 
-0.401721 1 
0.346213 1 
4 1 
3.69343 1 
3.05603 1 
2.86635 1 
-0.586277 1 
-0.493999 1 
-1.38375 1 
0.856126 1 
-1.5168 1 
-1.64985 1 
-2.33358 1 
3.22144 1 
-2.76984 1 
-3.34934 1 
1.72855 1 
3.38686 1 
2.46553 1 
2.2544 1 
-0.124756 1 
-0.186213 1 
0.268088 1 
-0.778503 1 
0.00379014 1 
0.0685545 1 
-0.24767 1 
0.133319 1 
-0.0604831 1 
0.523712 1 
-0.879836 1 
-0.981168 1 
0.739606 1 
0.96693 1 
0.623087 1 
-1.17785 1 
-1.07951 1 
-1.2808 1 
-1.96865 1 
-1.80925 1 
1.36736 1 
1.07773 1 
1.17548 1 
1.27323 1 
1.99147 1 
-3.82601 1 
-3.65201 1 
-4 1 
2.67667 1 
-2.55171 1 
2.12294 1 
-2.15112 1 
-3.05959 1 
-0.324695 1 
3.84671 1 
2.96119 1 
-0.540138 1 
3.13873 1 
3.54014 1 
2.35997 1 
-0.155485 1 
-0.68239 1 
0.30715 1 
0.0361723 1 
0.167011 1 
0.385275 1 
0.100937 1 
-0.0926197 1 
0.474025 1 
-0.930502 1 
0.797866 1 
-0.829169 1 
0.911528 1 
-1.12868 1 
-1.03034 1 
-1.22932 1 
-1.33227 1 
-1.45027 1 
-0.44786 1 
-1.58332 1 
-1.72955 1 
1.12661 1 
1.41442 1 
1.32029 1 
1.02233 1 
1.22435 1 
1.59502 1 
1.86001 1 
-3.73901 1 
-3.913 1 
3.30415 1 
2.5711 1 
-2.66077 1 
-3.50067 1 
2.0572 1 
2.18867 1 
-2.05989 1 
-1.88895 1 
-2.91471 1 
-3.20446 1 
2.77151 1 
-2.44265 1 
0.573399 1 
0.681347 1 
-0.286183 1 
-0.363208 1 
-0.216942 1 
0.234396 1 
-0.0283465 1 
-2.24235 1 
ZONE T="boundary2"
4 -0.50446 
4 -0.439862 
4 -0.375263 
4 -0.288561 
4 -0.247369 
4 -0.598595 
4 0.333826 
4 0.656573 
4 -0.206177 
4 0.20691 
4 1 
4 -0.69273 
4 -0.846365 
4 -1 
4 0.771049 
4 -0.147627 
4 0.383859 
4 0.283793 
4 0.462978 
4 0.542098 
4 0.245352 
4 0.115818 
4 0.013371 
4 -0.0890765 
4 0.0645947 
4 -0.472161 
4 -0.551528 
4 -0.769548 
4 0.885524 
4 -0.331912 
4 -0.226773 
4 -0.407562 
4 -0.267965 
4 -0.176902 
4 0.358843 
4 0.308809 
4 0.423419 
4 0.502538 
4 0.226131 
4 0.161364 
4 -0.645663 
4 -0.118352 
4 -0.0378528 
4 -0.923183 
4 0.713811 
4 0.264572 
4 0.0389828 
4 0.0902065 
4 0.599336 
ZONE T="boundary3"
-3.41021 -1 
-3.70511 -1 
-2.37939 -1 
0.561721 -1 
-0.635998 -1 
-0.733614 -1 
-0.831231 -1 
-2.02407 -1 
-1.84531 -1 
3.74817 -1 
1.69542 -1 
2.20825 -1 
-0.348294 -1 
0.960831 -1 
-4 -1 
4 -1 
3.12749 -1 
2.9315 -1 
2.60369 -1 
2.7355 -1 
-3.04682 -1 
-3.22852 -1 
3.49634 -1 
2.34006 -1 
0.75819 -1 
0.108761 -1 
0.659955 -1 
-0.0861806 -1 
-0.492146 -1 
-0.0178376 -1 
0.0454617 -1 
0.230809 -1 
0.169785 -1 
0.306381 -1 
0.381953 -1 
-0.251409 -1 
-0.154524 -1 
0.471837 -1 
-0.202966 -1 
1.17029 -1 
-1.02674 -1 
0.910171 -1 
0.85951 -1 
1.54952 -1 
-1.13815 -1 
-1.24956 -1 
-1.34472 -1 
1.06556 -1 
-2.55595 -1 
-2.80139 -1 
1.94919 -1 
-2.20283 -1 
2.07872 -1 
-1.64259 -1 
-1.54124 -1 
-1.43988 -1 
2.47187 -1 
1.28696 -1 
1.40363 -1 
-3.55766 -1 
-0.684806 -1 
-1.93469 -1 
-3.85255 -1 
3.87409 -1 
3.02949 -1 
2.66959 -1 
-3.13767 -1 
3.31192 -1 
0.610838 -1 
-0.564072 -1 
0.013812 -1 
0.200297 -1 
0.344167 -1 
0.139273 -1 
-0.0520091 -1 
-0.299851 -1 
-0.120352 -1 
0.426895 -1 
-0.178745 -1 
-0.782423 -1 
-0.928983 -1 
0.709073 -1 
0.80885 -1 
1.62247 -1 
-1.08244 -1 
-1.19385 -1 
-0.42022 -1 
0.516779 -1 
-1.29714 -1 
3.62226 -1 
1.0132 -1 
-3.31936 -1 
-2.9241 -1 
-2.67867 -1 
1.8223 -1 
2.8335 -1 
-2.29111 -1 
2.14348 -1 
-1.74395 -1 
-2.46767 -1 
-1.49056 -1 
2.01395 -1 
-2.11345 -1 
2.40597 -1 
0.0771113 -1 
-0.227187 -1 
0.268595 -1 
1.11793 -1 
1.22863 -1 
1.34529 -1 
0.935501 -1 
0.884841 -1 
-1.3923 -1 
1.47658 -1 
-1.59192 -1 
2.53778 -1 
2.27415 -1 
ZONE T="boundary4"
-0.249399 0.518031 
-0.226859 0.526485 
0.609782 0.0140555 
0.600318 0.0344698 
-0.616839 0.0240953 
0.58754 0.0566553 
-0.312288 0.489068 
0.364728 0.302132 
0.348383 0.32564 
-0.43726 0.402491 
-0.419333 0.417856 
-0.292125 0.499258 
-0.271623 0.508729 
-0.617382 0.0429556 
-0.616873 0.062051 
-0.615311 0.0812935 
0.309406 0.381491 
0.293651 0.40244 
-0.609767 0.116679 
-0.612707 0.100621 
-0.598964 0.158217 
-0.606165 0.132605 
-0.593407 0.174747 
-0.580772 0.206526 
-0.570113 0.229462 
-0.558424 0.25194 
-0.457329 0.383789 
-0.40191 0.431706 
-0.499078 0.338698 
-0.476464 0.364275 
-0.383999 0.444931 
-0.366832 0.45672 
-0.349283 0.467938 
-0.330962 0.478812 
0.336559 0.342853 
-0.202503 0.534553 
-0.177875 0.541618 
-0.0673788 0.560126 
-0.0379103 0.561343 
-0.00700587 0.560811 
-0.540706 0.281873 
0.626945 -0.0500157 
0.623079 -0.0282007 
0.381479 0.27891 
0.324727 0.359959 
0.276946 0.422957 
0.476938 0.174272 
0.498532 0.154764 
0.454168 0.195498 
0.404373 0.249338 
0.519855 0.135168 
0.114132 0.537772 
0.142757 0.526286 
0.0845992 0.546899 
0.258759 0.44313 
0.239903 0.461684 
0.21844 0.48009 
0.195126 0.497159 
0.53873 0.116743 
0.594177 0.0457181 
0.556714 0.0974152 
0.572892 0.077639 
0.617373 -0.00686719 
0.428673 0.221376 
-0.152225 0.547832 
-0.0969472 0.557295 
-0.12464 0.553226 
-0.520682 0.311105 
0.169856 0.512659 
0.0234609 0.558352 
0.0544619 0.553706 
-0.238167 0.522364 
0.605266 0.0243669 
0.356521 0.313862 
-0.42837 0.410259 
-0.281915 0.504084 
-0.617242 0.0335226 
-0.616221 0.0716835 
0.301608 0.392037 
-0.611321 0.108666 
-0.614135 0.0909748 
-0.602764 0.145468 
-0.587363 0.190745 
-0.596265 0.166509 
-0.608047 0.124661 
-0.575573 0.218054 
-0.260554 0.513484 
-0.410684 0.424859 
-0.4474 0.393252 
-0.487957 0.351649 
-0.375464 0.450896 
-0.340168 0.473452 
-0.321668 0.484018 
-0.190223 0.538211 
-0.21472 0.530642 
-0.0526486 0.560939 
-0.0224493 0.561315 
-0.393013 0.438398 
-0.549811 0.267051 
0.625244 -0.0390642 
0.373039 0.290471 
-0.358104 0.462401 
0.342469 0.334246 
-0.564393 0.240766 
0.330657 0.351418 
0.285406 0.412799 
0.317117 0.37077 
0.487731 0.164505 
0.465488 0.184797 
-0.302252 0.494252 
0.392762 0.263979 
0.128561 0.532329 
0.0994563 0.54263 
0.249468 0.452564 
0.206944 0.488863 
0.267985 0.433181 
0.597312 0.0401308 
0.580429 0.0673017 
0.590919 0.0512247 
0.613803 0.0036796 
0.564974 0.0876713 
0.547858 0.107209 
0.41631 0.235145 
-0.165081 0.544862 
-0.110814 0.555427 
-0.510094 0.325067 
-0.0821772 0.558907 
0.156445 0.519763 
0.182645 0.505177 
0.529382 0.126048 
0.441251 0.208241 
-0.467008 0.37414 
-0.138461 0.55069 
0.00825194 0.559829 
0.039006 0.556305 
0.229333 0.471093 
0.509245 0.145019 
0.0695957 0.550586 
-0.530934 0.296652 
0.620455 -0.0174693 
-0.617259 0.0525077 
ZONE T="boundary5"
-0.0362843 -0.421672 
-0.0611208 -0.415491 
0.486295 -0.370524 
-0.0857884 -0.408863 
-0.521411 -0.188492 
-0.509994 -0.200035 
-0.598944 -0.0652158 
-0.592495 -0.0818746 
-0.615257 0.00551035 
-0.616839 0.0240953 
-0.604463 -0.0481562 
-0.561232 -0.139376 
-0.569814 -0.126065 
-0.585516 -0.0973394 
0.608498 -0.20229 
-0.577791 -0.112317 
-0.532134 -0.176806 
0.586358 -0.255338 
0.547838 -0.314117 
-0.460045 -0.242784 
-0.473169 -0.232541 
-0.175482 -0.381002 
-0.235917 -0.359114 
-0.216513 -0.366415 
-0.196041 -0.373835 
-0.291822 -0.336486 
-0.153799 -0.388252 
-0.132006 -0.395215 
-0.108963 -0.402214 
0.181857 -0.450737 
0.155461 -0.449971 
-0.446639 -0.252646 
-0.404338 -0.280267 
-0.552096 -0.152232 
-0.609046 -0.0306431 
-0.612651 -0.0127488 
-0.485868 -0.22202 
-0.309121 -0.32893 
-0.326328 -0.321103 
-0.389645 -0.2888 
-0.374339 -0.297214 
0.395453 -0.41768 
-0.342662 -0.313346 
-0.358878 -0.305284 
-0.542428 -0.164655 
0.50607 -0.355451 
0.52776 -0.335917 
0.362507 -0.428475 
0.345904 -0.432952 
0.624861 -0.138483 
0.627826 -0.116301 
0.378949 -0.423423 
-0.255245 -0.351572 
-0.273573 -0.344153 
0.626945 -0.0500157 
0.129156 -0.448374 
0.100698 -0.445759 
0.0168056 -0.433116 
0.0445084 -0.438065 
0.465702 -0.384023 
-0.00983607 -0.427685 
0.207008 -0.450643 
0.258604 -0.447718 
0.232183 -0.449695 
0.284985 -0.444665 
0.568625 -0.286094 
0.439069 -0.398775 
0.411726 -0.411301 
0.538073 -0.325245 
0.598275 -0.229332 
0.592534 -0.242497 
0.629229 -0.0941596 
0.558626 -0.300423 
0.57788 -0.271045 
0.603572 -0.21598 
0.614975 -0.181715 
0.620433 -0.160691 
0.315385 -0.439689 
0.62897 -0.0720434 
-0.41883 -0.271353 
0.0724041 -0.44229 
-0.498112 -0.211225 
-0.432861 -0.262195 
-0.0487193 -0.41864 
-0.0734712 -0.412232 
-0.515756 -0.194316 
-0.595837 -0.0735896 
-0.616179 0.0147926 
-0.601825 -0.0567241 
-0.5656 -0.132769 
-0.589108 -0.0896523 
-0.573885 -0.119238 
-0.466642 -0.237711 
-0.226226 -0.362794 
-0.120499 -0.398758 
0.168654 -0.450462 
-0.164653 -0.384662 
-0.453377 -0.247762 
-0.556735 -0.145854 
-0.610977 -0.0217206 
-0.317739 -0.325051 
-0.382015 -0.293051 
-0.350788 -0.309354 
-0.334511 -0.317259 
-0.397017 -0.284578 
-0.206289 -0.370156 
0.517136 -0.345929 
-0.526829 -0.1827 
0.354226 -0.430784 
0.626529 -0.127415 
0.387228 -0.42063 
-0.245592 -0.355373 
0.1423 -0.449274 
0.114914 -0.447178 
0.0306385 -0.435679 
0.194431 -0.450794 
0.219599 -0.450279 
0.245402 -0.448836 
-0.366628 -0.301289 
-0.547328 -0.158494 
0.370749 -0.426023 
-0.0230791 -0.424749 
0.425512 -0.405287 
0.53298 -0.330642 
0.476115 -0.377451 
0.403621 -0.414571 
0.543023 -0.31974 
0.595462 -0.23594 
0.628728 -0.105241 
-0.142915 -0.39177 
0.553331 -0.307347 
0.56373 -0.293331 
0.582226 -0.263249 
0.589509 -0.248947 
-0.614084 -0.00363671 
0.60609 -0.209154 
0.573361 -0.278636 
0.330692 -0.436541 
-0.28271 -0.340351 
-0.185773 -0.37745 
-0.300484 -0.332739 
-0.537343 -0.170783 
0.628183 -0.0610061 
0.496321 -0.363169 
-0.60688 -0.0394313 
-0.581751 -0.104877 
-0.26442 -0.347892 
-0.411613 -0.275858 
-0.0973904 -0.405585 
0.0584388 -0.440272 
0.452532 -0.391664 
0.00346623 -0.430477 
0.0865357 -0.444128 
0.271809 -0.44633 
0.300216 -0.442377 
0.629314 -0.0830971 
0.622817 -0.14962 
0.617844 -0.171239 
0.611863 -0.192042 
0.600978 -0.222678 
-0.5041 -0.205681 
-0.492032 -0.216671 
-0.479557 -0.227328 
-0.439783 -0.257469 
-0.425876 -0.266823 
