ZONE T="boundary0"
-4 -0.235801 
-4 -0.302352 
-4 -0.186094 
-4 -0.144477 
-4 0.21344 
-4 0.239208 
-4 1 
-4 -0.651687 
-4 -0.539566 
-4 -0.825843 
-4 0.75 
-4 0.607367 
-4 0.464734 
-4 -0.427446 
-4 -0.364899 
-4 -0.102859 
-4 -0.022072 
-4 0.264977 
-4 0.316515 
-4 0.390624 
-4 -1 
-4 0.174758 
-4 0.136077 
-4 0.0587152 
-4 -0.269077 
-4 -0.165285 
-4 0.226324 
-4 -0.595626 
-4 0.53605 
-4 -0.396172 
-4 -0.0624656 
-4 0.353569 
-4 0.290746 
-4 -0.738765 
-4 0.678683 
-4 0.875 
-4 -0.912922 
-4 0.155418 
-4 0.194099 
-4 0.252093 
-4 0.0973963 
-4 0.427679 
-4 -0.123668 
-4 -0.210947 
-4 -0.333626 
-4 0.0183216 
-4 -0.483506 
ZONE T="boundary1"
-3.74164 1 
-4 1 
1.22716 1 
1.35314 1 
-0.130971 1 
0.887641 1 
-1.29687 1 
1.10117 1 
0.54981 1 
1.02233 1 
0.943494 1 
0.771186 1 
1.78224 1 
1.61302 1 
2.6294 1 
2.45758 1 
3.02622 1 
-1.22865 1 
-3.19273 1 
-3.338 1 
1.48308 1 
2.80122 1 
1.95146 1 
2.20452 1 
-2.93556 1 
-1.99667 1 
-2.21599 1 
-2.4472 1 
3.32591 1 
0.132365 1 
0.361695 1 
0.282288 1 
0.202881 1 
-0.342908 1 
-0.446115 1 
0.630197 1 
0.670391 1 
0.0618495 1 
-0.00567406 1 
0.408724 1 
0.455753 1 
0.710585 1 
0.590004 1 
-0.0731976 1 
-0.188744 1 
-0.265826 1 
-0.754444 1 
-0.821827 1 
0.831788 1 
-0.651883 1 
-0.549321 1 
1.16416 1 
3.62561 1 
3.47576 1 
-1.02397 1 
-1.48526 1 
-1.39106 1 
-1.16042 1 
-1.63131 1 
-1.77735 1 
-3.48327 1 
-0.889209 1 
3.8128 1 
4 1 
-0.956591 1 
-1.0922 1 
-2.6784 1 
-3.87082 1 
1.29015 1 
0.982913 1 
1.69763 1 
2.54349 1 
-1.26276 1 
1.54805 1 
2.07799 1 
2.33105 1 
-2.10633 1 
-2.33159 1 
0.321992 1 
0.167623 1 
-0.394511 1 
0.650294 1 
0.0280877 1 
0.38521 1 
0.242585 1 
0.740885 1 
0.569907 1 
0.610101 1 
-0.0394358 1 
-0.159858 1 
-0.102084 1 
-0.788135 1 
-0.304367 1 
0.859714 1 
-0.703164 1 
1.13267 1 
0.502781 1 
0.432238 1 
1.19566 1 
-0.497718 1 
-1.43816 1 
-1.55828 1 
-1.34397 1 
2.71531 1 
2.91372 1 
-3.61245 1 
3.40084 1 
3.9064 1 
3.7192 1 
3.55068 1 
3.17606 1 
-1.88701 1 
-3.06415 1 
-3.26536 1 
-3.41063 1 
1.86685 1 
0.690488 1 
0.801487 1 
1.06175 1 
0.0971075 1 
-0.227285 1 
0.915567 1 
-0.990282 1 
-1.05809 1 
-0.9229 1 
-1.12631 1 
-0.855518 1 
-2.5628 1 
-2.80698 1 
1.41811 1 
-1.19453 1 
-1.70433 1 
-0.600602 1 
ZONE T="boundary2"
4 -0.67115 
4 -0.32469 
4 -0.294594 
4 -0.354787 
4 -1 
4 -0.123127 
4 0.249186 
4 0.314404 
4 0.195846 
4 0.46253 
4 -0.249122 
4 -0.163388 
4 -0.0478152 
4 0.0274965 
4 0.379621 
4 0.142507 
4 0.545439 
4 0.772719 
4 0.0850018 
4 -0.496496 
4 -0.425641 
4 -0.583823 
4 1 
4 -0.20365 
4 -0.309642 
4 -0.835575 
4 0.281795 
4 0.222516 
4 -0.339739 
4 -0.271858 
4 -0.143258 
4 -0.0101593 
4 -0.0854711 
4 0.347012 
4 0.169177 
4 0.659079 
4 0.0562492 
4 -0.461069 
4 -0.540159 
4 0.503984 
4 -0.627486 
4 0.88636 
4 -0.226386 
4 -0.183519 
4 -0.390214 
4 0.113754 
4 0.421076 
ZONE T="boundary3"
-3.67714 -1 
-3.83857 -1 
-1.52015 -1 
-1.74745 -1 
2.87244 -1 
2.48286 -1 
0.0417078 -1 
4 -1 
-0.351068 -1 
-1.93838 -1 
-0.694855 -1 
0.490417 -1 
-0.093867 -1 
-2.5498 -1 
-2.1293 -1 
-3.51571 -1 
-3.35428 -1 
1.28526 -1 
1.16736 -1 
-2.94789 -1 
3.1624 -1 
3.32146 -1 
3.48053 -1 
2.04644 -1 
2.26465 -1 
3.6104 -1 
1.67119 -1 
3.74027 -1 
-0.583112 -1 
0.142942 -1 
0.0923251 -1 
0.258409 -1 
-0.0260796 -1 
0.200675 -1 
0.373875 -1 
0.606958 -1 
-0.47137 -1 
-0.16228 -1 
-0.29088 -1 
-0.230693 -1 
-0.799728 -1 
0.714672 -1 
0.822385 -1 
0.935919 -1 
1.04945 -1 
1.5461 -1 
-4 -1 
-1.08887 -1 
-1.31726 -1 
-1.20307 -1 
-0.996737 -1 
-0.904602 -1 
-2.74884 -1 
-1.41871 -1 
-3.15108 -1 
1.79627 -1 
-3.75785 -1 
-1.6338 -1 
2.67765 -1 
-1.84291 -1 
-2.33955 -1 
-3.43499 -1 
1.22631 -1 
3.01742 -1 
3.401 -1 
2.37375 -1 
2.15555 -1 
3.87013 -1 
-0.638983 -1 
0.117634 -1 
-0.0599733 -1 
0.0670164 -1 
0.171809 -1 
0.316142 -1 
0.548687 -1 
-0.411219 -1 
-0.260786 -1 
-0.527241 -1 
-0.747291 -1 
0.432146 -1 
0.768529 -1 
0.660815 -1 
1.10841 -1 
1.41568 -1 
-3.91928 -1 
-3.59642 -1 
3.67533 -1 
-1.26016 -1 
-0.950669 -1 
-2.84837 -1 
-2.64932 -1 
-1.36798 -1 
-3.04949 -1 
-3.25268 -1 
1.73373 -1 
1.60865 -1 
1.92136 -1 
-2.03384 -1 
3.54547 -1 
3.24193 -1 
-0.320974 -1 
-0.196486 -1 
0.00781406 -1 
-0.128073 -1 
0.229542 -1 
0.879152 -1 
0.992686 -1 
-1.14597 -1 
-1.0428 -1 
-0.852165 -1 
-1.46943 -1 
ZONE T="boundary4"
-0.26955 0.510436 
-0.12477 0.569002 
-0.147468 0.561699 
0.608631 0.362513 
0.603692 0.422152 
0.60757 0.402807 
-0.0985047 0.576712 
-0.602847 0.156797 
-0.592679 0.179301 
0.596769 0.443426 
0.587442 0.463575 
-0.640214 0.0227263 
-0.635091 0.0553935 
-0.618605 0.115931 
-0.612067 0.134027 
0.59335 0.304326 
-0.381299 0.440162 
-0.288599 0.50029 
-0.55832 0.243354 
-0.57267 0.218328 
-0.52788 0.289981 
-0.511775 0.311582 
-0.495427 0.331793 
-0.478273 0.351426 
-0.459776 0.371039 
-0.400272 0.425249 
0.451825 0.577802 
-0.361802 0.454471 
-0.343838 0.466813 
0.568997 0.492085 
0.558298 0.504978 
-0.420736 0.407967 
-0.325489 0.478648 
-0.230677 0.529187 
-0.250207 0.520081 
0.605553 0.341959 
0.600505 0.32304 
-0.307209 0.489716 
-0.190535 0.546068 
-0.169951 0.55384 
-0.210895 0.537802 
-0.627132 0.08851 
0.517251 0.54164 
0.528398 0.533173 
0.575124 0.270997 
0.451428 0.0678674 
0.443842 -0.0294333 
0.44718 0.0441993 
0.444034 0.00720756 
0.481622 0.563707 
0.505689 0.549553 
-0.0410509 0.591032 
0.466917 0.571078 
0.465925 0.113506 
0.45767 0.0910635 
0.475998 0.134884 
0.060188 0.608725 
0.0973105 0.612998 
0.210463 0.618671 
0.24847 0.61785 
0.388826 0.598655 
0.421209 0.58923 
0.356219 0.605893 
0.284678 0.615572 
-0.072014 0.583732 
0.56526 0.256727 
0.543733 0.229181 
0.609262 0.383004 
0.584091 0.285809 
0.578804 0.478211 
0.521389 0.20185 
0.497448 0.170075 
-0.582983 0.19893 
-0.440492 0.389979 
-0.542985 0.267891 
-0.00985929 0.597459 
0.0250633 0.603608 
0.134581 0.616116 
0.321253 0.611574 
0.172486 0.618052 
0.546666 0.517084 
-0.136143 0.565419 
0.6059 0.412535 
-0.111666 0.572946 
-0.597873 0.168092 
0.592396 0.453636 
-0.638003 0.0390991 
-0.615416 0.125003 
-0.56561 0.230901 
-0.519941 0.30086 
-0.486945 0.341687 
-0.469122 0.361319 
-0.503701 0.321762 
-0.390849 0.432783 
-0.352867 0.460707 
0.563768 0.498632 
-0.371611 0.447395 
-0.410587 0.416701 
-0.240473 0.524696 
0.603281 0.332434 
-0.180268 0.550016 
-0.297942 0.495066 
-0.316389 0.484245 
-0.200742 0.541998 
-0.631428 0.0720113 
-0.607577 0.145452 
0.522878 0.537477 
-0.279111 0.505427 
0.445143 0.0257358 
0.443672 -0.0111319 
-0.334708 0.472796 
0.493811 0.556894 
0.459408 0.574523 
-0.220815 0.533556 
0.461549 0.102389 
0.474313 0.567479 
0.600555 0.432897 
0.511517 0.545666 
0.0787304 0.611004 
0.229469 0.61845 
0.4051 0.594225 
0.266585 0.616905 
0.554689 0.242811 
0.570287 0.263796 
0.608698 0.392932 
0.579732 0.278327 
0.597166 0.313593 
0.607394 0.352193 
-0.158736 0.55784 
0.609248 0.372752 
0.583277 0.470984 
0.574039 0.485246 
0.532541 0.215554 
-0.259912 0.515322 
0.509156 0.186198 
0.470739 0.124312 
-0.587909 0.189149 
-0.577897 0.208663 
-0.0565611 0.587493 
-0.4307 0.399063 
-0.0852839 0.580308 
0.454294 0.0795403 
0.449064 0.0560793 
-0.55078 0.255696 
-0.0254795 0.594353 
-0.535549 0.279009 
-0.623065 0.102271 
-0.450227 0.380598 
0.00757651 0.600664 
0.115931 0.614704 
0.302989 0.613799 
0.338774 0.608974 
0.0426044 0.606295 
0.153523 0.617243 
0.372576 0.602518 
0.19147 0.618533 
0.588939 0.294959 
0.537724 0.525346 
0.552589 0.511134 
0.436629 0.583816 
0.486198 0.152845 
ZONE T="boundary5"
0.00719236 -0.366808 
-0.595371 -0.156144 
-0.487816 -0.225828 
-0.567865 -0.183356 
-0.575131 -0.177163 
-0.602365 -0.14715 
-0.466839 -0.232334 
-0.477205 -0.229268 
-0.639413 -0.0541884 
-0.524442 -0.210846 
-0.582058 -0.170663 
-0.608803 -0.137766 
-0.537771 -0.20381 
-0.555206 -0.192862 
-0.546573 -0.198559 
-0.588911 -0.163562 
-0.531179 -0.207417 
-0.411125 -0.245515 
-0.309101 -0.267017 
-0.203831 -0.29775 
0.0464815 -0.375498 
-0.18725 -0.303408 
-0.286503 -0.272722 
-0.265251 -0.278552 
-0.104161 -0.332733 
-0.118688 -0.327641 
-0.0895448 -0.337768 
-0.170718 -0.309178 
-0.144761 -0.318383 
-0.0414553 -0.353334 
-0.561633 -0.188223 
-0.332134 -0.261689 
-0.511194 -0.216913 
-0.499381 -0.221672 
-0.629596 -0.0946858 
-0.373137 -0.253124 
-0.352504 -0.257321 
-0.392097 -0.249353 
-0.420322 -0.243594 
-0.447823 -0.237345 
-0.0656632 -0.345723 
-0.620279 -0.1173 
-0.641184 -0.0394442 
-0.642132 -0.0244739 
-0.640214 0.0227263 
0.274366 -0.368888 
0.26059 -0.373057 
0.401581 -0.277168 
0.301703 -0.358426 
-0.0263047 -0.357815 
0.432096 -0.210706 
-0.64163 0.00687406 
0.198258 -0.384488 
0.167482 -0.386387 
0.112832 -0.384768 
0.363344 -0.320013 
0.411387 -0.2611 
0.0676064 -0.379234 
0.0901156 -0.382427 
0.0255957 -0.371147 
-0.0110059 -0.362088 
0.244681 -0.377065 
0.348562 -0.331676 
0.332989 -0.342066 
0.22873 -0.380293 
-0.642283 -0.00893322 
0.287937 -0.364084 
0.315173 -0.352032 
-0.633628 -0.0816495 
-0.636852 -0.0683876 
0.419714 -0.244397 
0.3904 -0.29227 
0.44453 -0.0536749 
0.426759 -0.226986 
0.377478 -0.306768 
0.445657 -0.10138 
0.436475 -0.194034 
0.440853 -0.171482 
0.443728 -0.148399 
0.445286 -0.0776191 
0.445254 -0.124813 
-0.24433 -0.284723 
0.443842 -0.0294333 
-0.223975 -0.291109 
0.137942 -0.386251 
-0.457352 -0.234923 
-0.42952 -0.241603 
-0.571537 -0.1803 
-0.472032 -0.230832 
-0.605656 -0.142504 
-0.482524 -0.227585 
-0.550926 -0.195759 
-0.592191 -0.159893 
-0.542205 -0.201231 
-0.598937 -0.151697 
-0.585532 -0.167154 
-0.534491 -0.205638 
-0.275855 -0.275586 
-0.11143 -0.330194 
-0.0968605 -0.335261 
-0.178982 -0.30628 
-0.157742 -0.313766 
-0.131736 -0.323018 
-0.564773 -0.185818 
-0.527825 -0.209155 
-0.517863 -0.213963 
-0.578636 -0.173953 
-0.49362 -0.2238 
-0.342299 -0.259474 
-0.382607 -0.251238 
-0.320589 -0.264302 
-0.640405 -0.0468301 
-0.64176 -0.0319678 
-0.614854 -0.127697 
-0.505316 -0.219351 
0.267502 -0.37105 
-0.0338912 -0.355601 
-0.641014 0.014805 
0.182886 -0.385711 
0.0788421 -0.380933 
0.016377 -0.36903 
0.0360179 -0.373397 
-0.00192322 -0.364495 
0.101458 -0.38371 
-0.0776272 -0.341786 
0.340876 -0.337021 
0.236725 -0.37877 
-0.642055 -0.00102862 
0.28118 -0.366566 
0.308482 -0.35532 
-0.0186675 -0.359981 
-0.635339 -0.075045 
0.415718 -0.25284 
0.396158 -0.284848 
0.294857 -0.361343 
0.324181 -0.347225 
0.0570247 -0.377449 
0.423395 -0.235765 
0.384103 -0.299669 
0.429551 -0.218895 
0.434404 -0.20241 
0.442473 -0.159983 
0.445545 -0.0895165 
0.444649 -0.136635 
-0.254771 -0.281591 
0.444147 -0.0415682 
0.444929 -0.0656611 
0.370556 -0.313547 
-0.213893 -0.294397 
0.213537 -0.382692 
-0.0535871 -0.349584 
0.252661 -0.375158 
-0.638239 -0.0613073 
-0.64231 -0.0167073 
-0.195535 -0.300562 
-0.234134 -0.287878 
0.406659 -0.269247 
-0.462102 -0.233651 
0.125375 -0.385659 
-0.297775 -0.269814 
0.445573 -0.113117 
-0.558444 -0.19057 
-0.452592 -0.236153 
-0.438679 -0.239529 
-0.424922 -0.242608 
-0.415723 -0.244562 
-0.625277 -0.106129 
0.356072 -0.325996 
-0.362803 -0.255205 
0.438862 -0.182814 
-0.631715 -0.0881975 
-0.401606 -0.247452 
0.152708 -0.386546 
