ZONE T="boundary0"
-4 -0.247666 
-4 -0.283817 
-4 -0.211515 
-4 0.836973 
-4 0.673946 
-4 0.518254 
-4 0.380225 
-4 -0.139213 
-4 1 
-4 -0.322852 
-4 -0.361888 
-4 -0.0672876 
-4 -0.544369 
-4 0.113665 
-4 0.301458 
-4 0.222692 
-4 0.262075 
-4 -0.439959 
-4 -0.824389 
-4 -0.648779 
-4 -1 
-4 0.168178 
-4 0.00463758 
-4 0.0591511 
-4 -0.400923 
-4 -0.265742 
-4 -0.22959 
-4 0.75546 
-4 0.44924 
-4 -0.34237 
-4 0.340842 
-4 0.242383 
-4 0.5961 
-4 0.918487 
-4 -0.492164 
-4 -0.736584 
-4 -0.912195 
-4 0.281767 
-4 0.195435 
-4 0.0318944 
-4 0.0864079 
-4 -0.175364 
-4 -0.10325 
-4 -0.420441 
-4 -0.381406 
-4 -0.596574 
-4 -0.031325 
-4 0.140921 
-4 -0.303335 
ZONE T="boundary1"
1.78835 1 
3.80164 1 
0.267047 1 
0.315136 1 
0.773613 1 
1.10692 1 
0.987236 1 
-1.29298 1 
-3.7297 1 
-3.6028 1 
-4 1 
3.20657 1 
-1.67538 1 
-2.11721 1 
1.31401 1 
1.38949 1 
1.96076 1 
2.32391 1 
2.71177 1 
2.95917 1 
0.062409 1 
-0.0236026 1 
-0.233858 1 
-0.582566 1 
-0.514042 1 
0.207734 1 
0.363226 1 
0.494246 1 
0.428736 1 
-0.159245 1 
-0.0914236 1 
0.679673 1 
0.58696 1 
0.867553 1 
1.46497 1 
-0.829736 1 
-1.41294 1 
-1.5329 1 
-1.81785 1 
3.60329 1 
-1.06794 1 
-1.18046 1 
1.54045 1 
1.21046 1 
-0.94884 1 
-0.706151 1 
1.61594 1 
2.14234 1 
-2.48742 1 
-2.66196 1 
-3.2221 1 
-3.4759 1 
4 1 
-3.0293 1 
-2.30232 1 
-2.8365 1 
-1.96753 1 
0.14842 1 
-0.308472 1 
-0.376995 1 
-0.445519 1 
0.291091 1 
1.04708 1 
-3.66625 1 
-3.86485 1 
1.35175 1 
2.51784 1 
-0.548304 1 
0.339181 1 
0.461491 1 
0.23739 1 
-0.0575131 1 
0.395981 1 
-0.125334 1 
0.0194032 1 
0.633317 1 
0.540603 1 
0.726643 1 
0.820583 1 
0.927395 1 
-1.47292 1 
3.40493 1 
-1.1242 1 
-1.60414 1 
1.50271 1 
1.87456 1 
-0.889288 1 
1.70214 1 
2.23312 1 
1.15869 1 
-2.57469 1 
-3.53935 1 
3.90082 1 
-1.00839 1 
3.70246 1 
2.05155 1 
-3.1257 1 
-2.20976 1 
-2.39487 1 
-3.349 1 
-2.04237 1 
-1.89269 1 
-1.74661 1 
0.178077 1 
-0.271165 1 
-0.342734 1 
-0.411257 1 
-0.479781 1 
-0.196551 1 
0.105415 1 
-0.644358 1 
1.26223 1 
-2.9329 1 
3.08287 1 
-1.23672 1 
-1.35296 1 
1.42723 1 
1.5782 1 
-0.767943 1 
2.83547 1 
-2.74923 1 
ZONE T="boundary2"
4 -0.665222 
4 -0.373158 
4 -0.326147 
4 -0.263692 
4 -0.207432 
4 0.13941 
4 0.220554 
4 0.298683 
4 -0.132338 
4 0.351489 
4 0.404296 
4 0.797223 
4 -0.748917 
4 -0.0537903 
4 0.0247574 
4 0.179982 
4 -0.542696 
4 -0.420169 
4 0.594446 
4 -0.481432 
4 -0.832611 
4 -1 
4 1 
4 -0.349653 
4 -0.294919 
4 -0.235562 
4 0.259618 
4 -0.169885 
4 0.377893 
4 -0.707069 
4 -0.0145164 
4 0.0820839 
4 0.200268 
4 0.159696 
4 -0.396664 
4 0.499371 
4 -0.450801 
4 -0.603959 
4 -0.790764 
4 -0.0930641 
4 -0.916306 
4 0.898612 
4 0.695835 
4 0.325086 
4 -0.512064 
ZONE T="boundary3"
-1.60088 -1 
-0.00509163 -1 
-1.25705 -1 
-1.32462 -1 
-1.49654 -1 
-1.04396 -1 
-2.68707 -1 
0.67928 -1 
1.00528 -1 
1.4338 -1 
2.04481 -1 
1.79522 -1 
-1.72679 -1 
-2.8457 -1 
3.72756 -1 
-2.02654 -1 
-1.85269 -1 
2.22944 -1 
2.88201 -1 
1.10915 -1 
1.21556 -1 
-3.46715 -1 
-2.44373 -1 
2.64804 -1 
0.371994 -1 
0.281105 -1 
-0.448072 -1 
-0.366145 -1 
-0.284218 -1 
-0.212489 -1 
0.790348 -1 
0.0632179 -1 
0.131527 -1 
-0.0729264 -1 
-0.140761 -1 
0.206316 -1 
-0.678064 -1 
-0.55917 -1 
0.462884 -1 
0.571082 -1 
3.86378 -1 
4 -1 
0.901416 -1 
-1.15051 -1 
-0.920458 -1 
-0.858707 -1 
3.45512 -1 
1.32198 -1 
-1.3922 -1 
-3.86679 -1 
-3.73357 -1 
-4 -1 
1.54563 -1 
2.41408 -1 
3.16857 -1 
-2.20039 -1 
-3.00433 -1 
-3.23574 -1 
-0.796957 -1 
-1.29084 -1 
1.92001 -1 
-1.93962 -1 
2.13712 -1 
1.16236 -1 
-2.5654 -1 
-0.407108 -1 
-0.248353 -1 
0.0973726 -1 
-0.039009 -1 
0.243711 -1 
-0.325181 -1 
-0.503621 -1 
0.625181 -1 
0.417439 -1 
0.32655 -1 
0.516983 -1 
3.79567 -1 
0.845882 -1 
1.05722 -1 
0.734814 -1 
-0.618617 -1 
-0.982209 -1 
3.59134 -1 
3.93189 -1 
1.26877 -1 
0.95335 -1 
-1.35841 -1 
-1.09723 -1 
-1.20378 -1 
-3.80018 -1 
-3.93339 -1 
-1.44437 -1 
-1.66383 -1 
-1.54871 -1 
-3.60036 -1 
1.48972 -1 
1.37789 -1 
1.67042 -1 
2.76503 -1 
3.02529 -1 
2.53106 -1 
-2.32206 -1 
3.31184 -1 
-1.78974 -1 
-3.35144 -1 
-2.76638 -1 
-2.92502 -1 
-2.11347 -1 
2.32176 -1 
-0.176625 -1 
0.168922 -1 
-0.106844 -1 
0.0290631 -1 
-0.827832 -1 
-0.889583 -1 
-0.73751 -1 
-3.12004 -1 
ZONE T="boundary4"
-0.481574 0.30047 
-0.499194 0.281442 
-0.615744 0.0848214 
0.552335 0.205293 
0.565457 0.182376 
0.638125 0.0101359 
-0.628719 0.0373546 
-0.633102 0.0135819 
0.635259 0.0246292 
-0.463352 0.318529 
0.641594 -0.0188762 
0.640237 -0.0043291 
-0.573956 0.177228 
-0.562907 0.195698 
-0.270431 0.447099 
-0.622931 0.0611108 
-0.607205 0.108351 
-0.601163 0.12302 
-0.551215 0.213779 
-0.586231 0.154647 
0.589967 0.138389 
0.578421 0.159469 
-0.540178 0.229742 
-0.291057 0.43735 
-0.444459 0.335771 
-0.52869 0.245385 
-0.424891 0.352256 
-0.366792 0.394416 
-0.347823 0.406315 
-0.329749 0.416908 
-0.311376 0.42698 
-0.38537 0.381926 
-0.246958 0.457297 
-0.223158 0.466715 
-0.19788 0.475754 
-0.172314 0.483935 
-0.146017 0.491384 
-0.119493 0.497942 
-0.0648273 0.508541 
-0.0366886 0.5125 
-0.092243 0.503709 
0.0205249 0.517434 
0.0495235 0.518312 
-0.514296 0.263694 
-0.405402 0.367448 
0.406175 0.402535 
0.431632 0.378858 
0.321406 0.459738 
0.291505 0.473889 
0.379027 0.424084 
0.350671 0.44316 
0.539689 0.227397 
0.497162 0.297826 
0.526964 0.249531 
0.512434 0.273938 
0.477043 0.326243 
0.0793 0.518035 
0.108976 0.516518 
0.200014 0.503283 
0.169651 0.509246 
0.631664 0.0390981 
0.600972 0.117086 
0.610799 0.0963236 
0.622443 0.067836 
-0.636063 -0.0101092 
0.139458 0.513598 
-0.00845123 0.51546 
0.230496 0.495536 
0.260964 0.485833 
0.45512 0.353485 
-0.490489 0.291053 
-0.631081 0.0254986 
-0.472558 0.309595 
0.639274 0.00291707 
-0.568515 0.186513 
-0.625991 0.0492724 
-0.6195 0.0730144 
-0.604244 0.115709 
-0.61163 0.0966419 
-0.557137 0.204788 
-0.593966 0.138959 
0.584244 0.148954 
-0.545754 0.2218 
-0.453993 0.327245 
-0.53449 0.237604 
-0.434756 0.344109 
-0.357354 0.40044 
-0.320598 0.422009 
-0.338824 0.411677 
-0.301256 0.432242 
-0.235096 0.462104 
-0.185131 0.479952 
-0.132782 0.494774 
-0.0507745 0.510644 
0.0350212 0.518012 
-0.521578 0.254606 
-0.210557 0.471342 
-0.415217 0.359941 
0.419129 0.390944 
0.306581 0.46708 
0.392812 0.41358 
-0.580224 0.166008 
0.546011 0.216342 
0.519775 0.261779 
0.533345 0.238473 
0.0941474 0.517435 
0.184873 0.506465 
-0.258737 0.452296 
0.636781 0.0174005 
0.61687 0.0821805 
0.641012 -0.0115933 
0.633546 0.0318849 
0.504911 0.285954 
0.558901 0.193834 
0.605989 0.106753 
-0.280781 0.442302 
-0.634756 0.00175699 
0.59555 0.127777 
-0.376131 0.388245 
-0.395451 0.374777 
-0.105892 0.500942 
-0.0785551 0.506242 
0.124235 0.515235 
0.154582 0.511607 
0.571967 0.170935 
0.627359 0.0535648 
-0.159197 0.487771 
0.00602881 0.516582 
0.0644145 0.518326 
0.215311 0.499627 
0.276335 0.480118 
0.487303 0.312181 
-0.0225821 0.514106 
0.443602 0.366386 
0.336193 0.451725 
0.245805 0.49092 
0.466304 0.340048 
0.365033 0.433901 
-0.506833 0.272643 
ZONE T="boundary5"
-0.578296 -0.244144 
-0.567417 -0.259051 
-0.637708 -0.057139 
-0.636376 -0.080367 
-0.637601 -0.0337031 
0.500504 -0.2929 
-0.633587 -0.103379 
-0.588368 -0.228519 
-0.629333 -0.126072 
-0.279669 -0.38316 
-0.252856 -0.383857 
0.624784 -0.131714 
0.629452 -0.118188 
-0.351328 -0.376775 
-0.329307 -0.379614 
-0.304545 -0.381813 
-0.373085 -0.373001 
-0.394403 -0.368217 
-0.143183 -0.382639 
-0.226031 -0.383982 
-0.598461 -0.21064 
-0.198485 -0.383713 
-0.115479 -0.382091 
0.512292 -0.284026 
-0.522925 -0.304971 
-0.503456 -0.31974 
0.562782 -0.235135 
-0.540844 -0.288859 
-0.554601 -0.274454 
0.523688 -0.274647 
-0.0874619 -0.381646 
0.642169 -0.0333768 
0.641594 -0.0188762 
-0.415398 -0.362295 
-0.623579 -0.148473 
0.60314 -0.177738 
0.614835 -0.155275 
-0.607518 -0.192022 
-0.460218 -0.344782 
-0.438108 -0.354333 
-0.616307 -0.170492 
-0.0313597 -0.381235 
-0.059547 -0.381357 
-0.00326635 -0.381267 
0.0817202 -0.381771 
0.591552 -0.196671 
0.224416 -0.378242 
0.195767 -0.379946 
0.110114 -0.381802 
0.138611 -0.381591 
0.167126 -0.381017 
0.253185 -0.375752 
0.281902 -0.372334 
0.367735 -0.354845 
0.339302 -0.362039 
0.31066 -0.367814 
0.450138 -0.323306 
0.423337 -0.335612 
0.475855 -0.309139 
0.488342 -0.301275 
0.395904 -0.346049 
0.640981 -0.0620874 
0.639224 -0.0763311 
0.55427 -0.24483 
0.534778 -0.264674 
0.633448 -0.104379 
0.578997 -0.214682 
0.63671 -0.09042 
0.641963 -0.0477838 
-0.636063 -0.0101092 
-0.17097 -0.383219 
0.0532752 -0.381608 
0.0250419 -0.381413 
-0.482605 -0.332994 
-0.572967 -0.251678 
-0.637223 -0.0687645 
-0.637834 -0.0454214 
-0.631645 -0.114761 
-0.266265 -0.383593 
0.627202 -0.12498 
-0.340334 -0.378306 
-0.292112 -0.382583 
-0.383777 -0.370746 
-0.239444 -0.383979 
-0.593551 -0.219656 
-0.513345 -0.312557 
-0.547847 -0.281774 
-0.56114 -0.266861 
0.518041 -0.279398 
-0.101468 -0.381851 
0.641979 -0.0261222 
-0.404945 -0.365404 
0.609203 -0.166619 
-0.36223 -0.375014 
-0.449253 -0.349758 
-0.612098 -0.181333 
-0.316938 -0.380832 
-0.626643 -0.137322 
-0.0454511 -0.381275 
-0.017311 -0.381234 
0.210095 -0.379181 
-0.603132 -0.201401 
0.152869 -0.381358 
0.0959164 -0.38181 
0.267556 -0.374168 
0.353563 -0.358627 
0.325012 -0.365091 
0.436845 -0.329694 
0.463131 -0.316467 
-0.583442 -0.236403 
0.506445 -0.288526 
0.494466 -0.297151 
0.482138 -0.30527 
0.409702 -0.341049 
0.640199 -0.0692207 
0.544719 -0.254944 
0.558567 -0.240019 
0.631539 -0.111309 
0.571059 -0.225044 
0.635171 -0.0974207 
0.638061 -0.0833919 
0.620058 -0.143598 
-0.426824 -0.358506 
0.597493 -0.187294 
-0.635165 -0.0918965 
0.641569 -0.0549418 
0.642164 -0.0405813 
-0.637009 -0.0218959 
-0.129329 -0.382356 
-0.157074 -0.382932 
0.0674982 -0.381699 
0.0391599 -0.381509 
0.238808 -0.377104 
-0.0735015 -0.381481 
-0.212256 -0.383886 
0.124362 -0.381735 
0.181447 -0.380552 
0.296301 -0.370219 
-0.184725 -0.383484 
0.0108895 -0.38133 
0.381882 -0.350652 
-0.532053 -0.297101 
0.585404 -0.205767 
-0.471533 -0.339113 
-0.493169 -0.326579 
-0.62013 -0.159545 
0.529288 -0.269722 
