ZONE T="boundary0"
-4 -0.860081 
-4 0.254052 
-4 0.198942 
-4 0.315347 
-4 -0.039903 
-4 -0.112457 
-4 1 
-4 0.700267 
-4 0.600357 
-4 0.145852 
-4 0.0927627 
-4 0.0264298 
-4 -0.185011 
-4 -0.218252 
-4 0.376642 
-4 0.488499 
-4 -0.251493 
-4 -0.389504 
-4 -0.317976 
-4 -0.720161 
-4 -1 
-4 0.800178 
-4 -0.284735 
-4 -0.461033 
-4 -0.35374 
-4 -0.525815 
-4 -0.590597 
-4 0.226497 
-4 0.2847 
-4 -0.07618 
-4 0.650312 
-4 0.119308 
-4 -0.0067366 
-4 0.172397 
-4 -0.201631 
-4 0.345994 
-4 0.43257 
-4 -0.790121 
-4 -0.93004 
-4 0.900089 
-4 -0.301355 
-4 -0.234873 
-4 -0.148734 
-4 -0.425269 
-4 -0.268114 
-4 -0.371622 
-4 -0.335858 
-4 -0.558206 
-4 -0.493424 
-4 -0.655379 
-4 0.544428 
-4 0.0595963 
-4 0.750223 
ZONE T="boundary1"
-3.66479 1 
1.07707 1 
1.76736 1 
4 1 
0.602728 1 
-0.467484 1 
0.443876 1 
-0.923548 1 
-0.202172 1 
-0.249685 1 
1.47291 1 
1.62013 1 
3.71343 1 
-1.02015 1 
-1.35149 1 
0.938694 1 
0.80032 1 
-1.11675 1 
-4 1 
2.84046 1 
2.6474 1 
-2.90779 1 
-3.32958 1 
2.27157 1 
2.14629 1 
3.42686 1 
3.03351 1 
0.290614 1 
0.239527 1 
0.152649 1 
0.0657712 1 
0.341702 1 
0.392789 1 
0.523302 1 
-0.0596361 1 
0.00306756 1 
-0.304134 1 
-0.358584 1 
-0.107148 1 
-0.15466 1 
-0.718301 1 
0.652126 1 
0.701524 1 
-0.820925 1 
1.00788 1 
1.24978 1 
-1.23412 1 
-1.48698 1 
-1.62247 1 
1.36134 1 
-1.76465 1 
-1.90682 1 
1.95683 1 
-0.592892 1 
-2.30632 1 
3.57015 1 
2.39685 1 
-2.55203 1 
-2.10657 1 
-2.72991 1 
-0.530188 1 
-0.225928 1 
1.54652 1 
0.869507 1 
-3.8324 1 
3.85672 1 
2.74393 1 
-3.11869 1 
2.20893 1 
3.23019 1 
0.265071 1 
0.196088 1 
0.10921 1 
0.316158 1 
0.367245 1 
0.483589 1 
-0.0282843 1 
0.0344194 1 
0.563015 1 
-0.331359 1 
-0.130904 1 
0.676825 1 
-0.413034 1 
-0.769613 1 
0.973288 1 
-0.872236 1 
1.16342 1 
-1.06845 1 
-0.971849 1 
-1.17544 1 
-1.41924 1 
-1.29281 1 
-1.55473 1 
1.41713 1 
-1.69356 1 
1.69375 1 
1.86209 1 
-1.83573 1 
-0.655597 1 
2.93698 1 
3.49851 1 
2.52212 1 
2.33421 1 
-2.42918 1 
2.05156 1 
-2.64097 1 
-2.81885 1 
-2.20645 1 
-0.0833922 1 
-0.178416 1 
0.418333 1 
0.750922 1 
0.627427 1 
1.04248 1 
-0.56154 1 
-0.498836 1 
-0.276909 1 
3.64179 1 
-3.49719 1 
1.30556 1 
-2.0067 1 
ZONE T="boundary2"
4 -1 
4 -0.378031 
4 -0.471395 
4 0.0310144 
4 -0.0572383 
4 0.119267 
4 0.203031 
4 0.235618 
4 0.268205 
4 1 
4 0.773013 
4 -0.288386 
4 -0.172354 
4 -0.673569 
4 -0.836785 
4 -0.572482 
4 0.332284 
4 0.396364 
4 -0.114796 
4 0.546025 
4 0.659519 
4 -0.013112 
4 0.251911 
4 0.886506 
4 -0.23037 
4 -0.755177 
4 -0.521938 
4 0.364324 
4 0.161149 
4 0.0751407 
4 -0.0860172 
4 -0.333208 
4 -0.424713 
4 0.471194 
4 0.716266 
4 0.602772 
4 -0.918392 
4 -0.623026 
4 0.300245 
4 0.219324 
4 -0.143575 
ZONE T="boundary3"
-3.875 -1 
-2.57233 -1 
-1.41434 -1 
3.58458 -1 
4 -1 
-0.363945 -1 
-1.60375 -1 
-0.979089 -1 
-0.86871 -1 
-0.763755 -1 
-0.565253 -1 
0.400328 -1 
0.49502 -1 
-0.184211 -1 
-0.414272 -1 
0.596745 -1 
3.37687 -1 
1.23546 -1 
-3.00989 -1 
-2.79829 -1 
2.66749 -1 
2.1703 -1 
-1.8563 -1 
-3.70405 -1 
-3.46277 -1 
-3.22149 -1 
3.04374 -1 
3.16916 -1 
2.91832 -1 
2.4189 -1 
-0.464599 -1 
-0.304004 -1 
-0.244063 -1 
-0.124359 -1 
-0.0631247 -1 
0.0605663 -1 
0.123023 -1 
0.168676 -1 
0.214329 -1 
0.305636 -1 
0.698469 -1 
-0.664504 -1 
1.34262 -1 
1.01971 -1 
1.12829 -1 
1.53726 -1 
1.43994 -1 
1.7319 -1 
0.911132 -1 
-4 -1 
0.804801 -1 
-1.5058 -1 
-1.20618 -1 
-1.08947 -1 
-1.32289 -1 
-2.34637 -1 
-2.17863 -1 
-2.01088 -1 
-1.70171 -1 
1.9511 -1 
-0.00189022 -1 
3.79229 -1 
-0.9239 -1 
-0.816232 -1 
0.447674 -1 
-0.389109 -1 
0.545882 -1 
3.48073 -1 
-2.90409 -1 
-3.58341 -1 
-3.34213 -1 
3.10645 -1 
-3.11569 -1 
2.2946 -1 
-0.514926 -1 
-0.274033 -1 
-0.154285 -1 
-0.214137 -1 
0.0917946 -1 
0.191503 -1 
0.14585 -1 
0.259983 -1 
0.647607 -1 
-0.614879 -1 
-0.714129 -1 
1.28904 -1 
1.074 -1 
1.4886 -1 
1.18187 -1 
1.63458 -1 
3.27302 -1 
-3.78952 -1 
0.965422 -1 
-3.9375 -1 
-1.55478 -1 
-1.14782 -1 
-1.36861 -1 
-2.68531 -1 
2.98103 -1 
2.79291 -1 
-2.2625 -1 
-2.09476 -1 
-1.779 -1 
-2.45935 -1 
-1.93359 -1 
-1.65273 -1 
2.54319 -1 
1.8415 -1 
2.0607 -1 
-0.0325074 -1 
-0.0937419 -1 
0.352982 -1 
-0.439436 -1 
0.751635 -1 
-0.333975 -1 
0.857967 -1 
0.0293381 -1 
-1.03428 -1 
-1.46007 -1 
-1.26453 -1 
1.39128 -1 
ZONE T="boundary4"
0.399238 0.426996 
0.419425 0.411026 
0.378283 0.441516 
-0.341268 0.401889 
-0.631426 0.00615447 
-0.634382 -0.0152376 
-0.590898 0.132641 
-0.603161 0.105069 
-0.581705 0.150865 
-0.622161 0.0489578 
-0.492593 0.277881 
-0.47879 0.292718 
-0.3901 0.369468 
-0.562725 0.18401 
-0.627348 0.0275791 
-0.60986 0.0877709 
-0.615879 0.0702428 
-0.572492 0.167593 
-0.552514 0.200009 
-0.541837 0.215702 
-0.222634 0.460694 
-0.244307 0.451757 
-0.518562 0.247007 
-0.505833 0.262652 
-0.530416 0.231517 
-0.435338 0.333763 
-0.450122 0.32065 
0.627203 0.0557179 
0.621333 0.0741385 
-0.42058 0.346097 
-0.405478 0.358011 
-0.357987 0.391419 
-0.464493 0.307094 
-0.176272 0.477444 
-0.199579 0.469414 
-0.323388 0.412422 
-0.305222 0.422465 
-0.285606 0.432608 
-0.265707 0.442194 
-0.151594 0.485119 
-0.126695 0.492034 
-0.100275 0.498491 
-0.0736709 0.504099 
-0.374415 0.380507 
0.632085 0.037304 
0.606092 0.11322 
0.614087 0.0938094 
0.638594 0.000494417 
0.301631 0.480818 
0.329216 0.468836 
0.354101 0.456041 
0.436334 0.395912 
0.452544 0.379698 
-0.0454038 0.509094 
0.0132007 0.516326 
0.0434696 0.518399 
0.0754991 0.519326 
-0.0170026 0.513125 
0.241454 0.500289 
0.273494 0.490965 
0.209067 0.507585 
0.174712 0.513246 
0.595527 0.136742 
0.584404 0.160082 
0.640122 -0.017987 
0.635905 0.0188729 
0.571271 0.186836 
0.543666 0.242607 
0.468051 0.362361 
0.482771 0.343994 
0.558023 0.21364 
0.49867 0.321741 
0.513607 0.298218 
0.528849 0.271325 
0.10747 0.518901 
0.140134 0.516998 
0.409457 0.419174 
0.388873 0.434421 
-0.633041 -0.0045243 
-0.597235 0.118945 
-0.586389 0.141797 
-0.485754 0.285358 
-0.629522 0.016891 
-0.624887 0.0382992 
-0.606593 0.0964513 
-0.612956 0.0790357 
-0.57717 0.159268 
-0.55768 0.192048 
-0.512259 0.254879 
-0.524543 0.239303 
-0.44278 0.327262 
0.624375 0.0649616 
-0.499277 0.270322 
-0.413071 0.352107 
-0.428004 0.339983 
-0.349663 0.39671 
-0.471701 0.299965 
-0.397828 0.363792 
-0.187955 0.473515 
-0.31434 0.417505 
-0.27569 0.437471 
-0.255042 0.447054 
-0.619149 0.0596371 
-0.163963 0.481376 
-0.11351 0.495368 
-0.0869946 0.501401 
-0.536181 0.223649 
-0.382294 0.37504 
-0.233503 0.456304 
-0.139171 0.488672 
-0.29545 0.427606 
0.610171 0.103546 
0.315522 0.475054 
-0.332365 0.407217 
0.366313 0.448983 
0.341761 0.462639 
-0.45736 0.313928 
0.444551 0.38792 
-0.547231 0.207893 
-0.567675 0.175841 
0.427984 0.403589 
0.0283272 0.517506 
0.0594818 0.519028 
-0.0312192 0.511231 
0.25755 0.495883 
0.225317 0.504175 
0.191933 0.510661 
0.629764 0.0465424 
0.617814 0.084011 
0.590015 0.148433 
-0.366238 0.386018 
0.600896 0.125017 
0.639507 -0.00873361 
0.63739 0.00970425 
0.634127 0.0281157 
0.577862 0.173467 
0.460415 0.371138 
0.475531 0.353278 
-0.211139 0.46514 
0.564648 0.200234 
0.490877 0.332985 
0.506289 0.31008 
0.287641 0.486108 
-0.00191405 0.514865 
-0.0595576 0.506716 
0.521386 0.284866 
0.123816 0.518141 
0.536361 0.257022 
0.550863 0.22813 
0.157451 0.515351 
0.0914895 0.519286 
ZONE T="boundary5"
-0.387835 -0.385851 
-0.587639 -0.245857 
-0.634943 -0.0997099 
-0.611645 -0.19641 
0.524475 -0.26432 
-0.636494 -0.0788188 
-0.636916 -0.0577663 
-0.634382 -0.0152376 
-0.59644 -0.229915 
-0.632267 -0.120336 
0.640431 -0.03636 
-0.3259 -0.393065 
-0.346974 -0.391648 
-0.426469 -0.375832 
-0.367844 -0.389235 
-0.577791 -0.261563 
-0.281774 -0.393324 
-0.303932 -0.393601 
-0.235501 -0.390759 
-0.258671 -0.392324 
-0.211294 -0.388699 
-0.187061 -0.386367 
0.629408 -0.10808 
-0.527907 -0.318585 
-0.512907 -0.330844 
0.53419 -0.255703 
-0.496911 -0.342169 
0.543604 -0.246696 
0.603509 -0.168679 
-0.542149 -0.30521 
-0.567101 -0.27654 
-0.60445 -0.213418 
0.610512 -0.155557 
0.617514 -0.140639 
-0.617997 -0.178915 
-0.161705 -0.383804 
-0.462892 -0.361322 
-0.136333 -0.381257 
0.579414 -0.205492 
0.562098 -0.226931 
-0.445034 -0.369123 
-0.480255 -0.352311 
-0.0557822 -0.374446 
0.637367 -0.0725933 
0.633996 -0.0904397 
-0.636212 -0.0365593 
-0.555046 -0.291345 
-0.628449 -0.140763 
-0.0833266 -0.376475 
-0.109805 -0.378741 
-0.028344 -0.372786 
0.119062 -0.368602 
0.149633 -0.367975 
0.181788 -0.367001 
0.0586879 -0.369683 
0.0884651 -0.369122 
0.35169 -0.34712 
0.328032 -0.352168 
0.236448 -0.363982 
0.281616 -0.359481 
0.258923 -0.362018 
0.304269 -0.356302 
-0.407549 -0.381356 
0.377551 -0.340379 
0.403188 -0.332241 
0.50345 -0.280862 
0.456147 -0.309735 
-0.623488 -0.160912 
0.213966 -0.365486 
0.639511 -0.0545736 
0.595962 -0.18137 
0.623712 -0.125225 
0.640122 -0.017987 
0.0287912 -0.370437 
0.000295043 -0.371435 
0.481472 -0.295532 
0.430017 -0.32191 
0.587939 -0.193604 
-0.635861 -0.0892768 
-0.636847 -0.0682973 
-0.633747 -0.110043 
-0.592146 -0.237946 
-0.336449 -0.392475 
-0.357429 -0.390573 
-0.582829 -0.253783 
-0.292855 -0.393556 
-0.199175 -0.387556 
-0.520512 -0.324843 
0.529373 -0.260058 
-0.57256 -0.269135 
-0.608157 -0.204962 
0.614116 -0.148146 
-0.614934 -0.187705 
-0.377866 -0.387678 
-0.149017 -0.38252 
0.570952 -0.216372 
-0.45403 -0.365369 
-0.488672 -0.347382 
-0.435809 -0.372626 
0.635834 -0.0815443 
-0.636704 -0.0471601 
-0.635436 -0.0258881 
-0.174381 -0.385092 
-0.0695527 -0.375416 
-0.0965634 -0.377572 
-0.0420594 -0.37357 
0.134348 -0.368313 
0.16571 -0.367542 
0.0735795 -0.369387 
0.339884 -0.349763 
0.103763 -0.368865 
0.270276 -0.360824 
0.316166 -0.354342 
0.247688 -0.363063 
-0.417055 -0.378738 
0.364659 -0.34391 
0.514127 -0.2728 
-0.630501 -0.130578 
-0.62086 -0.169951 
0.225208 -0.364787 
0.640125 -0.0454739 
0.19788 -0.366326 
0.538939 -0.251244 
0.55303 -0.236984 
0.607089 -0.162159 
0.599807 -0.175067 
-0.314923 -0.393444 
0.6267 -0.116698 
0.620724 -0.132976 
0.631851 -0.0992977 
0.638593 -0.0636008 
-0.626112 -0.150875 
-0.270222 -0.392904 
-0.471652 -0.356963 
-0.535143 -0.31202 
-0.548712 -0.298384 
0.640429 -0.0271705 
-0.247084 -0.391601 
-0.223395 -0.389773 
0.292952 -0.357977 
0.0437433 -0.370028 
0.0145463 -0.370896 
0.390422 -0.336488 
-0.0140231 -0.372064 
-0.123067 -0.379973 
-0.600552 -0.221719 
-0.397729 -0.383748 
-0.505009 -0.336645 
-0.561194 -0.284042 
0.4926 -0.288407 
0.468947 -0.302883 
0.443189 -0.316058 
0.416684 -0.327295 
0.583738 -0.19959 
0.592015 -0.187531 
