ZONE T="boundary0"
-4 -0.860081 
-4 0.254052 
-4 0.198942 
-4 0.315347 
-4 -0.039903 
-4 -0.112457 
-4 1 
-4 0.700267 
-4 0.600357 
-4 0.145852 
-4 0.0927627 
-4 0.0264298 
-4 -0.185011 
-4 -0.218252 
-4 0.376642 
-4 0.488499 
-4 -0.251493 
-4 -0.389504 
-4 -0.317976 
-4 -0.720161 
-4 -1 
-4 0.800178 
-4 -0.284735 
-4 -0.461033 
-4 -0.35374 
-4 -0.525815 
-4 -0.590597 
-4 0.226497 
-4 0.2847 
-4 -0.07618 
-4 0.650312 
-4 0.119308 
-4 -0.0067366 
-4 0.172397 
-4 -0.201631 
-4 0.345994 
-4 0.43257 
-4 -0.790121 
-4 -0.93004 
-4 0.900089 
-4 -0.301355 
-4 -0.234873 
-4 -0.148734 
-4 -0.425269 
-4 -0.268114 
-4 -0.371622 
-4 -0.335858 
-4 -0.558206 
-4 -0.493424 
-4 -0.655379 
-4 0.544428 
-4 0.0595963 
-4 0.750223 
ZONE T="boundary1"
-3.66479 1 
1.07707 1 
1.76736 1 
4 1 
0.602728 1 
-0.467484 1 
0.443876 1 
-0.923548 1 
-0.202172 1 
-0.249685 1 
1.47291 1 
1.62013 1 
3.71343 1 
-1.02015 1 
-1.35149 1 
0.938694 1 
0.80032 1 
-1.11675 1 
-4 1 
2.84046 1 
2.6474 1 
-2.90779 1 
-3.32958 1 
2.27157 1 
2.14629 1 
3.42686 1 
3.03351 1 
0.290614 1 
0.239527 1 
0.152649 1 
0.0657712 1 
0.341702 1 
0.392789 1 
0.523302 1 
-0.0596361 1 
0.00306756 1 
-0.304134 1 
-0.358584 1 
-0.107148 1 
-0.15466 1 
-0.718301 1 
0.652126 1 
0.701524 1 
-0.820925 1 
1.00788 1 
1.24978 1 
-1.23412 1 
-1.48698 1 
-1.62247 1 
1.36134 1 
-1.76465 1 
-1.90682 1 
1.95683 1 
-0.592892 1 
-2.30632 1 
3.57015 1 
2.39685 1 
-2.55203 1 
-2.10657 1 
-2.72991 1 
-0.530188 1 
-0.225928 1 
1.54652 1 
0.869507 1 
-3.8324 1 
3.85672 1 
2.74393 1 
-3.11869 1 
2.20893 1 
3.23019 1 
0.265071 1 
0.196088 1 
0.10921 1 
0.316158 1 
0.367245 1 
0.483589 1 
-0.0282843 1 
0.0344194 1 
0.563015 1 
-0.331359 1 
-0.130904 1 
0.676825 1 
-0.413034 1 
-0.769613 1 
0.973288 1 
-0.872236 1 
1.16342 1 
-1.06845 1 
-0.971849 1 
-1.17544 1 
-1.41924 1 
-1.29281 1 
-1.55473 1 
1.41713 1 
-1.69356 1 
1.69375 1 
1.86209 1 
-1.83573 1 
-0.655597 1 
2.93698 1 
3.49851 1 
2.52212 1 
2.33421 1 
-2.42918 1 
2.05156 1 
-2.64097 1 
-2.81885 1 
-2.20645 1 
-0.0833922 1 
-0.178416 1 
0.418333 1 
0.750922 1 
0.627427 1 
1.04248 1 
-0.56154 1 
-0.498836 1 
-0.276909 1 
3.64179 1 
-3.49719 1 
1.30556 1 
-2.0067 1 
ZONE T="boundary2"
4 -1 
4 -0.378031 
4 -0.471395 
4 0.0310144 
4 -0.0572383 
4 0.119267 
4 0.203031 
4 0.235618 
4 0.268205 
4 1 
4 0.773013 
4 -0.288386 
4 -0.172354 
4 -0.673569 
4 -0.836785 
4 -0.572482 
4 0.332284 
4 0.396364 
4 -0.114796 
4 0.546025 
4 0.659519 
4 -0.013112 
4 0.251911 
4 0.886506 
4 -0.23037 
4 -0.755177 
4 -0.521938 
4 0.364324 
4 0.161149 
4 0.0751407 
4 -0.0860172 
4 -0.333208 
4 -0.424713 
4 0.471194 
4 0.716266 
4 0.602772 
4 -0.918392 
4 -0.623026 
4 0.300245 
4 0.219324 
4 -0.143575 
ZONE T="boundary3"
-3.875 -1 
-2.57233 -1 
-1.41434 -1 
3.58458 -1 
4 -1 
-0.363945 -1 
-1.60375 -1 
-0.979089 -1 
-0.86871 -1 
-0.763755 -1 
-0.565253 -1 
0.400328 -1 
0.49502 -1 
-0.184211 -1 
-0.414272 -1 
0.596745 -1 
3.37687 -1 
1.23546 -1 
-3.00989 -1 
-2.79829 -1 
2.66749 -1 
2.1703 -1 
-1.8563 -1 
-3.70405 -1 
-3.46277 -1 
-3.22149 -1 
3.04374 -1 
3.16916 -1 
2.91832 -1 
2.4189 -1 
-0.464599 -1 
-0.304004 -1 
-0.244063 -1 
-0.124359 -1 
-0.0631247 -1 
0.0605663 -1 
0.123023 -1 
0.168676 -1 
0.214329 -1 
0.305636 -1 
0.698469 -1 
-0.664504 -1 
1.34262 -1 
1.01971 -1 
1.12829 -1 
1.53726 -1 
1.43994 -1 
1.7319 -1 
0.911132 -1 
-4 -1 
0.804801 -1 
-1.5058 -1 
-1.20618 -1 
-1.08947 -1 
-1.32289 -1 
-2.34637 -1 
-2.17863 -1 
-2.01088 -1 
-1.70171 -1 
1.9511 -1 
-0.00189022 -1 
3.79229 -1 
-0.9239 -1 
-0.816232 -1 
0.447674 -1 
-0.389109 -1 
0.545882 -1 
3.48073 -1 
-2.90409 -1 
-3.58341 -1 
-3.34213 -1 
3.10645 -1 
-3.11569 -1 
2.2946 -1 
-0.514926 -1 
-0.274033 -1 
-0.154285 -1 
-0.214137 -1 
0.0917946 -1 
0.191503 -1 
0.14585 -1 
0.259983 -1 
0.647607 -1 
-0.614879 -1 
-0.714129 -1 
1.28904 -1 
1.074 -1 
1.4886 -1 
1.18187 -1 
1.63458 -1 
3.27302 -1 
-3.78952 -1 
0.965422 -1 
-3.9375 -1 
-1.55478 -1 
-1.14782 -1 
-1.36861 -1 
-2.68531 -1 
2.98103 -1 
2.79291 -1 
-2.2625 -1 
-2.09476 -1 
-1.779 -1 
-2.45935 -1 
-1.93359 -1 
-1.65273 -1 
2.54319 -1 
1.8415 -1 
2.0607 -1 
-0.0325074 -1 
-0.0937419 -1 
0.352982 -1 
-0.439436 -1 
0.751635 -1 
-0.333975 -1 
0.857967 -1 
0.0293381 -1 
-1.03428 -1 
-1.46007 -1 
-1.26453 -1 
1.39128 -1 
ZONE T="boundary4"
0.402566 0.42811 
0.42302 0.412432 
0.381353 0.442327 
-0.338698 0.398733 
-0.629934 0.0042775 
-0.632958 -0.0171428 
-0.588995 0.130694 
-0.601352 0.103171 
-0.579737 0.148875 
-0.620534 0.0471018 
-0.490148 0.27539 
-0.476309 0.290157 
-0.38751 0.366488 
-0.560634 0.181919 
-0.625788 0.0257185 
-0.608109 0.0858943 
-0.614184 0.0683799 
-0.570464 0.165556 
-0.55036 0.197859 
-0.539619 0.213488 
-0.220284 0.457342 
-0.241903 0.448416 
-0.516216 0.244653 
-0.503432 0.260229 
-0.528132 0.229233 
-0.43278 0.330985 
-0.447584 0.317944 
0.629146 0.0579599 
0.623503 0.0764499 
-0.418006 0.34325 
-0.402893 0.355096 
-0.355404 0.388318 
-0.461981 0.304461 
-0.174049 0.474106 
-0.19729 0.466063 
-0.320837 0.409216 
-0.302697 0.419215 
-0.283114 0.429319 
-0.263255 0.438875 
-0.149441 0.481808 
-0.124614 0.488765 
-0.0982694 0.495279 
-0.0717388 0.500962 
-0.371826 0.377464 
0.633818 0.0394916 
0.6088 0.115712 
0.616519 0.096206 
0.639954 0.00261458 
0.303953 0.480578 
0.33177 0.46896 
0.3569 0.456509 
0.440162 0.397561 
0.456597 0.381576 
-0.0435445 0.506054 
0.0149353 0.513541 
0.0451586 0.515776 
0.0771581 0.516899 
-0.0152088 0.510199 
0.243405 0.499322 
0.27562 0.490373 
0.210886 0.506271 
0.176436 0.511597 
0.598591 0.139355 
0.587833 0.162808 
0.641313 -0.0158794 
0.637444 0.0210188 
0.575113 0.189669 
0.548202 0.245489 
0.472311 0.364452 
0.487212 0.346279 
0.562244 0.216531 
0.50327 0.324221 
0.518298 0.300864 
0.533538 0.274114 
0.109122 0.516696 
0.141804 0.515047 
0.412918 0.420436 
0.39207 0.435385 
-0.631583 -0.00641389 
-0.59538 0.117024 
-0.584454 0.139829 
-0.483291 0.282831 
-0.627996 0.0150237 
-0.623293 0.0364422 
-0.604813 0.0945649 
-0.611233 0.0771668 
-0.575172 0.157255 
-0.555558 0.189928 
-0.509884 0.25249 
-0.522228 0.236985 
-0.440231 0.32452 
0.62643 0.0672368 
-0.496853 0.267864 
-0.410491 0.349225 
-0.425437 0.33717 
-0.347085 0.39358 
-0.469204 0.297368 
-0.39524 0.360844 
-0.185699 0.470169 
-0.311801 0.414276 
-0.273218 0.434165 
-0.252614 0.443723 
-0.617488 0.057779 
-0.161774 0.47805 
-0.111467 0.492126 
-0.0850263 0.498225 
-0.53393 0.221401 
-0.379704 0.372028 
-0.231126 0.452956 
-0.137054 0.48538 
-0.292941 0.424335 
0.61274 0.10599 
0.317956 0.474995 
-0.329803 0.404035 
0.369245 0.449623 
0.344434 0.462935 
-0.454835 0.311258 
0.448493 0.389686 
-0.545046 0.205712 
-0.565616 0.173778 
0.431696 0.405119 
0.0300372 0.514799 
0.0611534 0.5165 
-0.0293937 0.508245 
0.259583 0.495101 
0.227197 0.503032 
0.1937 0.509176 
0.631601 0.0487556 
0.620113 0.0863637 
0.593261 0.151103 
-0.363651 0.382946 
0.60378 0.127569 
0.640781 -0.00662146 
0.638838 0.0118356 
0.635761 0.0302807 
0.5815 0.17625 
0.464574 0.373126 
0.479886 0.355469 
-0.208819 0.461788 
0.568687 0.203102 
0.495405 0.335371 
0.510945 0.312647 
0.289861 0.48569 
-0.00015136 0.512006 
-0.0576625 0.503625 
0.526091 0.287589 
0.125473 0.516059 
0.540995 0.259867 
0.555259 0.231027 
0.159143 0.513548 
0.0931417 0.516967 
ZONE T="boundary5"
-0.389557 -0.394917 
-0.587717 -0.249458 
-0.633842 -0.101867 
-0.611181 -0.199296 
0.523335 -0.260409 
-0.635302 -0.0808899 
-0.635641 -0.0597674 
-0.632958 -0.0171428 
-0.596327 -0.233251 
-0.631269 -0.122598 
0.641465 -0.0342493 
-0.327648 -0.402649 
-0.348704 -0.401154 
-0.428158 -0.384167 
-0.369569 -0.398562 
-0.578064 -0.26546 
-0.283615 -0.402725 
-0.305712 -0.403154 
-0.237557 -0.399461 
-0.260605 -0.401439 
-0.213504 -0.396839 
-0.189443 -0.393825 
0.629877 -0.10581 
-0.528942 -0.324036 
-0.514112 -0.336769 
0.533142 -0.251927 
-0.498267 -0.348591 
0.542661 -0.243059 
0.60346 -0.166031 
-0.542998 -0.31021 
-0.567566 -0.280761 
-0.604154 -0.216515 
0.610585 -0.153015 
0.617718 -0.138201 
-0.617383 -0.181616 
-0.16427 -0.390434 
-0.464468 -0.368741 
-0.139079 -0.386965 
0.578975 -0.20245 
0.5614 -0.223595 
-0.446679 -0.377015 
-0.481735 -0.359234 
-0.0589135 -0.376877 
0.638111 -0.070434 
0.634602 -0.0882333 
-0.63486 -0.0385057 
-0.555706 -0.295939 
-0.627567 -0.143152 
-0.0863676 -0.380055 
-0.112715 -0.383407 
-0.0315123 -0.374086 
0.116379 -0.365056 
0.14711 -0.3638 
0.179436 -0.362311 
0.055702 -0.367787 
0.0856209 -0.366346 
0.34992 -0.341725 
0.326209 -0.346709 
0.234341 -0.358732 
0.279668 -0.354028 
0.256901 -0.35664 
0.302387 -0.350823 
-0.409262 -0.390084 
0.375836 -0.335099 
0.401528 -0.327117 
0.502155 -0.276687 
0.454633 -0.305051 
-0.622739 -0.163451 
0.211764 -0.360421 
0.640397 -0.052446 
0.595787 -0.178602 
0.624043 -0.122876 
0.641313 -0.0158794 
0.0257011 -0.369545 
-0.00286033 -0.371599 
0.480059 -0.291107 
0.428423 -0.316991 
0.587634 -0.190704 
-0.634713 -0.0913888 
-0.635611 -0.0703315 
-0.632696 -0.11225 
-0.592127 -0.241411 
-0.338187 -0.402033 
-0.359156 -0.400002 
-0.583005 -0.257528 
-0.294663 -0.403048 
-0.201469 -0.39537 
-0.521635 -0.330528 
0.528278 -0.256213 
-0.572929 -0.27319 
-0.607775 -0.20795 
0.614255 -0.145658 
-0.614393 -0.190495 
-0.379591 -0.396885 
-0.151673 -0.388699 
0.570384 -0.213186 
-0.455644 -0.373027 
-0.490093 -0.354055 
-0.437479 -0.380744 
0.636508 -0.0793633 
-0.63539 -0.0491321 
-0.634047 -0.0278125 
-0.176853 -0.392149 
-0.072644 -0.378421 
-0.0995438 -0.3817 
-0.0452155 -0.375431 
0.131745 -0.364435 
0.163274 -0.363091 
0.0706615 -0.367034 
0.338088 -0.344331 
0.100998 -0.365686 
0.268292 -0.355402 
0.314315 -0.348867 
0.245625 -0.357741 
-0.418759 -0.387275 
0.362916 -0.338568 
0.512904 -0.268755 
-0.629559 -0.132901 
-0.620176 -0.172568 
0.223055 -0.359621 
0.641084 -0.0433565 
0.195604 -0.361431 
0.537941 -0.247536 
0.552206 -0.233497 
0.607101 -0.159566 
0.599696 -0.17236 
-0.316684 -0.403027 
0.6271 -0.114391 
0.620993 -0.130585 
0.632388 -0.0970615 
0.639407 -0.0614592 
-0.625294 -0.153336 
-0.272106 -0.402178 
-0.473183 -0.364135 
-0.536087 -0.317242 
-0.549467 -0.303177 
0.641541 -0.025063 
-0.249076 -0.400525 
-0.225525 -0.39821 
0.291037 -0.352505 
0.0407011 -0.36862 
0.0114179 -0.370522 
0.388734 -0.331282 
-0.01719 -0.372788 
-0.125898 -0.385168 
-0.600345 -0.224933 
-0.399449 -0.392653 
-0.506292 -0.342817 
-0.561757 -0.288445 
0.491242 -0.284105 
0.46748 -0.298326 
0.441633 -0.311253 
0.415056 -0.32227 
0.583367 -0.196621 
0.591775 -0.184699 
