ZONE T="boundary0"
-4 -1 
-4 -0.823593 
-4 0.123592 
-4 0.0742943 
-4 -0.208663 
-4 -0.248884 
-4 -0.0751906 
-4 -0.000448118 
-4 0.372059 
-4 0.433321 
-4 0.27632 
-4 0.310797 
-4 0.241843 
-4 0.207366 
-4 0.172889 
-4 -0.168442 
-4 -0.302848 
-4 -0.414305 
-4 -0.559492 
-4 -0.647186 
-4 -0.471798 
-4 0.81358 
-4 1 
-4 0.627159 
-4 0.53024 
-4 -0.121816 
-4 -0.356813 
-4 0.341428 
-4 0.0989431 
-4 -0.228774 
-4 -0.0378193 
-4 0.40269 
-4 0.293558 
-4 0.259081 
-4 0.190128 
-4 -0.188553 
-4 0.148241 
-4 0.0369231 
-4 -0.603339 
-4 -0.515645 
-4 -0.911796 
-4 -0.735389 
-4 0.90679 
-4 0.72037 
-4 -0.0985035 
-4 -0.145129 
-4 -0.32983 
-4 -0.275866 
-4 -0.443051 
-4 0.224605 
-4 0.326112 
-4 0.356743 
-4 0.481781 
-4 -0.385559 
-4 0.5787 
ZONE T="boundary1"
3.72766 1 
4 1 
-0.379167 1 
0.179435 1 
0.0998441 1 
1.44456 1 
1.21425 1 
1.32941 1 
-0.744797 1 
-0.869191 1 
-0.931387 1 
-0.993584 1 
-1.20592 1 
-0.212558 1 
-0.267532 1 
3.45533 1 
-1.27669 1 
2.59566 1 
-2.11059 1 
-2.89597 1 
-1.47407 1 
-1.61382 1 
-3.45592 1 
-2.49096 1 
2.17457 1 
2.4404 1 
2.75092 1 
-3.59194 1 
-3.72796 1 
1.61818 1 
-0.0333682 1 
0.033238 1 
-0.32335 1 
-0.157584 1 
-0.0954763 1 
0.463275 1 
-0.4635 1 
-0.547833 1 
-0.646315 1 
0.259026 1 
-1.37538 1 
0.36115 1 
0.691453 1 
0.577364 1 
-1.75358 1 
-4 1 
0.821612 1 
-1.93208 1 
1.08301 1 
0.951771 1 
-1.6837 1 
3.09468 1 
3.275 1 
2.9228 1 
1.53137 1 
1.90874 1 
-2.76097 1 
-3.03097 1 
-3.24344 1 
-3.86398 1 
-1.06436 1 
-1.13514 1 
3.86383 1 
0.13964 1 
1.27183 1 
-0.806994 1 
-0.962486 1 
-0.240045 1 
3.5915 1 
-1.54395 1 
-2.30077 1 
-3.65995 1 
-6.50882e-05 1 
-0.351258 1 
-0.185071 1 
-0.0644222 1 
-0.295441 1 
-0.12653 1 
-0.900289 1 
-1.2413 1 
-0.695556 1 
0.21923 1 
-1.32604 1 
0.520319 1 
-1.42472 1 
-1.84283 1 
1.01739 1 
-1.71864 1 
3.18484 1 
3.00874 1 
2.51803 1 
1.14863 1 
2.04165 1 
1.76346 1 
1.38698 1 
2.67329 1 
2.30748 1 
-2.62596 1 
-2.96347 1 
-3.13721 1 
-2.82847 1 
-3.79597 1 
-1.64876 1 
-2.02134 1 
3.36517 1 
-3.52393 1 
-3.93199 1 
-3.34968 1 
0.0665413 1 
-0.421334 1 
-0.505667 1 
-1.02897 1 
-1.09975 1 
-1.17053 1 
0.412212 1 
0.310088 1 
-0.597074 1 
1.48797 1 
1.57478 1 
0.886692 1 
0.756532 1 
0.634408 1 
2.83686 1 
ZONE T="boundary2"
4 -1 
4 -0.210036 
4 -0.263604 
4 -0.30978 
4 0.230998 
4 0.748391 
4 1 
4 -0.156468 
4 0.288641 
4 0.0710442 
4 0.622587 
4 -0.593283 
4 -0.796641 
4 -0.474619 
4 -0.0728465 
4 0.0107748 
4 -0.415288 
4 -0.355956 
4 0.346284 
4 0.496783 
4 0.421534 
4 0.131314 
4 0.181156 
4 -0.286692 
4 0.874196 
4 -0.694962 
4 -0.533951 
4 -0.183252 
4 -0.114657 
4 -0.23682 
4 -0.385622 
4 0.317463 
4 0.25982 
4 0.459158 
4 0.383909 
4 0.156235 
4 0.0409095 
4 0.101179 
4 -0.332868 
4 0.685489 
4 0.559685 
4 -0.898321 
4 -0.0310358 
4 0.206077 
4 -0.444954 
ZONE T="boundary3"
-3.5295 -1 
-4 -1 
4 -1 
3.66825 -1 
-2.56996 -1 
-3.19616 -1 
0.328352 -1 
0.401208 -1 
-0.00136757 -1 
-1.15703 -1 
3.3365 -1 
-0.721988 -1 
1.7388 -1 
-3.03961 -1 
1.22769 -1 
1.35114 -1 
-2.42643 -1 
-1.78171 -1 
2.85332 -1 
3.01344 -1 
2.20415 -1 
2.44868 -1 
2.6932 -1 
-1.46674 -1 
0.0630943 -1 
0.127556 -1 
0.506863 -1 
-0.0690017 -1 
-0.29076 -1 
-0.239385 -1 
0.255497 -1 
0.191527 -1 
0.612518 -1 
0.817895 -1 
0.995298 -1 
-0.832302 -1 
-0.941805 -1 
-0.476904 -1 
-0.409519 -1 
-0.342135 -1 
0.886354 -1 
1.10424 -1 
-0.611674 -1 
1.54497 -1 
-1.26276 -1 
-1.05131 -1 
2.08782 -1 
-1.62423 -1 
-2.0323 -1 
1.97148 -1 
-2.88306 -1 
-2.28289 -1 
-0.136636 -1 
-0.188011 -1 
0.680977 -1 
0.749436 -1 
-3.76475 -1 
3.83413 -1 
-3.36283 -1 
0.36478 -1 
1.28942 -1 
-3.11788 -1 
2.93338 -1 
2.32642 -1 
2.57094 -1 
0.0953253 -1 
-0.0351846 -1 
0.223512 -1 
-0.887054 -1 
-0.777145 -1 
-0.375827 -1 
0.940826 -1 
-0.544289 -1 
1.44806 -1 
1.64189 -1 
-1.36475 -1 
3.17497 -1 
2.77326 -1 
1.04977 -1 
-0.996557 -1 
-1.2099 -1 
3.50238 -1 
1.16597 -1 
2.14598 -1 
-1.70297 -1 
2.02965 -1 
-2.72651 -1 
-2.96133 -1 
1.85514 -1 
-1.90701 -1 
-2.4982 -1 
-2.35466 -1 
-2.15759 -1 
0.454035 -1 
-0.162323 -1 
-0.213698 -1 
0.55969 -1 
-0.265073 -1 
-0.443212 -1 
-0.316447 -1 
-0.102819 -1 
-0.666831 -1 
0.159541 -1 
0.646747 -1 
0.715206 -1 
0.0308634 -1 
0.291925 -1 
0.783665 -1 
0.852125 -1 
-1.10417 -1 
-1.54548 -1 
ZONE T="boundary4"
-0.0550457 0.377136 
-0.0272084 0.378466 
-0.566244 0.261515 
-0.64351 0.00971889 
-0.645083 0.0340759 
0.633716 0.111121 
-0.643352 0.0831742 
-0.645058 0.0585896 
-0.245313 0.371601 
-0.33478 0.366093 
-0.271148 0.370655 
-0.315908 0.367893 
-0.639885 0.107707 
-0.634596 0.13202 
0.566128 0.237642 
0.575292 0.225977 
-0.625313 0.161976 
-0.618398 0.179337 
-0.607519 0.201936 
-0.595678 0.222319 
-0.582481 0.241551 
0.546461 0.259864 
0.556526 0.248946 
-0.548384 0.279825 
-0.529046 0.296319 
-0.443014 0.342819 
-0.465664 0.333828 
0.535974 0.270306 
-0.218766 0.372303 
-0.083022 0.375947 
0.00102584 0.379913 
-0.353369 0.363827 
0.144356 0.385644 
0.173967 0.385686 
-0.371813 0.361002 
-0.396008 0.356263 
-0.296945 0.369284 
-0.110497 0.374953 
-0.192265 0.372879 
-0.508829 0.310664 
-0.165135 0.373463 
-0.138109 0.374128 
0.642464 0.0144715 
0.639791 0.0837893 
0.446975 0.331836 
0.41753 0.344978 
0.387269 0.355921 
0.500749 0.299578 
0.525038 0.280278 
0.599734 0.189656 
0.513112 0.290205 
0.487775 0.308529 
0.0862972 0.384065 
0.11531 0.385059 
0.203622 0.38503 
-0.419764 0.350253 
0.295001 0.377053 
0.325755 0.37176 
0.356583 0.364786 
0.613484 0.164226 
0.61951 0.151169 
0.624939 0.137867 
0.643021 0.0561099 
0.640861 0.000617872 
0.643363 0.0282971 
0.643553 0.0421969 
0.592 0.202124 
0.0291855 0.381381 
0.0577512 0.382807 
0.233902 0.38349 
0.2642 0.380912 
0.474432 0.3169 
0.460853 0.324645 
-0.487691 0.32312 
0.432376 0.338688 
-0.0411229 0.377786 
-0.644492 0.0218876 
-0.644419 0.0709 
-0.258231 0.371171 
-0.325351 0.36705 
-0.645275 0.0463361 
-0.64184 0.0954744 
-0.637468 0.119916 
0.570764 0.231853 
-0.621983 0.170709 
-0.601791 0.212239 
0.55155 0.254458 
-0.574583 0.251711 
-0.613184 0.190746 
-0.557525 0.270874 
-0.538905 0.288291 
-0.454425 0.338524 
0.541274 0.265142 
-0.0130865 0.379181 
0.159157 0.385744 
-0.383946 0.358785 
-0.28405 0.370034 
-0.344084 0.365026 
-0.205511 0.372599 
-0.0967528 0.375428 
-0.519097 0.303708 
-0.151617 0.373781 
-0.630319 0.147114 
-0.589262 0.232059 
-0.0690283 0.376521 
-0.232036 0.371977 
0.402491 0.350713 
0.506983 0.294961 
0.530561 0.275352 
-0.306431 0.368635 
0.100801 0.384605 
0.188792 0.385455 
-0.431456 0.346723 
0.341212 0.368487 
0.606869 0.17708 
0.622301 0.144549 
0.616569 0.15773 
0.641749 0.00753413 
0.643001 0.021378 
0.643548 0.035245 
0.643378 0.049156 
0.494311 0.304126 
0.641765 0.0699879 
0.595927 0.195927 
0.519132 0.28531 
0.129829 0.38541 
-0.124295 0.37452 
0.0434681 0.382108 
0.072022 0.383463 
0.249058 0.382341 
0.310405 0.374595 
-0.178694 0.373166 
0.0151059 0.380649 
0.218763 0.38438 
0.371991 0.360593 
0.467681 0.320843 
-0.362604 0.36249 
0.561382 0.243341 
-0.476787 0.328685 
-0.407936 0.353429 
-0.498393 0.317107 
0.583862 0.214204 
0.637099 0.0975279 
0.279616 0.379149 
0.439707 0.335334 
0.424982 0.341902 
0.629648 0.124595 
0.481148 0.312786 
0.45395 0.328308 
ZONE T="boundary5"
0.515236 -0.264705 
0.606155 -0.106555 
-0.503556 -0.281784 
-0.518948 -0.264096 
-0.640421 -0.0144241 
-0.64351 0.00971889 
0.221663 -0.494765 
0.193526 -0.501688 
0.558751 -0.191747 
0.546966 -0.211639 
-0.622719 -0.0852339 
-0.629971 -0.0619099 
-0.614188 -0.108234 
0.581769 -0.152325 
0.592726 -0.132618 
-0.635887 -0.0383094 
-0.581141 -0.1756 
-0.567756 -0.197507 
-0.287953 -0.438792 
-0.236822 -0.460803 
-0.209474 -0.470876 
-0.26378 -0.449735 
-0.311731 -0.427024 
-0.33264 -0.415798 
-0.0951363 -0.501569 
-0.0663073 -0.506591 
0.531223 -0.238224 
-0.123964 -0.49548 
-0.152572 -0.488362 
-0.18118 -0.480139 
0.107636 -0.514107 
0.0786655 -0.51569 
-0.532515 -0.247271 
-0.556877 -0.213921 
-0.545511 -0.230009 
-0.375478 -0.38997 
-0.353177 -0.403914 
-0.464616 -0.32098 
-0.48471 -0.301647 
0.570453 -0.171896 
-0.443343 -0.339699 
-0.397246 -0.37522 
-0.604391 -0.130971 
0.401035 -0.401993 
0.618007 -0.0803312 
0.627947 -0.0537542 
-0.593356 -0.15344 
0.0496701 -0.516085 
0.0206361 -0.515341 
-0.00837942 -0.513494 
-0.0373436 -0.510575 
0.249318 -0.486368 
0.13644 -0.51129 
0.165156 -0.507162 
-0.420674 -0.357954 
0.276496 -0.476406 
0.328917 -0.451613 
0.303074 -0.46483 
0.353928 -0.436727 
0.378007 -0.420171 
0.422957 -0.382238 
0.463092 -0.338687 
0.44353 -0.361212 
0.63565 -0.026783 
0.638579 -0.0131456 
0.632101 -0.0402996 
0.640861 0.000617872 
0.49874 -0.290399 
0.48135 -0.315184 
-0.511341 -0.273016 
-0.642152 -0.0023738 
0.207642 -0.498409 
0.552861 -0.201689 
-0.626505 -0.0736194 
-0.618605 -0.0967884 
0.587302 -0.142499 
-0.638331 -0.0263976 
-0.223194 -0.465963 
-0.275913 -0.444367 
-0.299894 -0.433011 
-0.322231 -0.421494 
-0.0807427 -0.504208 
-0.138299 -0.492049 
-0.166913 -0.484381 
0.0931616 -0.51505 
-0.525805 -0.255742 
-0.562379 -0.205756 
-0.551252 -0.222006 
-0.364391 -0.397043 
-0.474772 -0.311426 
0.564616 -0.181825 
-0.454083 -0.330456 
-0.386431 -0.382696 
-0.574567 -0.186625 
-0.633097 -0.0501493 
-0.494248 -0.291823 
0.623222 -0.0671335 
-0.342957 -0.409939 
-0.599011 -0.142271 
0.00612189 -0.514553 
0.523289 -0.2515 
-0.0228728 -0.512167 
0.539101 -0.224928 
0.235549 -0.490756 
0.122056 -0.512857 
0.150825 -0.509393 
-0.409051 -0.36671 
0.262979 -0.481584 
0.316098 -0.458426 
0.366101 -0.42865 
-0.609434 -0.119663 
0.412151 -0.392296 
0.453469 -0.350094 
0.389667 -0.411274 
0.599582 -0.119655 
-0.539082 -0.238692 
0.576143 -0.162124 
0.637194 -0.01998 
0.612276 -0.0935284 
0.63395 -0.033561 
0.630094 -0.0470484 
0.0641725 -0.516033 
-0.587377 -0.164589 
-0.195369 -0.475637 
-0.0518417 -0.508713 
0.507102 -0.277629 
-0.250352 -0.455393 
-0.109576 -0.498653 
0.035152 -0.515853 
0.179377 -0.504599 
0.289872 -0.47082 
0.341541 -0.444375 
-0.432108 -0.348949 
0.490184 -0.302894 
0.4334 -0.371887 
0.639803 -0.00628033 
0.47237 -0.327057 
