ZONE T="boundary0"
-4 -0.320499 
-4 -0.286627 
-4 0.0496639 
-4 -0.0313965 
-4 0.227666 
-4 0.333262 
-4 1 
-4 0.282517 
-4 0.378415 
-4 0.183448 
-4 0.139231 
-4 -0.21768 
-4 -0.252755 
-4 -0.182606 
-4 -0.147531 
-4 0.712281 
-4 0.616374 
-4 -0.389079 
-4 -0.45766 
-4 0.471769 
-4 0.423567 
-4 -0.58891 
-4 0.519971 
-4 0.808187 
-4 -0.112457 
-4 -0.720161 
-4 -0.860081 
-4 -1 
-4 -0.303563 
-4 0.00913366 
-4 0.30789 
-4 0.355838 
-4 0.16134 
-4 0.0944473 
-4 -0.235218 
-4 -0.165069 
-4 0.664328 
-4 0.255092 
-4 0.205557 
-4 -0.423369 
-4 0.400991 
-4 0.904094 
-4 -0.269691 
-4 -0.354789 
-4 -0.200143 
-4 -0.129994 
-4 -0.0719268 
-4 0.49587 
-4 0.447668 
-4 0.568172 
-4 0.760234 
-4 -0.523285 
-4 -0.654536 
-4 -0.790121 
-4 -0.93004 
ZONE T="boundary1"
-3.8324 1 
-4 1 
-0.0757964 1 
3.71799 1 
4 1 
0.948589 1 
0.341702 1 
0.458046 1 
1.29027 1 
1.21921 1 
-0.15466 1 
-0.115228 1 
0.174369 1 
0.115254 1 
0.770711 1 
-1.23412 1 
-1.32668 1 
-0.534315 1 
1.36134 1 
-1.41924 1 
-1.86452 1 
-3.02974 1 
3.13822 1 
2.98934 1 
2.84046 1 
2.64997 1 
-2.10657 1 
1.62013 1 
1.78848 1 
-2.51812 1 
-2.31235 1 
2.20816 1 
-3.66479 1 
-3.42223 1 
1.95683 1 
-0.229397 1 
-0.00982875 1 
0.0561389 1 
-0.304134 1 
0.258035 1 
-0.444386 1 
-0.624245 1 
-0.820925 1 
-0.722585 1 
0.537703 1 
0.61736 1 
0.694036 1 
-1.02015 1 
-0.920537 1 
1.15155 1 
1.0839 1 
1.49074 1 
-1.62247 1 
-1.12714 1 
3.57699 1 
3.43599 1 
-3.17966 1 
2.45949 1 
-2.87983 1 
-2.69897 1 
-0.37426 1 
-3.9162 1 
3.859 1 
0.399874 1 
1.25474 1 
-0.134944 1 
0.144811 1 
-1.2804 1 
1.32581 1 
-1.37296 1 
3.06378 1 
2.74521 1 
1.70431 1 
-2.41523 1 
-3.54351 1 
-0.266766 1 
-0.0955124 1 
-0.192029 1 
0.216202 1 
0.299868 1 
-0.0428126 1 
0.0231551 1 
-0.57928 1 
-0.771755 1 
0.497874 1 
-0.673415 1 
0.655698 1 
-0.970343 1 
1.11772 1 
0.732373 1 
0.85965 1 
1.01624 1 
1.55544 1 
1.42604 1 
1.87265 1 
-1.7435 1 
-1.98555 1 
-2.20946 1 
-1.18063 1 
3.50649 1 
-3.1047 1 
-1.07364 1 
3.28711 1 
2.9149 1 
2.55473 1 
2.08249 1 
-2.60854 1 
-1.52085 1 
-2.7894 1 
-2.95479 1 
2.33382 1 
-3.30094 1 
0.0856963 1 
-0.489351 1 
-0.339197 1 
0.577532 1 
-0.870731 1 
1.18538 1 
3.64749 1 
-3.74859 1 
-0.409323 1 
ZONE T="boundary2"
4 -1 
4 -0.673569 
4 -0.450914 
4 -0.392526 
4 -0.562242 
4 -0.267865 
4 0.0375659 
4 0.203031 
4 0.161665 
4 0.267658 
4 0.332284 
4 0.659519 
4 1 
4 0.829759 
4 0.397218 
4 0.462152 
4 0.120298 
4 -0.100042 
4 -0.201591 
4 -0.150817 
4 -0.334138 
4 -0.836785 
4 -0.42172 
4 -0.617906 
4 0.182348 
4 0.235344 
4 0.299971 
4 0.91488 
4 0.429685 
4 0.140981 
4 0.0789321 
4 -0.0312381 
4 0.560836 
4 -0.176204 
4 -0.234728 
4 -0.301001 
4 -0.363332 
4 -0.125429 
4 -0.506578 
4 0.744639 
4 0.364751 
ZONE T="boundary3"
-3.875 -1 
-3.49316 -1 
-3.75 -1 
-0.925969 -1 
-1.7491 -1 
-2.15782 -1 
-1.94017 -1 
4 -1 
2.88753 -1 
-0.665579 -1 
1.12628 -1 
-0.489412 -1 
-3.07033 -1 
3.70521 -1 
1.76851 -1 
-2.37548 -1 
-2.6399 -1 
3.22708 -1 
-3.23633 -1 
0.379683 -1 
-0.577496 -1 
-0.398652 -1 
-0.307891 -1 
-0.184211 -1 
-0.246051 -1 
0.191926 -1 
-0.795774 -1 
0.489669 -1 
-0.138631 -1 
-1.02349 -1 
-1.43414 -1 
-1.31026 -1 
-1.12102 -1 
-1.21564 -1 
-1.55803 -1 
1.01992 -1 
0.913217 -1 
1.34722 -1 
1.46181 -1 
1.23264 -1 
1.61516 -1 
2.185 -1 
2.45816 -1 
-2.90433 -1 
1.97676 -1 
2.73132 -1 
3.04374 -1 
3.41043 -1 
-0.0930506 -1 
0.0950179 -1 
-0.00189022 -1 
0.285804 -1 
0.703084 -1 
0.806514 -1 
-4 -1 
0.0465638 -1 
0.599655 -1 
-3.62158 -1 
-2.04899 -1 
-2.50769 -1 
-2.26665 -1 
-0.621538 -1 
-0.215131 -1 
-0.533454 -1 
-0.444032 -1 
-0.730677 -1 
0.434676 -1 
3.85261 -1 
-0.974731 -1 
-1.3722 -1 
-1.26295 -1 
-1.16833 -1 
-1.49608 -1 
-1.65356 -1 
1.40452 -1 
1.69184 -1 
1.0731 -1 
2.32158 -1 
-2.98733 -1 
-1.84463 -1 
-3.15333 -1 
1.87263 -1 
2.08088 -1 
2.59474 -1 
2.80942 -1 
2.96564 -1 
3.13541 -1 
-3.36475 -1 
-0.276971 -1 
-0.353272 -1 
-0.115841 -1 
-0.161421 -1 
0.966568 -1 
-0.0474704 -1 
0.332744 -1 
0.238865 -1 
0.143472 -1 
0.754799 -1 
0.859866 -1 
3.55782 -1 
-3.8125 -1 
-0.860871 -1 
-1.07226 -1 
1.17946 -1 
1.28993 -1 
1.53848 -1 
3.31875 -1 
-3.9375 -1 
-2.77211 -1 
0.0223368 -1 
0.544662 -1 
0.65137 -1 
0.0707909 -1 
ZONE T="boundary4"
0.369035 0.378059 
0.384437 0.360708 
-0.220951 0.499205 
-0.196683 0.506976 
-0.568218 0.223181 
-0.633735 0.0295948 
-0.631413 0.0505238 
-0.623174 0.0925677 
-0.627886 0.0715302 
-0.536761 0.271567 
-0.612876 0.127231 
-0.427812 0.385867 
-0.327335 0.452769 
-0.308156 0.462762 
-0.60242 0.154881 
0.623635 0.0182109 
0.617378 0.0359169 
-0.243807 0.490984 
-0.618393 0.109983 
-0.594647 0.172677 
-0.577476 0.20682 
-0.586209 0.190185 
-0.558353 0.239456 
-0.547995 0.25543 
0.351151 0.396746 
-0.524957 0.287318 
-0.380768 0.420524 
-0.485523 0.33289 
-0.512318 0.302991 
-0.499125 0.318225 
-0.457238 0.360529 
-0.442622 0.373509 
-0.471432 0.347105 
-0.396873 0.409388 
-0.412629 0.397778 
-0.363643 0.431612 
-0.34618 0.442169 
-0.287423 0.472716 
-0.26637 0.48197 
-0.634834 0.00884482 
-0.172167 0.513862 
-0.146221 0.520126 
0.542942 0.155381 
0.6099 0.0534003 
0.332803 0.414276 
0.289994 0.449049 
0.311728 0.432423 
0.429119 0.304588 
0.446318 0.281324 
0.46334 0.257927 
0.414413 0.323879 
-0.00611328 0.536362 
0.023841 0.535904 
-0.0924495 0.529855 
0.211845 0.493943 
0.240726 0.479796 
0.182203 0.505913 
0.117566 0.524366 
0.150236 0.516253 
0.265741 0.465311 
0.600614 0.0718386 
0.560039 0.133435 
0.57632 0.111028 
0.589026 0.0917251 
0.632353 -0.0177343 
0.628637 0.00030004 
0.634798 -0.0360199 
0.523102 0.180045 
-0.120086 0.525398 
-0.0646972 0.533181 
0.399363 0.342839 
0.483062 0.231153 
-0.0353861 0.535432 
0.503197 0.204964 
0.0552443 0.533818 
0.0862567 0.530044 
0.376805 0.369449 
-0.208852 0.5032 
-0.632722 0.0400756 
-0.317785 0.457842 
-0.607865 0.141137 
0.620653 0.027117 
-0.232414 0.495194 
-0.62567 0.0820796 
-0.620876 0.1013 
-0.615722 0.118635 
-0.598619 0.163816 
-0.581911 0.198538 
-0.57291 0.215036 
-0.563347 0.231355 
-0.553237 0.247483 
0.360189 0.387501 
-0.530929 0.279494 
-0.542448 0.263546 
-0.505788 0.310665 
-0.449981 0.367076 
-0.478536 0.340055 
-0.590507 0.181469 
-0.388862 0.415016 
-0.404795 0.403642 
-0.354952 0.436957 
-0.435264 0.379744 
-0.276935 0.477431 
-0.634436 0.0192278 
-0.3368 0.447545 
-0.184455 0.51053 
-0.518707 0.29521 
-0.159223 0.517117 
-0.297832 0.467826 
-0.372249 0.426134 
-0.629793 0.0610507 
0.342076 0.405622 
0.322388 0.423502 
0.300979 0.4409 
-0.420266 0.391879 
0.454837 0.269629 
0.421805 0.314264 
0.00886937 0.536315 
0.22641 0.487135 
0.197127 0.500191 
0.16631 0.511368 
0.253348 0.472762 
-0.492386 0.325614 
-0.464388 0.353873 
0.605399 0.062692 
0.55156 0.144457 
0.5683 0.122317 
0.594968 0.0818694 
0.630652 -0.00868315 
0.633737 -0.0268537 
0.626289 0.00929995 
0.613776 0.0447185 
0.582791 0.101454 
0.533047 0.167723 
-0.255127 0.486576 
-0.133177 0.522887 
-0.0785883 0.53166 
0.391959 0.351827 
0.40694 0.333403 
0.437755 0.292982 
0.473155 0.244496 
-0.0500514 0.534468 
-0.0207523 0.536064 
0.277995 0.457383 
-0.106288 0.527766 
0.493061 0.217991 
0.0395594 0.535071 
0.101956 0.527441 
0.13397 0.520586 
0.513117 0.192466 
0.0707794 0.532148 
ZONE T="boundary5"
-0.13156 -0.380566 
-0.155997 -0.375479 
-0.582317 -0.173471 
-0.572098 -0.187554 
-0.633342 -0.0319314 
-0.634704 -0.0116832 
0.536246 -0.297111 
-0.35263 -0.326745 
0.623451 -0.145006 
-0.591767 -0.15875 
0.545312 -0.287328 
-0.615642 -0.109195 
-0.621896 -0.090513 
-0.6004 -0.143394 
-0.608187 -0.127374 
0.553954 -0.277185 
-0.508919 -0.250296 
-0.523106 -0.238794 
-0.270177 -0.349576 
-0.291844 -0.34408 
0.631914 -0.109069 
0.635947 -0.0543403 
-0.312472 -0.338563 
-0.372091 -0.320341 
-0.107117 -0.385501 
-0.179573 -0.370435 
-0.2485 -0.354833 
-0.626927 -0.0714151 
-0.225825 -0.360127 
-0.536764 -0.226534 
0.635824 -0.0726357 
0.634468 -0.0908708 
-0.561162 -0.200995 
-0.549271 -0.214105 
-0.42709 -0.298723 
-0.333044 -0.332714 
-0.409324 -0.306385 
-0.493655 -0.261443 
-0.477919 -0.271765 
-0.461436 -0.281468 
-0.444519 -0.290416 
0.6282 -0.127211 
0.585632 -0.231166 
-0.634834 0.00884482 
0.1068 -0.417335 
0.224157 -0.419263 
0.0227355 -0.408024 
-0.00438012 -0.403982 
0.0499628 -0.411616 
-0.0305194 -0.399706 
-0.056593 -0.395121 
0.166473 -0.420209 
0.195286 -0.420239 
0.34278 -0.402342 
0.366487 -0.395893 
0.136573 -0.419212 
0.273749 -0.414947 
0.248967 -0.417546 
-0.390814 -0.313639 
0.296722 -0.41168 
0.319588 -0.407537 
-0.0818716 -0.390416 
0.599831 -0.204718 
0.392397 -0.387374 
0.444676 -0.36458 
0.41801 -0.377237 
0.47045 -0.349918 
0.495166 -0.333114 
0.516333 -0.316053 
0.612255 -0.176964 
0.570551 -0.255018 
0.618212 -0.161164 
-0.630749 -0.051852 
0.634798 -0.0360199 
0.606302 -0.190957 
0.0783105 -0.414794 
-0.203163 -0.365251 
-0.143781 -0.37804 
-0.577307 -0.180583 
-0.634178 -0.0218176 
-0.618923 -0.0999045 
-0.596198 -0.151134 
-0.587149 -0.166178 
-0.516085 -0.244633 
-0.302166 -0.341358 
-0.362379 -0.323602 
-0.167787 -0.372973 
-0.259343 -0.35223 
-0.237166 -0.357503 
-0.530014 -0.23275 
0.635298 -0.0817631 
-0.555305 -0.207628 
-0.566722 -0.194348 
-0.418241 -0.302633 
-0.485851 -0.266701 
-0.453027 -0.286034 
-0.604415 -0.135441 
-0.435846 -0.294656 
-0.501359 -0.255966 
-0.612066 -0.118345 
0.630195 -0.118167 
0.636042 -0.0634875 
-0.342851 -0.32978 
0.00916785 -0.406055 
-0.0435637 -0.397449 
0.180877 -0.420343 
0.354671 -0.399259 
0.121676 -0.418378 
0.261368 -0.416361 
-0.400098 -0.310086 
0.285249 -0.413419 
-0.0944992 -0.387983 
-0.0692381 -0.392797 
0.331211 -0.405064 
0.379502 -0.391817 
0.431456 -0.371146 
0.482982 -0.341772 
0.526489 -0.306791 
-0.119342 -0.383053 
0.54083 -0.292266 
0.549686 -0.282301 
0.562484 -0.266274 
-0.634923 -0.00142013 
0.615323 -0.169098 
0.625952 -0.136142 
0.62093 -0.153117 
0.633337 -0.0999889 
-0.543098 -0.220397 
-0.469735 -0.276714 
0.236567 -0.418511 
0.209723 -0.419883 
-0.381475 -0.317055 
-0.322769 -0.335684 
-0.281017 -0.34686 
-0.628995 -0.0616638 
0.635533 -0.0451684 
0.60313 -0.197867 
-0.214496 -0.362707 
0.308174 -0.409721 
-0.19137 -0.36786 
0.0925446 -0.41615 
0.0641255 -0.41328 
0.151516 -0.419827 
-0.017458 -0.401886 
0.405281 -0.382503 
0.0363385 -0.409881 
0.457704 -0.357496 
-0.624567 -0.0810042 
0.57831 -0.243231 
0.592963 -0.218068 
-0.632202 -0.0419118 
0.609346 -0.183989 
0.50592 -0.324794 
