ZONE T="boundary0"
-4 -0.332942 
-4 -0.221734 
-4 -0.163522 
-4 -0.277338 
-4 -0.0982746 
-4 -0.0330275 
-4 0.647647 
-4 0.10501 
-4 -0.404497 
-4 1 
-4 0.349405 
-4 0.416033 
-4 -1 
-4 0.220955 
-4 0.28518 
-4 0.482661 
-4 0.823823 
-4 -0.673699 
-4 -0.836849 
-4 -0.476052 
-4 -0.574875 
-4 -0.525464 
-4 0.162982 
-4 -0.192628 
-4 -0.30514 
-4 -0.249536 
-4 -0.130898 
-4 0.382719 
-4 0.253067 
-4 0.735735 
-4 -0.065651 
-4 -0.36872 
-4 -0.440275 
-4 -0.55017 
-4 0.035991 
-4 -0.624287 
-4 -0.500758 
-4 -0.755274 
-4 -0.918425 
-4 0.191968 
-4 0.133996 
-4 0.317292 
-4 0.449347 
-4 0.565154 
-4 0.911912 
ZONE T="boundary1"
-1.4269 1 
-1.35494 1 
3.78408 1 
3.56815 1 
0.0933668 1 
-3.76175 1 
-4 1 
-0.0376705 1 
-0.098466 1 
0.399865 1 
0.309797 1 
0.489932 1 
0.588161 1 
-2.07529 1 
-0.436247 1 
-0.742353 1 
-0.852006 1 
1.3114 1 
1.19648 1 
-3.5235 1 
2.99328 1 
2.85026 1 
3.1363 1 
1.67198 1 
2.63729 1 
2.42431 1 
3.35223 1 
-3.04003 1 
-2.34707 1 
-1.88321 1 
1.42632 1 
-0.178764 1 
0.0231249 1 
0.236703 1 
0.163609 1 
0.916439 1 
-0.303358 1 
-0.534474 1 
-0.632701 1 
-1.69112 1 
-1.55901 1 
-1.28298 1 
-1.16746 1 
-1.05194 1 
-0.951971 1 
0.801414 1 
1.05646 1 
2.0266 1 
-3.28177 1 
2.22545 1 
1.84929 1 
-2.61884 1 
4 1 
-0.259061 1 
-0.347654 1 
0.686389 1 
-2.72414 1 
-2.82944 1 
-1.39092 1 
3.67611 1 
-3.88088 1 
-0.0680683 1 
0.354831 1 
0.539047 1 
-0.797179 1 
1.25394 1 
2.92177 1 
2.74377 1 
3.46019 1 
-1.97925 1 
-0.00727281 1 
0.27325 1 
0.200156 1 
0.444898 1 
0.128488 1 
-0.138615 1 
-0.48536 1 
-0.687527 1 
-0.583587 1 
-1.62507 1 
-1.31896 1 
-1.1097 1 
-1.22522 1 
-1.00195 1 
0.858927 1 
1.36886 1 
1.54915 1 
-3.64263 1 
1.12647 1 
-1.78716 1 
3.24426 1 
-3.1609 1 
2.32488 1 
2.12603 1 
1.93794 1 
2.5308 1 
-3.40264 1 
1.76064 1 
-2.21118 1 
-2.48295 1 
3.06479 1 
3.89204 1 
0.058246 1 
-0.218912 1 
-0.325506 1 
-0.281209 1 
-0.39195 1 
0.743902 1 
0.637275 1 
0.986448 1 
-1.49296 1 
-0.901988 1 
-2.77679 1 
-2.67149 1 
-2.93473 1 
ZONE T="boundary2"
4 -0.59093 
4 -0.322508 
4 -0.369101 
4 -0.415694 
4 0.235077 
4 0.269716 
4 0.373632 
4 0.521745 
4 0.0710593 
4 -0.0151887 
4 0.157307 
4 0.447689 
4 0.760873 
4 -0.261917 
4 -0.503312 
4 -0.292213 
4 0.304355 
4 -0.0929787 
4 -0.693198 
4 -0.795465 
4 -1 
4 1 
4 -0.216343 
4 -0.170769 
4 0.641309 
4 -0.345804 
4 0.252396 
4 0.0279353 
4 0.484717 
4 -0.459503 
4 0.338994 
4 0.410661 
4 0.196192 
4 0.114183 
4 -0.0540837 
4 -0.642064 
4 -0.744331 
4 -0.547121 
4 -0.897733 
4 0.880436 
4 0.287035 
4 -0.193556 
4 -0.131874 
4 -0.30736 
4 -0.277065 
4 -0.23913 
4 -0.392398 
4 0.581527 
4 0.701091 
ZONE T="boundary3"
-0.955641 -1 
-0.711604 -1 
0.161908 -1 
0.115371 -1 
0.58568 -1 
0.477987 -1 
-1.0345 -1 
-4 -1 
-3.68793 -1 
-1.152 -1 
0.992059 -1 
0.893422 -1 
1.45284 -1 
1.17842 -1 
1.08524 -1 
-1.26645 -1 
3.37659 -1 
3.65533 -1 
-3.53189 -1 
-1.50926 -1 
3.82767 -1 
2.50103 -1 
2.79944 -1 
-3.13076 -1 
-1.97121 -1 
-2.63358 -1 
-2.38149 -1 
-2.88567 -1 
3.09784 -1 
3.23721 -1 
0.318198 -1 
0.068834 -1 
-0.517736 -1 
0.00291756 -1 
-0.876782 -1 
-0.61467 -1 
-0.187997 -1 
-0.0629989 -1 
-0.429855 -1 
0.214005 -1 
0.266101 -1 
-0.341973 -1 
-0.385914 -1 
-0.125497 -1 
0.370294 -1 
0.690232 -1 
0.794784 -1 
-1.3809 -1 
-1.63762 -1 
-1.80442 -1 
1.35063 -1 
-3.37586 -1 
1.55505 -1 
1.26453 -1 
1.6354 -1 
1.71574 -1 
1.87644 -1 
2.18873 -1 
2.03258 -1 
2.34488 -1 
4 -1 
-0.264985 -1 
0.13864 -1 
0.531833 -1 
-3.84396 -1 
0.94274 -1 
1.13183 -1 
-1.20923 -1 
3.51596 -1 
-3.60991 -1 
2.65023 -1 
-2.50754 -1 
3.16753 -1 
0.0921026 -1 
0.0358757 -1 
-0.794193 -1 
-0.663137 -1 
-0.0300407 -1 
0.240053 -1 
-0.363944 -1 
-0.473796 -1 
-1.09325 -1 
0.42414 -1 
-0.0942482 -1 
0.742508 -1 
-1.32367 -1 
-1.57344 -1 
-1.44508 -1 
0.844103 -1 
3.7415 -1 
1.03865 -1 
-3.45388 -1 
0.637956 -1 
-1.88782 -1 
1.50394 -1 
1.67557 -1 
1.40174 -1 
1.79609 -1 
-1.72102 -1 
-2.75962 -1 
2.11066 -1 
2.42296 -1 
2.26681 -1 
3.3069 -1 
-3.25331 -1 
-2.17635 -1 
1.95451 -1 
-0.156747 -1 
0.344246 -1 
0.187957 -1 
0.292149 -1 
-0.995071 -1 
-0.916212 -1 
-0.226491 -1 
-0.303479 -1 
1.30758 -1 
1.22148 -1 
1.59522 -1 
2.94864 -1 
3.91383 -1 
-3.00821 -1 
-0.407885 -1 
-0.566203 -1 
ZONE T="boundary4"
0.193518 0.504127 
-0.401886 0.38167 
0.642714 -0.0277839 
0.32647 0.43589 
-0.642782 -0.00146997 
0.533688 0.194399 
-0.596574 0.152495 
0.551467 0.170318 
-0.034579 0.527215 
-0.00584888 0.52923 
-0.639818 0.0231031 
-0.446032 0.345391 
-0.628701 0.0725438 
-0.635116 0.0477919 
-0.620617 0.0972688 
-0.610918 0.121881 
-0.58698 0.170479 
-0.467056 0.325921 
-0.0630984 0.523947 
0.613333 0.0736424 
0.600305 0.0979574 
-0.572947 0.194329 
-0.525917 0.261204 
-0.507156 0.283778 
-0.487362 0.305499 
-0.378862 0.398466 
-0.424241 0.364017 
-0.355248 0.414356 
-0.331033 0.429351 
-0.280975 0.456525 
-0.255157 0.468672 
-0.202118 0.489929 
-0.174977 0.498976 
-0.306272 0.443411 
0.275044 0.468862 
0.301102 0.45335 
-0.228872 0.479811 
-0.147437 0.50694 
-0.0914895 0.51945 
-0.558683 0.216382 
0.0228732 0.529941 
-0.119601 0.513772 
0.568926 0.1462 
0.585325 0.12219 
0.374723 0.395313 
0.397464 0.372461 
0.351074 0.416483 
0.497167 0.24505 
0.478651 0.271235 
0.439903 0.323099 
0.459778 0.297178 
0.0802721 0.527295 
0.108842 0.523838 
0.165576 0.512315 
0.137338 0.518861 
0.515336 0.219534 
0.221171 0.494191 
0.0515997 0.529312 
0.248336 0.482475 
0.624299 0.0488572 
0.641244 -0.0148309 
0.63913 -0.0019822 
0.632955 0.0236257 
-0.543614 0.237892 
0.419169 0.348294 
0.542585 0.182356 
-0.0202233 0.528383 
-0.641514 0.0108411 
-0.632107 0.0602181 
-0.624847 0.084967 
-0.615945 0.109644 
-0.59186 0.161532 
0.607028 0.0859124 
-0.5801 0.182484 
-0.516667 0.272597 
-0.477317 0.315816 
-0.390454 0.390177 
-0.413149 0.37295 
-0.343212 0.421968 
-0.456643 0.335761 
-0.367131 0.406523 
-0.268125 0.462723 
-0.188592 0.494588 
-0.31872 0.436498 
0.288197 0.461323 
-0.0773165 0.52185 
-0.0488546 0.525736 
0.0085104 0.52975 
-0.133553 0.5105 
0.313925 0.444831 
-0.565922 0.205424 
0.577237 0.134268 
-0.105574 0.516758 
-0.242069 0.47437 
0.386246 0.384048 
0.338922 0.426387 
-0.215545 0.485002 
0.487929 0.258152 
0.46928 0.284254 
-0.161247 0.503098 
0.0945815 0.525749 
0.151504 0.515786 
0.524483 0.206936 
0.20742 0.49937 
0.261798 0.475887 
0.0659505 0.52848 
0.179607 0.508426 
0.0372424 0.529797 
0.506222 0.232261 
0.619067 0.0613625 
0.636352 0.0108993 
0.640266 -0.00839275 
0.64206 -0.0212974 
-0.293687 0.450089 
0.123125 0.52154 
-0.551244 0.227204 
-0.435228 0.35481 
0.234844 0.488548 
0.560254 0.158294 
-0.534888 0.24964 
0.429656 0.3358 
0.363053 0.406081 
0.449937 0.310214 
-0.637674 0.0354857 
0.628912 0.036342 
0.592981 0.110174 
-0.497382 0.294749 
-0.604005 0.137308 
0.408456 0.36051 
ZONE T="boundary5"
0.119328 -0.400236 
0.0915012 -0.399158 
-0.622786 -0.14277 
-0.193465 -0.372447 
-0.164319 -0.375933 
-0.572636 -0.225391 
-0.564376 -0.234717 
-0.643397 -0.0500095 
-0.641006 -0.0738374 
0.642714 -0.0277839 
-0.618104 -0.153811 
-0.612979 -0.164628 
-0.601331 -0.185731 
-0.594801 -0.196012 
-0.555762 -0.243711 
-0.587857 -0.206025 
-0.630717 -0.1203 
-0.636784 -0.0973012 
-0.495741 -0.290994 
-0.106404 -0.382408 
-0.135213 -0.379252 
-0.25224 -0.364649 
-0.22285 -0.368707 
-0.303666 -0.356377 
-0.277981 -0.360733 
-0.325444 -0.352233 
-0.0491842 -0.388305 
-0.0776367 -0.385439 
-0.642782 -0.00146997 
0.174928 -0.400744 
0.147195 -0.400792 
-0.484362 -0.297681 
-0.517282 -0.276619 
-0.5373 -0.260836 
-0.472715 -0.303966 
-0.347113 -0.347602 
-0.448374 -0.315518 
-0.422767 -0.325734 
-0.368478 -0.342433 
-0.396112 -0.33466 
0.631513 -0.129792 
0.612085 -0.178464 
0.569255 -0.246631 
0.392778 -0.367668 
0.418551 -0.357991 
0.33969 -0.382753 
0.312625 -0.388341 
0.00740162 -0.39349 
0.0355678 -0.395721 
0.0635195 -0.397626 
-0.0207471 -0.391011 
0.202699 -0.400006 
0.257936 -0.396105 
0.23032 -0.398494 
-0.643982 -0.0258582 
0.36644 -0.375896 
0.285331 -0.39276 
0.622831 -0.154377 
0.532933 -0.286338 
0.490741 -0.319744 
0.637974 -0.104759 
0.643197 -0.0664825 
0.643682 -0.0536328 
0.551894 -0.267204 
0.599452 -0.201976 
0.605972 -0.190336 
0.642073 -0.0793254 
0.585128 -0.224769 
0.512429 -0.303917 
0.501736 -0.312037 
0.46762 -0.334111 
0.443633 -0.34678 
0.105411 -0.399757 
-0.178893 -0.374213 
-0.568552 -0.230094 
-0.64243 -0.0619472 
-0.615597 -0.159246 
-0.598119 -0.190905 
-0.620502 -0.148315 
-0.633983 -0.108862 
-0.591379 -0.201053 
-0.120809 -0.380845 
-0.237549 -0.366724 
-0.265117 -0.362739 
-0.314566 -0.354361 
-0.063411 -0.38689 
-0.0920207 -0.383939 
-0.290833 -0.358617 
0.16106 -0.400849 
-0.490083 -0.29439 
-0.506652 -0.284015 
-0.546703 -0.252456 
-0.560113 -0.239256 
-0.336292 -0.349985 
-0.460643 -0.309944 
-0.38234 -0.338702 
-0.478567 -0.300875 
-0.435649 -0.320818 
-0.357815 -0.345095 
0.405734 -0.363019 
-0.639127 -0.0856117 
-0.4095 -0.330372 
0.326187 -0.385701 
0.0214816 -0.39464 
0.0495399 -0.396715 
-0.00667555 -0.392278 
0.0775062 -0.398443 
0.188813 -0.400467 
0.244136 -0.397415 
-0.643602 -0.0136543 
0.353105 -0.379491 
0.271646 -0.39456 
0.62743 -0.142174 
0.379663 -0.371961 
0.635026 -0.117346 
0.216513 -0.399353 
0.643519 -0.0600599 
0.560773 -0.257085 
0.602762 -0.196184 
0.609082 -0.184428 
0.592479 -0.213492 
0.642714 -0.0729101 
0.643523 -0.0406929 
0.61769 -0.166523 
-0.52745 -0.268928 
-0.0349673 -0.38968 
0.133258 -0.400585 
-0.208159 -0.37061 
0.577379 -0.235837 
0.640327 -0.0920885 
-0.607372 -0.175299 
0.298998 -0.390691 
-0.149766 -0.37761 
-0.580439 -0.215857 
-0.643915 -0.0379402 
-0.626982 -0.131616 
0.522858 -0.295333 
0.496275 -0.315941 
0.479311 -0.327138 
0.507121 -0.308029 
0.455733 -0.340649 
0.43118 -0.352585 
0.54261 -0.276964 
