ZONE T="boundary0"
-4 -0.825843 
-4 -0.302308 
-4 -0.351267 
-4 -0.400225 
-4 0.232599 
-4 0.185599 
-4 -0.230791 
-4 -0.164078 
-4 0.480082 
-4 0.406887 
-4 0.293796 
-4 0.350341 
-4 0.091092 
-4 0.138345 
-4 -0.052463 
-4 -0.108271 
-4 0.0193145 
-4 0.553277 
-4 -0.503625 
-4 0.776638 
-4 1 
-4 -0.577656 
-4 -0.651687 
-4 -1 
-4 -0.375746 
-4 0.209099 
-4 -0.197435 
-4 0.443485 
-4 0.263197 
-4 0.322069 
-4 0.114719 
-4 -0.136175 
-4 0.161972 
-4 0.888319 
-4 0.378614 
-4 -0.26655 
-4 -0.0803669 
-4 -0.451925 
-4 -0.326787 
-4 -0.614671 
-4 -0.0165743 
-4 0.0552032 
-4 0.516679 
-4 -0.912922 
-4 0.664958 
-4 -0.738765 
-4 -0.54064 
ZONE T="boundary1"
1.38029 1 
-1.17618 1 
-1.3437 1 
0.913701 1 
-0.328112 1 
1.18265 1 
1.28185 1 
0.462455 1 
0.398755 1 
-4 1 
1.75496 1 
1.93692 1 
1.47873 1 
-1.75059 1 
-1.07886 1 
3.50641 1 
2.90265 1 
2.11887 1 
3.20453 1 
-2.46375 1 
-3.5317 1 
-3.31777 1 
-2.91361 1 
-1.97736 1 
-2.20413 1 
2.51147 1 
2.70706 1 
0.338436 1 
0.278116 1 
0.607159 1 
-0.0802956 1 
-0.147916 1 
-0.012675 1 
0.526154 1 
0.970284 1 
-0.436358 1 
-0.238014 1 
-0.544603 1 
0.134207 1 
0.206162 1 
0.857117 1 
0.77264 1 
0.688163 1 
0.060766 1 
1.61684 1 
1.08345 1 
-1.42597 1 
-1.50824 1 
-0.762005 1 
-0.653304 1 
1.02687 1 
-3.76585 1 
2.31517 1 
-2.72338 1 
-3.10384 1 
-0.87177 1 
-0.981535 1 
4 1 
3.7532 1 
-1.25994 1 
1.23225 1 
0.430605 1 
1.84594 1 
-1.12752 1 
-3.42473 1 
-2.09075 1 
2.60926 1 
3.05359 1 
0.308276 1 
-0.114106 1 
0.566656 1 
-0.0464853 1 
-0.283063 1 
-0.49048 1 
0.170184 1 
0.242139 1 
0.814879 1 
0.494304 1 
0.0240455 1 
1.42951 1 
1.33107 1 
1.13305 1 
1.54779 1 
1.6859 1 
-1.46711 1 
-1.38484 1 
-0.707655 1 
0.998576 1 
-3.64877 1 
-1.62942 1 
2.80485 1 
2.41332 1 
2.02789 1 
2.21702 1 
-2.59357 1 
3.35547 1 
-3.00872 1 
-3.2108 1 
-0.926653 1 
-2.81849 1 
-1.86398 1 
0.368596 1 
-0.192965 1 
0.0974865 1 
1.05516 1 
0.941992 1 
0.885409 1 
-0.382235 1 
0.730402 1 
0.647661 1 
3.8766 1 
3.62981 1 
-2.33394 1 
-1.0302 1 
-0.598954 1 
-0.816888 1 
-3.88292 1 
ZONE T="boundary2"
4 -0.422 
4 -0.351219 
4 -0.834566 
4 -0.288307 
4 0.15726 
4 0.323364 
4 0.812362 
4 0.20766 
4 -1 
4 -0.243397 
4 -0.198488 
4 0.290712 
4 0.372873 
4 0.422382 
4 -0.070193 
4 0.523553 
4 -0.13434 
4 -0.492781 
4 -0.580957 
4 -0.669133 
4 0.25806 
4 0.100397 
4 0.0435334 
4 0.472967 
4 0.624724 
4 0.718543 
4 1 
4 -0.38661 
4 -0.319763 
4 -0.220942 
4 0.397628 
4 0.18246 
4 -0.45739 
4 -0.536869 
4 -0.917283 
4 -0.75185 
4 -0.625045 
4 0.23286 
4 0.307038 
4 0.274386 
4 0.128828 
4 -0.166414 
4 -0.0133298 
4 -0.102267 
4 0.49826 
4 0.574138 
4 0.447675 
4 -0.265852 
4 0.348119 
4 0.765452 
4 0.671633 
4 0.906181 
4 0.071965 
ZONE T="boundary3"
-1.91577 -1 
-0.66348 -1 
3.557 -1 
3.30738 -1 
-0.405154 -1 
-0.491877 -1 
-0.093867 -1 
-0.0233302 -1 
0.171675 -1 
0.106746 -1 
1.51501 -1 
1.39583 -1 
-1.72356 -1 
0.316679 -1 
0.396752 -1 
0.495931 -1 
-1.07063 -1 
-0.956682 -1 
2.01189 -1 
2.20189 -1 
-1.43471 -1 
-1.57913 -1 
1.8219 -1 
2.5984 -1 
3.00149 -1 
-3.55494 -1 
-3.38334 -1 
-3.77747 -1 
-2.89472 -1 
-2.73621 -1 
-2.10798 -1 
-2.5777 -1 
-3.05324 -1 
3.15443 -1 
4 -1 
-0.351068 -1 
-0.296982 -1 
-0.164404 -1 
0.236605 -1 
0.0417078 -1 
-0.230693 -1 
0.595109 -1 
-0.5786 -1 
0.705751 -1 
0.816392 -1 
0.933944 -1 
1.0515 -1 
-0.904602 -1 
-0.852521 -1 
-0.748361 -1 
-1.18457 -1 
-1.30964 -1 
-4 -1 
1.16407 -1 
1.27665 -1 
-3.21175 -1 
1.66846 -1 
2.40014 -1 
-2.34284 -1 
3.43219 -1 
-0.448515 -1 
-0.0585986 -1 
0.139211 -1 
1.45542 -1 
0.446342 -1 
-1.01365 -1 
2.10689 -1 
-1.50692 -1 
1.9169 -1 
2.79995 -1 
-3.46914 -1 
-2.81547 -1 
-2.65696 -1 
-2.97398 -1 
3.23091 -1 
3.7785 -1 
-0.324025 -1 
-0.129135 -1 
0.00918879 -1 
0.0742267 -1 
0.20414 -1 
-0.197548 -1 
0.356715 -1 
0.276642 -1 
-0.263837 -1 
0.54552 -1 
-0.535238 -1 
0.65043 -1 
0.761071 -1 
0.992719 -1 
-0.878562 -1 
-0.62104 -1 
-0.705921 -1 
-1.1276 -1 
-1.37217 -1 
-1.2471 -1 
-3.88873 -1 
1.22036 -1 
-1.65135 -1 
3.07796 -1 
-3.13249 -1 
-1.81967 -1 
1.74518 -1 
-2.01187 -1 
2.49927 -1 
2.30102 -1 
-2.46027 -1 
-2.22541 -1 
-0.378111 -1 
-0.930642 -1 
-0.800441 -1 
0.875168 -1 
1.59174 -1 
1.10778 -1 
1.33624 -1 
-3.29755 -1 
-3.6662 -1 
ZONE T="boundary4"
-0.327292 0.352572 
-0.346421 0.337705 
-0.404238 0.286102 
-0.169966 0.446211 
-0.152332 0.45414 
0.615551 0.00575198 
0.633533 0.271818 
0.63568 0.25378 
0.596307 0.37512 
0.605596 0.359014 
0.6204 0.0225426 
0.584322 0.392619 
0.571028 0.409028 
0.548352 0.432028 
0.536303 0.442363 
0.63045 0.289367 
0.620653 0.324651 
0.61368 0.342284 
-0.564857 0.031739 
-0.574193 -0.00335839 
-0.547848 0.0786134 
-0.555178 0.0601595 
-0.52631 0.123797 
-0.539814 0.0967714 
0.636928 0.143156 
0.63787 0.171178 
-0.515601 0.142942 
-0.00454739 0.504613 
-0.0297557 0.497881 
-0.438455 0.24939 
-0.487799 0.186261 
-0.47155 0.20857 
-0.454512 0.230264 
-0.504193 0.161669 
-0.386042 0.303578 
-0.421771 0.267964 
-0.366534 0.320992 
-0.307718 0.366853 
-0.290569 0.378656 
-0.273129 0.390033 
-0.205132 0.429022 
-0.222545 0.419794 
-0.0971223 0.476202 
-0.115907 0.46915 
-0.256551 0.400296 
-0.187646 0.437804 
-0.134528 0.461703 
-0.0760292 0.483585 
0.637013 0.235681 
-0.239743 0.410185 
0.637759 0.217426 
0.624444 0.0393334 
0.609858 -0.0108496 
-0.0547563 0.490475 
0.482259 0.477934 
0.504835 0.464875 
0.431179 0.500541 
0.459102 0.489236 
0.560012 0.420862 
0.281474 0.53133 
0.313692 0.528061 
0.344685 0.523383 
0.249711 0.533112 
0.373821 0.517445 
0.403086 0.509771 
0.626329 0.30653 
0.634485 0.107061 
-0.580791 -0.0389205 
0.0245137 0.511484 
0.0537933 0.517461 
0.085522 0.522884 
0.117436 0.527239 
0.630537 0.0731232 
0.150296 0.530564 
0.183271 0.532694 
0.216473 0.533573 
0.638067 0.199158 
0.523749 0.452041 
-0.336914 0.345213 
-0.16117 0.450222 
0.634722 0.262813 
0.601098 0.367151 
0.577837 0.400955 
0.542397 0.437276 
0.632121 0.280615 
0.617329 0.333532 
-0.551603 0.0694228 
-0.533249 0.110378 
-0.543917 0.0877308 
0.637493 0.157165 
-0.521047 0.13342 
-0.0171743 0.501332 
-0.569857 0.0142787 
-0.463125 0.219491 
-0.509982 0.152357 
-0.39522 0.294923 
-0.41309 0.277115 
-0.430195 0.258751 
-0.356549 0.329436 
-0.317559 0.359786 
-0.560233 0.046023 
-0.281884 0.384398 
-0.213864 0.424456 
-0.106534 0.472726 
-0.264869 0.395211 
-0.196412 0.43346 
-0.14345 0.457968 
-0.0865976 0.479955 
-0.125238 0.465476 
-0.496135 0.174058 
0.636433 0.244737 
-0.231171 0.415038 
-0.299181 0.372808 
0.622511 0.0309165 
-0.065413 0.487092 
-0.0422812 0.494262 
0.618075 0.0141188 
0.612811 -0.00258542 
0.493667 0.471613 
0.445241 0.495138 
0.565607 0.415026 
0.554261 0.426528 
0.470775 0.483779 
0.297603 0.529886 
0.329218 0.525917 
0.38851 0.513822 
0.590493 0.383992 
0.623654 0.315642 
0.628526 0.297982 
-0.178828 0.442055 
0.609791 0.350723 
-0.248175 0.405287 
-0.446559 0.23989 
-0.577835 -0.0210759 
0.00995671 0.50816 
-0.376366 0.312373 
0.359291 0.520604 
0.635898 0.125096 
-0.479781 0.197493 
0.0391304 0.514585 
0.417205 0.505379 
0.069635 0.520305 
0.101461 0.525197 
0.632741 0.0900651 
0.166774 0.531782 
0.199868 0.533296 
0.233094 0.533516 
0.627792 0.0561739 
0.133851 0.529048 
0.265602 0.532391 
0.637961 0.208293 
0.637448 0.226556 
0.514404 0.458623 
0.638063 0.185168 
0.530087 0.447282 
ZONE T="boundary5"
-0.547643 -0.299089 
-0.557555 -0.272141 
-0.480879 -0.420256 
0.0484767 -0.304982 
-0.437857 -0.472927 
-0.452245 -0.456737 
-0.360767 -0.540828 
-0.585648 -0.110215 
-0.584595 -0.074574 
-0.200787 -0.599831 
-0.466908 -0.438827 
-0.525321 -0.34791 
-0.509014 -0.377315 
0.577452 -0.0741547 
-0.536253 -0.325558 
-0.325278 -0.563039 
-0.265831 -0.588666 
-0.286251 -0.581485 
0.368704 -0.195258 
0.34425 -0.198175 
-0.222597 -0.598142 
-0.179107 -0.599301 
-0.1369 -0.591167 
0.439561 -0.178479 
0.454473 -0.172837 
-0.157808 -0.596454 
0.424791 -0.183245 
0.409872 -0.187312 
-0.0691915 -0.551124 
-0.0455828 -0.523868 
0.55484 -0.103001 
0.496266 -0.151701 
-0.39292 -0.516008 
-0.40815 -0.502575 
-0.377072 -0.528822 
-0.422892 -0.488461 
0.469106 -0.166399 
-0.343226 -0.552465 
-0.0997339 -0.57442 
-0.117598 -0.58378 
-0.0565147 -0.537789 
-0.035838 -0.509001 
-0.0834387 -0.56332 
-0.0193652 -0.476495 
-0.00787433 -0.446422 
-0.305904 -0.57297 
-0.495434 -0.399084 
0.315551 -0.200431 
0.287397 -0.201969 
0.100785 -0.24924 
0.033727 -0.330767 
0.0719685 -0.274856 
0.0218645 -0.357414 
-0.0272175 -0.493348 
0.085803 -0.261328 
0.129701 -0.231701 
0.193045 -0.210997 
0.157271 -0.220309 
0.228053 -0.205948 
0.39334 -0.191033 
0.603237 -0.0272455 
0.609858 -0.0108496 
0.542148 -0.116147 
0.56662 -0.0889855 
0.587058 -0.0589923 
0.595662 -0.0432969 
-0.244111 -0.594416 
0.00122379 -0.418444 
-0.580791 -0.0389205 
-0.566849 -0.241515 
0.0102941 -0.389806 
0.259403 -0.203463 
-0.584053 -0.145287 
-0.574333 -0.210653 
-0.58007 -0.179273 
0.531959 -0.125495 
0.521297 -0.134298 
-0.552784 -0.285683 
-0.445131 -0.464904 
-0.585462 -0.0923847 
-0.517383 -0.362732 
-0.473988 -0.429613 
-0.53091 -0.336795 
-0.542123 -0.312399 
0.356493 -0.196853 
-0.18994 -0.599852 
0.447054 -0.175754 
-0.168418 -0.598174 
0.417354 -0.185361 
-0.147275 -0.594119 
-0.400605 -0.509371 
-0.368989 -0.53492 
-0.415592 -0.495592 
-0.430454 -0.48077 
-0.334325 -0.557876 
-0.108529 -0.57936 
-0.0626874 -0.544614 
-0.0405589 -0.516534 
-0.0508939 -0.530952 
-0.0761539 -0.557411 
-0.0914286 -0.569102 
-0.013339 -0.461564 
-0.502345 -0.388275 
-0.276107 -0.585265 
-0.315668 -0.568156 
0.301477 -0.201245 
0.32991 -0.199428 
0.0407359 -0.317662 
0.0595735 -0.289415 
0.0275064 -0.343962 
-0.352072 -0.54676 
-0.0231601 -0.484983 
-0.385066 -0.522503 
0.078736 -0.267921 
0.0931408 -0.255109 
-0.0313868 -0.501252 
0.114872 -0.239856 
0.175001 -0.215048 
0.210494 -0.208089 
-0.12714 -0.587756 
0.401626 -0.189265 
0.381052 -0.193322 
0.432204 -0.18095 
0.461833 -0.169717 
0.572162 -0.0816616 
0.56085 -0.0960941 
0.582378 -0.066651 
0.548608 -0.109683 
0.599567 -0.0353269 
-0.211713 -0.599255 
0.606661 -0.0190933 
0.482887 -0.159422 
-0.233396 -0.596521 
0.143292 -0.225537 
-0.296149 -0.577392 
-0.255032 -0.591771 
0.591482 -0.0512114 
-0.459669 -0.447858 
-0.00322956 -0.432467 
-0.488274 -0.409751 
-0.56243 -0.256897 
0.0158293 -0.373521 
0.00571417 -0.404112 
0.273398 -0.202679 
0.243714 -0.20454 
-0.585173 -0.127766 
-0.570803 -0.226135 
-0.577435 -0.195005 
-0.582353 -0.162314 
0.526687 -0.129964 
0.509027 -0.143353 
0.537113 -0.120889 
-0.583037 -0.0567105 
