ZONE T="boundary0"
-4 -0.807284 
-4 -1 
-4 1 
-4 0.829566 
-4 0.117288 
-4 0.26379 
-4 0.198674 
-4 0.339766 
-4 0.400699 
-4 0.461632 
-4 -0.126694 
-4 -0.17071 
-4 -0.0826772 
-4 -0.449439 
-4 0.659132 
-4 0.560382 
-4 -0.614568 
-4 0.0672966 
-4 0.0173054 
-4 -0.226935 
-4 -0.40787 
-4 -0.532004 
-4 -0.3663 
-4 -0.28316 
-4 -0.903642 
-4 0.914783 
-4 0.231232 
-4 0.301778 
-4 0.370232 
-4 0.431165 
-4 -0.148702 
-4 0.609757 
-4 0.157981 
-4 0.042301 
-4 0.0922922 
-4 -0.0326859 
-4 0.511007 
-4 -0.104685 
-4 -0.198823 
-4 -0.710926 
-4 0.744349 
-4 -0.255047 
-4 -0.428654 
-4 -0.490722 
-4 -0.387085 
-4 -0.573286 
-4 -0.32473 
ZONE T="boundary1"
-4 1 
1.79956 1 
3.58506 1 
3.79253 1 
-0.358066 1 
-0.212979 1 
0.184417 1 
-0.438369 1 
-0.543917 1 
-3.69883 1 
0.69632 1 
-0.771275 1 
0.499693 1 
0.391633 1 
1.12487 1 
1.02842 1 
4 1 
-2.71345 1 
-2.95065 1 
-3.44335 1 
-3.3156 1 
-3.57109 1 
2.16652 1 
0.0484574 1 
0.117711 1 
0.321378 1 
0.251122 1 
-0.148196 1 
-0.020796 1 
-0.277762 1 
0.607754 1 
-1.07377 1 
-0.998143 1 
-0.649465 1 
0.784886 1 
-0.846898 1 
-0.92252 1 
0.93197 1 
1.32519 1 
-1.17586 1 
-1.27795 1 
-1.39128 1 
-1.68565 1 
-1.50461 1 
-2.02341 1 
-1.86669 1 
3.2023 1 
1.66559 1 
3.39368 1 
2.7777 1 
2.39951 1 
1.49539 1 
1.93352 1 
2.99 1 
-3.18786 1 
-2.31346 1 
-2.18013 1 
-0.0844962 1 
0.858428 1 
1.22503 1 
-2.44679 1 
3.68879 1 
-0.491143 1 
-3.84942 1 
0.445663 1 
1.07664 1 
3.89626 1 
-3.37947 1 
0.151064 1 
0.28625 1 
-0.180588 1 
-0.398218 1 
-0.245371 1 
-1.03595 1 
-0.317914 1 
0.652037 1 
0.553723 1 
0.740603 1 
-0.71037 1 
-0.884709 1 
-0.596691 1 
-0.960332 1 
-0.809086 1 
-1.12481 1 
-1.2269 1 
-1.59513 1 
-1.94505 1 
3.29799 1 
2.5886 1 
2.28301 1 
1.41029 1 
1.86654 1 
1.58049 1 
1.73257 1 
3.09615 1 
3.48937 1 
-3.06926 1 
2.05002 1 
-2.83205 1 
-2.2468 1 
-3.25173 1 
-3.63496 1 
-3.50722 1 
0.0138307 1 
-0.0526461 1 
-0.116346 1 
0.21777 1 
0.356505 1 
0.0830841 1 
0.895199 1 
0.821657 1 
0.980194 1 
1.27511 1 
-2.38013 1 
-1.33461 1 
-2.10177 1 
-2.58012 1 
-1.44794 1 
1.17495 1 
2.88385 1 
-1.77617 1 
ZONE T="boundary2"
4 -0.193502 
4 0.0860126 
4 0.160881 
4 0.276461 
4 0.242598 
4 0.208736 
4 0.310323 
4 0.822327 
4 1 
4 -1 
4 -0.805075 
4 -0.61015 
4 0.400541 
4 0.456897 
4 0.550775 
4 0.644653 
4 0.0111437 
4 -0.361026 
4 -0.327611 
4 -0.427855 
4 0.344185 
4 -0.159937 
4 -0.0743968 
4 -0.260632 
4 -0.227067 
4 -0.294197 
4 0.123447 
4 0.259529 
4 0.184809 
4 0.911163 
4 -0.707613 
4 0.428719 
4 0.225667 
4 0.597714 
4 0.73349 
4 -0.344318 
4 -0.902538 
4 -0.519003 
4 0.327254 
4 0.293392 
4 0.372363 
4 0.503836 
4 -0.117167 
4 -0.243849 
4 -0.210285 
4 -0.17672 
4 -0.277414 
4 -0.0316265 
4 0.0485782 
4 -0.310904 
4 -0.39444 
ZONE T="boundary3"
-4 -1 
-1.66563 -1 
-1.81032 -1 
-1.95501 -1 
3.35545 -1 
-1.31954 -1 
-1.23481 -1 
-0.767589 -1 
-0.718699 -1 
-1.49139 -1 
-0.907499 -1 
-1.00918 -1 
0.566459 -1 
-1.15008 -1 
-0.81648 -1 
-0.305416 -1 
-0.561886 -1 
-0.0699704 -1 
-2.89792 -1 
-2.65816 -1 
1.36772 -1 
1.26789 -1 
1.97616 -1 
0.986406 -1 
0.884612 -1 
-2.18671 -1 
-2.41841 -1 
2.14435 -1 
3.67772 -1 
4 -1 
2.54191 -1 
2.94963 -1 
2.74577 -1 
-3.20388 -1 
-0.244028 -1 
-0.188022 -1 
-0.464345 -1 
-0.366804 -1 
-0.00792449 -1 
0.129757 -1 
0.0609162 -1 
0.2928 -1 
-0.132016 -1 
0.211279 -1 
0.38177 -1 
0.47074 -1 
0.662179 -1 
0.773395 -1 
1.0882 -1 
1.17804 -1 
1.46755 -1 
1.63776 -1 
1.55266 -1 
-3.75492 -1 
1.72287 -1 
-3.50983 -1 
2.34313 -1 
1.80798 -1 
3.51659 -1 
-0.640292 -1 
-0.679496 -1 
-3.35685 -1 
-3.63237 -1 
-1.73798 -1 
-1.27717 -1 
-0.743144 -1 
-1.57851 -1 
-0.95834 -1 
-1.19245 -1 
-0.861989 -1 
-2.77804 -1 
-1.40546 -1 
1.3178 -1 
-1.07963 -1 
0.935509 -1 
-2.30256 -1 
2.06026 -1 
3.83886 -1 
2.8477 -1 
3.15254 -1 
2.64384 -1 
-0.216025 -1 
-0.0389474 -1 
0.0953366 -1 
-0.415574 -1 
-0.33611 -1 
-0.100993 -1 
0.170518 -1 
-0.513115 -1 
0.337285 -1 
0.518599 -1 
0.614319 -1 
0.829004 -1 
0.717787 -1 
1.0373 -1 
1.22297 -1 
1.41764 -1 
1.13312 -1 
1.59521 -1 
-3.87746 -1 
2.24374 -1 
2.44252 -1 
1.89207 -1 
-2.53829 -1 
-1.88267 -1 
-3.0509 -1 
-2.07086 -1 
3.43602 -1 
3.59715 -1 
-0.160019 -1 
-0.274722 -1 
-0.601089 -1 
0.0264959 -1 
0.426255 -1 
0.252039 -1 
-0.659894 -1 
-0.699097 -1 
-0.792034 -1 
1.5101 -1 
1.76542 -1 
1.68032 -1 
-3.69365 -1 
-3.5711 -1 
-3.43334 -1 
-3.28036 -1 
ZONE T="boundary4"
-0.619842 0.0229311 
-0.614013 0.0454186 
-0.592456 0.104198 
-0.627665 -0.0222804 
0.645798 0.0268533 
0.55265 0.275148 
0.537013 0.301073 
-0.598589 0.089835 
-0.624397 0.000333111 
-0.606913 0.0677605 
-0.566761 0.153827 
-0.54587 0.186526 
-0.396933 0.340175 
-0.380221 0.352146 
-0.556601 0.170358 
-0.578436 0.132951 
-0.534499 0.20249 
-0.522644 0.218091 
-0.250937 0.424836 
-0.271406 0.415325 
0.371044 0.44804 
0.394292 0.435809 
-0.480579 0.26684 
-0.495856 0.250226 
-0.509491 0.234366 
-0.430996 0.313344 
-0.448122 0.298417 
-0.414176 0.32703 
-0.464697 0.28288 
-0.363183 0.363642 
-0.310276 0.395358 
-0.29161 0.405271 
-0.346068 0.374528 
-0.206382 0.443349 
-0.158755 0.460076 
-0.133822 0.467654 
-0.108678 0.474512 
-0.228791 0.4344 
-0.18269 0.452049 
-0.328676 0.384962 
0.643529 0.0432172 
0.51405 0.333262 
-0.0560728 0.486401 
-0.0824647 0.480846 
0.416906 0.422087 
0.647724 -0.00570197 
0.498452 0.351947 
0.647205 0.0105896 
0.437136 0.408046 
0.456655 0.392653 
0.343107 0.460566 
0.31464 0.471211 
0.528683 0.313479 
0.475109 0.376142 
0.487018 0.364307 
-0.0284771 0.491339 
0.057483 0.50106 
0.0881168 0.502417 
0.0283269 0.498729 
0.249234 0.488927 
0.282081 0.481107 
0.636569 0.0760696 
0.632029 0.0923818 
0.590076 0.199335 
0.601095 0.174546 
0.611604 0.149572 
0.621088 0.125096 
0.640438 0.0596202 
0.578189 0.224993 
0.565794 0.250425 
-0.000743507 0.495414 
0.118761 0.502617 
0.150128 0.501568 
0.183035 0.499024 
0.215798 0.494908 
0.626813 0.108821 
-0.617081 0.0342139 
0.545033 0.288234 
-0.622275 0.0116628 
-0.610613 0.0566365 
-0.626188 -0.0109518 
-0.595583 0.097042 
-0.602896 0.0788518 
-0.38862 0.34622 
-0.561755 0.162138 
-0.585684 0.11869 
-0.52863 0.210335 
0.382759 0.442097 
-0.572721 0.143457 
-0.551304 0.178488 
-0.488293 0.258602 
-0.502735 0.242349 
-0.439625 0.305956 
-0.405606 0.333669 
-0.422641 0.320255 
-0.472713 0.274934 
-0.371742 0.357953 
-0.300975 0.400374 
-0.354662 0.369142 
-0.146316 0.463955 
-0.121275 0.471173 
-0.516129 0.226278 
-0.217617 0.438952 
-0.170751 0.456147 
-0.281542 0.410366 
-0.319511 0.390221 
-0.0692893 0.483722 
0.405706 0.429125 
0.647578 0.00244738 
-0.337406 0.379802 
0.447014 0.400501 
0.427125 0.415219 
0.357179 0.454533 
0.521509 0.323478 
-0.540248 0.194554 
0.5329 0.307312 
0.46601 0.384542 
0.506389 0.342722 
0.492799 0.358187 
0.0727944 0.50188 
-0.239898 0.429695 
0.29844 0.47642 
0.265716 0.485258 
-0.261204 0.420148 
-0.194567 0.447783 
0.595637 0.186963 
0.606425 0.16209 
0.616449 0.137373 
0.646609 0.0187307 
0.644766 0.0350494 
0.638591 0.0678654 
0.481126 0.370288 
-0.0955948 0.477776 
0.572073 0.237749 
0.642079 0.0514365 
-0.014626 0.493486 
0.0137783 0.497193 
0.0428956 0.500019 
-0.0422939 0.488977 
0.103439 0.502664 
0.134451 0.502255 
0.584183 0.212186 
0.166598 0.500486 
0.199443 0.497168 
-0.456481 0.290725 
0.328956 0.466107 
0.62949 0.100624 
0.624008 0.116979 
0.232558 0.492146 
0.55936 0.262862 
0.634377 0.084247 
ZONE T="boundary5"
0.512928 -0.248188 
-0.394739 -0.424761 
-0.415414 -0.416794 
-0.576191 -0.271472 
-0.585513 -0.254197 
-0.620666 -0.156535 
-0.435405 -0.407465 
-0.526294 -0.338952 
-0.627665 -0.0222804 
0.395156 -0.307239 
0.364104 -0.316762 
-0.594008 -0.236391 
0.640543 -0.0691897 
-0.305611 -0.442604 
-0.329116 -0.440235 
0.564146 -0.204015 
0.625826 -0.11349 
-0.3515 -0.436503 
-0.37366 -0.431272 
0.613034 -0.139248 
-0.257584 -0.443028 
-0.281998 -0.443511 
-0.157758 -0.429095 
-0.183171 -0.434132 
0.647324 -0.0218599 
-0.233119 -0.441235 
0.64374 -0.053594 
-0.208164 -0.438209 
0.631402 -0.0995469 
0.636409 -0.0845719 
-0.629826 -0.0899086 
-0.630373 -0.0674469 
-0.540791 -0.322546 
-0.509405 -0.355708 
-0.565459 -0.289029 
-0.5538 -0.305887 
0.605999 -0.151074 
0.590616 -0.173295 
-0.132351 -0.423356 
-0.49195 -0.370792 
-0.454805 -0.396726 
-0.10636 -0.416963 
-0.60185 -0.217734 
-0.473773 -0.384439 
-0.60884 -0.198622 
-0.615119 -0.178422 
-0.629655 -0.0448865 
-0.0803527 -0.410243 
0.0010083 -0.389112 
0.0287301 -0.382397 
0.0574736 -0.375865 
0.206874 -0.348418 
0.0862024 -0.369808 
0.115873 -0.36403 
0.145475 -0.358683 
-0.62497 -0.134467 
-0.628022 -0.112272 
0.238233 -0.343233 
0.418139 -0.298947 
0.332697 -0.324829 
0.440757 -0.289533 
0.491087 -0.26286 
0.466327 -0.277094 
0.533957 -0.231902 
0.554348 -0.213742 
0.645996 -0.0378301 
0.619527 -0.127014 
0.582307 -0.183773 
0.647724 -0.00570197 
-0.026703 -0.396157 
-0.0535415 -0.40318 
0.176239 -0.353454 
0.301158 -0.331731 
0.269447 -0.337802 
-0.405146 -0.420955 
-0.580962 -0.262895 
-0.42549 -0.412301 
0.379688 -0.3122 
-0.317386 -0.441608 
-0.340341 -0.43855 
-0.384256 -0.428194 
-0.269792 -0.443441 
-0.170449 -0.431711 
-0.245344 -0.442286 
0.642259 -0.0614158 
0.634017 -0.0920965 
-0.630257 -0.0786827 
-0.533669 -0.330863 
-0.517993 -0.347477 
-0.559748 -0.297541 
-0.570947 -0.280327 
0.598555 -0.162356 
-0.145041 -0.426298 
-0.500806 -0.3634 
-0.445198 -0.402263 
-0.119345 -0.42021 
-0.598038 -0.22711 
-0.547418 -0.314314 
-0.482979 -0.377772 
-0.605458 -0.208221 
-0.362626 -0.434075 
-0.618044 -0.167519 
0.0148626 -0.385709 
0.0430932 -0.379075 
-0.628818 -0.0335705 
-0.195653 -0.436288 
0.101033 -0.366862 
-0.626651 -0.123392 
0.0718306 -0.372779 
0.222558 -0.345843 
0.406693 -0.303224 
0.348439 -0.320957 
0.429506 -0.294386 
0.478832 -0.2702 
0.523578 -0.240224 
0.559292 -0.208925 
0.544311 -0.223004 
0.50213 -0.25571 
0.644986 -0.0457287 
-0.220629 -0.439862 
0.573425 -0.194075 
0.586516 -0.178577 
0.616356 -0.133171 
0.647641 -0.0137836 
0.628712 -0.106557 
0.622769 -0.120295 
0.609587 -0.145203 
0.638592 -0.0769119 
0.646778 -0.0298548 
-0.622972 -0.145533 
-0.612107 -0.188563 
-0.589867 -0.245346 
-0.293815 -0.443234 
-0.630172 -0.0561627 
-0.629081 -0.101104 
-0.464396 -0.390748 
-0.0128532 -0.392601 
-0.0401248 -0.399653 
0.191557 -0.350926 
0.130669 -0.361311 
-0.0933502 -0.413629 
-0.0669452 -0.406716 
0.160855 -0.356036 
0.453642 -0.283525 
0.285318 -0.334852 
0.253849 -0.340566 
0.316953 -0.328402 
