ZONE T="boundary0"
-4 -0.432018 
-4 -0.387088 
-4 -0.216107 
-4 0.339723 
-4 0.309818 
-4 0.750155 
-4 -0.246699 
-4 0.500311 
-4 0.562772 
-4 -0.668802 
-4 1 
-4 0.420017 
-4 0.0511362 
-4 0.253149 
-4 0.625233 
-4 -0.55041 
-4 -0.342159 
-4 -0.294429 
-4 -0.0365978 
-4 -0.124332 
-4 -0.154923 
-4 -0.834401 
-4 0.111996 
-4 -1 
-4 -0.185515 
-4 0.279913 
-4 0.226384 
-4 0.19962 
-4 0.172856 
-4 -0.0804647 
-4 -0.409553 
-4 0.32477 
-4 0.531541 
-4 0.37987 
-4 0.460164 
-4 0.594002 
-4 0.687694 
-4 -0.609606 
-4 -0.364623 
-4 -0.139628 
-4 0.875078 
-4 -0.917201 
-4 -0.751602 
-4 -0.318294 
-4 -0.270564 
-4 -0.200811 
-4 -0.170219 
-4 -0.231403 
-4 0.239767 
-4 0.186238 
-4 0.213002 
-4 0.142426 
-4 -0.0585312 
-4 -0.102398 
-4 0.0072692 
-4 -0.491214 
-4 0.294865 
-4 0.266531 
-4 0.0815661 
ZONE T="boundary1"
1.4151 1 
1.30896 1 
1.07884 1 
1.1939 1 
-1.15835 1 
-1.25496 1 
-3.74143 1 
0.188706 1 
0.852086 1 
0.73493 1 
-0.121834 1 
-0.0570547 1 
-0.186727 1 
-0.874514 1 
-0.25162 1 
-0.45518 1 
0.351774 1 
-0.572117 1 
-1.55217 1 
-1.84797 1 
-4 1 
-2.24268 1 
-2.46173 1 
-1.6723 1 
1.73351 1 
1.94663 1 
-3.10967 1 
2.15974 1 
3.38978 1 
2.54795 1 
2.75404 1 
2.96013 1 
-2.02363 1 
-2.69406 1 
4 1 
3.69489 1 
3.84744 1 
0.243062 1 
0.13435 1 
0.00772501 1 
0.0710377 1 
-0.3534 1 
0.484773 1 
0.297418 1 
0.617773 1 
-0.689054 1 
0.965465 1 
-0.781784 1 
-0.968132 1 
-1.06175 1 
-1.34349 1 
-1.43203 1 
3.17496 1 
-2.92638 1 
1.52123 1 
1.62737 1 
-3.29296 1 
-3.5172 1 
1.36203 1 
1.13637 1 
0.793508 1 
-0.0894446 1 
-3.87072 1 
-2.35221 1 
-1.76014 1 
2.65099 1 
2.35384 1 
3.77117 1 
0.215884 1 
0.161528 1 
0.102694 1 
-0.0246648 1 
-0.154281 1 
-0.30251 1 
-0.219173 1 
-0.40429 1 
0.418274 1 
0.324596 1 
0.27024 1 
0.551273 1 
-0.630586 1 
1.02215 1 
0.908776 1 
3.54233 1 
1.25143 1 
-0.828149 1 
-1.01494 1 
3.92372 1 
-1.20666 1 
-1.38776 1 
-1.11005 1 
-1.61223 1 
-1.29923 1 
-1.4921 1 
-2.13316 1 
-1.9358 1 
3.28237 1 
2.85709 1 
-3.01803 1 
1.5743 1 
2.05318 1 
3.06755 1 
-3.40508 1 
-3.62932 1 
0.0393814 1 
-0.735419 1 
0.676352 1 
-2.81022 1 
-0.513649 1 
-2.57789 1 
-3.20132 1 
-0.921323 1 
1.84007 1 
1.46817 1 
1.68044 1 
ZONE T="boundary2"
4 -0.423077 
4 -0.6809 
4 -0.84045 
4 -0.300804 
4 -0.260047 
4 -0.341562 
4 0.367958 
4 0.313809 
4 -0.000282584 
4 -0.161883 
4 0.798834 
4 1 
4 -0.38232 
4 -0.0735149 
4 -0.210965 
4 -0.551988 
4 -0.487533 
4 0.509887 
4 0.597668 
4 0.284742 
4 0.166392 
4 0.19754 
4 0.135245 
4 -1 
4 0.0729497 
4 0.255674 
4 0.422106 
4 -0.760675 
4 -0.280425 
4 -0.321183 
4 0.340884 
4 0.899417 
4 -0.361941 
4 -0.117699 
4 -0.519761 
4 -0.616444 
4 0.553778 
4 0.299276 
4 0.181966 
4 0.150818 
4 0.698251 
4 -0.920225 
4 -0.235506 
4 -0.186424 
4 -0.402698 
4 -0.455305 
4 -0.0368987 
4 0.270208 
4 0.226607 
4 0.104097 
4 0.0363336 
4 0.395032 
4 0.465997 
ZONE T="boundary3"
-3.76769 -1 
-3.53538 -1 
-1.99438 -1 
-1.46261 -1 
-2.14432 -1 
0.551262 -1 
0.44183 -1 
-0.0902285 -1 
-0.224244 -1 
-0.171285 -1 
-0.444701 -1 
-0.388869 -1 
-2.41584 -1 
0.332398 -1 
3.46143 -1 
-1.36418 -1 
-1.24212 -1 
-1.12005 -1 
3.73072 -1 
-3.3489 -1 
1.65424 -1 
-0.796697 -1 
2.70857 -1 
2.92343 -1 
3.13829 -1 
1.80767 -1 
2.28805 -1 
2.49831 -1 
-3.16241 -1 
2.04786 -1 
0.118683 -1 
0.0530093 -1 
-0.0186096 -1 
0.184357 -1 
0.613343 -1 
-0.277204 -1 
-0.500534 -1 
0.258378 -1 
-0.591444 -1 
-0.682354 -1 
-1.01555 -1 
-0.911041 -1 
0.799589 -1 
0.675425 -1 
0.737507 -1 
-1.84443 -1 
-1.70273 -1 
-1.56104 -1 
-4 -1 
1.137 -1 
0.911407 -1 
-2.92488 -1 
1.50081 -1 
-2.80611 -1 
-2.68735 -1 
4 -1 
0.855498 -1 
1.02322 -1 
1.25077 -1 
1.37579 -1 
-3.65154 -1 
0.496546 -1 
-0.197765 -1 
-0.416785 -1 
-2.28008 -1 
-1.18108 -1 
2.816 -1 
2.39318 -1 
2.16795 -1 
0.0858462 -1 
0.387114 -1 
-0.0544191 -1 
-0.130757 -1 
0.15152 -1 
0.582303 -1 
-0.333036 -1 
-0.472618 -1 
0.295388 -1 
0.221367 -1 
-0.545989 -1 
-0.963293 -1 
-1.0678 -1 
0.706466 -1 
-1.30315 -1 
-1.77358 -1 
-1.51182 -1 
-3.88385 -1 
-3.25566 -1 
-3.04365 -1 
3.29986 -1 
-2.06935 -1 
-1.9194 -1 
-3.44214 -1 
-2.74673 -1 
1.92776 -1 
1.73096 -1 
1.57753 -1 
3.03086 -1 
2.60344 -1 
3.59607 -1 
3.86536 -1 
-1.63189 -1 
-0.636899 -1 
-0.739525 -1 
0.0171999 -1 
-0.250724 -1 
0.644384 -1 
-0.853869 -1 
0.768548 -1 
0.967316 -1 
0.883452 -1 
0.827543 -1 
1.19388 -1 
1.08011 -1 
-2.8655 -1 
-1.41339 -1 
-2.55159 -1 
1.31328 -1 
1.4383 -1 
ZONE T="boundary4"
-0.270414 0.345968 
-0.250875 0.351819 
-0.543045 0.201194 
-0.34315 0.321906 
-0.326259 0.327896 
-0.592122 0.134959 
-0.6295 0.00523059 
0.542288 0.299616 
0.519355 0.322719 
-0.554085 0.189076 
-0.564513 0.17646 
0.455224 0.368822 
-0.505558 0.235517 
0.587138 0.23522 
0.594072 0.221837 
-0.478253 0.255755 
-0.492035 0.245959 
-0.435727 0.281463 
-0.450074 0.273469 
-0.464144 0.264985 
-0.383485 0.306176 
0.415957 0.388229 
0.438039 0.377969 
-0.624625 0.044626 
0.632023 0.0943825 
0.629524 0.114533 
-0.615792 0.0798768 
-0.620319 0.0640236 
-0.610439 0.0953606 
-0.605504 0.107633 
-0.600029 0.119676 
-0.583586 0.149405 
0.507141 0.333305 
0.619013 0.159586 
0.625322 0.136086 
0.627367 0.0149615 
-0.531105 0.213134 
-0.518703 0.224479 
0.495762 0.342292 
0.571294 0.261842 
-0.359962 0.315622 
-0.574324 0.163298 
0.531036 0.311539 
-0.229973 0.357874 
-0.28993 0.339906 
-0.30812 0.334026 
-0.164368 0.375731 
-0.186721 0.369829 
-0.11681 0.387658 
-0.0915933 0.393602 
-0.209056 0.363746 
-0.0662938 0.399263 
-0.03935 0.404921 
-0.627678 0.0250002 
0.630778 0.0345799 
0.579712 0.248335 
-0.630121 -0.0145704 
0.369506 0.405219 
0.393519 0.397148 
0.484056 0.350767 
0.472013 0.358761 
0.0456921 0.419715 
0.107077 0.426814 
0.138372 0.429043 
0.200482 0.430249 
0.231202 0.429072 
0.0762952 0.423678 
0.290271 0.422981 
0.3183 0.418092 
0.261219 0.426646 
-0.0122864 0.41017 
0.600165 0.209029 
0.55291 0.287118 
0.56239 0.274735 
0.632676 0.0543176 
0.633086 0.0742881 
0.611195 0.182507 
0.343951 0.412328 
-0.140611 0.3818 
-0.406704 0.295929 
0.0166231 0.41524 
0.169816 0.43022 
-0.260651 0.348917 
-0.334715 0.324935 
-0.559378 0.182831 
0.590665 0.228559 
-0.485192 0.250924 
-0.442933 0.277526 
0.427073 0.38326 
0.630947 0.104478 
-0.618164 0.0719803 
-0.622629 0.0543587 
-0.60804 0.101524 
-0.596186 0.127373 
0.513313 0.328086 
-0.587954 0.14224 
0.622373 0.14789 
-0.602833 0.113685 
-0.548637 0.195199 
-0.524966 0.218873 
-0.537144 0.207232 
-0.512189 0.230066 
-0.351569 0.318803 
-0.569504 0.169941 
0.536739 0.30565 
-0.24043 0.35487 
-0.280179 0.342964 
-0.317199 0.330994 
-0.17555 0.372802 
-0.104211 0.390663 
-0.052834 0.40214 
-0.197894 0.36681 
-0.626307 0.0348365 
0.62926 0.0247358 
-0.498849 0.240806 
-0.629958 -0.00466567 
0.381566 0.401345 
0.404799 0.392841 
0.501499 0.337859 
0.463684 0.363901 
0.478075 0.354824 
-0.471242 0.260437 
0.489953 0.34659 
0.122712 0.428053 
0.215845 0.429818 
0.060977 0.421795 
0.304314 0.420707 
-0.219519 0.360831 
0.525265 0.317202 
-0.0258312 0.4076 
0.557727 0.280985 
0.57558 0.255136 
0.633067 0.0642971 
-0.299032 0.336994 
0.62761 0.125344 
0.632736 0.0843429 
-0.579049 0.156413 
0.56692 0.268342 
0.446688 0.373502 
0.615285 0.171107 
0.547681 0.293436 
0.631914 0.0444285 
-0.0789532 0.39647 
0.331159 0.415365 
-0.128718 0.384756 
-0.152496 0.378791 
0.356774 0.408941 
0.091671 0.425356 
-0.421317 0.288905 
0.0311424 0.417557 
0.275764 0.424981 
0.00215299 0.412775 
0.154085 0.42977 
-0.628741 0.0151287 
0.583489 0.241813 
0.605905 0.195862 
0.597171 0.215458 
-0.457146 0.269289 
-0.613222 0.0876545 
0.246221 0.428023 
0.185146 0.430378 
-0.371757 0.31099 
-0.39514 0.301161 
ZONE T="boundary5"
-0.53532 -0.280382 
-0.54616 -0.264601 
-0.565716 -0.232876 
-0.625235 -0.0736568 
-0.598065 -0.16743 
-0.605008 -0.149594 
-0.627941 -0.0540652 
-0.582997 -0.200596 
-0.590821 -0.184138 
-0.574605 -0.216864 
-0.621511 -0.0931221 
-0.392092 -0.421966 
-0.228654 -0.506388 
-0.251992 -0.497663 
-0.295915 -0.478496 
-0.274121 -0.48847 
-0.629586 -0.0343543 
-0.33672 -0.457171 
-0.498922 -0.326181 
-0.511689 -0.311195 
-0.316503 -0.468186 
-0.355786 -0.445923 
-0.15517 -0.527787 
-0.205025 -0.514251 
-0.180214 -0.521494 
-0.128985 -0.533295 
-0.485411 -0.340998 
-0.55619 -0.248888 
-0.523925 -0.295793 
-0.374455 -0.43404 
-0.471404 -0.355365 
-0.441554 -0.383093 
-0.456711 -0.369471 
-0.425652 -0.396468 
0.599426 -0.0596219 
0.627367 0.0149615 
-0.616827 -0.112383 
-0.409311 -0.409319 
-0.102639 -0.537745 
-0.0196185 -0.544565 
-0.0476473 -0.543504 
-0.0751633 -0.541223 
0.00957353 -0.544266 
0.622475 -0.00430685 
0.589103 -0.0773361 
0.0385424 -0.542483 
0.205514 -0.496721 
0.154132 -0.518323 
0.180776 -0.508115 
0.126223 -0.526956 
0.247827 -0.472305 
0.227046 -0.48513 
0.267248 -0.458717 
0.30556 -0.42681 
0.326005 -0.406741 
0.286436 -0.443629 
0.345903 -0.385087 
0.3666 -0.360443 
0.435953 -0.268144 
0.421625 -0.287671 
0.45039 -0.248784 
0.578199 -0.093856 
0.468324 -0.225703 
0.616156 -0.0231569 
0.486751 -0.203356 
0.566516 -0.109872 
0.549672 -0.130977 
0.532068 -0.151571 
0.608461 -0.0415767 
-0.611204 -0.131514 
0.404402 -0.311123 
-0.630121 -0.0145704 
0.387007 -0.334351 
0.0975822 -0.533843 
0.0683176 -0.539008 
0.509412 -0.177254 
-0.540809 -0.272538 
-0.601626 -0.158547 
-0.626717 -0.0638789 
-0.586978 -0.192399 
-0.578865 -0.208763 
-0.623496 -0.0834129 
-0.57022 -0.224903 
-0.240362 -0.502133 
-0.285062 -0.48358 
-0.628899 -0.0442214 
-0.505369 -0.318742 
-0.306253 -0.47343 
-0.346301 -0.451627 
-0.167721 -0.52476 
-0.192653 -0.51799 
-0.142103 -0.530671 
-0.49223 -0.333646 
-0.561015 -0.240918 
-0.52969 -0.288136 
-0.383324 -0.428075 
-0.365171 -0.44006 
-0.449188 -0.376344 
-0.433658 -0.389846 
-0.478468 -0.348239 
-0.464116 -0.362478 
-0.594518 -0.175816 
-0.619286 -0.102781 
-0.400755 -0.415714 
-0.551239 -0.256784 
-0.115832 -0.535653 
-0.0336363 -0.544196 
-0.0889172 -0.539631 
0.594398 -0.0685585 
0.0240724 -0.543564 
0.167537 -0.513441 
0.193235 -0.502621 
0.237527 -0.478873 
0.315913 -0.416923 
0.296107 -0.435353 
0.257629 -0.46565 
0.336078 -0.396039 
0.356373 -0.372876 
0.428782 -0.2779 
0.443144 -0.258439 
0.276942 -0.45131 
0.459285 -0.237173 
0.619489 -0.0137923 
0.477463 -0.214457 
0.558208 -0.120513 
0.583755 -0.0856665 
0.572442 -0.101926 
0.540935 -0.141326 
0.604092 -0.0506756 
0.625103 0.00527874 
0.61247 -0.0324365 
-0.614126 -0.121981 
-0.629996 -0.0244665 
-0.608201 -0.140586 
-0.417534 -0.40296 
-0.517874 -0.303546 
-0.216875 -0.510427 
0.216362 -0.491086 
-0.32666 -0.462766 
0.413027 -0.299407 
0.395744 -0.322769 
-0.263097 -0.493165 
-0.00501754 -0.544598 
0.111957 -0.530624 
0.0829902 -0.536644 
0.140247 -0.522868 
0.520762 -0.164421 
-0.061415 -0.542514 
0.498025 -0.190238 
0.376893 -0.347475 
0.0534575 -0.540958 
