ZONE T="boundary0"
-4 -0.432018 
-4 -0.387088 
-4 -0.216107 
-4 0.339723 
-4 0.309818 
-4 0.750155 
-4 -0.246699 
-4 0.500311 
-4 0.562772 
-4 -0.668802 
-4 1 
-4 0.420017 
-4 0.0511362 
-4 0.253149 
-4 0.625233 
-4 -0.55041 
-4 -0.342159 
-4 -0.294429 
-4 -0.0365978 
-4 -0.124332 
-4 -0.154923 
-4 -0.834401 
-4 0.111996 
-4 -1 
-4 -0.185515 
-4 0.279913 
-4 0.226384 
-4 0.19962 
-4 0.172856 
-4 -0.0804647 
-4 -0.409553 
-4 0.32477 
-4 0.531541 
-4 0.37987 
-4 0.460164 
-4 0.594002 
-4 0.687694 
-4 -0.609606 
-4 -0.364623 
-4 -0.139628 
-4 0.875078 
-4 -0.917201 
-4 -0.751602 
-4 -0.318294 
-4 -0.270564 
-4 -0.200811 
-4 -0.170219 
-4 -0.231403 
-4 0.239767 
-4 0.186238 
-4 0.213002 
-4 0.142426 
-4 -0.0585312 
-4 -0.102398 
-4 0.0072692 
-4 -0.491214 
-4 0.294865 
-4 0.266531 
-4 0.0815661 
ZONE T="boundary1"
1.4151 1 
1.30896 1 
1.07884 1 
1.1939 1 
-1.15835 1 
-1.25496 1 
-3.74143 1 
0.188706 1 
0.852086 1 
0.73493 1 
-0.121834 1 
-0.0570547 1 
-0.186727 1 
-0.874514 1 
-0.25162 1 
-0.45518 1 
0.351774 1 
-0.572117 1 
-1.55217 1 
-1.84797 1 
-4 1 
-2.24268 1 
-2.46173 1 
-1.6723 1 
1.73351 1 
1.94663 1 
-3.10967 1 
2.15974 1 
3.38978 1 
2.54795 1 
2.75404 1 
2.96013 1 
-2.02363 1 
-2.69406 1 
4 1 
3.69489 1 
3.84744 1 
0.243062 1 
0.13435 1 
0.00772501 1 
0.0710377 1 
-0.3534 1 
0.484773 1 
0.297418 1 
0.617773 1 
-0.689054 1 
0.965465 1 
-0.781784 1 
-0.968132 1 
-1.06175 1 
-1.34349 1 
-1.43203 1 
3.17496 1 
-2.92638 1 
1.52123 1 
1.62737 1 
-3.29296 1 
-3.5172 1 
1.36203 1 
1.13637 1 
0.793508 1 
-0.0894446 1 
-3.87072 1 
-2.35221 1 
-1.76014 1 
2.65099 1 
2.35384 1 
3.77117 1 
0.215884 1 
0.161528 1 
0.102694 1 
-0.0246648 1 
-0.154281 1 
-0.30251 1 
-0.219173 1 
-0.40429 1 
0.418274 1 
0.324596 1 
0.27024 1 
0.551273 1 
-0.630586 1 
1.02215 1 
0.908776 1 
3.54233 1 
1.25143 1 
-0.828149 1 
-1.01494 1 
3.92372 1 
-1.20666 1 
-1.38776 1 
-1.11005 1 
-1.61223 1 
-1.29923 1 
-1.4921 1 
-2.13316 1 
-1.9358 1 
3.28237 1 
2.85709 1 
-3.01803 1 
1.5743 1 
2.05318 1 
3.06755 1 
-3.40508 1 
-3.62932 1 
0.0393814 1 
-0.735419 1 
0.676352 1 
-2.81022 1 
-0.513649 1 
-2.57789 1 
-3.20132 1 
-0.921323 1 
1.84007 1 
1.46817 1 
1.68044 1 
ZONE T="boundary2"
4 -0.423077 
4 -0.6809 
4 -0.84045 
4 -0.300804 
4 -0.260047 
4 -0.341562 
4 0.367958 
4 0.313809 
4 -0.000282584 
4 -0.161883 
4 0.798834 
4 1 
4 -0.38232 
4 -0.0735149 
4 -0.210965 
4 -0.551988 
4 -0.487533 
4 0.509887 
4 0.597668 
4 0.284742 
4 0.166392 
4 0.19754 
4 0.135245 
4 -1 
4 0.0729497 
4 0.255674 
4 0.422106 
4 -0.760675 
4 -0.280425 
4 -0.321183 
4 0.340884 
4 0.899417 
4 -0.361941 
4 -0.117699 
4 -0.519761 
4 -0.616444 
4 0.553778 
4 0.299276 
4 0.181966 
4 0.150818 
4 0.698251 
4 -0.920225 
4 -0.235506 
4 -0.186424 
4 -0.402698 
4 -0.455305 
4 -0.0368987 
4 0.270208 
4 0.226607 
4 0.104097 
4 0.0363336 
4 0.395032 
4 0.465997 
ZONE T="boundary3"
-3.76769 -1 
-3.53538 -1 
-1.99438 -1 
-1.46261 -1 
-2.14432 -1 
0.551262 -1 
0.44183 -1 
-0.0902285 -1 
-0.224244 -1 
-0.171285 -1 
-0.444701 -1 
-0.388869 -1 
-2.41584 -1 
0.332398 -1 
3.46143 -1 
-1.36418 -1 
-1.24212 -1 
-1.12005 -1 
3.73072 -1 
-3.3489 -1 
1.65424 -1 
-0.796697 -1 
2.70857 -1 
2.92343 -1 
3.13829 -1 
1.80767 -1 
2.28805 -1 
2.49831 -1 
-3.16241 -1 
2.04786 -1 
0.118683 -1 
0.0530093 -1 
-0.0186096 -1 
0.184357 -1 
0.613343 -1 
-0.277204 -1 
-0.500534 -1 
0.258378 -1 
-0.591444 -1 
-0.682354 -1 
-1.01555 -1 
-0.911041 -1 
0.799589 -1 
0.675425 -1 
0.737507 -1 
-1.84443 -1 
-1.70273 -1 
-1.56104 -1 
-4 -1 
1.137 -1 
0.911407 -1 
-2.92488 -1 
1.50081 -1 
-2.80611 -1 
-2.68735 -1 
4 -1 
0.855498 -1 
1.02322 -1 
1.25077 -1 
1.37579 -1 
-3.65154 -1 
0.496546 -1 
-0.197765 -1 
-0.416785 -1 
-2.28008 -1 
-1.18108 -1 
2.816 -1 
2.39318 -1 
2.16795 -1 
0.0858462 -1 
0.387114 -1 
-0.0544191 -1 
-0.130757 -1 
0.15152 -1 
0.582303 -1 
-0.333036 -1 
-0.472618 -1 
0.295388 -1 
0.221367 -1 
-0.545989 -1 
-0.963293 -1 
-1.0678 -1 
0.706466 -1 
-1.30315 -1 
-1.77358 -1 
-1.51182 -1 
-3.88385 -1 
-3.25566 -1 
-3.04365 -1 
3.29986 -1 
-2.06935 -1 
-1.9194 -1 
-3.44214 -1 
-2.74673 -1 
1.92776 -1 
1.73096 -1 
1.57753 -1 
3.03086 -1 
2.60344 -1 
3.59607 -1 
3.86536 -1 
-1.63189 -1 
-0.636899 -1 
-0.739525 -1 
0.0171999 -1 
-0.250724 -1 
0.644384 -1 
-0.853869 -1 
0.768548 -1 
0.967316 -1 
0.883452 -1 
0.827543 -1 
1.19388 -1 
1.08011 -1 
-2.8655 -1 
-1.41339 -1 
-2.55159 -1 
1.31328 -1 
1.4383 -1 
ZONE T="boundary4"
-0.269255 0.346736 
-0.249802 0.352793 
-0.540939 0.199623 
-0.341665 0.32186 
-0.32485 0.328042 
-0.590208 0.133499 
-0.62838 0.00411431 
0.543078 0.300911 
0.520178 0.32415 
-0.551997 0.187508 
-0.562452 0.174906 
0.456051 0.370586 
-0.503462 0.23402 
0.587765 0.236206 
0.594657 0.222767 
-0.476215 0.254396 
-0.489962 0.244522 
-0.433839 0.280438 
-0.448131 0.272318 
-0.462149 0.263724 
-0.38182 0.305678 
0.416745 0.390159 
0.438852 0.379808 
-0.623237 0.0434241 
0.632424 0.0949692 
0.629926 0.115153 
-0.614177 0.0785799 
-0.618804 0.0627713 
-0.608732 0.0940182 
-0.603727 0.106254 
-0.598189 0.118261 
-0.581612 0.147907 
0.507973 0.334806 
0.619452 0.160307 
0.625735 0.136749 
0.627799 0.0154701 
-0.528993 0.211572 
-0.516594 0.222941 
0.496599 0.343855 
0.572001 0.262945 
-0.358402 0.315385 
-0.5723 0.161768 
0.531845 0.312902 
-0.228988 0.359055 
-0.288685 0.340462 
-0.306793 0.334378 
-0.163637 0.377474 
-0.185909 0.371397 
-0.116231 0.38971 
-0.0910818 0.395784 
-0.208156 0.365123 
-0.0658384 0.401554 
-0.0389436 0.407305 
-0.626423 0.023844 
0.631203 0.0350993 
0.580381 0.249378 
-0.629137 -0.015653 
0.370228 0.407318 
0.394278 0.399163 
0.484894 0.35239 
0.472849 0.360444 
0.0460226 0.422261 
0.107418 0.42938 
0.138736 0.431596 
0.200919 0.432738 
0.231686 0.431513 
0.0766247 0.426243 
0.290856 0.425302 
0.318934 0.420342 
0.261753 0.429031 
-0.0119168 0.412626 
0.600712 0.209909 
0.553677 0.288344 
0.56313 0.2759 
0.63309 0.054854 
0.633492 0.0748469 
0.611675 0.183294 
0.34463 0.414506 
-0.139961 0.383707 
-0.404938 0.295185 
0.0169664 0.417751 
0.170213 0.432746 
-0.259534 0.349789 
-0.333268 0.324984 
-0.557301 0.181269 
0.591271 0.229517 
-0.483135 0.249524 
-0.441017 0.276436 
0.427875 0.385146 
0.631348 0.10508 
-0.616598 0.070706 
-0.621177 0.0531321 
-0.606297 0.100163 
-0.594307 0.125935 
0.514141 0.329552 
-0.586008 0.140761 
0.622797 0.148581 
-0.601024 0.112287 
-0.546539 0.193628 
-0.522854 0.217321 
-0.535034 0.205664 
-0.510085 0.228547 
-0.350047 0.31866 
-0.567459 0.168398 
0.537539 0.306979 
-0.239401 0.355949 
-0.278977 0.343627 
-0.315831 0.331243 
-0.174779 0.37446 
-0.103667 0.392783 
-0.0524046 0.40448 
-0.197038 0.368284 
-0.624985 0.0336581 
0.629689 0.0252491 
-0.496764 0.239336 
-0.628906 -0.00576436 
0.382307 0.403402 
0.405573 0.394815 
0.502334 0.339391 
0.464516 0.365625 
0.478912 0.356478 
-0.469225 0.259125 
0.490791 0.348183 
0.123063 0.430615 
0.216305 0.432284 
0.0613055 0.424353 
0.304923 0.422993 
-0.218577 0.362112 
0.526082 0.318599 
-0.0254446 0.410023 
0.558481 0.28218 
0.576269 0.256209 
0.633477 0.0648441 
-0.297746 0.337448 
0.628016 0.125985 
0.633139 0.084915 
-0.577048 0.154898 
0.567644 0.269476 
0.447509 0.375303 
0.615742 0.17186 
0.54846 0.294696 
0.632334 0.0449557 
-0.078471 0.398709 
0.331816 0.41758 
-0.128104 0.386738 
-0.151806 0.380618 
0.357475 0.41108 
0.0920049 0.427924 
-0.419488 0.288015 
0.0314778 0.420088 
0.276323 0.427335 
0.00250787 0.415261 
0.154465 0.432311 
-0.627554 0.0139932 
0.584137 0.242828 
0.606416 0.196694 
0.597736 0.216363 
-0.455177 0.268082 
-0.611559 0.086335 
0.24673 0.430437 
0.185562 0.432888 
-0.370145 0.310621 
-0.393424 0.300538 
ZONE T="boundary5"
-0.535791 -0.281461 
-0.546572 -0.265668 
-0.565993 -0.233921 
-0.624642 -0.074675 
-0.598019 -0.168437 
-0.604866 -0.150596 
-0.627221 -0.0550989 
-0.58312 -0.201618 
-0.590862 -0.185151 
-0.574807 -0.217897 
-0.62104 -0.0941294 
-0.392978 -0.423217 
-0.229651 -0.507604 
-0.252982 -0.49891 
-0.296887 -0.479774 
-0.275104 -0.489737 
-0.628735 -0.0354095 
-0.337667 -0.458452 
-0.499551 -0.327307 
-0.512268 -0.312303 
-0.317464 -0.469468 
-0.356716 -0.447197 
-0.156196 -0.528837 
-0.20603 -0.515426 
-0.181228 -0.522614 
-0.130028 -0.534257 
-0.486086 -0.342142 
-0.556538 -0.249944 
-0.524451 -0.296886 
-0.375365 -0.435304 
-0.472123 -0.356527 
-0.442349 -0.384294 
-0.45747 -0.370652 
-0.426481 -0.397686 
0.599819 -0.0590552 
0.627799 0.0154701 
-0.616473 -0.113385 
-0.410171 -0.410555 
-0.103706 -0.538602 
-0.0208258 -0.54497 
-0.0487943 -0.544083 
-0.0762645 -0.541951 
0.00828521 -0.544466 
0.622912 -0.00380144 
0.589451 -0.0767125 
0.0371538 -0.542457 
0.203059 -0.495008 
0.152096 -0.51718 
0.178532 -0.50668 
0.124381 -0.526109 
0.244994 -0.470121 
0.224401 -0.483175 
0.264244 -0.456326 
0.302268 -0.424045 
0.322617 -0.403808 
0.283276 -0.441042 
0.342485 -0.382028 
0.363248 -0.357299 
0.43369 -0.265268 
0.419034 -0.284659 
0.448494 -0.246099 
0.578485 -0.093154 
0.466906 -0.22332 
0.616589 -0.0226448 
0.485785 -0.20132 
0.566719 -0.109067 
0.549722 -0.129984 
0.53191 -0.150335 
0.60888 -0.0410451 
-0.610961 -0.132514 
0.40148 -0.308006 
-0.629137 -0.015653 
0.383837 -0.331186 
0.0959154 -0.533285 
0.0668013 -0.538725 
0.508904 -0.175643 
-0.541251 -0.273611 
-0.601532 -0.15955 
-0.626061 -0.0649042 
-0.587061 -0.193417 
-0.579028 -0.20979 
-0.622965 -0.0844251 
-0.57046 -0.225942 
-0.241356 -0.503365 
-0.28604 -0.484853 
-0.628114 -0.0452651 
-0.505974 -0.319858 
-0.30722 -0.474711 
-0.34724 -0.452905 
-0.16874 -0.525847 
-0.193662 -0.519139 
-0.143137 -0.531679 
-0.492882 -0.334781 
-0.561328 -0.241969 
-0.530189 -0.289222 
-0.384222 -0.429334 
-0.366091 -0.44133 
-0.449966 -0.377535 
-0.434471 -0.391055 
-0.479165 -0.349392 
-0.464856 -0.36365 
-0.594516 -0.176826 
-0.618874 -0.103785 
-0.401628 -0.416958 
-0.55162 -0.257847 
-0.116886 -0.536564 
-0.0348115 -0.544691 
-0.0900001 -0.540426 
0.594771 -0.067966 
0.0227365 -0.543654 
0.165399 -0.512152 
0.190887 -0.501046 
0.234787 -0.476802 
0.312566 -0.414069 
0.292877 -0.432674 
0.254708 -0.46336 
0.332666 -0.393037 
0.352975 -0.369767 
0.426349 -0.27495 
0.441059 -0.255652 
0.273857 -0.448818 
0.457627 -0.23463 
0.619925 -0.0132848 
0.476276 -0.212246 
0.558341 -0.119621 
0.584075 -0.0850068 
0.57269 -0.101176 
0.540888 -0.140218 
0.6045 -0.0501286 
0.625539 0.00578476 
0.612898 -0.0319164 
-0.613829 -0.122981 
-0.629078 -0.0255346 
-0.608009 -0.141587 
-0.418379 -0.404187 
-0.518427 -0.304647 
-0.217875 -0.511624 
0.213813 -0.489252 
-0.327614 -0.464049 
0.410261 -0.296335 
0.392688 -0.31962 
-0.264083 -0.494422 
-0.00626299 -0.544904 
0.110206 -0.529923 
0.0814016 -0.536226 
0.138311 -0.521874 
0.520441 -0.163005 
-0.0625376 -0.54317 
0.4973 -0.188418 
0.373618 -0.344311 
0.052008 -0.540806 
