ZONE T="boundary0"
-4 -0.0546942 
-4 0.575413 
-4 0.227164 
-4 0.26379 
-4 0.332244 
-4 0.48054 
-4 0.670286 
-4 0.406392 
-4 -0.261776 
-4 0.835143 
-4 1 
-4 0.128918 
-4 0.0672966 
-4 -0.331458 
-4 -0.3663 
-4 -0.449439 
-4 -0.614568 
-4 -0.532004 
-4 -0.807284 
-4 -1 
-4 -0.140815 
-4 -0.226935 
-4 0.190539 
-4 -0.296617 
-4 -0.183875 
-4 0.298017 
-4 0.369318 
-4 0.0981072 
-4 0.443466 
-4 0.00630123 
-4 0.62285 
-4 0.527977 
-4 -0.348879 
-4 -0.40787 
-4 -0.573286 
-4 -0.490722 
-4 -0.710926 
-4 0.917572 
-4 0.752715 
-4 -0.903642 
-4 0.245477 
-4 -0.0977544 
-4 0.208852 
-4 0.159728 
-4 -0.314038 
-4 -0.162345 
-4 -0.244356 
-4 -0.279197 
-4 -0.205405 
ZONE T="boundary1"
-3.35211 1 
3.39368 1 
3.2023 1 
-0.0833786 1 
-0.0180194 1 
0.504271 1 
0.252897 1 
-0.543917 1 
-0.657596 1 
0.598006 1 
0.68769 1 
-3.57109 1 
1.22503 1 
1.29262 1 
-4 1 
-2.02341 1 
-1.85453 1 
-2.16844 1 
-2.69872 1 
-3.13313 1 
2.39571 1 
2.62491 1 
2.9136 1 
-2.91593 1 
-0.285523 1 
-0.41472 1 
-0.21713 1 
-0.148738 1 
-0.846898 1 
-0.92252 1 
0.410535 1 
0.0492088 1 
0.184667 1 
0.331716 1 
4 1 
-0.771275 1 
-1.39128 1 
-1.53846 1 
-1.46487 1 
-1.68565 1 
0.777374 1 
1.02842 1 
0.902896 1 
1.36021 1 
1.12672 1 
3.79253 1 
3.89626 1 
3.58506 1 
-1.04919 1 
-1.17586 1 
-1.28357 1 
1.49539 1 
2.16652 1 
1.98304 1 
1.79956 1 
1.64747 1 
-2.31346 1 
-2.50609 1 
0.116437 1 
3.29799 1 
-0.050699 1 
-0.600757 1 
0.551139 1 
1.25882 1 
-3.78555 1 
-1.93897 1 
2.51031 1 
2.76925 1 
-0.350121 1 
-0.116058 1 
-0.251326 1 
-0.182934 1 
-0.884709 1 
0.218782 1 
0.457403 1 
-0.714435 1 
-1.50167 1 
-1.61206 1 
0.642848 1 
0.732532 1 
0.965657 1 
0.840135 1 
-0.479319 1 
-1.42807 1 
3.8444 1 
-0.809086 1 
-1.11252 1 
-1.33742 1 
1.4278 1 
1.17588 1 
1.07757 1 
2.07478 1 
-3.4616 1 
3.68879 1 
3.94813 1 
3.05795 1 
1.72351 1 
1.8913 1 
-2.24095 1 
-2.80732 1 
-3.02453 1 
-3.24262 1 
-1.77009 1 
2.28111 1 
3.48937 1 
1.57143 1 
-2.09592 1 
0.292307 1 
0.150552 1 
0.0155947 1 
0.0828229 1 
0.371126 1 
-2.40978 1 
-2.60241 1 
1.32641 1 
-1.22971 1 
-0.985854 1 
ZONE T="boundary2"
4 -0.707613 
4 -0.853806 
4 -0.485588 
4 0.606744 
4 0.737829 
4 0.327224 
4 0.0860126 
4 0.242598 
4 -0.5966 
4 -1 
4 0.299015 
4 0.355432 
4 0.203452 
4 -0.227067 
4 -0.260557 
4 -0.294046 
4 1 
4 0.164305 
4 0.0058079 
4 0.475658 
4 0.415545 
4 -0.188899 
4 -0.150732 
4 -0.423307 
4 -0.361026 
4 -0.0743968 
4 -0.112564 
4 -0.78071 
4 0.672286 
4 -0.541094 
4 -0.926903 
4 0.223025 
4 -0.243812 
4 -0.277302 
4 0.868915 
4 0.125159 
4 0.0459102 
4 -0.652107 
4 0.541201 
4 0.341328 
4 0.385489 
4 0.313119 
4 0.270807 
4 0.445602 
4 0.183878 
4 -0.169816 
4 -0.392166 
4 -0.327536 
4 -0.0934806 
4 -0.0342944 
4 -0.131648 
4 -0.207983 
4 -0.454447 
ZONE T="boundary3"
-1.32044 -1 
3.5 -1 
-0.767589 -1 
-0.679496 -1 
-0.305416 -1 
-0.246719 -1 
-0.38488 -1 
-0.968145 -1 
-1.02879 -1 
-0.464345 -1 
-1.1318 -1 
1.0882 -1 
1.80798 -1 
1.63776 -1 
-2.53829 -1 
-2.30256 -1 
-2.12879 -1 
4 -1 
3.75 -1 
-2.89792 -1 
-3.35685 -1 
2.44506 -1 
2.74577 -1 
2.14435 -1 
2.8676 -1 
-0.57192 -1 
0.0609162 -1 
-0.188022 -1 
-0.0699704 -1 
-0.128996 -1 
0.662179 -1 
0.566459 -1 
0.136097 -1 
-0.00452707 -1 
0.773395 -1 
-0.837544 -1 
0.884612 -1 
-1.53585 -1 
-1.23481 -1 
-3.63237 -1 
-4 -1 
0.986406 -1 
1.26789 -1 
-1.40606 -1 
-1.66563 -1 
1.46755 -1 
-1.95501 -1 
3.23311 -1 
2.98944 -1 
1.55266 -1 
-3.49461 -1 
-0.907499 -1 
0.211279 -1 
0.341009 -1 
0.276144 -1 
0.47074 -1 
-0.723542 -1 
-0.276067 -1 
-0.345148 -1 
-1.0803 -1 
1.72287 -1 
-2.21567 -1 
3.875 -1 
-3.12739 -1 
-2.7181 -1 
2.59541 -1 
2.29471 -1 
-0.0994833 -1 
0.614319 -1 
-0.0372487 -1 
-0.518133 -1 
-0.625708 -1 
0.717787 -1 
-0.998467 -1 
0.829004 -1 
-0.802567 -1 
-1.27762 -1 
-3.81619 -1 
1.0373 -1 
1.17804 -1 
0.935509 -1 
-1.47095 -1 
-1.36325 -1 
-1.60074 -1 
1.36772 -1 
-1.81032 -1 
-2.42042 -1 
3.625 -1 
3.36655 -1 
3.11127 -1 
-3.56349 -1 
-2.0419 -1 
1.97616 -1 
-3.42573 -1 
-0.937822 -1 
0.0985068 -1 
0.173688 -1 
0.308576 -1 
-0.217371 -1 
-0.158509 -1 
-0.424613 -1 
0.0281946 -1 
0.243711 -1 
0.405874 -1 
-0.872522 -1 
0.518599 -1 
-1.18331 -1 
2.80669 -1 
1.59521 -1 
1.5101 -1 
2.92852 -1 
ZONE T="boundary4"
-0.632428 0.00842706 
-0.588244 0.142199 
-0.635463 -0.0141591 
-0.607716 0.0984534 
-0.263627 0.44287 
-0.241219 0.452588 
0.493314 0.322263 
0.504702 0.305736 
0.456468 0.367641 
0.439119 0.38541 
0.64112 -0.000431952 
-0.444054 0.327705 
-0.42736 0.341892 
-0.62255 0.0536518 
-0.628118 0.031063 
-0.376528 0.379862 
-0.615735 0.0761548 
-0.601799 0.112996 
-0.567089 0.18037 
-0.556681 0.196935 
-0.576937 0.163476 
-0.218522 0.461619 
-0.545649 0.21333 
-0.53414 0.22939 
-0.521356 0.24616 
-0.508043 0.262514 
-0.304678 0.422849 
-0.284301 0.43316 
-0.461017 0.312248 
-0.493048 0.279638 
0.401675 0.417624 
0.420755 0.402163 
-0.410207 0.355527 
-0.341956 0.401924 
-0.323467 0.41265 
-0.393549 0.367943 
0.530572 0.263105 
0.544835 0.236917 
-0.194492 0.470334 
-0.144879 0.485735 
-0.119339 0.492369 
-0.170201 0.478299 
-0.0379218 0.507974 
-0.0659154 0.503543 
-0.359398 0.391135 
0.558379 0.211344 
0.64246 -0.0167357 
0.478482 0.341916 
0.358134 0.446766 
0.303928 0.473664 
0.331379 0.461174 
0.380266 0.432926 
0.515522 0.288779 
0.467683 0.355015 
-0.477397 0.296187 
-0.00981433 0.511449 
0.0490343 0.515541 
0.0195883 0.514038 
0.110647 0.515017 
0.272304 0.485561 
0.606176 0.116908 
0.614881 0.0967885 
0.571827 0.185801 
0.584525 0.16135 
0.596823 0.136781 
0.635682 0.0320556 
0.638856 0.0157904 
0.631639 0.0483076 
0.626768 0.064557 
0.621132 0.0807827 
-0.0927119 0.498389 
0.0798779 0.515916 
0.142021 0.512719 
0.207244 0.503018 
0.174787 0.508723 
0.24017 0.495265 
-0.252461 0.447815 
0.499084 0.314054 
0.447918 0.376651 
-0.435766 0.334868 
-0.634101 -0.00284678 
-0.630426 0.0197726 
-0.611867 0.0873535 
-0.619289 0.0649461 
-0.595253 0.127703 
-0.561952 0.188695 
-0.604816 0.105748 
-0.58271 0.1529 
-0.229905 0.457189 
-0.539952 0.221401 
-0.514768 0.254392 
-0.527812 0.237824 
-0.294528 0.42808 
-0.452605 0.320053 
-0.500627 0.271147 
0.411326 0.410034 
-0.418838 0.348779 
-0.33275 0.407353 
-0.401924 0.361797 
0.537773 0.250049 
-0.274 0.438091 
-0.206541 0.46607 
-0.132134 0.489152 
-0.157569 0.482117 
-0.0519363 0.505876 
-0.385082 0.373965 
-0.572086 0.171965 
-0.551227 0.205174 
-0.625484 0.0423928 
0.551622 0.224135 
0.486017 0.332184 
0.344879 0.4542 
0.369304 0.440015 
-0.368003 0.385559 
0.391088 0.425443 
0.473141 0.348515 
0.462133 0.361382 
-0.469282 0.304294 
0.034306 0.514927 
0.288219 0.479885 
0.510183 0.297304 
-0.314108 0.417816 
0.610621 0.106887 
0.578206 0.173587 
0.59074 0.149094 
0.601567 0.126874 
0.637376 0.0239442 
0.641908 -0.00857374 
0.6401 0.00769507 
0.633761 0.0402064 
-0.350715 0.39659 
0.430058 0.393923 
0.523176 0.276021 
-0.182377 0.474411 
-0.485302 0.287987 
0.317755 0.467643 
-0.0238818 0.509832 
0.00487678 0.512877 
0.624032 0.0727006 
-0.0793338 0.501074 
0.565113 0.198573 
0.0644563 0.515885 
0.0952696 0.515629 
-0.106049 0.495487 
0.126349 0.514047 
0.191057 0.506091 
0.223767 0.499388 
0.256316 0.49067 
0.158432 0.510929 
0.629296 0.0564597 
0.618077 0.0888118 
ZONE T="boundary5"
-0.228078 -0.391486 
-0.202396 -0.389855 
-0.63147 -0.125143 
-0.634838 -0.103355 
-0.597962 -0.223369 
-0.588764 -0.240087 
-0.637712 -0.0590765 
-0.636918 -0.0813056 
-0.626791 -0.146696 
-0.525518 -0.316416 
-0.507721 -0.330528 
-0.635463 -0.0141591 
-0.637226 -0.0366755 
0.642841 -0.0329651 
0.642257 -0.0490623 
-0.606457 -0.205685 
-0.277538 -0.393177 
-0.301216 -0.392967 
-0.324694 -0.391879 
-0.347011 -0.389871 
-0.36913 -0.386786 
-0.411035 -0.377363 
-0.431278 -0.370831 
-0.25284 -0.392631 
-0.176717 -0.387947 
0.640713 -0.0650114 
0.625448 -0.126236 
-0.554746 -0.287466 
-0.540894 -0.302213 
0.613862 -0.152951 
-0.578716 -0.256142 
-0.567208 -0.272246 
0.630402 -0.111883 
0.63475 -0.0965408 
0.607417 -0.16532 
0.593237 -0.188773 
-0.150216 -0.38585 
-0.12378 -0.383769 
-0.489455 -0.34285 
-0.470591 -0.353626 
-0.451075 -0.362977 
-0.614015 -0.18741 
-0.620795 -0.167941 
-0.0965143 -0.381746 
-0.0413822 -0.378337 
-0.0693386 -0.379936 
-0.0135384 -0.377025 
0.0149179 -0.375956 
0.0432455 -0.375118 
0.0722136 -0.374419 
0.101083 -0.373781 
0.130503 -0.37307 
0.220276 -0.369012 
0.251023 -0.366383 
0.374972 -0.343699 
0.428204 -0.324965 
0.312938 -0.357953 
0.281745 -0.362797 
0.405578 -0.333802 
0.45042 -0.314814 
0.4995 -0.285842 
0.475437 -0.301318 
0.619771 -0.140226 
0.559576 -0.232275 
0.540472 -0.252086 
0.64246 -0.0167357 
0.638208 -0.080852 
0.585549 -0.199937 
-0.390232 -0.382678 
0.344011 -0.351676 
0.190063 -0.37086 
0.15986 -0.372162 
0.568697 -0.221718 
0.520512 -0.269864 
-0.215234 -0.390715 
-0.633317 -0.114276 
-0.593478 -0.231792 
-0.637476 -0.0701987 
-0.629294 -0.135957 
-0.516759 -0.323646 
-0.636502 -0.0254066 
-0.637628 -0.0478744 
-0.335868 -0.391002 
-0.421212 -0.374257 
-0.289382 -0.393172 
-0.240457 -0.392122 
-0.189554 -0.388925 
-0.547948 -0.29496 
-0.573091 -0.264288 
-0.583856 -0.248188 
0.632688 -0.104243 
0.600567 -0.177192 
-0.136996 -0.384801 
-0.480124 -0.34841 
-0.533334 -0.309453 
-0.163463 -0.386905 
-0.617546 -0.177726 
-0.610363 -0.196601 
-0.110144 -0.382736 
-0.0553568 -0.379101 
-0.0274572 -0.377646 
0.0290852 -0.375513 
0.0577304 -0.374754 
-0.623956 -0.157367 
0.0866498 -0.374099 
0.115793 -0.373442 
0.235655 -0.367804 
-0.441246 -0.367069 
0.297363 -0.360538 
0.266395 -0.364721 
0.416949 -0.329537 
-0.602331 -0.214587 
0.463051 -0.308298 
0.390352 -0.338999 
0.550206 -0.242359 
0.642771 -0.0248471 
0.639581 -0.0729499 
0.616891 -0.146623 
0.610708 -0.159171 
0.589446 -0.194392 
0.628023 -0.119092 
0.622701 -0.133268 
0.636597 -0.0887216 
0.64267 -0.0410174 
0.641605 -0.0570478 
-0.265189 -0.39299 
0.439385 -0.320053 
-0.312965 -0.392543 
-0.561103 -0.27996 
-0.63604 -0.0923477 
0.000692652 -0.376458 
0.205172 -0.370015 
0.174963 -0.371568 
0.487622 -0.29382 
-0.0829236 -0.380811 
0.145182 -0.37265 
0.328509 -0.355005 
-0.400678 -0.380176 
-0.379714 -0.384877 
-0.460919 -0.358474 
-0.358096 -0.388471 
-0.498706 -0.336861 
0.57732 -0.210982 
0.564184 -0.227038 
0.530663 -0.261168 
0.51016 -0.278055 
0.359544 -0.347908 
