ZONE T="boundary0"
-4 0.133003 
-4 0.180802 
-4 0.220426 
-4 0.647647 
-4 0.530196 
-4 0.26005 
-4 0.398906 
-4 0.329478 
-4 -0.168376 
-4 -0.23357 
-4 -0.203476 
-4 -0.450492 
-4 -0.387173 
-4 0.464551 
-4 0.0852039 
-4 0.0110631 
-4 -0.0630776 
-4 -0.0981771 
-4 -0.133277 
-4 -0.564931 
-4 -0.679371 
-4 -0.323854 
-4 -0.839685 
-4 0.765098 
-4 -1 
-4 1 
-4 0.294764 
-4 -0.263665 
-4 0.200614 
-4 0.588921 
-4 0.364192 
-4 0.240238 
-4 -0.218523 
-4 -0.418832 
-4 0.497373 
-4 0.109103 
-4 0.0481335 
-4 0.156903 
-4 -0.0260072 
-4 -0.115727 
-4 -0.622151 
-4 -0.507712 
-4 -0.759528 
-4 0.706372 
-4 -0.919843 
-4 0.882549 
-4 0.277407 
-4 0.312121 
-4 -0.150826 
-4 -0.248617 
-4 -0.293759 
-4 -0.355513 
-4 -0.0806273 
-4 0.431728 
-4 -0.185926 
ZONE T="boundary1"
-3.11876 1 
-3.83378 1 
-3.66756 1 
-1.49149 1 
-1.41573 1 
3.75325 1 
3.5065 1 
-0.43157 1 
-0.330076 1 
0.403105 1 
-0.964816 1 
0.162389 1 
0.499705 1 
-0.739195 1 
-0.857546 1 
-1.13906 1 
-2.36757 1 
-2.73466 1 
-1.20603 1 
2.69323 1 
2.32258 1 
1.59143 1 
-3.39316 1 
3.12024 1 
2.90674 1 
2.01275 1 
-2.23551 1 
0.272019 1 
0.228324 1 
0.0964539 1 
0.0286198 1 
-0.0392148 1 
0.315715 1 
-0.191931 1 
-0.620844 1 
0.596305 1 
0.716418 1 
0.776474 1 
0.836531 1 
0.948428 1 
-4 1 
-1.83931 1 
-1.33997 1 
-1.07209 1 
-1.6654 1 
-0.526207 1 
1.06033 1 
1.16438 1 
4 1 
1.42993 1 
-2.10344 1 
1.26843 1 
1.34918 1 
1.80209 1 
2.16766 1 
-0.115573 1 
-0.261004 1 
-3.75067 1 
-1.45361 1 
3.62987 1 
-0.380823 1 
0.451405 1 
-0.798371 1 
-2.55111 1 
2.5079 1 
-2.92671 1 
3.31337 1 
2.79998 1 
-2.30154 1 
0.250172 1 
0.0625368 1 
-0.00529737 1 
0.129422 1 
0.35941 1 
0.656361 1 
0.548005 1 
-0.680019 1 
-3.25596 1 
-3.53036 1 
-1.17254 1 
-1.273 1 
-1.37785 1 
-1.01845 1 
-1.57845 1 
-0.573525 1 
-0.478889 1 
1.11235 1 
3.87662 1 
-0.911181 1 
-1.75236 1 
1.51068 1 
1.38955 1 
-2.16947 1 
-1.97138 1 
1.90742 1 
2.24512 1 
0.195357 1 
-0.153752 1 
-0.0773936 1 
-0.226468 1 
-0.29554 1 
1.00438 1 
0.293867 1 
-1.10557 1 
1.30881 1 
1.21641 1 
1.69676 1 
3.01349 1 
-3.91689 1 
2.09021 1 
0.746446 1 
0.892479 1 
0.806502 1 
ZONE T="boundary2"
4 -0.312908 
4 -0.289441 
4 -0.265974 
4 -1 
4 -0.736245 
4 -0.352803 
4 0.663305 
4 0.831653 
4 -0.231622 
4 -0.538429 
4 -0.47249 
4 0.200439 
4 0.240997 
4 -0.392699 
4 -0.197271 
4 -0.128567 
4 -0.162919 
4 -0.0569117 
4 0.0147434 
4 -0.604367 
4 0.0873119 
4 0.15988 
4 0.281555 
4 0.467671 
4 0.394892 
4 0.565488 
4 1 
4 0.322114 
4 0.358503 
4 -0.277707 
4 -0.868122 
4 -0.332855 
4 0.747479 
4 -0.505459 
4 0.220718 
4 -0.301174 
4 -0.372751 
4 -0.248798 
4 -0.214446 
4 -0.145743 
4 -0.0210842 
4 -0.0927394 
4 -0.432594 
4 -0.670306 
4 -0.571398 
4 0.0510277 
4 0.431281 
4 0.614397 
4 0.18016 
4 0.915826 
4 -0.180095 
4 0.301834 
4 0.261276 
4 0.340308 
4 0.376697 
4 0.516579 
4 0.123596 
ZONE T="boundary3"
-2.10646 -1 
-1.90759 -1 
4 -1 
1.92797 -1 
-1.59955 -1 
-1.42479 -1 
-0.245936 -1 
-0.304601 -1 
-0.363266 -1 
-1.08451 -1 
-0.480596 -1 
0.3727 -1 
0.486326 -1 
1.01063 -1 
0.890279 -1 
0.782529 -1 
-2.30534 -1 
-0.837535 -1 
1.72115 -1 
1.5463 -1 
1.13099 -1 
-1.75357 -1 
3.75 -1 
1.25122 -1 
2.67378 -1 
-3.32914 -1 
-3.07221 -1 
-2.60033 -1 
-1.28063 -1 
2.52178 -1 
2.07642 -1 
3.36674 -1 
-2.95424 -1 
2.22488 -1 
3.09626 -1 
0.0013639 -1 
-0.190345 -1 
-0.717566 -1 
-0.134754 -1 
0.142117 -1 
0.200595 -1 
-0.597597 -1 
0.259073 -1 
-0.0666951 -1 
0.674778 -1 
0.580552 -1 
1.37145 -1 
1.45888 -1 
-1.35271 -1 
-1.18257 -1 
-3.79303 -1 
-4 -1 
-1.02277 -1 
-3.58606 -1 
1.82456 -1 
2.82578 -1 
-2.83627 -1 
0.0717404 -1 
-0.961024 -1 
-2.00703 -1 
-1.51217 -1 
-0.275269 -1 
-0.333934 -1 
0.429513 -1 
0.950457 -1 
0.836404 -1 
1.07081 -1 
-1.67656 -1 
-2.2059 -1 
-3.20068 -1 
2.59778 -1 
-0.21814 -1 
-0.16255 -1 
0.171356 -1 
-0.421931 -1 
-0.539096 -1 
-0.657582 -1 
0.315886 -1 
-0.100725 -1 
-0.0326656 -1 
-0.777551 -1 
3.875 -1 
0.728653 -1 
0.627664 -1 
1.1911 -1 
1.31133 -1 
1.50259 -1 
-1.31667 -1 
-1.13354 -1 
0.533439 -1 
-3.89651 -1 
-1.38875 -1 
-1.2316 -1 
-3.68954 -1 
3.2315 -1 
2.15065 -1 
2.96102 -1 
2.0022 -1 
-2.89526 -1 
-2.45284 -1 
2.74978 -1 
2.37333 -1 
-3.01323 -1 
-2.7183 -1 
-1.83058 -1 
3.55837 -1 
0.0365522 -1 
-1.05364 -1 
-0.89928 -1 
-0.991897 -1 
0.106929 -1 
0.229834 -1 
1.87627 -1 
1.63373 -1 
1.41516 -1 
1.77286 -1 
-3.4576 -1 
ZONE T="boundary4"
0.568588 0.292641 
0.0064439 0.455692 
-0.207636 0.384612 
-0.181258 0.395142 
0.0892451 0.472022 
0.11734 0.47572 
0.379434 0.448458 
0.408275 0.436055 
0.649522 0.0968203 
-0.636959 0.0223796 
-0.62883 0.0467708 
-0.606969 0.0941725 
0.656571 0.0572513 
0.652368 0.083606 
0.658618 0.030977 
-0.593311 0.116973 
-0.618824 0.0707412 
0.174211 0.479953 
0.203042 0.480283 
-0.259949 0.362428 
0.261492 0.476732 
-0.647597 -0.027224 
0.65834 0.00496868 
-0.504165 0.217027 
-0.48057 0.236523 
-0.529799 0.193525 
-0.458246 0.253455 
-0.435163 0.269569 
-0.411362 0.284849 
0.55178 0.317556 
-0.362237 0.313005 
-0.337102 0.326082 
-0.311579 0.338667 
-0.233886 0.3737 
-0.577953 0.139015 
-0.285887 0.350747 
-0.387086 0.299256 
-0.154791 0.405265 
-0.0747033 0.432956 
-0.10153 0.424205 
-0.0478276 0.441139 
-0.0207437 0.448748 
-0.542625 0.180586 
0.0338478 0.461937 
0.0614421 0.467404 
0.61925 0.188628 
0.608184 0.214949 
0.145604 0.478392 
-0.128176 0.414978 
0.596398 0.240966 
0.350136 0.458578 
0.532815 0.341456 
0.436218 0.421365 
0.463038 0.404346 
0.511566 0.364156 
0.232116 0.479259 
0.583361 0.266999 
0.320606 0.466556 
0.290975 0.472559 
0.638479 0.136258 
0.646243 0.109962 
0.62934 0.162599 
0.48824 0.385211 
-0.517155 0.205466 
-0.643207 -0.0023103 
-0.560996 0.160249 
-0.194465 0.389924 
0.103275 0.473995 
0.393973 0.44253 
-0.633121 0.0346476 
0.654719 0.0704666 
0.657873 0.044134 
-0.600341 0.105691 
0.188623 0.48028 
-0.492476 0.226908 
-0.423332 0.277321 
-0.46949 0.245099 
0.560416 0.305257 
-0.349706 0.319618 
-0.32437 0.332439 
-0.246937 0.368112 
-0.585818 0.128122 
-0.272939 0.356639 
-0.399281 0.292153 
-0.168043 0.400253 
-0.0881385 0.428644 
-0.0343091 0.44502 
-0.00717331 0.452304 
-0.536269 0.187112 
0.0476227 0.464772 
0.613804 0.201824 
0.131457 0.47719 
-0.220779 0.379203 
-0.114874 0.419649 
-0.298757 0.344764 
0.60239 0.228002 
-0.374707 0.306218 
0.364876 0.453779 
0.0753229 0.469825 
0.542535 0.329696 
0.449805 0.413134 
0.522427 0.353028 
0.422393 0.428989 
0.217584 0.479948 
0.159898 0.479321 
0.576186 0.279943 
0.335437 0.462812 
0.276263 0.474855 
0.24682 0.478189 
0.642535 0.12316 
-0.0612879 0.437117 
0.624396 0.175652 
0.634045 0.149474 
0.658777 0.017968 
0.647933 0.103404 
0.651001 0.0902247 
-0.446783 0.261627 
0.500126 0.374931 
-0.141503 0.410174 
0.0201227 0.458907 
0.305837 0.469786 
0.590038 0.254063 
-0.510701 0.211293 
-0.613109 0.0825616 
-0.64563 -0.0147299 
-0.640311 0.0100897 
-0.624048 0.0588452 
-0.569643 0.149765 
-0.551959 0.170551 
-0.523523 0.199544 
0.475841 0.395045 
ZONE T="boundary5"
-0.607871 -0.251506 
-0.594999 -0.275437 
-0.628543 -0.20254 
-0.650908 -0.0774085 
-0.248469 -0.470358 
-0.650153 -0.0522738 
-0.63643 -0.177709 
-0.619022 -0.227155 
-0.64989 -0.102553 
-0.647123 -0.127686 
-0.642632 -0.152742 
0.642933 -0.0698967 
0.64702 -0.0578587 
-0.398761 -0.442901 
-0.369452 -0.452798 
-0.309116 -0.465802 
-0.339441 -0.460425 
0.0606397 -0.408414 
0.0335566 -0.41729 
-0.131592 -0.460172 
-0.218574 -0.46991 
-0.189142 -0.46793 
-0.160129 -0.46462 
-0.0756029 -0.448474 
-0.525212 -0.363464 
-0.50319 -0.382742 
-0.545402 -0.342931 
-0.563767 -0.32131 
-0.580306 -0.298755 
0.632998 -0.0932794 
-0.103551 -0.454768 
0.507943 -0.226205 
-0.479421 -0.400524 
-0.453953 -0.416629 
-0.427028 -0.430796 
-0.0481249 -0.441512 
0.530273 -0.210726 
0.00644686 -0.425815 
0.551494 -0.194177 
-0.0207271 -0.433908 
-0.647597 -0.027224 
0.65834 0.00496868 
0.0876836 -0.399277 
0.114807 -0.389913 
0.169154 -0.370792 
0.196358 -0.361127 
0.141908 -0.380421 
0.38504 -0.290408 
0.223656 -0.351387 
0.250875 -0.341625 
0.30519 -0.32181 
0.2781 -0.331771 
0.358759 -0.301229 
0.410973 -0.279016 
0.460891 -0.254246 
0.484707 -0.240721 
0.436174 -0.26705 
0.33209 -0.311666 
0.571459 -0.176375 
0.589827 -0.157328 
0.60633 -0.137078 
0.620766 -0.1157 
0.655643 -0.0206337 
-0.278679 -0.469059 
0.650503 -0.0456271 
-0.601636 -0.263581 
-0.650754 -0.0648372 
-0.632681 -0.190188 
-0.623968 -0.214921 
-0.645087 -0.140253 
-0.648722 -0.115145 
-0.639734 -0.165278 
0.645052 -0.063902 
-0.384204 -0.448136 
-0.324328 -0.463383 
0.0471087 -0.412888 
-0.233522 -0.47034 
-0.20385 -0.469101 
-0.554778 -0.332287 
-0.572235 -0.31018 
0.638253 -0.0817132 
-0.089558 -0.451723 
-0.466846 -0.40883 
-0.117553 -0.457588 
-0.0618458 -0.445078 
-0.491477 -0.391864 
0.519205 -0.218611 
0.541007 -0.202615 
-0.034409 -0.437781 
-0.649102 -0.0397287 
-0.174622 -0.466434 
-0.00712537 -0.42992 
0.07417 -0.403872 
0.101252 -0.394613 
0.18276 -0.365963 
0.210012 -0.35626 
0.237272 -0.346512 
0.291657 -0.326811 
0.371931 -0.295884 
-0.535495 -0.353384 
0.472866 -0.247602 
0.423623 -0.273134 
0.318657 -0.316771 
0.398047 -0.284797 
0.345448 -0.306495 
0.128363 -0.385178 
0.561632 -0.185455 
0.598296 -0.147385 
0.58083 -0.167037 
-0.587856 -0.287226 
-0.145844 -0.462533 
-0.263587 -0.469938 
-0.613632 -0.239417 
-0.440631 -0.423982 
0.0200141 -0.421599 
0.496404 -0.233593 
-0.293927 -0.467683 
0.264497 -0.336709 
0.155536 -0.375613 
0.448592 -0.260762 
-0.650619 -0.089992 
0.627151 -0.10464 
0.613793 -0.126558 
0.6573 -0.00786719 
0.653382 -0.0331962 
0.648837 -0.0517672 
-0.354519 -0.456894 
-0.514383 -0.373312 
-0.413015 -0.43713 
