ZONE T="boundary0"
-4 -0.415212 
-4 -0.35078 
-4 0.0258661 
-4 1 
-4 0.737893 
-4 0.351705 
-4 0.475786 
-4 0.323207 
-4 0.29471 
-4 -0.170557 
-4 -0.13196 
-4 0.248995 
-4 0.0999797 
-4 0.60684 
-4 0.15163 
-4 -0.0482475 
-4 -0.544901 
-4 -0.67459 
-4 -0.480056 
-4 -0.318564 
-4 -0.837295 
-4 -1 
-4 0.203281 
-4 -0.286348 
-4 -0.209154 
-4 -0.247751 
-4 -0.382996 
-4 0.868947 
-4 0.413745 
-4 0.308958 
-4 -0.151259 
-4 0.271852 
-4 0.337456 
-4 0.541313 
-4 -0.0111907 
-4 0.0629229 
-4 -0.609745 
-4 -0.0901039 
-4 -0.755942 
-4 -0.918647 
-4 0.672366 
-4 0.226138 
-4 0.177456 
-4 -0.512479 
-4 -0.447634 
-4 0.125805 
-4 -0.189856 
-4 -0.26705 
-4 -0.302456 
-4 -0.334672 
-4 -0.228453 
ZONE T="boundary1"
-3.75 1 
-4 1 
3.49128 1 
-0.244099 1 
-0.303117 1 
-1.33439 1 
2.6352 1 
0.407034 1 
0.328132 1 
0.238933 1 
0.162286 1 
0.0856399 1 
0.0196889 1 
-0.0462621 1 
-1.74178 1 
-1.22238 1 
-1.91496 1 
-2.08815 1 
1.34264 1 
1.45158 1 
2.15162 1 
-3.53597 1 
-3.22217 1 
-2.90837 1 
1.76795 1 
4 1 
3.66085 1 
-0.824005 1 
-0.185081 1 
-0.115672 1 
-0.651121 1 
-0.547658 1 
-0.373656 1 
0.485936 1 
-0.766377 1 
0.904407 1 
-1.11036 1 
-0.995997 1 
1.11258 1 
1.00849 1 
0.798729 1 
0.693051 1 
0.589494 1 
1.22761 1 
-1.43017 1 
-1.52595 1 
1.97538 1 
1.56052 1 
3.13212 1 
2.94255 1 
2.32786 1 
-2.57706 1 
-2.68749 1 
-2.27739 1 
-2.46662 1 
3.3217 1 
-0.495926 1 
-0.444194 1 
-0.881634 1 
-3.875 1 
-0.273608 1 
0.367583 1 
0.283533 1 
0.123963 1 
0.0526644 1 
-2.00156 1 
-1.82837 1 
1.39711 1 
-3.64298 1 
-3.06527 1 
3.83043 1 
0.20061 1 
-0.150377 1 
-0.0132866 1 
-0.599389 1 
-0.338387 1 
-0.21459 1 
0.446485 1 
-0.708749 1 
1.06054 1 
0.74589 1 
0.956451 1 
0.641273 1 
1.17009 1 
-1.47806 1 
-1.16637 1 
-1.27838 1 
-1.05318 1 
-1.63387 1 
1.87166 1 
1.66424 1 
2.78887 1 
2.48153 1 
-2.63228 1 
-2.79793 1 
-3.37907 1 
-2.18277 1 
-2.372 1 
3.40649 1 
3.03734 1 
3.57606 1 
3.22691 1 
-0.0809669 1 
-0.521792 1 
-0.47006 1 
-0.938816 1 
0.537715 1 
-0.408925 1 
-1.38228 1 
1.50605 1 
0.851568 1 
1.28512 1 
2.0635 1 
-2.52184 1 
2.23974 1 
-0.795191 1 
-0.85282 1 
ZONE T="boundary2"
4 -0.446704 
4 -0.804469 
4 -0.608939 
4 -0.252358 
4 -1 
4 1 
4 0.758063 
4 0.44299 
4 0.516126 
4 0.637095 
4 0.269234 
4 0.229125 
4 -0.322103 
4 -0.384403 
4 -0.120433 
4 -0.0582514 
4 -0.182614 
4 0.108797 
4 0.189015 
4 -0.28723 
4 0.319544 
4 0.369854 
4 0.0252728 
4 -0.706704 
4 0.879032 
4 0.479558 
4 0.57661 
4 -0.353253 
4 -0.0893419 
4 -0.415554 
4 -0.527822 
4 -0.217486 
4 -0.151523 
4 -0.902235 
4 -0.304666 
4 0.148906 
4 0.249179 
4 0.294389 
4 0.20907 
4 0.344699 
4 0.406422 
4 0.697579 
4 0.0670349 
4 -0.0164893 
4 -0.269794 
ZONE T="boundary3"
2.9784 -1 
2.80879 -1 
-0.654701 -1 
-0.849901 -1 
0.260914 -1 
-0.370397 -1 
-0.0965702 -1 
-0.0192807 -1 
0.600696 -1 
1.46025 -1 
3.35827 -1 
-0.74891 -1 
0.894398 -1 
0.946017 -1 
0.84278 -1 
1.77613 -1 
3.67914 -1 
-0.950892 -1 
4 -1 
-3.46434 -1 
2.47713 -1 
2.63917 -1 
-2.98746 -1 
-3.2259 -1 
-2.31747 -1 
-2.10621 -1 
-2.7581 -1 
-1.92735 -1 
-1.37178 -1 
-1.56013 -1 
-1.74848 -1 
0.0594141 -1 
-0.17386 -1 
-0.240446 -1 
0.138109 -1 
0.402799 -1 
0.501747 -1 
0.739543 -1 
0.199511 -1 
0.331856 -1 
-0.433762 -1 
1.02566 -1 
1.18496 -1 
1.10531 -1 
-0.560491 -1 
-1.26786 -1 
-1.16394 -1 
-1.05741 -1 
-3.73217 -1 
1.36243 -1 
1.54018 -1 
1.62011 -1 
-4 -1 
1.93215 -1 
2.12362 -1 
2.31508 -1 
-2.52873 -1 
-0.307033 -1 
1.26461 -1 
2.8936 -1 
-0.0579255 -1 
3.16834 -1 
-0.799405 -1 
0.920207 -1 
3.83957 -1 
2.55815 -1 
3.5187 -1 
-3.10668 -1 
-2.21184 -1 
-2.87278 -1 
-1.46595 -1 
0.0200667 -1 
0.0987615 -1 
0.452273 -1 
0.670119 -1 
0.551221 -1 
0.230213 -1 
0.791161 -1 
0.296385 -1 
0.367327 -1 
1.14514 -1 
-0.607596 -1 
-0.701805 -1 
-1.2159 -1 
-0.900396 -1 
-1.00415 -1 
-3.59826 -1 
-0.497126 -1 
1.41134 -1 
1.58015 -1 
-1.11067 -1 
1.85414 -1 
1.50022 -1 
1.69812 -1 
-3.86609 -1 
2.02789 -1 
2.39611 -1 
2.21935 -1 
-2.01678 -1 
-1.83792 -1 
-1.65431 -1 
2.72398 -1 
-2.64341 -1 
-2.4231 -1 
-3.34512 -1 
0.16881 -1 
-0.338715 -1 
-0.207153 -1 
-0.135215 -1 
0.868589 -1 
0.985841 -1 
1.06549 -1 
1.22479 -1 
1.31352 -1 
-0.273739 -1 
-0.402079 -1 
-1.31982 -1 
ZONE T="boundary4"
0.112441 0.382268 
0.141742 0.382791 
-0.643158 0.010969 
0.6436 0.0274801 
0.643196 0.0553348 
-0.644926 0.0599135 
0.583346 0.213335 
0.574788 0.224928 
0.171079 0.382819 
-0.330838 0.369998 
-0.312035 0.371443 
-0.273806 0.373181 
-0.247718 0.373725 
0.641164 -0.000249207 
-0.194847 0.374062 
-0.221625 0.373966 
-0.644834 0.0353568 
-0.634907 0.13358 
0.637163 0.096811 
-0.627924 0.157652 
0.641909 0.0692132 
0.639899 0.0830313 
0.613324 0.163403 
0.624877 0.137108 
-0.608403 0.203933 
-0.619079 0.181164 
-0.564207 0.26807 
0.633748 0.110372 
-0.548106 0.284466 
0.535196 0.268975 
0.545734 0.258617 
-0.530795 0.299396 
-0.0579508 0.375899 
-0.0298193 0.376848 
-0.580943 0.247739 
-0.349547 0.368057 
-0.374075 0.364589 
-0.489559 0.326625 
-0.510723 0.313925 
0.524214 0.278863 
0.629638 0.123836 
-0.44511 0.346503 
-0.467703 0.33742 
0.565818 0.236202 
0.556005 0.247616 
-0.398214 0.359947 
-0.421924 0.353966 
-0.168132 0.374138 
-0.0018088 0.37794 
0.49966 0.298116 
0.512157 0.288771 
-0.0856571 0.375157 
0.026592 0.37913 
-0.643351 0.08456 
-0.640033 0.109168 
-0.292942 0.372483 
-0.113495 0.374625 
-0.14076 0.374302 
0.445536 0.330084 
0.354929 0.362467 
0.385931 0.353699 
0.323821 0.369325 
0.416427 0.342861 
0.486906 0.3068 
0.473795 0.314928 
0.0836825 0.381403 
0.201079 0.382188 
0.261877 0.378234 
0.29261 0.374527 
0.606629 0.176262 
0.599404 0.188836 
0.054922 0.380312 
0.231114 0.380737 
-0.595979 0.225757 
0.127088 0.382583 
0.643759 0.0414104 
0.579118 0.219172 
0.156407 0.382876 
-0.321441 0.370778 
-0.260762 0.373502 
-0.208233 0.374024 
-0.645083 0.0476368 
0.640994 0.0761346 
0.63862 0.0899381 
0.619399 0.150385 
-0.613965 0.192655 
0.63554 0.103612 
-0.556327 0.276434 
0.540521 0.263853 
-0.539606 0.292108 
-0.0438806 0.376351 
-0.361835 0.366462 
-0.520921 0.306879 
0.52976 0.27398 
0.631776 0.117129 
-0.456495 0.342168 
0.560967 0.241959 
-0.410119 0.357136 
-0.0158118 0.377379 
0.505962 0.293514 
-0.0717997 0.375503 
0.0123942 0.37853 
-0.641912 0.0968956 
-0.283376 0.37287 
-0.340201 0.369095 
-0.0995712 0.374864 
-0.154441 0.374204 
-0.478742 0.332237 
-0.644351 0.072253 
-0.637696 0.121423 
-0.64419 0.0231518 
0.642643 0.0622817 
-0.23467 0.373873 
0.370495 0.358325 
0.4311 0.336746 
0.480393 0.310933 
0.49333 0.302527 
0.518243 0.283887 
0.0980593 0.381871 
0.186077 0.382596 
-0.302492 0.372011 
0.277259 0.376541 
0.627337 0.1305 
0.610045 0.169868 
0.60308 0.182586 
0.0693012 0.380878 
0.246502 0.379625 
0.308243 0.372116 
-0.127122 0.374441 
0.0407563 0.379728 
0.216098 0.381575 
0.40127 0.348546 
0.339419 0.366111 
0.591608 0.201239 
0.570355 0.230605 
-0.631645 0.145685 
-0.602407 0.214968 
-0.588698 0.23691 
-0.572808 0.258096 
-0.500278 0.320496 
-0.433584 0.350429 
0.550929 0.25317 
-0.38618 0.362428 
0.64273 0.0135829 
-0.623731 0.169496 
-0.181486 0.374095 
0.459821 0.322798 
ZONE T="boundary5"
-0.319242 -0.420947 
-0.345675 -0.406147 
-0.180153 -0.478755 
-0.208639 -0.469365 
0.38011 -0.421827 
0.355876 -0.438226 
-0.580287 -0.174282 
-0.566875 -0.196135 
-0.639979 -0.0131884 
-0.643158 0.010969 
-0.371123 -0.390508 
-0.622064 -0.0839935 
-0.629375 -0.0606895 
-0.635362 -0.0370912 
-0.592544 -0.152153 
-0.483719 -0.300096 
-0.500136 -0.28293 
-0.0653166 -0.505525 
-0.236761 -0.45893 
-0.292233 -0.434682 
-0.264732 -0.447338 
-0.0942069 -0.500396 
-0.0364373 -0.509604 
-0.151669 -0.487013 
-0.122917 -0.494246 
0.598989 -0.123737 
0.588202 -0.144117 
-0.515839 -0.265134 
0.641164 -0.000249207 
-0.552342 -0.217739 
0.636027 -0.0277148 
-0.536804 -0.238998 
-0.463629 -0.319394 
-0.41967 -0.356339 
-0.44236 -0.338085 
-0.395896 -0.373838 
0.517475 -0.266698 
0.501023 -0.29258 
0.533162 -0.240275 
-0.613471 -0.106995 
-0.00745961 -0.512643 
0.0505602 -0.515504 
0.0215427 -0.514618 
0.0795957 -0.515263 
0.108557 -0.51385 
0.137399 -0.511214 
0.222854 -0.495291 
0.166207 -0.507273 
0.25068 -0.487086 
0.194678 -0.501993 
0.277997 -0.477329 
0.30466 -0.465983 
0.330683 -0.452948 
0.575777 -0.16641 
0.445848 -0.363316 
0.465455 -0.340844 
0.4837 -0.317373 
0.403146 -0.403892 
0.563045 -0.188623 
0.618588 -0.0814532 
0.609112 -0.103075 
0.548137 -0.214414 
0.628413 -0.0547757 
-0.603623 -0.129711 
0.425206 -0.384238 
-0.332534 -0.41368 
-0.194439 -0.47419 
0.368127 -0.43023 
-0.573699 -0.18528 
-0.641753 -0.00113203 
-0.358479 -0.398457 
-0.625879 -0.0723898 
-0.637846 -0.0251717 
-0.492014 -0.291594 
-0.222748 -0.464278 
-0.305806 -0.427948 
-0.250802 -0.453267 
-0.0797833 -0.503088 
-0.0508938 -0.507693 
-0.165948 -0.483011 
-0.137324 -0.490758 
0.593663 -0.13396 
-0.508078 -0.27411 
-0.559717 -0.20701 
-0.526494 -0.252203 
-0.586543 -0.163287 
-0.431115 -0.347335 
-0.407876 -0.365215 
-0.473783 -0.309857 
0.509373 -0.279721 
-0.544675 -0.228443 
-0.617919 -0.095549 
0.00703403 -0.513764 
0.0650812 -0.515527 
-0.0219607 -0.511254 
0.122994 -0.512689 
-0.632536 -0.0489308 
0.151828 -0.509409 
0.236824 -0.491379 
0.264409 -0.482405 
0.291414 -0.471858 
0.343398 -0.445794 
0.474733 -0.329234 
0.492508 -0.305082 
0.455816 -0.352229 
0.391774 -0.413053 
0.604146 -0.11345 
0.54066 -0.227346 
0.555596 -0.201515 
0.582039 -0.155288 
0.569433 -0.177525 
0.208811 -0.498824 
0.0940856 -0.514706 
-0.453098 -0.328856 
-0.59822 -0.140998 
-0.608691 -0.118414 
-0.108588 -0.497447 
0.0360491 -0.515199 
0.180476 -0.504806 
0.317773 -0.459672 
0.435688 -0.373942 
0.525388 -0.253527 
-0.383597 -0.382302 
0.632505 -0.041326 
0.623742 -0.0682026 
0.613982 -0.0923202 
0.638918 -0.0140437 
0.414335 -0.39425 
-0.278544 -0.441144 
