ZONE T="boundary0"
-4 -1 
-4 -0.570946 
-4 -0.299926 
-4 -0.233501 
-4 -0.378148 
-4 -0.1429 
-4 0.288751 
-4 0.252333 
-4 0.0435617 
-4 -0.0209746 
-4 0.674018 
-4 -0.474547 
-4 0.398005 
-4 0.782679 
-4 1 
-4 -0.0819371 
-4 0.325169 
-4 0.565358 
-4 0.108098 
-4 0.481681 
-4 0.180215 
-4 0.216274 
-4 0.144157 
-4 -0.785473 
-4 -0.266713 
-4 -0.1882 
-4 0.270542 
-4 0.0112936 
-4 -0.522746 
-4 0.891339 
-4 -0.339037 
-4 -0.112418 
-4 0.0758298 
-4 -0.0514558 
-4 0.619688 
-4 0.30696 
-4 0.361587 
-4 0.198245 
-4 0.234304 
-4 0.162186 
-4 0.52352 
-4 0.126127 
-4 0.439843 
-4 -0.426348 
-4 0.728349 
ZONE T="boundary1"
3.61286 1 
-0.123884 1 
0.0148285 1 
-0.0545277 1 
0.59215 1 
0.456138 1 
-0.566094 1 
-0.2647 1 
0.320127 1 
1.66864 1 
1.55202 1 
-1.24207 1 
-1.44757 1 
-1.34482 1 
3.80643 1 
3.43855 1 
3.26425 1 
1.4354 1 
-3.35664 1 
-3.56099 1 
2.97257 1 
-3.15229 1 
-4 1 
2.26612 1 
-2.56532 1 
-2.72048 1 
-2.09985 1 
-2.41016 1 
2.6809 1 
2.47351 1 
4 1 
0.160304 1 
-0.71766 1 
-0.412759 1 
-0.194292 1 
-0.338729 1 
0.0875662 1 
-1.07437 1 
-0.999095 1 
-1.57954 1 
-0.872278 1 
1.11681 1 
1.21837 1 
1.01526 1 
-1.71152 1 
-0.820739 1 
0.79935 1 
0.907302 1 
0.69575 1 
1.32688 1 
1.90188 1 
2.084 1 
-1.90568 1 
-1.8086 1 
-3.78049 1 
-2.93639 1 
0.388132 1 
-0.923817 1 
2.82674 1 
-0.0198496 1 
0.524144 1 
1.61033 1 
-1.39619 1 
3.3514 1 
-3.45881 1 
3.11841 1 
-2.6429 1 
-2.255 1 
2.5772 1 
0.240215 1 
-0.641877 1 
-0.489427 1 
-0.0892058 1 
-0.229496 1 
-0.159088 1 
-1.03673 1 
-1.29345 1 
-1.15822 1 
-1.51356 1 
1.16759 1 
-1.64553 1 
1.06603 1 
0.853326 1 
0.64395 1 
1.27263 1 
1.78526 1 
1.49371 1 
2.17506 1 
2.36981 1 
-1.76006 1 
-2.00276 1 
-1.85714 1 
-3.89025 1 
-3.67074 1 
3.90321 1 
3.70964 1 
-3.04434 1 
-3.25447 1 
1.99294 1 
3.52571 1 
0.422135 1 
0.35413 1 
-0.301714 1 
-0.375744 1 
-0.769199 1 
0.123935 1 
0.0511973 1 
-0.898047 1 
-0.961456 1 
-0.846508 1 
1.38114 1 
0.74755 1 
0.961279 1 
-2.82843 1 
2.89966 1 
2.75382 1 
-2.48774 1 
ZONE T="boundary2"
4 -1 
4 -0.701432 
4 0.0930193 
4 0.0286456 
4 0.136532 
4 0.180044 
4 0.310971 
4 0.349861 
4 0.424523 
4 0.226062 
4 0.624389 
4 1 
4 0.749593 
4 0.272081 
4 -0.324928 
4 -0.392874 
4 -0.288906 
4 -0.252885 
4 -0.581126 
4 -0.46082 
4 -0.216863 
4 -0.180841 
4 -0.108285 
4 -0.035728 
4 0.499186 
4 0.561788 
4 -0.850716 
4 0.0608324 
4 0.114775 
4 0.330416 
4 0.387192 
4 0.874796 
4 0.158288 
4 0.249071 
4 0.291526 
4 0.686991 
4 -0.358901 
4 -0.306917 
4 -0.270895 
4 -0.520973 
4 -0.641279 
4 0.203053 
4 -0.234874 
4 -0.144563 
4 -0.198852 
4 -0.0720064 
4 0.461855 
4 0.593089 
4 -0.426847 
4 -0.0035412 
4 0.530487 
ZONE T="boundary3"
-4 -1 
-1.10525 -1 
-1.22964 -1 
4 -1 
3.2175 -1 
0.085956 -1 
0.0260215 -1 
1.25147 -1 
1.34626 -1 
-0.303707 -1 
-0.249171 -1 
0.148321 -1 
0.598139 -1 
-0.141007 -1 
-3.66089 -1 
-0.50711 -1 
-3.32179 -1 
-2.84629 -1 
-1.48438 -1 
-1.5851 -1 
1.68562 -1 
-0.731323 -1 
-0.619216 -1 
2.14117 -1 
3.57352 -1 
1.91339 -1 
-2.64012 -1 
-2.43394 -1 
2.52087 -1 
2.33102 -1 
-2.22799 -1 
-1.68582 -1 
0.461055 -1 
0.529597 -1 
-0.0339131 -1 
-0.195089 -1 
-0.0874601 -1 
0.210686 -1 
0.335855 -1 
0.273271 -1 
0.398455 -1 
0.676271 -1 
0.754404 -1 
0.833992 -1 
0.91358 -1 
0.794198 -1 
0.987093 -1 
-0.358243 -1 
1.15604 -1 
1.44105 -1 
-0.980848 -1 
-0.856085 -1 
-1.35701 -1 
-2.02204 -1 
-1.85393 -1 
2.86377 -1 
2.69232 -1 
3.04064 -1 
1.06061 -1 
-1.16745 -1 
0.0559887 -1 
1.29887 -1 
-0.276439 -1 
-3.83045 -1 
-1.53474 -1 
-0.675269 -1 
3.39551 -1 
3.78676 -1 
2.02728 -1 
-2.53703 -1 
-2.7432 -1 
-3.08404 -1 
2.42594 -1 
-2.33097 -1 
0.563868 -1 
-0.0606866 -1 
0.179504 -1 
-0.168048 -1 
-0.22213 -1 
-0.0039458 -1 
-0.114234 -1 
0.117139 -1 
0.715338 -1 
0.495326 -1 
0.637205 -1 
0.873786 -1 
0.814095 -1 
0.950336 -1 
-0.432676 -1 
1.20375 -1 
1.39366 -1 
-0.563163 -1 
1.56333 -1 
-1.04305 -1 
-0.918467 -1 
-1.42069 -1 
-3.49134 -1 
-2.12502 -1 
-1.93799 -1 
-1.76987 -1 
2.23609 -1 
1.7995 -1 
2.60659 -1 
2.77805 -1 
2.95221 -1 
3.12907 -1 
-0.330975 -1 
0.367155 -1 
0.241978 -1 
0.304563 -1 
1.02385 -1 
0.429755 -1 
0.774301 -1 
1.10832 -1 
-0.793704 -1 
-1.29333 -1 
-1.63546 -1 
ZONE T="boundary4"
-0.318049 0.310385 
0.488531 0.219962 
0.104932 0.338527 
0.125005 0.341828 
-0.639454 0.0476295 
-0.637295 0.0292383 
0.0206096 0.320337 
-0.640943 0.0660134 
-0.641742 0.0843583 
-0.641829 0.102577 
-0.63448 0.0108652 
0.359177 0.323521 
0.374945 0.316763 
0.542006 0.0415943 
0.542392 0.0143223 
0.463891 0.251678 
0.0846777 0.334707 
-0.641183 0.120687 
0.00166331 0.315741 
-0.420669 0.339347 
-0.408997 0.337083 
-0.638102 0.152697 
-0.339235 0.317067 
-0.454544 0.342848 
-0.443197 0.34224 
-0.580108 0.290879 
-0.571586 0.299538 
-0.554154 0.313863 
-0.545274 0.319724 
-0.536096 0.32492 
-0.528495 0.328624 
-0.5207 0.331907 
-0.563101 0.307022 
-0.159359 0.287468 
-0.183343 0.287036 
-0.506063 0.336784 
0.145271 0.344604 
0.168018 0.346973 
-0.39713 0.334334 
-0.134163 0.289318 
-0.588006 0.281636 
-0.0499904 0.303557 
-0.0335908 0.307291 
-0.385333 0.331229 
-0.0785212 0.297628 
-0.107964 0.292589 
0.0425165 0.325534 
0.0646216 0.330518 
-0.466172 0.342808 
-0.478725 0.341949 
-0.431808 0.34104 
-0.49158 0.340115 
0.194856 0.348645 
0.222336 0.348963 
0.499295 0.202751 
0.42056 0.290408 
0.533389 0.114659 
0.536893 0.0963136 
-0.0172083 0.311172 
0.405689 0.300277 
-0.285536 0.30112 
-0.26702 0.296704 
0.435768 0.278729 
0.345236 0.328679 
0.331078 0.333204 
0.390314 0.309118 
0.303449 0.34018 
0.27604 0.344946 
0.542026 -0.013084 
0.476674 0.236359 
-0.248462 0.293054 
0.539401 0.0780961 
0.249388 0.347759 
0.516223 0.168824 
0.52312 0.150948 
0.541069 0.0597674 
0.528872 0.132707 
0.450175 0.265879 
-0.632848 0.181904 
-0.625387 0.209347 
-0.615486 0.235473 
0.508299 0.186039 
-0.602911 0.259996 
-0.228634 0.290085 
-0.205916 0.287908 
-0.301839 0.305563 
-0.360218 0.323753 
-0.372749 0.327599 
0.114956 0.34024 
-0.638456 0.038426 
-0.640283 0.0568163 
-0.641876 0.0934693 
0.367108 0.320251 
0.542327 0.0279586 
0.0947927 0.336671 
0.0111335 0.318043 
-0.414825 0.338272 
-0.328651 0.313694 
-0.448869 0.342621 
-0.575926 0.295283 
-0.549765 0.316869 
-0.524621 0.330319 
-0.558689 0.310522 
-0.532322 0.326824 
-0.171343 0.287083 
0.156631 0.345891 
-0.584134 0.286328 
-0.041787 0.305402 
-0.146749 0.288224 
-0.391223 0.332821 
-0.6416 0.111638 
-0.0642336 0.300491 
-0.121041 0.290797 
0.0535582 0.328064 
-0.472459 0.342488 
-0.460361 0.342916 
-0.437497 0.34171 
-0.426232 0.340253 
-0.485173 0.341155 
0.0315553 0.322957 
0.181424 0.347968 
0.208592 0.348989 
0.494056 0.211447 
0.535266 0.105512 
-0.00777216 0.31345 
0.413206 0.295464 
-0.276296 0.298826 
-0.635967 0.0200411 
0.352236 0.32618 
0.382685 0.313052 
0.0746382 0.332656 
0.289786 0.342807 
0.542268 0.000621099 
0.482741 0.228262 
0.470418 0.244132 
-0.64143 0.0751839 
-0.257757 0.29478 
-0.0253973 0.309218 
0.135126 0.343289 
0.338182 0.331019 
-0.639963 0.136731 
0.317332 0.336966 
0.262735 0.346562 
0.519813 0.159942 
0.541618 0.0506862 
0.531261 0.123717 
0.538259 0.0872215 
0.540333 0.068942 
0.42827 0.284707 
0.443091 0.272437 
0.398071 0.304817 
0.526137 0.141873 
-0.63578 0.167362 
-0.62077 0.222543 
0.503927 0.194466 
0.457165 0.258906 
-0.238563 0.291449 
-0.217288 0.288833 
0.235869 0.348558 
-0.194632 0.287313 
-0.595826 0.271074 
-0.0932155 0.294953 
-0.629429 0.195716 
-0.54073 0.3224 
-0.403054 0.335758 
-0.567408 0.303354 
-0.366478 0.325697 
-0.498864 0.338615 
-0.379033 0.329447 
-0.349723 0.320426 
-0.513445 0.334525 
0.512396 0.177495 
-0.293701 0.303286 
-0.309954 0.307934 
-0.609568 0.24793 
ZONE T="boundary5"
0.370213 -0.565046 
0.388895 -0.559297 
-0.528405 -0.242638 
-0.544458 -0.217785 
-0.570678 -0.172285 
-0.557963 -0.195244 
0.548497 -0.15756 
0.579488 -0.355262 
-0.611863 -0.0776117 
-0.622566 -0.0427575 
0.580361 -0.314121 
-0.631106 -0.00707521 
-0.63448 0.0108652 
0.579201 -0.300984 
-0.242397 -0.489274 
-0.198856 -0.50934 
-0.262932 -0.478728 
-0.221562 -0.499249 
-0.175856 -0.518782 
-0.281878 -0.46833 
-0.0400393 -0.560697 
-0.01015 -0.567136 
-0.125271 -0.537003 
-0.150704 -0.528262 
0.332159 -0.574282 
0.3129 -0.577863 
-0.400011 -0.386039 
-0.511413 -0.266891 
-0.492587 -0.291392 
-0.300525 -0.45743 
-0.334791 -0.435528 
-0.317807 -0.4467 
-0.383674 -0.399512 
-0.351025 -0.424232 
0.574141 -0.384568 
-0.436315 -0.353052 
-0.418449 -0.369844 
-0.366948 -0.412525 
0.407261 -0.552733 
0.145388 -0.586408 
0.113835 -0.58441 
0.0206076 -0.572819 
0.0515173 -0.577595 
0.176971 -0.587385 
0.351257 -0.570031 
0.52858 -0.471136 
0.459546 -0.527802 
0.475001 -0.518138 
0.577597 -0.368502 
0.48977 -0.507592 
0.503986 -0.495956 
0.517307 -0.48339 
0.548479 -0.444153 
0.53895 -0.458125 
0.580574 -0.341828 
0.442555 -0.537079 
0.569466 -0.400228 
0.556911 -0.42946 
0.577427 -0.287812 
0.541633 -0.0859465 
0.543852 -0.12193 
0.425154 -0.545346 
0.563738 -0.4151 
0.56585 -0.234877 
0.572186 -0.26081 
0.542026 -0.013084 
0.275841 -0.582986 
0.553398 -0.183364 
0.559261 -0.208815 
0.541352 -0.0494399 
0.241092 -0.585938 
-0.455527 -0.333639 
-0.585392 -0.1429 
-0.599249 -0.111337 
0.209061 -0.587265 
-0.473948 -0.313517 
-0.0697161 -0.553373 
-0.097621 -0.545601 
0.08263 -0.581468 
0.379585 -0.562271 
-0.536542 -0.230282 
-0.551303 -0.206569 
-0.617484 -0.0602638 
-0.564422 -0.18382 
-0.632868 0.00188219 
-0.210246 -0.504377 
-0.252702 -0.484073 
-0.18739 -0.514142 
-0.27244 -0.473592 
-0.0251184 -0.564026 
0.322545 -0.576154 
-0.502144 -0.27925 
-0.291239 -0.462943 
-0.391891 -0.392834 
-0.342945 -0.429933 
-0.427454 -0.361523 
-0.375358 -0.406078 
0.398117 -0.556122 
-0.359025 -0.418431 
0.129604 -0.585533 
0.00520771 -0.570091 
-0.326336 -0.44117 
0.0360449 -0.575321 
0.161176 -0.587027 
0.341728 -0.572244 
0.36076 -0.567632 
0.467346 -0.523084 
0.496977 -0.501895 
0.543848 -0.45123 
0.52305 -0.477361 
0.580864 -0.327974 
0.51076 -0.489794 
0.451119 -0.532565 
0.55284 -0.43689 
0.542456 -0.103958 
0.416254 -0.549151 
0.56046 -0.422344 
0.575036 -0.27427 
0.576026 -0.376569 
0.580132 -0.348554 
0.578645 -0.361897 
0.571957 -0.392445 
0.57986 -0.307546 
0.566744 -0.407719 
0.578386 -0.294389 
0.482469 -0.512981 
0.294409 -0.580693 
0.533883 -0.464724 
0.433911 -0.54133 
0.55623 -0.196116 
-0.309201 -0.452121 
0.550802 -0.170491 
0.541646 -0.0312582 
0.545863 -0.139788 
0.258485 -0.584669 
-0.409298 -0.378018 
-0.446015 -0.343437 
-0.578211 -0.157679 
-0.592531 -0.127208 
-0.232014 -0.494333 
0.225084 -0.586759 
-0.464837 -0.323668 
0.562526 -0.221856 
-0.163315 -0.523616 
-0.0549052 -0.557147 
-0.0836973 -0.549589 
0.0982214 -0.583057 
-0.520033 -0.25485 
0.5413 -0.0676936 
-0.483387 -0.302554 
-0.138019 -0.532725 
-0.111479 -0.541406 
0.0670592 -0.579646 
0.193017 -0.58747 
-0.605803 -0.0945635 
0.569106 -0.247826 
-0.627125 -0.0249811 
