ZONE T="boundary0"
-4 -0.281254 
-4 0.187515 
-4 0.0841295 
-4 0.635026 
-4 0.734565 
-4 0.867282 
-4 0.535488 
-4 -0.423168 
-4 -0.361489 
-4 -0.582265 
-4 -0.484847 
-4 -0.0826144 
-4 -0.839841 
-4 -1 
-4 -0.679682 
-4 0.273522 
-4 0.301556 
-4 1 
-4 -0.247434 
-4 0.000757556 
-4 -0.180864 
-4 -0.148114 
-4 0.230518 
-4 0.38566 
-4 0.357625 
-4 0.460574 
-4 -0.213613 
-4 0.329591 
-4 0.800923 
-4 -0.392329 
-4 -0.919921 
-4 0.287539 
-4 -0.321372 
-4 -0.454008 
-4 -0.115364 
-4 0.0424435 
-4 -0.0409284 
-4 0.135822 
-4 0.498031 
-4 0.684796 
-4 0.585257 
-4 -0.630973 
-4 -0.533556 
-4 0.933641 
-4 -0.759762 
-4 -0.230524 
-4 -0.164489 
-4 -0.197239 
-4 0.25202 
-4 0.315574 
-4 0.371643 
-4 0.343608 
-4 0.423117 
-4 -0.264344 
-4 0.209016 
ZONE T="boundary1"
-3.6891 1 
1.28685 1 
1.20042 1 
0.0081712 1 
0.0644254 1 
-3.3782 1 
-3.12014 1 
1.08887 1 
-0.599668 1 
-0.7006 1 
-1.00376 1 
-0.801531 1 
-0.902645 1 
-4 1 
3.58265 1 
3.44353 1 
-1.74801 1 
-1.93669 1 
-1.3163 1 
-1.42629 1 
-2.83594 1 
3.18166 1 
3.3126 1 
-2.55173 1 
1.90185 1 
3.72176 1 
2.32221 1 
2.11203 1 
0.458735 1 
0.2745 1 
0.207365 1 
0.60813 1 
0.341635 1 
0.400185 1 
0.135895 1 
-0.048083 1 
-0.166785 1 
-0.107434 1 
-0.372093 1 
0.874911 1 
0.7725 1 
-1.10503 1 
-1.20631 1 
4 1 
-0.485881 1 
0.977322 1 
1.45969 1 
-1.58715 1 
-2.12538 1 
1.37327 1 
1.72398 1 
2.9198 1 
2.62101 1 
-2.33855 1 
1.54612 1 
-0.269439 1 
-0.218112 1 
0.690315 1 
1.24363 1 
-3.24917 1 
-0.650134 1 
-0.852088 1 
-3.84455 1 
3.51309 1 
-1.84235 1 
-1.3713 1 
-2.97804 1 
3.24713 1 
3.65221 1 
0.240932 1 
0.533432 1 
0.37091 1 
0.308067 1 
0.10016 1 
-0.0199559 1 
0.42946 1 
0.17163 1 
-0.13711 1 
1.14465 1 
0.823706 1 
-1.15567 1 
-0.428987 1 
-0.751065 1 
-0.953201 1 
1.0331 1 
-0.542774 1 
-1.2613 1 
-1.50672 1 
-1.66758 1 
-2.03103 1 
-3.53365 1 
1.41648 1 
-2.69384 1 
3.05073 1 
2.7704 1 
-2.23196 1 
2.21712 1 
3.86088 1 
1.63505 1 
1.81292 1 
1.5029 1 
2.00694 1 
2.47161 1 
-2.44514 1 
0.0362983 1 
-0.320766 1 
-0.192449 1 
-0.243776 1 
0.926117 1 
-0.0777586 1 
-1.05439 1 
1.33006 1 
0.731407 1 
0.649222 1 
3.37806 1 
ZONE T="boundary2"
4 -0.824785 
4 -0.0541037 
4 0.00817895 
4 0.556196 
4 0.408261 
4 -0.64957 
4 -0.425852 
4 0.704131 
4 0.0841797 
4 0.16018 
4 -0.263635 
4 -0.235981 
4 -0.537711 
4 -0.318944 
4 -1 
4 1 
4 0.225426 
4 0.290672 
4 0.349467 
4 0.258049 
4 -0.208326 
4 -0.162356 
4 -0.116386 
4 -0.0229624 
4 0.482229 
4 0.12218 
4 0.0461793 
4 -0.29129 
4 -0.372398 
4 -0.481782 
4 -0.593641 
4 -0.912393 
4 0.852065 
4 0.192803 
4 0.32007 
4 0.630163 
4 -0.737178 
4 -0.222153 
4 -0.185341 
4 -0.249808 
4 -0.139371 
4 -0.085245 
4 0.378864 
4 0.274361 
4 0.241738 
ZONE T="boundary3"
-3.75 -1 
-1.46495 -1 
-1.91429 -1 
-1.77802 -1 
-0.888083 -1 
-0.113483 -1 
-1.29511 -1 
-1.22963 -1 
-0.578979 -1 
0.475622 -1 
-3.29073 -1 
-4 -1 
-0.24956 -1 
-1.3606 -1 
0.973375 -1 
1.06695 -1 
-2.05055 -1 
-2.32309 -1 
-3.5 -1 
-2.6629 -1 
-2.493 -1 
2.66719 -1 
2.84055 -1 
2.39273 -1 
3.19675 -1 
-3.08145 -1 
-0.420434 -1 
-0.321464 -1 
-0.638555 -1 
-0.710806 -1 
-0.177656 -1 
-0.0493106 -1 
0.0794518 -1 
0.0150706 -1 
3.75 -1 
4 -1 
0.214947 -1 
0.367867 -1 
0.679236 -1 
0.779518 -1 
-0.519404 -1 
-0.993108 -1 
-0.783057 -1 
3.56479 -1 
-1.11137 -1 
0.8798 -1 
1.17431 -1 
1.28168 -1 
1.39984 -1 
1.518 -1 
3.01392 -1 
3.37958 -1 
1.78467 -1 
1.95147 -1 
2.11827 -1 
-1.67366 -1 
-1.56931 -1 
2.52996 -1 
-2.87218 -1 
0.260112 -1 
0.169782 -1 
-1.84615 -1 
-1.26237 -1 
-2.18682 -1 
-2.57795 -1 
2.75387 -1 
-3.18609 -1 
-0.67468 -1 
-0.0813969 -1 
-0.145569 -1 
0.0472612 -1 
3.875 -1 
0.577429 -1 
1.02016 -1 
-0.469919 -1 
-0.940595 -1 
-0.83557 -1 
0.421745 -1 
3.6574 -1 
-1.1705 -1 
-1.32785 -1 
0.829659 -1 
0.926588 -1 
1.228 -1 
1.45892 -1 
-1.41277 -1 
0.729377 -1 
-3.39536 -1 
3.10533 -1 
3.28817 -1 
2.92723 -1 
-1.05224 -1 
3.47219 -1 
1.65134 -1 
1.86807 -1 
2.03487 -1 
-1.62148 -1 
-1.72584 -1 
2.59857 -1 
2.2555 -1 
-1.98242 -1 
-2.97682 -1 
-2.40805 -1 
-3.625 -1 
-3.875 -1 
-0.285512 -1 
-0.370949 -1 
-0.213608 -1 
-0.549192 -1 
-0.01712 -1 
0.313989 -1 
-0.608767 -1 
0.124617 -1 
0.237529 -1 
0.192364 -1 
-0.746932 -1 
1.12063 -1 
2.46134 -1 
-1.51713 -1 
1.34076 -1 
-2.76754 -1 
ZONE T="boundary4"
0.604602 0.157791 
0.597567 0.183881 
-0.605237 0.0318212 
0.509323 0.386804 
0.472941 0.424105 
0.459806 0.435002 
0.577479 0.255014 
0.571713 0.272695 
0.520191 0.372943 
0.497736 0.400026 
0.590436 0.20994 
0.584121 0.232542 
0.565328 0.290116 
-0.617488 -0.0274432 
-0.614286 -0.00763439 
-0.610204 0.012119 
-0.599421 0.0513447 
-0.376956 0.353679 
-0.355967 0.369136 
-0.219495 0.447131 
0.540858 0.341419 
-0.553557 0.153889 
-0.515766 0.211663 
-0.494056 0.239966 
-0.471168 0.266974 
-0.535572 0.183065 
0.617036 0.108664 
0.611012 0.133267 
-0.399041 0.336134 
-0.447703 0.291847 
-0.423742 0.314732 
-0.334461 0.38387 
-0.585332 0.0897133 
-0.570046 0.12324 
-0.19795 0.456522 
-0.296258 0.407589 
-0.277827 0.418013 
-0.259129 0.427965 
-0.239439 0.437803 
-0.315528 0.395997 
-0.152541 0.474129 
-0.102827 0.490245 
-0.128683 0.48226 
-0.076739 0.497462 
-0.592772 0.0706674 
-0.176153 0.465333 
0.530962 0.357494 
0.550057 0.324418 
0.631756 -0.0102984 
0.417759 0.463446 
0.357835 0.491739 
0.485648 0.412403 
0.446148 0.445222 
0.388198 0.478891 
0.071235 0.52334 
0.102723 0.525596 
0.134865 0.526677 
0.166998 0.526466 
-0.0203603 0.510291 
0.263638 0.517072 
0.295485 0.510603 
0.231543 0.521779 
0.0398333 0.519945 
0.631529 0.0132174 
0.00965898 0.515622 
0.558358 0.30689 
0.622249 0.0847647 
0.626591 0.0607237 
0.629754 0.0368485 
-0.0486509 0.504318 
0.32692 0.502221 
0.199239 0.524873 
0.6011 0.17084 
0.466443 0.429637 
0.574665 0.263878 
0.514851 0.379948 
0.503619 0.393495 
0.587302 0.221248 
0.568608 0.281438 
-0.615995 -0.0175216 
-0.612352 0.00226406 
-0.505078 0.225942 
-0.544768 0.168603 
0.614087 0.12098 
-0.435866 0.303439 
-0.388083 0.345014 
-0.345276 0.376593 
-0.366528 0.361498 
-0.577982 0.10661 
-0.459603 0.279568 
-0.208754 0.4519 
-0.287076 0.412861 
-0.249316 0.432948 
-0.26851 0.423049 
-0.229497 0.442531 
-0.115785 0.486349 
-0.0898096 0.49395 
-0.589148 0.0802277 
-0.187081 0.461001 
0.536022 0.349527 
-0.305933 0.40186 
0.580863 0.243798 
0.525687 0.365297 
0.491774 0.406296 
0.45304 0.440197 
0.479371 0.418338 
0.403143 0.471483 
0.0869688 0.524613 
0.150933 0.526737 
-0.607826 0.0219964 
0.279609 0.514066 
0.631846 0.00146117 
-0.140641 0.478278 
-0.164378 0.469815 
-0.602432 0.0416134 
-0.00537282 0.513081 
0.561937 0.298543 
0.594012 0.196914 
0.624545 0.0727662 
0.619734 0.0967338 
-0.596196 0.0610403 
0.554321 0.315709 
0.545575 0.332982 
-0.325038 0.39 
0.607841 0.145537 
0.630822 0.0250461 
0.0247281 0.517911 
0.0555194 0.521783 
-0.0345291 0.507416 
-0.0627219 0.501 
0.31127 0.50666 
0.34247 0.497249 
0.183128 0.525848 
0.215411 0.52352 
0.118789 0.526294 
0.373141 0.485607 
0.247622 0.519636 
-0.52585 0.19749 
0.628328 0.048806 
-0.562038 0.138691 
-0.482786 0.253617 
0.432165 0.454665 
-0.411517 0.325578 
ZONE T="boundary5"
-0.620353 -0.125734 
-0.55275 -0.328301 
-0.542634 -0.342775 
-0.603223 -0.217607 
-0.60794 -0.20033 
-0.621505 -0.106251 
-0.621804 -0.0866584 
-0.61557 -0.164093 
-0.618357 -0.145103 
-0.598005 -0.234254 
-0.562206 -0.313249 
-0.368318 -0.455382 
-0.349608 -0.457686 
-0.612001 -0.18285 
-0.386124 -0.451803 
-0.570764 -0.298079 
-0.403792 -0.446846 
-0.420447 -0.440813 
-0.436803 -0.433518 
-0.452192 -0.425323 
-0.311518 -0.458052 
-0.252606 -0.448252 
-0.272342 -0.452835 
-0.531678 -0.356864 
-0.507773 -0.382948 
-0.494875 -0.394813 
-0.481263 -0.405906 
-0.578667 -0.282438 
-0.585747 -0.266726 
-0.520084 -0.37024 
-0.467143 -0.416018 
-0.592181 -0.25066 
-0.232219 -0.442286 
-0.211958 -0.435257 
-0.19072 -0.426907 
-0.146901 -0.407555 
-0.169559 -0.417823 
-0.62124 -0.0669876 
-0.619804 -0.0472307 
-0.617488 -0.0274432 
-0.292237 -0.456158 
-0.124217 -0.397053 
-0.0184333 -0.353491 
-0.0464069 -0.363492 
-0.0741138 -0.374647 
-0.0992521 -0.385631 
0.0102277 -0.34469 
0.262045 -0.312872 
0.0947913 -0.326992 
0.0670219 -0.331544 
0.120678 -0.323667 
0.146505 -0.32106 
-0.330933 -0.458569 
0.201381 -0.31701 
0.173963 -0.31886 
0.231696 -0.315063 
0.293068 -0.310006 
0.461793 -0.265506 
0.506116 -0.23891 
0.485174 -0.25262 
0.383511 -0.294377 
0.526387 -0.223372 
0.541855 -0.209726 
0.581497 -0.164383 
0.630289 -0.0335688 
0.556617 -0.194905 
0.595358 -0.142759 
0.56948 -0.18017 
0.621908 -0.0790288 
0.627021 -0.0565477 
0.614894 -0.101033 
0.631756 -0.0102984 
0.605965 -0.12244 
0.437921 -0.27639 
0.410877 -0.286381 
0.0390311 -0.337334 
0.353858 -0.30107 
0.324097 -0.306121 
0.449956 -0.271168 
-0.547781 -0.335602 
-0.605663 -0.208991 
-0.621762 -0.0964567 
-0.617065 -0.154614 
-0.621036 -0.115999 
-0.60069 -0.225955 
-0.358986 -0.456713 
-0.613884 -0.173491 
-0.377255 -0.453759 
-0.566572 -0.305714 
-0.557568 -0.320834 
-0.395005 -0.449492 
-0.610055 -0.19161 
-0.412174 -0.44398 
-0.444567 -0.429552 
-0.262444 -0.450691 
-0.428691 -0.437313 
-0.50141 -0.388976 
-0.488153 -0.400464 
-0.582292 -0.274621 
-0.52597 -0.363631 
-0.537247 -0.349892 
-0.474282 -0.411074 
-0.595171 -0.242486 
-0.222053 -0.438886 
-0.158215 -0.412731 
-0.201304 -0.431181 
-0.620631 -0.0571017 
-0.618754 -0.0373247 
-0.282266 -0.454661 
-0.180114 -0.422433 
-0.0324694 -0.35834 
-0.086713 -0.380067 
-0.619461 -0.13543 
-0.135557 -0.40231 
0.0808883 -0.329133 
0.133585 -0.322287 
0.18767 -0.317907 
0.216539 -0.316044 
-0.321224 -0.458489 
0.277564 -0.311541 
0.246872 -0.31402 
0.49577 -0.245959 
0.534227 -0.216671 
-0.514017 -0.376682 
0.549359 -0.202439 
-0.574804 -0.290304 
0.6247 -0.0678416 
0.631243 -0.0219477 
-0.301865 -0.457272 
0.563168 -0.187642 
-0.62163 -0.0768205 
-0.242377 -0.445407 
0.107724 -0.325231 
0.610662 -0.111833 
-0.11175 -0.391307 
0.397257 -0.290602 
0.0529977 -0.334284 
-0.00414973 -0.348919 
-0.0603063 -0.368945 
0.368732 -0.297945 
0.16023 -0.319901 
0.308598 -0.308213 
-0.589046 -0.258727 
-0.459744 -0.420795 
-0.340281 -0.4583 
0.575624 -0.17238 
0.443963 -0.273833 
0.516396 -0.231333 
0.473608 -0.259292 
0.600878 -0.132712 
0.588678 -0.153731 
0.628887 -0.0450912 
0.618638 -0.0901058 
0.4559 -0.268392 
0.424489 -0.281637 
0.0245902 -0.340838 
0.339005 -0.303776 
