ZONE T="boundary0"
-4 -0.6138 
-4 -0.180715 
-4 -0.285108 
-4 -0.255297 
-4 0.255852 
-4 0.712219 
-4 0.616292 
-4 0.338596 
-4 0.444437 
-4 0.530364 
-4 0.0185262 
-4 1 
-4 0.808146 
-4 -0.331921 
-4 0.297224 
-4 -0.444903 
-4 -0.135943 
-4 0.208182 
-4 0.160512 
-4 0.125015 
-4 0.089519 
-4 -0.0587083 
-4 -0.716528 
-4 -0.511071 
-4 -1 
-4 -0.858264 
-4 -0.225486 
-4 -0.378734 
-4 -0.270203 
-4 0.664255 
-4 0.487401 
-4 0.904073 
-4 0.276538 
-4 0.184347 
-4 0.31791 
-4 0.107267 
-4 0.0540226 
-4 -0.020091 
-4 -0.0973256 
-4 0.391517 
-4 0.573328 
-4 0.760182 
-4 -0.665164 
-4 -0.562435 
-4 -0.929132 
-4 -0.787396 
-4 -0.240392 
-4 0.232017 
-4 -0.2031 
-4 -0.158329 
-4 -0.308515 
-4 0.142764 
-4 -0.477987 
-4 -0.355328 
-4 -0.411818 
ZONE T="boundary1"
2.63439 1 
1.45444 1 
1.35512 1 
1.25581 1 
-2.47084 1 
-2.72051 1 
2.90153 1 
-0.338749 1 
-0.101599 1 
-0.206837 1 
1.7721 1 
-1.57841 1 
-1.66033 1 
0.461016 1 
-4 1 
2.44567 1 
2.25695 1 
-3.54405 1 
-3.36488 1 
-3.77203 1 
2.09152 1 
4 1 
3.74054 1 
3.48107 1 
3.1913 1 
-2.22118 1 
-2.02267 1 
-2.95311 1 
-3.18571 1 
-0.427561 1 
-0.516372 1 
0.281813 1 
0.327461 1 
0.373109 1 
0.215785 1 
0.149757 1 
0.0372674 1 
0.0935121 1 
-0.0321656 1 
0.548923 1 
0.647318 1 
-0.632115 1 
0.872107 1 
0.745713 1 
-0.870517 1 
-0.747858 1 
-1.21851 1 
-1.10584 1 
1.12715 1 
1.53628 1 
0.998502 1 
1.92609 1 
-1.3575 1 
-1.82416 1 
-0.993176 1 
-1.49649 1 
1.61811 1 
1.40478 1 
-2.59568 1 
2.76796 1 
-0.154218 1 
-1.61937 1 
1.30547 1 
2.35131 1 
-3.45447 1 
-3.65804 1 
2.17424 1 
3.87027 1 
3.33619 1 
-2.12192 1 
-3.06941 1 
-0.471967 1 
-0.272793 1 
-0.383155 1 
0.304637 1 
0.182771 1 
0.350285 1 
0.248799 1 
0.121634 1 
0.0025509 1 
0.59812 1 
-0.574244 1 
-3.88601 1 
0.696515 1 
-0.689986 1 
-1.16217 1 
1.19148 1 
1.49536 1 
1.06283 1 
1.84909 1 
3.04642 1 
-1.74225 1 
2.0088 1 
3.61081 1 
2.54003 1 
-2.34601 1 
-2.83681 1 
-3.2753 1 
-1.92342 1 
-0.0668821 1 
0.417062 1 
0.504969 1 
0.0653898 1 
0.935304 1 
-0.931846 1 
-1.288 1 
-1.04951 1 
-0.809187 1 
-1.53745 1 
1.69511 1 
0.80891 1 
-1.427 1 
1.57719 1 
ZONE T="boundary2"
4 -0.671571 
4 0.00337512 
4 0.0973065 
4 -0.835786 
4 -0.210358 
4 -0.464825 
4 -0.568198 
4 -0.150457 
4 -0.0905563 
4 0.55948 
4 0.167503 
4 -1 
4 1 
4 0.77974 
4 -0.270541 
4 -0.240449 
4 -0.397774 
4 -0.330723 
4 0.2377 
4 0.299684 
4 0.361668 
4 -0.300632 
4 0.460574 
4 0.0503408 
4 -0.516512 
4 -0.120507 
4 0.132405 
4 -0.917893 
4 0.88987 
4 -0.0435906 
4 -0.180408 
4 -0.255495 
4 -0.225404 
4 -0.364249 
4 -0.4313 
4 0.330676 
4 -0.619885 
4 -0.753678 
4 0.66961 
4 -0.285586 
4 -0.315678 
4 0.202602 
4 0.268692 
4 0.411121 
4 0.510027 
ZONE T="boundary3"
-3.7055 -1 
2.67058 -1 
-0.451038 -1 
-0.380872 -1 
0.213532 -1 
0.0152976 -1 
-0.152758 -1 
-0.0959473 -1 
-0.310706 -1 
-3.28358 -1 
-2.90134 -1 
1.37571 -1 
0.756093 -1 
-1.12855 -1 
3.7833 -1 
4 -1 
1.26835 -1 
1.821 -1 
2.04396 -1 
2.26693 -1 
-2.37537 -1 
-2.60762 -1 
2.40148 -1 
2.53603 -1 
2.96917 -1 
-2.14312 -1 
3.56661 -1 
-3.49454 -1 
3.34991 -1 
-1.35918 -1 
-1.89724 -1 
-0.231732 -1 
0.540278 -1 
0.648186 -1 
-0.0391356 -1 
0.0697307 -1 
0.141631 -1 
-0.734732 -1 
-0.594701 -1 
0.320339 -1 
0.857301 -1 
-0.874763 -1 
0.958508 -1 
-1.00165 -1 
1.16099 -1 
1.05975 -1 
1.571 -1 
3.13321 -1 
-1.50527 -1 
-1.65136 -1 
-1.24386 -1 
2.80513 -1 
-4 -1 
-2.75448 -1 
0.430309 -1 
-0.415955 -1 
-0.124353 -1 
-0.345789 -1 
-3.09246 -1 
3.89165 -1 
2.15545 -1 
-2.4915 -1 
2.46875 -1 
-3.60002 -1 
-2.02018 -1 
-0.271219 -1 
0.594232 -1 
-0.0675413 -1 
0.0425141 -1 
0.177582 -1 
-0.011919 -1 
-0.664717 -1 
0.105681 -1 
0.266936 -1 
0.702139 -1 
0.806697 -1 
-0.52287 -1 
-0.804748 -1 
3.67495 -1 
3.45826 -1 
-1.0651 -1 
1.11037 -1 
1.32203 -1 
1.47336 -1 
1.21467 -1 
3.24156 -1 
-1.43222 -1 
-1.1862 -1 
-1.30152 -1 
-1.57831 -1 
-1.7743 -1 
1.696 -1 
2.3342 -1 
-3.85275 -1 
-3.38906 -1 
-2.25925 -1 
-0.192245 -1 
0.375324 -1 
0.485294 -1 
2.73785 -1 
-0.938209 -1 
1.00913 -1 
-2.82791 -1 
2.6033 -1 
0.907904 -1 
-2.68105 -1 
3.05119 -1 
2.88715 -1 
1.93248 -1 
ZONE T="boundary4"
-0.442461 0.274201 
-0.191031 0.386244 
0.514226 0.337771 
-0.627337 -0.0194303 
0.638957 0.1093 
0.635688 0.125189 
0.643842 0.0620249 
0.385462 0.412866 
0.407846 0.403975 
-0.331485 0.333899 
-0.313468 0.341669 
-0.167477 0.393473 
-0.143806 0.400341 
0.558121 0.291126 
-0.550208 0.177869 
-0.538093 0.192043 
0.547091 0.30459 
0.535373 0.317478 
-0.622288 0.0247652 
-0.617493 0.0466614 
-0.611171 0.0682553 
-0.603328 0.0894547 
-0.583264 0.130201 
-0.593999 0.11015 
-0.561789 0.162935 
-0.572642 0.14737 
0.642766 0.0307569 
0.577286 0.263814 
-0.478592 0.247831 
-0.460686 0.26148 
-0.423757 0.286174 
-0.404906 0.297292 
-0.367643 0.317004 
-0.349365 0.325781 
-0.385716 0.307779 
-0.256048 0.364158 
-0.276367 0.356557 
-0.495992 0.233352 
-0.235622 0.371448 
-0.21338 0.379014 
-0.0947123 0.413299 
-0.0693106 0.419304 
-0.0437847 0.424835 
0.0371261 0.43879 
-0.11932 0.407023 
-0.511515 0.219291 
0.429868 0.39384 
-0.294971 0.349265 
0.643751 0.046293 
0.568016 0.277725 
0.640879 0.01536 
0.631716 0.140861 
0.00933435 0.434638 
0.643057 0.0777251 
0.641408 0.0935822 
0.451286 0.382474 
0.472826 0.369301 
-0.525397 0.205631 
0.361257 0.421067 
0.525019 0.327844 
0.493596 0.354641 
0.0650418 0.442242 
0.123604 0.446968 
0.0942722 0.445042 
0.184936 0.447892 
0.216089 0.446602 
0.334914 0.428507 
0.621528 0.172638 
0.586031 0.249299 
-0.0172906 0.430021 
-0.625558 0.0027163 
0.247258 0.443998 
0.278248 0.439991 
0.308414 0.434595 
0.154247 0.447977 
0.608908 0.203912 
0.615494 0.18836 
0.60182 0.219241 
0.594193 0.234411 
0.637416 0.117264 
0.396711 0.408565 
-0.322494 0.337825 
-0.155654 0.396953 
-0.544232 0.185025 
0.541315 0.311109 
-0.620079 0.0357547 
-0.607433 0.0789231 
0.552693 0.297929 
-0.5888 0.120266 
-0.567317 0.155223 
-0.55609 0.170473 
-0.578077 0.138862 
-0.469711 0.254751 
-0.414379 0.291814 
-0.433167 0.280277 
-0.358529 0.321445 
-0.376709 0.312449 
-0.266222 0.360397 
-0.340445 0.329885 
-0.487369 0.240685 
-0.395352 0.302609 
-0.202219 0.38267 
-0.0820251 0.41636 
-0.0565609 0.422131 
-0.131576 0.403732 
0.418927 0.399059 
-0.285683 0.352947 
-0.304236 0.345506 
0.643372 0.0385178 
0.56315 0.284486 
0.572733 0.270824 
0.641937 0.0230445 
0.0232175 0.436799 
0.642337 0.0856645 
0.462161 0.37606 
-0.518527 0.212533 
0.373412 0.417122 
0.530251 0.322716 
0.504067 0.346397 
0.483335 0.362147 
0.519675 0.332864 
0.108931 0.446119 
0.200519 0.447404 
-0.451639 0.267934 
-0.245848 0.367841 
-0.224516 0.375273 
0.643909 0.0541583 
0.643556 0.0698804 
0.64028 0.101456 
0.633787 0.133047 
0.581738 0.256604 
0.626936 0.15685 
-0.107029 0.410213 
-0.0305513 0.427497 
-0.62411 0.0137684 
0.348133 0.424957 
0.44066 0.388313 
-0.179268 0.389904 
-0.626631 -0.0083422 
0.0510728 0.440607 
0.0796468 0.443748 
0.262777 0.442177 
0.293365 0.437481 
-0.00399091 0.432403 
0.169592 0.448076 
0.321701 0.431709 
0.138921 0.447605 
0.231687 0.44547 
-0.531818 0.198905 
0.612265 0.196164 
-0.614519 0.0575133 
-0.598841 0.0998827 
-0.503826 0.226402 
0.598071 0.226858 
0.590183 0.241893 
0.61858 0.180525 
0.605426 0.211604 
ZONE T="boundary5"
-0.514794 -0.321445 
-0.499951 -0.338586 
0.571395 -0.128003 
-0.592899 -0.194059 
-0.563861 -0.251351 
-0.552976 -0.269198 
-0.407959 -0.420479 
-0.387667 -0.434332 
-0.62658 -0.063731 
-0.624134 -0.0857715 
-0.627337 -0.0194303 
-0.609039 -0.151174 
-0.601544 -0.17271 
-0.583865 -0.213767 
0.6344 -0.0148208 
-0.57404 -0.233094 
-0.0656753 -0.52857 
-0.227736 -0.507149 
-0.20177 -0.513865 
-0.277729 -0.490493 
-0.253419 -0.49922 
-0.301659 -0.480689 
-0.32409 -0.470348 
-0.0932326 -0.528354 
-0.120612 -0.526743 
-0.147982 -0.523755 
-0.174955 -0.519465 
-0.0382629 -0.527356 
0.556304 -0.144512 
-0.528883 -0.30372 
-0.483219 -0.356322 
-0.541294 -0.286695 
-0.367125 -0.44713 
-0.427645 -0.405783 
-0.447038 -0.389968 
-0.465708 -0.373338 
0.624401 -0.0439369 
0.598665 -0.0922682 
0.585599 -0.110598 
0.629842 -0.0294957 
0.443253 -0.245392 
0.423305 -0.262932 
0.540474 -0.160301 
-0.615324 -0.129508 
-0.620368 -0.107703 
-0.627663 -0.0415955 
0.463258 -0.228074 
-0.0108023 -0.52467 
0.0963048 -0.498956 
0.0432899 -0.514856 
0.0163673 -0.520512 
0.0699491 -0.507677 
0.198078 -0.44875 
0.222829 -0.432374 
0.147926 -0.476896 
0.122292 -0.4887 
0.173175 -0.463573 
0.247688 -0.414351 
0.271943 -0.395394 
0.29678 -0.374818 
0.321203 -0.353742 
0.483319 -0.210941 
0.397416 -0.285927 
0.346422 -0.331451 
0.503278 -0.193856 
0.522114 -0.177304 
0.618097 -0.0581022 
0.61103 -0.0718305 
0.640879 0.01536 
0.638089 0.000158093 
-0.34608 -0.459065 
0.371495 -0.309069 
-0.507462 -0.330093 
-0.558509 -0.260329 
-0.397886 -0.427512 
-0.605429 -0.16199 
-0.214792 -0.510658 
-0.265622 -0.494991 
-0.240623 -0.503333 
-0.312929 -0.475637 
-0.0794553 -0.52864 
-0.134315 -0.525419 
-0.161494 -0.521773 
0.563955 -0.136354 
-0.521933 -0.312657 
-0.491682 -0.347546 
-0.535175 -0.29527 
-0.547226 -0.278007 
-0.377462 -0.440837 
-0.437427 -0.39798 
-0.588486 -0.203961 
-0.41788 -0.413235 
0.592291 -0.101546 
0.578629 -0.119408 
0.63223 -0.0221922 
-0.474556 -0.364925 
0.433265 -0.254146 
0.54847 -0.152487 
-0.456464 -0.381755 
-0.617999 -0.118641 
-0.627295 -0.0526717 
0.453237 -0.236712 
-0.0245145 -0.526198 
0.029868 -0.517871 
0.0831885 -0.503503 
0.210547 -0.440702 
0.13519 -0.482975 
0.160638 -0.470401 
-0.622411 -0.0967645 
0.259891 -0.40497 
0.309033 -0.364328 
0.41035 -0.274417 
0.333835 -0.342622 
0.512736 -0.185626 
0.493313 -0.202415 
0.531364 -0.168878 
0.47328 -0.219498 
-0.627679 -0.0305102 
-0.289748 -0.485723 
0.614659 -0.0650155 
0.605054 -0.0821746 
0.639597 0.00773811 
0.627228 -0.0367563 
0.621351 -0.0510651 
0.636357 -0.00735897 
-0.597351 -0.183437 
-0.569037 -0.24227 
-0.356664 -0.453206 
-0.579047 -0.223479 
-0.612327 -0.140383 
-0.335144 -0.464822 
-0.0519611 -0.528143 
0.10937 -0.494011 
-0.188396 -0.516826 
0.384451 -0.297493 
0.00281088 -0.522777 
0.0566702 -0.511454 
0.185718 -0.456316 
0.284425 -0.385183 
-0.106932 -0.527721 
0.358964 -0.320266 
-0.625524 -0.0747697 
0.235349 -0.423487 
