ZONE T="boundary0"
-4 -0.431157 
-4 -0.334085 
-4 0.305339 
-4 0.254205 
-4 0.357543 
-4 0.5701 
-4 -0.15268 
-4 -0.0817027 
-4 -1 
-4 0.78505 
-4 0.205801 
-4 0.157396 
-4 0.489923 
-4 0.409747 
-4 -0.221067 
-4 -0.186874 
-4 -0.277576 
-4 -0.0107251 
-4 0.0733357 
-4 -0.508631 
-4 -0.586104 
-4 0.115366 
-4 -0.689578 
-4 -0.793052 
-4 1 
-4 -0.382621 
-4 0.279772 
-4 0.331441 
-4 -0.117192 
-4 0.181599 
-4 0.449835 
-4 -0.20397 
-4 -0.169777 
-4 -0.305831 
-4 -0.249322 
-4 0.0313053 
-4 -0.547367 
-4 -0.637841 
-4 -0.896526 
-4 0.530012 
-4 0.677575 
-4 0.892525 
-4 -0.0462139 
-4 0.0943509 
-4 0.136381 
-4 0.383645 
-4 0.230003 
-4 -0.741315 
-4 -0.469894 
ZONE T="boundary1"
-3.48139 1 
0.141819 1 
2.14397 1 
1.99933 1 
-0.0554303 1 
0.00439865 1 
-0.254359 1 
-0.328579 1 
0.916964 1 
0.759106 1 
-0.117784 1 
3.34864 1 
3.67432 1 
-1.59584 1 
-0.985628 1 
-1.10566 1 
3.15089 1 
2.95313 1 
2.61908 1 
-3.82713 1 
2.28861 1 
1.84014 1 
1.3146 1 
-1.77758 1 
1.11578 1 
-3.30852 1 
-3.06709 1 
-2.16219 1 
-2.32806 1 
-0.514318 1 
-0.626569 1 
-0.73882 1 
0.601249 1 
0.502752 1 
0.404255 1 
0.311833 1 
0.0642276 1 
0.21941 1 
-0.180139 1 
-0.421449 1 
-0.862224 1 
-1.41411 1 
-1.3199 1 
1.01637 1 
3.83716 1 
-1.2257 1 
1.68095 1 
-1.50498 1 
-3.65426 1 
-2.6598 1 
-2.82567 1 
-1.96989 1 
-2.49393 1 
4 1 
-4 1 
2.45384 1 
1.58936 1 
1.49777 1 
2.78611 1 
2.07165 1 
-0.0255158 1 
-0.291469 1 
0.838035 1 
-0.0866074 1 
3.51148 1 
-1.04565 1 
3.05201 1 
-1.68671 1 
-3.18781 1 
-2.24512 1 
-0.682695 1 
0.552 1 
0.358044 1 
0.0343131 1 
0.103023 1 
0.180615 1 
-0.467884 1 
0.265621 1 
-1.367 1 
-0.570444 1 
-0.800522 1 
1.06608 1 
0.680177 1 
1.21519 1 
0.453504 1 
-1.16568 1 
-0.923926 1 
-1.55041 1 
-3.56783 1 
3.24976 1 
-3.39496 1 
-2.74273 1 
-2.41099 1 
3.75574 1 
3.91858 1 
-3.7407 1 
-3.91357 1 
2.37122 1 
1.76054 1 
1.54356 1 
2.53646 1 
2.86962 1 
-1.87373 1 
-2.06604 1 
2.21629 1 
1.91973 1 
-0.148962 1 
-0.217249 1 
-0.375014 1 
-1.2728 1 
0.966668 1 
-1.45954 1 
1.40618 1 
1.63515 1 
2.70259 1 
-2.57686 1 
-2.94638 1 
ZONE T="boundary2"
4 -0.573559 
4 -0.293006 
4 -0.33892 
4 -0.239629 
4 -0.186253 
4 0.648213 
4 0.765475 
4 -0.125863 
4 -0.065473 
4 0.0342497 
4 0.0841111 
4 -1 
4 -0.78678 
4 -0.479197 
4 -0.384834 
4 -0.432015 
4 0.255606 
4 0.314001 
4 0.284803 
4 0.194789 
4 0.530951 
4 0.451673 
4 0.882738 
4 1 
4 0.133972 
4 0.372395 
4 0.412034 
4 -0.315963 
4 -0.212941 
4 0.706844 
4 -0.0956679 
4 0.0591804 
4 -0.89339 
4 -0.266317 
4 -0.156058 
4 -0.526378 
4 -0.361877 
4 -0.68017 
4 -0.408424 
4 0.299402 
4 0.491312 
4 0.824107 
4 0.589582 
4 0.941369 
4 0.270205 
4 0.225198 
4 0.164381 
4 0.343198 
4 0.392215 
4 0.431854 
4 0.109042 
4 -0.0156116 
4 -0.455606 
ZONE T="boundary3"
-1.5784 -1 
-0.758427 -1 
-0.645112 -1 
0.114993 -1 
-0.834469 -1 
-0.993692 -1 
-1.09044 -1 
0.987698 -1 
1.06324 -1 
-0.556294 -1 
-0.910512 -1 
0.540018 -1 
-0.403153 -1 
-0.163075 -1 
-0.312814 -1 
-0.222475 -1 
-4 -1 
-3.75775 -1 
0.60508 -1 
-1.18743 -1 
1.61172 -1 
1.73765 -1 
4 -1 
-3.31877 -1 
-3.12205 -1 
3.32758 -1 
3.50976 -1 
3.00316 -1 
2.37784 -1 
2.57644 -1 
3.75488 -1 
-2.66673 -1 
2.86092 -1 
2.71868 -1 
0.474956 -1 
-0.103675 -1 
-0.479724 -1 
0.668553 -1 
0.732027 -1 
-0.0369078 -1 
0.0298596 -1 
0.855525 -1 
0.200126 -1 
0.793776 -1 
0.271936 -1 
0.343747 -1 
0.921611 -1 
1.13878 -1 
1.22448 -1 
0.409351 -1 
1.31018 -1 
1.39799 -1 
1.4858 -1 
-1.4314 -1 
-1.28441 -1 
1.95844 -1 
-2.89439 -1 
-1.87386 -1 
3.1454 -1 
2.17924 -1 
-2.46193 -1 
-2.25714 -1 
-2.0655 -1 
-3.5155 -1 
-3.63662 -1 
-0.701769 -1 
-1.04207 -1 
1.02547 -1 
-0.872491 -1 
-0.267644 -1 
-3.87887 -1 
-1.13893 -1 
1.67468 -1 
-3.22041 -1 
2.47714 -1 
2.7898 -1 
-0.133375 -1 
-0.441438 -1 
-0.192775 -1 
0.70029 -1 
0.507487 -1 
-0.357984 -1 
-0.0702916 -1 
0.636817 -1 
0.572549 -1 
-0.518009 -1 
-0.00352409 -1 
0.0724262 -1 
0.157559 -1 
0.762901 -1 
0.82465 -1 
0.236031 -1 
0.954655 -1 
0.888568 -1 
0.307842 -1 
0.442154 -1 
0.376549 -1 
-0.600703 -1 
-0.952102 -1 
-0.796448 -1 
1.26733 -1 
1.44189 -1 
1.35408 -1 
3.63232 -1 
3.87744 -1 
-1.23592 -1 
1.54876 -1 
1.84804 -1 
-1.35791 -1 
-3.00822 -1 
-2.78056 -1 
-1.72613 -1 
3.23649 -1 
-1.5049 -1 
2.06884 -1 
-2.56433 -1 
3.07428 -1 
2.93204 -1 
2.64756 -1 
2.27854 -1 
-2.35954 -1 
-2.16132 -1 
-1.96968 -1 
1.10101 -1 
1.18163 -1 
-3.69719 -1 
-3.57606 -1 
-3.41714 -1 
3.41867 -1 
ZONE T="boundary4"
-0.56296 0.151417 
0.0977058 0.338242 
-0.128665 0.555722 
-0.151299 0.548551 
-0.306761 0.463209 
-0.622091 -0.0472924 
-0.609851 0.0215901 
-0.173731 0.540043 
0.000546087 0.258011 
-0.319876 0.100912 
-0.3054 0.11537 
-0.600906 0.0545588 
-0.616985 -0.0124476 
-0.591496 0.0832139 
0.0232062 0.558212 
0.0603233 0.297218 
0.0812575 0.31748 
-0.192839 0.18255 
-0.211987 0.174255 
-0.362503 0.0274271 
-0.324527 0.449608 
-0.217363 0.519711 
-0.236669 0.509178 
-0.35507 0.0477328 
-0.436542 0.343105 
-0.452103 0.324854 
-0.0671589 0.56735 
-0.0479002 0.568352 
-0.507072 0.250035 
-0.519021 0.231149 
-0.195715 0.530409 
-0.572579 0.130611 
-0.173444 0.190308 
-0.582485 0.1071 
-0.552717 0.171903 
-0.530553 0.211982 
-0.494591 0.268708 
-0.288629 0.476265 
-0.272274 0.487342 
-0.333418 0.084597 
-0.481589 0.287023 
-0.467127 0.306161 
-0.10766 0.561039 
-0.0866828 0.564985 
-0.0293045 0.567955 
-0.40486 0.377291 
-0.388825 0.393258 
-0.374039 0.407264 
0.0335191 0.277149 
-0.358934 0.420903 
-0.420482 0.360899 
-0.345204 0.0669424 
-0.0182374 0.248907 
-0.0374101 0.240535 
-0.234661 0.16332 
-0.289788 0.128583 
-0.27358 0.140391 
-0.256657 0.151151 
-0.137531 0.203583 
-0.341917 0.435499 
-0.255639 0.497932 
0.116757 0.374534 
0.124519 0.403947 
0.121646 0.390019 
0.126151 0.428171 
0.109146 0.357372 
0.0814262 0.524998 
0.074233 0.5311 
0.124077 0.449028 
0.125492 0.438952 
0.125918 0.416828 
0.0393497 0.552025 
0.0488011 0.547504 
0.121926 0.458835 
0.0577365 0.542518 
-0.0692221 0.228024 
-0.101336 0.216387 
0.109008 0.490715 
0.088107 0.518546 
0.119469 0.467161 
0.116443 0.475366 
-0.0113504 0.566171 
0.00587029 0.563015 
0.104536 0.49805 
0.0995022 0.505223 
-0.541891 0.192096 
-0.140028 0.552304 
-0.162566 0.544448 
-0.312788 0.108306 
-0.605612 0.0381389 
-0.613672 0.00462549 
0.0711342 0.30703 
-0.202447 0.178479 
-0.227062 0.514535 
-0.359111 0.037699 
-0.444387 0.334035 
-0.0575289 0.568023 
-0.513101 0.240627 
-0.206594 0.525181 
-0.567852 0.141053 
-0.315691 0.456473 
-0.577641 0.118902 
-0.557914 0.161699 
-0.587107 0.0952012 
-0.52484 0.221598 
-0.500894 0.259414 
-0.280489 0.481861 
-0.488156 0.277913 
-0.459684 0.315563 
-0.0971957 0.563183 
-0.474431 0.296647 
-0.396895 0.385328 
-0.381474 0.400306 
-0.366527 0.41413 
-0.428574 0.352059 
-0.184777 0.53536 
-0.027785 0.244639 
-0.350424 0.0574854 
-0.339551 0.0759305 
-0.223393 0.168928 
-0.297743 0.469806 
-0.297729 0.122123 
-0.28178 0.134627 
-0.265203 0.145893 
-0.183166 0.186488 
-0.155533 0.19706 
-0.33327 0.442614 
-0.263993 0.492699 
-0.246201 0.503638 
-0.118195 0.558538 
-0.0769326 0.56633 
-0.0385899 0.568329 
-0.350474 0.428259 
-0.245755 0.157406 
0.123255 0.396959 
-0.412724 0.369147 
0.0778802 0.528105 
0.124881 0.444007 
0.126152 0.422503 
0.0441137 0.549837 
0.123094 0.453955 
0.053311 0.54508 
-0.0532574 0.234131 
-0.00879419 0.253355 
0.0173058 0.26714 
0.08482 0.521825 
0.120766 0.46302 
0.113208 0.365859 
0.112972 0.483163 
0.0146042 0.560815 
-0.0203006 0.567241 
0.106831 0.494418 
0.0661804 0.537072 
0.118024 0.47129 
0.0940169 0.512062 
0.119412 0.382225 
0.102077 0.501677 
0.125368 0.41038 
-0.119441 0.209996 
0.103742 0.347647 
-0.536283 0.202075 
0.12593 0.433573 
0.0472487 0.286783 
-0.547373 0.182037 
-0.32685 0.0929232 
-0.0852556 0.222137 
-0.619809 -0.0298295 
-0.00269691 0.564773 
0.0898499 0.327608 
0.0313629 0.555311 
-0.596373 0.0689436 
ZONE T="boundary5"
-0.390499 -0.571899 
-0.349088 -0.599015 
-0.59804 -0.286212 
-0.60556 -0.260569 
-0.615107 -0.218798 
-0.536342 -0.417459 
-0.624094 -0.152278 
-0.6225 -0.169633 
-0.624981 -0.0821646 
-0.622091 -0.0472924 
0.0404773 -0.131571 
-0.617947 -0.202942 
-0.505858 -0.460758 
-0.521625 -0.439437 
-0.275883 -0.636078 
-0.302346 -0.624085 
-0.247576 -0.647374 
-0.458367 -0.514446 
-0.426069 -0.54411 
-0.325998 -0.612064 
-0.0834801 -0.68893 
-0.118551 -0.682863 
-0.153429 -0.675485 
-0.21745 -0.657836 
-0.186918 -0.666973 
0.722164 -0.491745 
-0.474422 -0.497813 
-0.368329 -0.0314094 
-0.362503 0.0274271 
-0.588923 -0.312375 
-0.550497 -0.393994 
-0.161539 -0.177437 
-0.111811 -0.171971 
0.295579 -0.0749674 
0.463637 -0.0838538 
0.49683 -0.0918144 
0.746215 -0.444049 
0.760852 -0.343808 
0.761648 -0.367166 
0.39552 -0.0744054 
0.528815 -0.101831 
0.559908 -0.114021 
0.0682778 -0.702889 
0.0295996 -0.700963 
0.147752 -0.703868 
0.18889 -0.702863 
0.108044 -0.703864 
-0.009093 -0.697995 
0.7308 -0.477161 
0.229936 -0.700813 
0.267992 -0.697921 
0.305935 -0.694002 
0.749771 -0.293628 
0.53615 -0.637967 
0.549258 -0.632273 
0.470158 -0.661434 
0.496542 -0.652995 
0.624688 -0.59028 
0.575629 -0.619545 
0.636981 -0.58151 
0.648958 -0.572271 
0.660948 -0.562239 
0.646047 -0.16373 
0.633009 -0.154368 
0.683064 -0.541221 
0.672549 -0.551667 
-0.351024 -0.0881572 
0.703265 -0.518231 
0.712721 -0.505738 
0.693203 -0.530225 
-0.0624127 -0.161478 
-0.0110101 -0.147263 
0.756823 -0.408283 
0.760171 -0.388102 
0.739015 -0.461023 
0.725582 -0.246041 
0.710153 -0.225018 
0.73842 -0.267737 
0.757184 -0.319606 
0.752148 -0.426596 
0.134152 -0.10424 
-0.625653 -0.117299 
0.328125 -0.0730756 
0.619604 -0.145522 
0.590472 -0.128678 
0.600332 -0.605838 
0.15802 -0.0981642 
0.182046 -0.0925721 
0.236107 -0.0822195 
0.265678 -0.0780298 
0.691431 -0.203753 
-0.564449 -0.36804 
-0.577748 -0.339812 
0.658568 -0.173511 
0.670666 -0.183797 
-0.0463215 -0.694053 
0.361132 -0.0728017 
0.43009 -0.078105 
-0.31378 -0.133388 
-0.265059 -0.162073 
0.0872287 -0.117411 
-0.213227 -0.17536 
0.443484 -0.668876 
0.390898 -0.68082 
0.34854 -0.688224 
0.208977 -0.0870044 
-0.370087 -0.585903 
-0.6107 -0.239767 
-0.623364 -0.160962 
-0.623811 -0.0647051 
-0.620462 -0.18632 
-0.616579 -0.210879 
-0.513867 -0.45019 
-0.601958 -0.273436 
-0.289183 -0.630233 
-0.442511 -0.529595 
-0.10104 -0.686051 
-0.136024 -0.679345 
-0.232571 -0.652775 
-0.261794 -0.641888 
-0.466481 -0.506213 
-0.36824 -0.00170867 
-0.593647 -0.299351 
-0.54356 -0.405811 
-0.529111 -0.428533 
-0.136597 -0.175463 
-0.408565 -0.558361 
0.480301 -0.0875551 
0.761578 -0.355485 
0.544474 -0.107649 
0.0489355 -0.702051 
0.168327 -0.703494 
-0.314237 -0.618203 
0.0102461 -0.699615 
0.726591 -0.48452 
0.209422 -0.701971 
-0.337616 -0.605669 
0.248975 -0.69949 
0.542722 -0.635161 
0.51647 -0.645818 
0.56253 -0.626092 
0.630874 -0.585952 
0.655004 -0.567317 
0.639575 -0.158984 
0.677861 -0.546501 
-0.362546 -0.060659 
0.717542 -0.498811 
0.698308 -0.524289 
-0.0366487 -0.154649 
0.758725 -0.398236 
0.735042 -0.469164 
0.718109 -0.235354 
0.754669 -0.417491 
0.749344 -0.435382 
0.761163 -0.377658 
0.759385 -0.331662 
0.643013 -0.576948 
0.51291 -0.0965476 
-0.62515 -0.134801 
0.311834 -0.0738282 
0.666805 -0.557016 
0.605207 -0.136816 
0.612635 -0.59826 
0.170014 -0.095303 
0.250867 -0.0799893 
0.744538 -0.280503 
-0.55764 -0.381106 
-0.583516 -0.326167 
0.664671 -0.17859 
-0.0649192 -0.691647 
0.280607 -0.0763479 
0.681252 -0.193569 
0.344621 -0.0727245 
0.378333 -0.0733544 
-0.571291 -0.354016 
0.446908 -0.0807105 
-0.0277191 -0.696163 
-0.334551 -0.112546 
-0.290564 -0.149677 
-0.20223 -0.662565 
0.575333 -0.121063 
0.110628 -0.110666 
0.412831 -0.0759865 
-0.170216 -0.671404 
0.127901 -0.703985 
0.0881609 -0.7035 
0.286978 -0.696096 
-0.239547 -0.170299 
-0.187433 -0.177553 
0.0638162 -0.124424 
-0.0870175 -0.167211 
0.0147371 -0.139489 
0.742766 -0.452604 
0.588079 -0.612874 
0.753916 -0.306505 
0.732292 -0.256723 
0.65236 -0.168559 
0.701024 -0.214185 
0.456854 -0.665274 
0.688195 -0.535781 
0.70807 -0.512048 
0.626351 -0.149881 
0.483391 -0.657344 
0.417279 -0.675245 
0.369756 -0.684739 
-0.625598 -0.0997261 
0.327262 -0.691304 
-0.490543 -0.479625 
0.195489 -0.0896957 
0.222516 -0.0845086 
0.146067 -0.101146 
