ZONE T="boundary0"
-4 0.584041 
-4 0.494128 
-4 -0.208939 
-4 -0.247751 
-4 0.278829 
-4 0.144502 
-4 0.236349 
-4 0.193869 
-4 -0.170127 
-4 0.0210445 
-4 -0.0530471 
-4 -0.111587 
-4 1 
-4 0.673954 
-4 -0.299266 
-4 -0.35078 
-4 0.0951361 
-4 0.368717 
-4 0.431422 
-4 -0.415418 
-4 -0.577323 
-4 -0.67459 
-4 -0.480056 
-4 -0.837295 
-4 -1 
-4 0.539084 
-4 -0.228345 
-4 0.215109 
-4 -0.0160013 
-4 0.836977 
-4 -0.325023 
-4 -0.189533 
-4 -0.0823171 
-4 -0.140857 
-4 0.119819 
-4 0.0580903 
-4 0.169186 
-4 0.257589 
-4 0.323773 
-4 -0.625956 
-4 0.628998 
-4 0.40007 
-4 0.462775 
-4 -0.383099 
-4 -0.273508 
-4 -0.52869 
-4 -0.918647 
-4 -0.755942 
-4 -0.447737 
ZONE T="boundary1"
0.904847 1 
0.798862 1 
-0.354052 1 
-0.412107 1 
1.01083 1 
1.11983 1 
1.5582 1 
1.47468 1 
-3.71485 1 
0.586458 1 
0.69266 1 
-0.762182 1 
-4 1 
-3.10235 1 
-3.42969 1 
3.51182 1 
2.70065 1 
-1.74912 1 
-1.93196 1 
2.23163 1 
2.46614 1 
-2.14919 1 
-2.36642 1 
1.80875 1 
3.14744 1 
2.92404 1 
-2.77501 1 
0.356141 1 
0.315254 1 
0.236242 1 
0.15723 1 
0.0214981 1 
0.0893642 1 
-0.113938 1 
-0.0462202 1 
0.397029 1 
0.491743 1 
-0.527163 1 
-0.642219 1 
-0.204967 1 
-0.295996 1 
-0.882145 1 
-0.990801 1 
-1.09946 1 
1.35175 1 
1.22882 1 
4 1 
3.75591 1 
-1.20369 1 
-1.30792 1 
-1.4371 1 
-1.56629 1 
2.02019 1 
1.64172 1 
3.32963 1 
-2.93868 1 
-2.57072 1 
0.851854 1 
-0.383079 1 
0.957839 1 
1.06533 1 
1.51644 1 
0.639559 1 
-3.85742 1 
-3.26602 1 
-1.84054 1 
2.34889 1 
-2.2578 1 
3.03574 1 
0.335697 1 
0.275748 1 
0.196736 1 
0.0554312 1 
0.123297 1 
-0.0800794 1 
0.376585 1 
0.5391 1 
0.444386 1 
-0.702201 1 
-0.584691 1 
-0.469635 1 
-0.822163 1 
0.745761 1 
-1.04513 1 
1.17433 1 
3.87795 1 
3.63386 1 
-1.15157 1 
-1.50169 1 
-3.57227 1 
1.29029 1 
1.72524 1 
2.12591 1 
1.91447 1 
1.41322 1 
1.59996 1 
2.5834 1 
2.81235 1 
3.42072 1 
3.23853 1 
-2.04057 1 
-3.02052 1 
-0.325024 1 
-0.250482 1 
-0.159453 1 
-0.0123611 1 
-1.2558 1 
-1.6577 1 
-0.936473 1 
-2.85685 1 
-1.37251 1 
-2.46857 1 
-2.67286 1 
ZONE T="boundary2"
4 -0.690858 
4 -0.508966 
4 -0.336773 
4 -0.37603 
4 -0.297516 
4 -0.845429 
4 -0.599912 
4 -0.00994931 
4 -0.236647 
4 0.214821 
4 0.184869 
4 0.274724 
4 0.244772 
4 -0.442498 
4 0.643891 
4 0.531191 
4 0.0724842 
4 0.821946 
4 -0.0928638 
4 1 
4 -1 
4 -0.175778 
4 -0.134321 
4 0.154918 
4 0.346607 
4 0.310666 
4 0.418491 
4 0.474841 
4 -0.356402 
4 -0.317145 
4 -0.768143 
4 -0.554439 
4 0.199845 
4 0.259748 
4 -0.475732 
4 0.229797 
4 0.587541 
4 0.0312675 
4 0.732918 
4 -0.645385 
4 0.910973 
4 -0.922714 
4 -0.206213 
4 -0.113592 
4 -0.267082 
4 0.169894 
4 0.328637 
4 0.292695 
4 0.382549 
4 0.503016 
4 0.446666 
4 0.113701 
4 -0.0514066 
4 -0.15505 
4 -0.409264 
ZONE T="boundary3"
-1.36414 -1 
-1.50804 -1 
-0.905223 -1 
-0.78719 -1 
-2.07996 -1 
-1.02686 -1 
-0.0190506 -1 
-0.297571 -1 
-0.232602 -1 
-0.66798 -1 
-1.65193 -1 
-1.25632 -1 
1.91685 -1 
3.56824 -1 
-2.23257 -1 
3.26328 -1 
-3.5 -1 
-3.75 -1 
-1.92735 -1 
2.52848 -1 
2.32704 -1 
-2.53778 -1 
-2.76489 -1 
2.71771 -1 
-2.992 -1 
-3.246 -1 
3.78412 -1 
1.70809 -1 
0.0181959 -1 
0.0554423 -1 
-0.163073 -1 
-0.455655 -1 
-0.0935432 -1 
0.328944 -1 
0.423834 -1 
-0.54877 -1 
0.197573 -1 
0.518723 -1 
0.751625 -1 
0.635174 -1 
0.85439 -1 
0.957155 -1 
1.05342 -1 
1.14968 -1 
-1.14849 -1 
1.27084 -1 
1.55004 -1 
2.90694 -1 
1.392 -1 
1.47102 -1 
2.1256 -1 
3.08511 -1 
4 -1 
-0.36254 -1 
0.126508 -1 
-4 -1 
2.22632 -1 
-1.43609 -1 
-0.846207 -1 
-0.96604 -1 
-0.265086 -1 
-3.625 -1 
-1.78964 -1 
2.42776 -1 
-2.65134 -1 
2.62309 -1 
-3.119 -1 
0.0368191 -1 
-0.0562969 -1 
0.376389 -1 
-0.502212 -1 
0.471278 -1 
0.693399 -1 
-0.197837 -1 
0.905772 -1 
-0.727585 -1 
0.263258 -1 
0.803007 -1 
-0.608375 -1 
1.00529 -1 
1.10155 -1 
-1.2024 -1 
-1.57999 -1 
-1.31023 -1 
1.33142 -1 
1.43151 -1 
1.62907 -1 
1.81247 -1 
2.02122 -1 
-3.373 -1 
-2.87845 -1 
-2.00365 -1 
3.41576 -1 
3.17419 -1 
3.89206 -1 
3.67618 -1 
-2.15626 -1 
-2.38518 -1 
2.99602 -1 
-0.128308 -1 
-0.409097 -1 
-0.000427271 -1 
-1.08767 -1 
-0.330055 -1 
0.16204 -1 
0.090975 -1 
-3.875 -1 
1.21026 -1 
0.576949 -1 
1.51053 -1 
2.17596 -1 
2.27668 -1 
2.81232 -1 
ZONE T="boundary4"
0.644707 0.0284196 
0.641228 0.0991836 
0.638549 0.113472 
-0.21347 0.38749 
-0.116349 0.418316 
0.477691 0.370902 
0.576601 0.26628 
-0.292722 0.35589 
-0.274049 0.363912 
-0.374699 0.315388 
-0.35301 0.327071 
-0.545824 0.175869 
-0.623572 0.0019163 
-0.62601 -0.0213616 
-0.606327 0.0707489 
-0.613746 0.0480665 
0.558865 0.29237 
0.549305 0.304597 
0.643298 0.0145303 
0.568024 0.279513 
-0.560743 0.15627 
0.631481 0.141821 
-0.537402 0.185971 
-0.510559 0.214738 
-0.493914 0.230569 
-0.52869 0.195825 
-0.457269 0.261393 
-0.437278 0.276185 
0.463648 0.380344 
-0.476655 0.245723 
0.527945 0.328381 
0.516141 0.339833 
-0.39604 0.303041 
0.491304 0.360854 
-0.332246 0.337552 
-0.311253 0.347536 
-0.416903 0.290006 
-0.235926 0.379163 
-0.166302 0.403495 
-0.190864 0.395407 
-0.255049 0.371694 
-0.0909601 0.425012 
-0.0389893 0.436924 
-0.0650515 0.431255 
0.0143991 0.446562 
0.0418272 0.450443 
0.605046 0.212383 
-0.141577 0.411103 
-0.574375 0.135876 
-0.619492 0.0250854 
0.644664 0.0707296 
0.645397 0.0424187 
0.643273 0.0849434 
0.591593 0.239909 
0.434706 0.397264 
0.44935 0.3891 
0.404008 0.412074 
0.37252 0.424484 
0.539195 0.316401 
0.503958 0.350619 
0.097752 0.455979 
0.126211 0.457506 
0.0693757 0.453579 
0.185147 0.457672 
0.215159 0.456078 
0.277249 0.448723 
0.308756 0.442635 
0.340737 0.434591 
0.627106 0.156074 
0.616957 0.184307 
0.246193 0.453124 
-0.0123652 0.442068 
0.155668 0.458113 
-0.597261 0.0930101 
-0.586581 0.114762 
0.639963 0.106342 
-0.283403 0.359942 
-0.363897 0.321308 
-0.624993 -0.00970154 
-0.610238 0.0594736 
0.554153 0.298537 
0.563516 0.285993 
0.63528 0.127713 
-0.54165 0.180951 
-0.502317 0.222739 
-0.553429 0.166181 
-0.533081 0.190929 
0.470721 0.375699 
-0.485359 0.23823 
0.52211 0.334175 
-0.385419 0.3093 
0.484554 0.365954 
-0.34266 0.332375 
-0.302007 0.351755 
-0.427159 0.283196 
-0.224717 0.383378 
-0.178603 0.399511 
-0.447352 0.268895 
-0.245502 0.375467 
-0.0520365 0.434164 
0.0281003 0.448594 
-0.103672 0.42173 
-0.0780228 0.428205 
-0.128981 0.414774 
-0.40653 0.296617 
-0.202185 0.3915 
0.645378 0.0565832 
-0.519747 0.205398 
0.572383 0.272943 
0.644093 0.0214657 
-0.153958 0.40736 
0.59851 0.226239 
0.442069 0.393255 
0.4195 0.404965 
-0.264565 0.367843 
0.53364 0.322457 
0.497687 0.355806 
0.584331 0.253228 
0.51011 0.345294 
0.111976 0.456855 
0.200161 0.457024 
-0.321778 0.342603 
0.293043 0.445887 
0.35671 0.429793 
0.544316 0.310555 
0.622242 0.170266 
0.456544 0.384796 
-0.467046 0.253661 
0.642329 0.0920747 
0.629354 0.148966 
0.645142 0.0354148 
0.644051 0.0778445 
0.611188 0.198424 
0.0555906 0.452107 
0.0835549 0.454885 
0.230692 0.454772 
0.261747 0.451109 
0.00100291 0.444398 
0.17041 0.458027 
-0.0256927 0.439576 
0.140937 0.457937 
0.324806 0.438847 
-0.567721 0.146181 
-0.616823 0.036627 
-0.60199 0.0819591 
-0.592108 0.103978 
-0.621736 0.0135367 
-0.580654 0.125421 
0.388374 0.418558 
ZONE T="boundary5"
-0.448014 -0.393929 
-0.425189 -0.411951 
-0.580354 -0.228153 
-0.568511 -0.250439 
-0.401147 -0.428944 
-0.626841 -0.0446759 
-0.620089 -0.114354 
0.619919 -0.0647164 
-0.626103 -0.0679795 
-0.62384 -0.0912099 
-0.59095 -0.205695 
-0.508025 -0.335532 
0.551246 -0.157165 
-0.211157 -0.509201 
-0.239645 -0.502358 
-0.182771 -0.514398 
-0.32327 -0.472283 
-0.295812 -0.483879 
-0.126045 -0.520038 
-0.154275 -0.518017 
-0.0700705 -0.519428 
-0.042484 -0.516835 
-0.0978891 -0.520503 
0.529792 -0.17677 
0.0115984 -0.507202 
-0.61489 -0.137381 
-0.522982 -0.317729 
-0.489463 -0.355589 
-0.537076 -0.299328 
-0.555413 -0.272383 
-0.376217 -0.444644 
-0.350113 -0.459184 
0.568338 -0.139651 
0.58428 -0.121078 
-0.469541 -0.375014 
-0.62601 -0.0213616 
0.643298 0.0145303 
0.507431 -0.195384 
0.482977 -0.21453 
-0.608273 -0.160291 
-0.0152611 -0.512751 
0.0380755 -0.500214 
0.609261 -0.0848189 
0.0641202 -0.491833 
0.212603 -0.415229 
0.188662 -0.430696 
0.115015 -0.471034 
0.164309 -0.445316 
0.139827 -0.45876 
0.236715 -0.398715 
0.0897172 -0.482109 
0.260508 -0.381695 
0.284826 -0.363781 
0.308988 -0.345686 
0.333677 -0.327082 
0.408243 -0.271024 
0.433275 -0.252176 
0.358308 -0.30853 
0.638321 -0.0127631 
0.641169 0.00079471 
0.630502 -0.0392222 
0.59741 -0.103433 
-0.600272 -0.183081 
0.458183 -0.233378 
-0.267814 -0.49394 
0.38332 -0.289741 
-0.43672 -0.403091 
-0.574566 -0.239367 
-0.413281 -0.420608 
-0.625159 -0.0796129 
-0.225448 -0.505975 
-0.196999 -0.511993 
-0.30962 -0.478268 
-0.140174 -0.51922 
-0.0562592 -0.518322 
-0.0839722 -0.520157 
0.540653 -0.167114 
-0.515603 -0.326714 
-0.498873 -0.34568 
-0.562104 -0.261495 
-0.530135 -0.308609 
-0.363263 -0.452091 
0.576469 -0.130502 
-0.479627 -0.365429 
-0.388787 -0.43696 
0.495257 -0.205024 
-0.585787 -0.216988 
-0.00179307 -0.51016 
0.051153 -0.496195 
0.200691 -0.423052 
0.176551 -0.438115 
0.12749 -0.465036 
0.224708 -0.407044 
0.102433 -0.476724 
-0.546469 -0.286008 
0.248648 -0.390256 
0.296919 -0.354749 
0.321334 -0.336387 
0.420763 -0.261605 
0.614799 -0.0748783 
0.639836 -0.00600326 
0.642325 0.00764842 
0.634766 -0.0260971 
0.518699 -0.186182 
-0.595757 -0.194448 
-0.622145 -0.102811 
0.445732 -0.24278 
-0.281882 -0.489101 
-0.11197 -0.520464 
-0.253787 -0.498341 
0.0248841 -0.503886 
0.34599 -0.317802 
0.395783 -0.280385 
-0.168548 -0.516403 
-0.0288446 -0.51498 
0.0769803 -0.487133 
0.152136 -0.452163 
0.370811 -0.299133 
0.272691 -0.372771 
0.470597 -0.223977 
-0.458901 -0.384612 
0.590999 -0.11237 
0.603512 -0.0942383 
0.625546 -0.0521081 
-0.626624 -0.0330116 
-0.626665 -0.0563338 
0.559921 -0.148533 
-0.604429 -0.171741 
-0.611747 -0.148884 
-0.617663 -0.125907 
-0.33678 -0.465916 
