ZONE T="boundary0"
-4 0.533588 
-4 0.404671 
-4 0.342385 
-4 0.466957 
-4 -0.396785 
-4 -0.32037 
-4 -0.243956 
-4 0.800109 
-4 0.600218 
-4 1 
-4 -0.839841 
-4 -0.484847 
-4 -0.440816 
-4 -0.582265 
-4 -0.163905 
-4 -0.20393 
-4 -0.0838539 
-4 0.211762 
-4 0.17358 
-4 0.114772 
-4 0.249945 
-4 0.296165 
-4 0.0559638 
-4 -0.679682 
-4 -0.013945 
-4 -1 
-4 0.373528 
-4 0.700163 
-4 0.900054 
-4 -0.462832 
-4 -0.358577 
-4 -0.282163 
-4 -0.183917 
-4 -0.123879 
-4 0.192671 
-4 0.230854 
-4 0.435814 
-4 0.566903 
-4 0.500272 
-4 0.0853679 
-4 0.144176 
-4 -0.4188 
-4 -0.0488995 
-4 -0.630973 
-4 -0.919921 
-4 -0.759762 
-4 -0.223943 
-4 0.273055 
-4 0.319275 
-4 0.0210094 
-4 -0.533556 
ZONE T="boundary1"
4 1 
3.73367 1 
-0.241772 1 
-0.127093 1 
-0.184432 1 
0.270193 1 
0.344334 1 
-0.0881208 1 
1.40644 1 
-1.4133 1 
-3.72075 1 
0.530901 1 
1.14314 1 
1.06023 1 
-1.31112 1 
-1.20893 1 
-1.95099 1 
-3.86038 1 
-4 1 
2.10415 1 
1.88856 1 
1.33702 1 
2.72728 1 
2.31973 1 
-2.81018 1 
3.41104 1 
3.24972 1 
2.90785 1 
-0.306467 1 
-0.371162 1 
-0.611768 1 
0.070609 1 
0.0287945 1 
-0.049149 1 
0.196052 1 
-0.70555 1 
-0.799332 1 
0.977322 1 
-1.00034 1 
-0.899834 1 
-1.10463 1 
-0.491465 1 
0.646451 1 
-1.59342 1 
-1.50336 1 
0.437617 1 
0.869662 1 
1.47585 1 
1.61468 1 
0.762001 1 
-1.77354 1 
-2.12844 1 
-3.44151 1 
-3.26328 1 
1.75162 1 
3.08841 1 
-2.33187 1 
-2.5353 1 
-3.08506 1 
0.112423 1 
3.86683 1 
-0.155762 1 
0.307264 1 
-0.107607 1 
1.10169 1 
-1.26002 1 
-3.93019 1 
1.99635 1 
2.52351 1 
3.57235 1 
2.81756 1 
2.21194 1 
-0.338814 1 
0.0497017 1 
-0.213102 1 
-0.274119 1 
0.233123 1 
-0.752441 1 
-0.658659 1 
-0.950085 1 
-0.849583 1 
-1.15678 1 
-0.551616 1 
-1.05248 1 
-1.54839 1 
-0.431313 1 
-1.36221 1 
1.01878 1 
1.24008 1 
1.54526 1 
-1.68348 1 
-1.86226 1 
1.37173 1 
-3.3524 1 
1.68315 1 
3.16907 1 
-3.58113 1 
-2.03972 1 
3.33038 1 
2.99813 1 
-2.23016 1 
-2.43359 1 
-2.67274 1 
-2.94762 1 
-3.79057 1 
-0.0101772 1 
0.390976 1 
0.484259 1 
0.0915162 1 
0.154238 1 
-0.0686349 1 
0.588676 1 
0.704226 1 
-3.17417 1 
0.923492 1 
-1.45833 1 
1.82009 1 
1.44114 1 
0.815831 1 
ZONE T="boundary2"
4 -0.679679 
4 -0.83984 
4 -0.419129 
4 -0.348531 
4 -0.226718 
4 1 
4 -0.258616 
4 0.11307 
4 0.0565054 
4 0.169635 
4 -0.489727 
4 0.225945 
4 0.282256 
4 0.461123 
4 0.52296 
4 -1 
4 -0.290515 
4 -0.15886 
4 -0.0910021 
4 0.311513 
4 0.64222 
4 0.76148 
4 0.340771 
4 0.399286 
4 -0.75976 
4 -0.38383 
4 0.0847877 
4 -0.584703 
4 0.2541 
4 0.492042 
4 -0.319523 
4 -0.242667 
4 -0.192789 
4 -0.274565 
4 -0.124931 
4 -0.0172484 
4 -0.454428 
4 0.141352 
4 0.70185 
4 0.88074 
4 -0.91992 
4 0.326142 
4 0.296884 
4 0.370028 
4 0.19779 
4 0.430204 
4 0.58259 
ZONE T="boundary3"
-3.5641 -1 
-0.238446 -1 
-0.335079 -1 
1.09673 -1 
-1.35473 -1 
-1.22413 -1 
-0.684425 -1 
-0.590387 -1 
-1.10453 -1 
-0.438606 -1 
0.46775 -1 
4 -1 
3.63873 -1 
1.45973 -1 
-3.78205 -1 
-3.12819 -1 
3.0831 -1 
-2.6629 -1 
-2.89555 -1 
-2.42899 -1 
-1.77149 -1 
-1.98328 -1 
-0.514497 -1 
0.141548 -1 
0.374299 -1 
0.211198 -1 
-0.118558 -1 
-0.178502 -1 
0.0149806 -1 
-0.0517886 -1 
0.280848 -1 
-0.778462 -1 
0.573335 -1 
0.678921 -1 
0.78267 -1 
0.88642 -1 
-0.88169 -1 
-0.984918 -1 
0.991576 -1 
1.21085 -1 
1.32497 -1 
-4 -1 
1.59449 -1 
3.36092 -1 
1.67783 -1 
1.76117 -1 
1.92785 -1 
-3.34614 -1 
2.11227 -1 
2.29668 -1 
-1.6284 -1 
2.64451 -1 
2.86381 -1 
-1.48532 -1 
-2.19507 -1 
2.4706 -1 
0.0782642 -1 
3.22201 -1 
-0.286763 -1 
-1.28943 -1 
-0.637406 -1 
3.81937 -1 
-2.77923 -1 
-2.54595 -1 
-1.87739 -1 
-0.552442 -1 
-0.386843 -1 
-0.476552 -1 
0.421024 -1 
-0.14853 -1 
-0.018404 -1 
0.246023 -1 
0.176373 -1 
-0.731443 -1 
0.520542 -1 
0.626128 -1 
0.834545 -1 
-0.830076 -1 
0.730795 -1 
-0.933304 -1 
1.04415 -1 
1.26791 -1 
0.938998 -1 
-3.89102 -1 
-1.04472 -1 
-1.16433 -1 
1.52711 -1 
3.49983 -1 
-3.67307 -1 
1.7195 -1 
1.84451 -1 
-3.45512 -1 
-3.23717 -1 
2.02006 -1 
-1.69995 -1 
2.75416 -1 
-1.55686 -1 
-1.42002 -1 
-3.01187 -1 
-2.31203 -1 
-2.08918 -1 
2.38364 -1 
2.20447 -1 
-0.208474 -1 
-0.0851731 -1 
0.0466224 -1 
0.327574 -1 
0.109906 -1 
3.15256 -1 
1.15379 -1 
3.29147 -1 
1.39235 -1 
1.63616 -1 
2.97346 -1 
2.55756 -1 
ZONE T="boundary4"
-0.173765 0.385818 
-0.105589 0.40783 
-0.553908 0.145327 
-0.615337 -0.0254957 
-0.606482 0.031765 
-0.613514 -0.00628551 
-0.355812 0.308262 
-0.329917 0.321412 
-0.610569 0.0128115 
0.493222 0.369241 
0.506114 0.359184 
0.542905 0.323849 
0.531048 0.336504 
-0.601271 0.0504352 
-0.594949 0.0687668 
-0.587559 0.0866644 
-0.579842 0.102725 
0.466464 0.387272 
0.452663 0.395305 
0.606405 0.214412 
-0.571686 0.117666 
-0.194466 0.37844 
-0.289428 0.340267 
-0.309754 0.331035 
-0.563055 0.131797 
0.62535 0.148243 
-0.434919 0.260204 
-0.448213 0.250535 
0.554233 0.310303 
-0.544191 0.15842 
-0.534055 0.170946 
-0.474385 0.229809 
-0.461242 0.240511 
0.48005 0.378556 
-0.487216 0.218727 
-0.408374 0.277966 
-0.381303 0.294263 
-0.27158 0.348031 
-0.253631 0.355544 
-0.234395 0.363292 
-0.21506 0.37078 
-0.151658 0.393342 
-0.0816009 0.414715 
-0.0559064 0.421566 
-0.0300443 0.427896 
-0.511834 0.195324 
0.624911 0.0213576 
0.628905 0.041881 
0.564732 0.296168 
0.438539 0.402761 
0.380521 0.426699 
0.409783 0.415851 
0.573761 0.282482 
0.518483 0.348523 
0.0249997 0.439363 
0.0827071 0.448238 
0.141949 0.453675 
0.112263 0.451439 
0.201791 0.454975 
0.231786 0.453872 
0.351013 0.435488 
0.291627 0.447706 
0.3214 0.442422 
0.0537686 0.444208 
0.62056 0.169237 
0.582076 0.268295 
0.589779 0.253473 
0.596834 0.238202 
0.631266 0.0627267 
0.632031 0.0839401 
0.628999 0.126658 
0.631252 0.105176 
-0.12943 0.400536 
0.261725 0.451485 
-0.00261211 0.433961 
0.17184 0.454882 
0.614737 0.189852 
-0.614564 -0.0158775 
-0.342914 0.314933 
-0.612182 0.00328482 
0.499728 0.36429 
0.537064 0.330259 
-0.608667 0.0223187 
-0.598247 0.0596483 
-0.583808 0.0947464 
0.459606 0.391361 
-0.591387 0.0777703 
-0.604017 0.0411393 
-0.575857 0.110246 
-0.299612 0.335696 
-0.567454 0.124783 
-0.441599 0.255414 
-0.539186 0.164734 
-0.467851 0.235207 
0.486689 0.373974 
-0.480842 0.224316 
-0.394929 0.286265 
-0.31986 0.326274 
-0.22474 0.367068 
-0.162726 0.389621 
-0.280518 0.344181 
-0.0936104 0.411326 
-0.0429921 0.424799 
-0.244026 0.359451 
-0.523175 0.183346 
0.627115 0.0315789 
-0.184128 0.382165 
0.473305 0.382989 
0.445639 0.399105 
-0.262618 0.351818 
0.395245 0.421526 
0.569338 0.289386 
0.524847 0.342599 
0.559585 0.303311 
0.512364 0.35393 
0.127096 0.452682 
0.216794 0.454578 
0.306548 0.445258 
0.365835 0.431323 
0.0393674 0.441885 
0.586019 0.260931 
-0.558558 0.138614 
-0.54912 0.151926 
0.631847 0.0733262 
0.578011 0.275443 
0.627337 0.137478 
0.623095 0.158772 
-0.204776 0.374646 
0.630302 0.115935 
-0.117525 0.404234 
0.548666 0.317157 
-0.368619 0.301374 
-0.0687708 0.418205 
-0.140558 0.396982 
0.068223 0.446329 
0.0974723 0.449956 
0.246769 0.452844 
0.276699 0.449775 
0.0111768 0.436749 
0.186815 0.455073 
0.336256 0.439165 
-0.0163461 0.431009 
0.156889 0.454414 
0.630289 0.0522808 
0.631828 0.0945651 
-0.454761 0.245568 
-0.421759 0.269253 
0.61074 0.202189 
0.617773 0.17958 
-0.499721 0.207232 
0.424285 0.409578 
0.601788 0.226375 
0.593389 0.245876 
ZONE T="boundary5"
-0.515785 -0.320785 
-0.526981 -0.305403 
-0.537322 -0.290106 
-0.608548 -0.121162 
-0.611915 -0.102192 
-0.579909 -0.210615 
-0.593179 -0.176739 
-0.614311 -0.0831148 
-0.556121 -0.258879 
-0.564591 -0.243005 
-0.547116 -0.274459 
-0.572509 -0.226934 
-0.599119 -0.158485 
-0.371241 -0.456641 
-0.249779 -0.51979 
-0.272377 -0.510537 
-0.478605 -0.365152 
-0.491583 -0.350677 
-0.202659 -0.535837 
-0.178212 -0.542503 
-0.22685 -0.528134 
-0.293664 -0.500847 
-0.0727257 -0.558584 
-0.0997192 -0.556447 
-0.0167868 -0.558416 
-0.388735 -0.444485 
-0.40513 -0.432247 
-0.126719 -0.552935 
-0.604248 -0.140009 
0.61928 0.00128904 
-0.615337 -0.0254957 
-0.450943 -0.393077 
-0.465006 -0.379342 
-0.504065 -0.335777 
-0.35334 -0.468187 
-0.31458 -0.490358 
-0.334157 -0.479622 
-0.436242 -0.406518 
-0.421106 -0.419469 
-0.616057 -0.04473 
-0.615704 -0.0639596 
-0.586855 -0.193799 
0.592821 -0.0555171 
0.524581 -0.134637 
0.538408 -0.121673 
0.61202 -0.0182739 
-0.0446415 -0.559298 
0.0120597 -0.555726 
0.0403588 -0.551193 
0.17005 -0.50019 
0.147247 -0.513502 
0.190366 -0.486354 
0.208633 -0.47215 
0.226202 -0.456773 
0.260979 -0.421028 
0.297104 -0.376877 
0.27938 -0.399309 
0.243582 -0.439804 
0.37246 -0.278693 
0.353005 -0.30301 
0.392242 -0.255545 
0.315618 -0.352429 
0.412866 -0.233406 
0.493463 -0.161605 
0.509159 -0.148267 
0.473586 -0.178241 
0.453748 -0.195136 
0.551747 -0.108189 
0.624911 0.0213576 
0.567838 -0.0900926 
0.580928 -0.0732519 
0.603201 -0.0371855 
-0.15254 -0.548313 
0.433109 -0.21367 
0.123435 -0.525166 
0.334043 -0.327826 
0.0965764 -0.53589 
0.0689204 -0.544538 
-0.532218 -0.297799 
-0.610349 -0.111698 
-0.613236 -0.0926688 
-0.560422 -0.250977 
-0.551686 -0.266708 
-0.596246 -0.167644 
-0.261124 -0.515275 
-0.485154 -0.357968 
-0.190471 -0.539299 
-0.238356 -0.524076 
-0.214795 -0.532112 
-0.0862362 -0.557688 
-0.396984 -0.438434 
-0.113241 -0.554858 
-0.458031 -0.386267 
-0.497887 -0.34328 
-0.521449 -0.313142 
-0.471864 -0.372303 
-0.324417 -0.485078 
-0.3438 -0.473991 
-0.413171 -0.425925 
-0.380041 -0.450638 
-0.443648 -0.399858 
-0.615135 -0.0735464 
-0.590098 -0.185299 
-0.615833 -0.0351077 
-0.36234 -0.462491 
0.531548 -0.128212 
0.61585 -0.00856659 
-0.0307078 -0.55906 
0.0262477 -0.553697 
-0.428727 -0.413055 
0.158769 -0.507053 
0.217526 -0.464585 
0.288319 -0.388153 
0.252392 -0.430519 
0.362649 -0.290783 
0.382243 -0.267027 
0.306402 -0.364683 
0.463631 -0.186645 
-0.509988 -0.328331 
0.27029 -0.410263 
0.483526 -0.169924 
0.501334 -0.154963 
0.516913 -0.1415 
-0.583457 -0.202238 
0.574523 -0.081781 
0.598189 -0.0464519 
-0.576276 -0.218805 
0.6078 -0.027818 
0.622301 0.0112657 
-0.568614 -0.235001 
-0.616013 -0.0543472 
-0.542288 -0.282326 
-0.601788 -0.149276 
-0.60651 -0.130611 
-0.283066 -0.505793 
-0.139656 -0.550773 
0.199606 -0.479388 
0.180322 -0.49344 
0.443348 -0.204313 
0.40242 -0.244352 
-0.304172 -0.495701 
0.235004 -0.448403 
0.135447 -0.519551 
-0.165409 -0.545552 
-0.00234207 -0.557302 
0.0828299 -0.540475 
-0.0586884 -0.559137 
0.0547003 -0.548125 
0.422874 -0.223421 
0.34347 -0.315381 
0.324823 -0.340122 
0.11011 -0.53079 
0.545148 -0.115001 
0.587037 -0.0644936 
0.55994 -0.0992717 
