ZONE T="boundary0"
-4 -0.840578 
-4 -0.44192 
-4 -0.349843 
-4 -0.231677 
-4 -0.209809 
-4 0.451833 
-4 0.55295 
-4 0.266805 
-4 0.332208 
-4 0.392021 
-4 0.827034 
-4 0.654067 
-4 -0.158892 
-4 -0.187941 
-4 0.207269 
-4 -0.561538 
-4 -0.681157 
-4 -0.0221167 
-4 -0.0717442 
-4 1 
-4 -0.129843 
-4 -1 
-4 -0.275414 
-4 0.167017 
-4 0.126766 
-4 0.0275107 
-4 0.0771382 
-4 -0.760867 
-4 -0.31915 
-4 -0.380535 
-4 -0.220743 
-4 0.502392 
-4 0.299507 
-4 0.362114 
-4 0.74055 
-4 -0.198875 
-4 -0.501729 
-4 -0.0469305 
-4 0.913517 
-4 -0.100793 
-4 -0.920289 
-4 0.603509 
-4 -0.253546 
-4 -0.173416 
-4 0.237037 
-4 0.146892 
-4 0.002697 
-4 0.421927 
-4 -0.297282 
-4 -0.365189 
-4 -0.334497 
-4 -0.411228 
-4 -0.144367 
-4 -0.621347 
-4 0.187143 
-4 0.0523245 
-4 0.101952 
-4 -0.800723 
-4 -0.721012 
ZONE T="boundary1"
0.218233 1 
0.282439 1 
-4 1 
1.57513 1 
1.10865 1 
1.00947 1 
-0.414882 1 
0.154027 1 
-0.855534 1 
-0.969483 1 
-1.31194 1 
2.38618 1 
-2.34068 1 
-3.2747 1 
3.40472 1 
-2.7102 1 
1.4416 1 
1.98833 1 
3.20687 1 
3.00902 1 
-0.111342 1 
-0.0441088 1 
0.372695 1 
0.462951 1 
0.0231248 1 
0.0885758 1 
-0.289106 1 
-0.331032 1 
-0.627753 1 
-0.521318 1 
-0.247181 1 
-0.741643 1 
-0.179262 1 
0.700804 1 
0.910275 1 
-1.08343 1 
-3.77243 1 
-1.19768 1 
-3.44061 1 
-1.52613 1 
0.80554 1 
-1.70527 1 
-1.88442 1 
4 1 
-3.10879 1 
0.581877 1 
1.20837 1 
2.20926 1 
2.56309 1 
3.70236 1 
2.78606 1 
1.30808 1 
1.7674 1 
-2.52544 1 
-2.9095 1 
-2.11255 1 
0.250336 1 
1.05906 1 
-0.912508 1 
-0.0777258 1 
0.327567 1 
0.18613 1 
0.417823 1 
0.0558503 1 
-0.310069 1 
-0.574535 1 
-0.4681 1 
-0.684698 1 
-0.798588 1 
-0.268144 1 
-0.372957 1 
-1.02646 1 
-1.25481 1 
-3.60652 1 
-1.41903 1 
-1.6157 1 
-3.19174 1 
-3.35766 1 
3.10794 1 
3.30579 1 
0.522414 1 
0.641341 1 
1.15851 1 
2.47463 1 
3.55354 1 
2.89754 1 
2.67457 1 
1.37484 1 
1.67126 1 
1.50836 1 
1.87786 1 
2.29772 1 
-2.43306 1 
2.0988 1 
-3.88622 1 
-1.79485 1 
-1.99849 1 
-2.22662 1 
3.85118 1 
-0.213221 1 
-0.145302 1 
0.121301 1 
-0.010492 1 
0.857908 1 
-2.61782 1 
-2.80985 1 
0.753172 1 
1.25822 1 
-3.00914 1 
-1.14056 1 
0.95987 1 
ZONE T="boundary2"
4 -0.446704 
4 -0.38765 
4 -0.328595 
4 -0.19443 
4 0.255624 
4 0.230517 
4 0.781864 
4 0.0947294 
4 -0.608939 
4 -1 
4 -0.243571 
4 -0.286083 
4 -0.527822 
4 -0.145289 
4 -0.0555124 
4 0.0342638 
4 0.418304 
4 0.180302 
4 0.205409 
4 0.155195 
4 0.563728 
4 0.491016 
4 1 
4 -0.804469 
4 0.296294 
4 0.336964 
4 -0.358122 
4 0.24307 
4 -0.264827 
4 -0.487263 
4 -0.169859 
4 -0.100401 
4 -0.219 
4 -0.0106243 
4 0.192856 
4 0.0644966 
4 0.527372 
4 -0.56838 
4 0.890932 
4 -0.902235 
4 -0.706704 
4 0.672796 
4 0.316629 
4 0.275959 
4 0.377634 
4 0.124962 
4 0.217963 
4 0.167749 
4 -0.307339 
4 -0.417177 
4 0.45466 
ZONE T="boundary3"
-1.90494 -1 
-1.71503 -1 
-0.646319 -1 
0.242997 -1 
-0.186756 -1 
1.01375 -1 
0.901408 -1 
1.72097 -1 
-0.383507 -1 
0.789061 -1 
0.684072 -1 
-4 -1 
0.381428 -1 
0.480256 -1 
-0.830537 -1 
-0.738428 -1 
-3.5 -1 
-0.471111 -1 
-3.23993 -1 
3.68408 -1 
-2.97985 -1 
-2.30748 -1 
2.31755 -1 
2.54841 -1 
3.36816 -1 
2.9687 -1 
3.84204 -1 
4 -1 
-2.74998 -1 
-2.52011 -1 
-2.09485 -1 
2.75855 -1 
1.38465 -1 
0.0691374 -1 
0.135751 -1 
0.00252282 -1 
0.189374 -1 
-0.0721064 -1 
-0.0347916 -1 
-0.146736 -1 
0.312213 -1 
0.579083 -1 
-0.226776 -1 
-0.558715 -1 
-0.305142 -1 
1.12661 -1 
-3.75 -1 
-1.28708 -1 
-1.37805 -1 
-1.05161 -1 
-1.16934 -1 
-0.941071 -1 
1.52982 -1 
1.62539 -1 
-1.59203 -1 
-1.46902 -1 
1.23947 -1 
1.90383 -1 
2.08669 -1 
-3.875 -1 
-1.80999 -1 
0.957581 -1 
0.845234 -1 
0.736566 -1 
0.430842 -1 
-0.784482 -1 
-3.36996 -1 
-3.10989 -1 
2.43298 -1 
3.16843 -1 
3.92102 -1 
-2.20117 -1 
2.86363 -1 
0.102444 -1 
0.03583 -1 
0.162563 -1 
-0.0161341 -1 
-0.166746 -1 
-0.0534491 -1 
0.277605 -1 
-0.109421 -1 
-0.206766 -1 
0.216185 -1 
-0.514913 -1 
-0.344324 -1 
-3.625 -1 
-0.602517 -1 
0.631577 -1 
-0.692374 -1 
3.76306 -1 
3.52612 -1 
-1.33256 -1 
-1.11047 -1 
-1.22821 -1 
-0.885804 -1 
-0.427309 -1 
1.45723 -1 
1.5776 -1 
-1.9999 -1 
-1.53052 -1 
-1.42353 -1 
1.31206 -1 
1.99526 -1 
2.20212 -1 
1.8124 -1 
-2.4138 -1 
-1.65353 -1 
-2.63505 -1 
-2.86492 -1 
0.529669 -1 
0.34682 -1 
-0.265959 -1 
1.07018 -1 
-3.9375 -1 
-3.8125 -1 
2.65348 -1 
1.67318 -1 
1.18304 -1 
-0.996338 -1 
ZONE T="boundary4"
0.221223 0.410302 
0.196374 0.427731 
-0.227613 0.511146 
0.53418 0.174036 
0.555688 0.155028 
-0.488604 0.354215 
-0.627582 0.0204545 
0.575959 0.134658 
-0.555161 0.267916 
-0.569884 0.242642 
-0.611655 0.144021 
-0.603427 0.168995 
0.648336 -0.00830964 
0.642756 0.0175988 
0.634488 0.0428553 
0.171669 0.443904 
0.146819 0.458831 
-0.627809 0.0447032 
-0.61824 0.119016 
-0.623141 0.0940635 
-0.582414 0.218406 
-0.468697 0.374326 
-0.448041 0.39324 
-0.593643 0.193818 
-0.523759 0.31311 
-0.507459 0.333172 
-0.539057 0.292345 
-0.426469 0.411137 
-0.404065 0.42794 
-0.380846 0.443622 
-0.280946 0.494038 
-0.306855 0.483387 
-0.356875 0.458122 
-0.254483 0.503315 
-0.172903 0.522333 
-0.145255 0.525617 
-0.117572 0.527327 
-0.200371 0.517502 
0.298034 0.351978 
0.324378 0.331548 
-0.0898916 0.527452 
-0.0623821 0.525987 
0.0965895 0.4845 
0.121843 0.472366 
0.0187667 0.512109 
-0.00798866 0.518304 
0.0450241 0.504418 
0.271663 0.372426 
0.405947 0.269952 
0.378637 0.290269 
0.246566 0.391586 
0.485926 0.211444 
0.510388 0.193084 
0.459658 0.230605 
0.43314 0.249937 
0.0709617 0.495208 
-0.0350083 0.522928 
0.59418 0.113241 
0.623579 0.0672861 
0.629337 0.0552317 
0.610161 0.090687 
0.651223 -0.0345877 
-0.332201 0.47139 
0.351502 0.310747 
-0.626332 0.0692559 
0.208854 0.41911 
0.545064 0.164685 
-0.562693 0.255379 
-0.607726 0.15657 
0.63895 0.0303407 
0.159312 0.451503 
-0.620893 0.106581 
-0.576292 0.230599 
-0.458484 0.383909 
-0.598706 0.181475 
-0.515726 0.323237 
-0.531532 0.30282 
-0.498162 0.343812 
-0.437364 0.402321 
-0.392552 0.435925 
-0.41537 0.419676 
-0.293968 0.488883 
-0.368951 0.451023 
-0.241099 0.507412 
-0.159099 0.52417 
-0.131424 0.526669 
-0.214033 0.514511 
0.311204 0.341748 
-0.103732 0.527588 
-0.0761261 0.526918 
0.109284 0.478597 
0.00542999 0.515401 
-0.54728 0.280244 
0.031944 0.508451 
0.284861 0.362211 
-0.615142 0.131571 
-0.186668 0.520108 
0.392289 0.280081 
0.259141 0.382043 
-0.267774 0.498853 
0.498211 0.202328 
-0.478774 0.364394 
-0.588184 0.206184 
0.472813 0.221038 
0.05805 0.499996 
0.1344 0.465749 
0.233937 0.401013 
0.184086 0.435932 
-0.0214671 0.520812 
0.585288 0.124146 
0.522382 0.183681 
0.631992 0.0490784 
0.617154 0.0791578 
0.626533 0.061297 
0.650111 -0.0214072 
0.602428 0.102156 
0.566002 0.145029 
-0.319604 0.477553 
0.0838396 0.490029 
-0.344621 0.464914 
-0.0486737 0.524657 
0.365061 0.300473 
0.419543 0.25992 
0.337929 0.321117 
-0.627908 0.0325786 
-0.627282 0.056994 
0.645881 0.00472228 
0.446401 0.24025 
-0.624944 0.0816882 
ZONE T="boundary5"
0.325259 -0.431763 
0.35295 -0.424629 
-0.591583 -0.115632 
-0.580021 -0.136413 
-0.00989837 -0.432548 
0.0177315 -0.436984 
0.555496 -0.299838 
-0.601593 -0.0942619 
-0.536513 -0.194871 
-0.519293 -0.213013 
-0.622089 -0.0268741 
-0.616869 -0.0498519 
-0.627582 0.0204545 
-0.625669 -0.00341786 
-0.566966 -0.156543 
-0.460707 -0.263266 
-0.481348 -0.247234 
-0.231486 -0.375433 
-0.0650277 -0.421826 
-0.0925214 -0.415591 
-0.203572 -0.384675 
-0.314185 -0.343976 
-0.28682 -0.355136 
-0.0373795 -0.427507 
-0.120301 -0.408714 
-0.147921 -0.40131 
-0.17583 -0.393258 
0.269339 -0.441938 
0.241189 -0.445183 
-0.510198 -0.221857 
-0.496003 -0.234811 
0.619734 -0.191565 
0.629838 -0.165871 
0.638268 -0.139961 
-0.391878 -0.306793 
-0.366847 -0.319831 
-0.259226 -0.365607 
-0.438886 -0.278546 
-0.415945 -0.293031 
0.595117 -0.241898 
0.644829 -0.113834 
0.482242 -0.365587 
0.213031 -0.447312 
-0.610027 -0.0723326 
0.458291 -0.380612 
0.156772 -0.448544 
0.128747 -0.447787 
0.100856 -0.446202 
0.0730689 -0.443844 
0.045334 -0.440754 
0.184851 -0.448409 
0.297413 -0.43749 
0.380268 -0.416014 
0.407066 -0.405835 
0.433014 -0.394106 
0.546229 -0.310419 
0.526385 -0.330464 
0.505138 -0.348756 
-0.340681 -0.332318 
0.647345 -0.100681 
0.564316 -0.288893 
0.580571 -0.266014 
0.634268 -0.152959 
-0.552442 -0.176035 
0.649311 -0.0875008 
0.651503 -0.0610551 
0.651223 -0.0345877 
0.608133 -0.216967 
0.339149 -0.428374 
-0.585981 -0.126121 
0.00390166 -0.434845 
-0.528028 -0.204061 
-0.619686 -0.0384083 
-0.626838 0.00850322 
-0.471125 -0.255378 
-0.0787915 -0.418777 
-0.217552 -0.380124 
-0.300537 -0.349645 
-0.106429 -0.41222 
-0.161895 -0.397351 
0.25528 -0.443704 
-0.488732 -0.241089 
0.624967 -0.178789 
-0.573661 -0.146586 
-0.514774 -0.217465 
-0.379421 -0.313428 
-0.427497 -0.285921 
0.641787 -0.126956 
0.227118 -0.446381 
-0.13413 -0.405077 
-0.61365 -0.0611525 
-0.449889 -0.271041 
-0.273052 -0.360452 
0.142755 -0.448273 
-0.189721 -0.389033 
0.114794 -0.447095 
0.0591891 -0.442387 
0.0315192 -0.438951 
0.17081 -0.448592 
0.198944 -0.447985 
-0.0512201 -0.424738 
-0.624089 -0.0151763 
0.366668 -0.42051 
0.311369 -0.434792 
-0.0236547 -0.430102 
0.420132 -0.400177 
0.445767 -0.387575 
0.470401 -0.373314 
0.53651 -0.320643 
0.51594 -0.339817 
-0.606006 -0.0833713 
-0.353814 -0.326183 
0.550917 -0.305176 
0.646153 -0.10727 
0.559962 -0.29441 
0.572671 -0.277615 
0.493849 -0.357389 
0.632103 -0.159432 
-0.403981 -0.300038 
-0.559859 -0.166403 
0.2834 -0.439869 
-0.245381 -0.370594 
0.393742 -0.411124 
0.636322 -0.146477 
0.648398 -0.0941007 
0.650704 -0.0742994 
-0.327473 -0.338243 
0.0869524 -0.445117 
0.588052 -0.254082 
0.614098 -0.204342 
-0.596776 -0.105034 
-0.544618 -0.185571 
0.651682 -0.0478142 
0.601796 -0.229524 
-0.503161 -0.2284 
