ZONE T="boundary0"
-4 -1 
-4 -0.655172 
-4 0.817353 
-4 0.634705 
-4 0.532692 
-4 0.430679 
-4 0.216454 
-4 0.111889 
-4 -0.0842934 
-4 -0.18727 
-4 -0.152944 
-4 -0.517036 
-4 1 
-4 0.0137976 
-4 0.373052 
-4 0.315426 
-4 0.26594 
-4 -0.586104 
-4 -0.436558 
-4 -0.322459 
-4 -0.35608 
-4 -0.288838 
-4 -0.255217 
-4 -0.221595 
-4 -0.827586 
-4 0.726029 
-4 0.481685 
-4 0.164171 
-4 -0.170107 
-4 0.908676 
-4 0.0628431 
-4 0.290683 
-4 0.401866 
-4 0.344239 
-4 0.583699 
-4 -0.620638 
-4 -0.476797 
-4 -0.55157 
-4 -0.0352479 
-4 -0.396319 
-4 -0.272027 
-4 -0.118619 
-4 -0.238406 
-4 -0.33927 
-4 -0.305648 
-4 -0.204433 
-4 0.241197 
ZONE T="boundary1"
3.51413 1 
-0.173768 1 
0.11689 1 
0.0616349 1 
0.828514 1 
3.75706 1 
4 1 
-0.5041 1 
-3.78049 1 
-4 1 
-1.2327 1 
-1.4479 1 
2.84781 1 
2.56328 1 
3.33713 1 
-3.56099 1 
2.32041 1 
2.07754 1 
-3.05606 1 
-1.95265 1 
-2.59528 1 
1.22185 1 
1.33815 1 
-2.82567 1 
0.00637972 1 
0.188434 1 
-0.115967 1 
-0.23157 1 
-0.318224 1 
-0.404878 1 
-0.603322 1 
0.259979 1 
0.388132 1 
0.920286 1 
0.710332 1 
0.59215 1 
-0.73085 1 
-0.858378 1 
1.01206 1 
-0.989481 1 
-1.12058 1 
1.11695 1 
3.16014 1 
1.45444 1 
0.490141 1 
-1.34482 1 
1.68704 1 
1.88229 1 
-2.37172 1 
-2.14817 1 
-1.75713 1 
-1.55098 1 
-3.30852 1 
-0.0547939 1 
0.0892625 1 
3.87853 1 
-3.89025 1 
2.70554 1 
1.28 1 
-0.202669 1 
-0.144868 1 
-0.274897 1 
-0.553711 1 
0.0340073 1 
0.324056 1 
-0.454489 1 
0.651241 1 
0.769423 1 
-0.667086 1 
0.966171 1 
-0.923929 1 
0.8744 1 
3.6356 1 
1.1694 1 
3.00397 1 
1.39629 1 
1.0645 1 
-0.794614 1 
0.541146 1 
3.42563 1 
3.24863 1 
-1.28876 1 
-3.67074 1 
-2.71047 1 
-2.25995 1 
-1.85489 1 
1.57074 1 
-1.65405 1 
-2.4835 1 
1.97991 1 
2.44184 1 
-3.18229 1 
-2.94086 1 
1.78467 1 
-2.05041 1 
2.19897 1 
-0.0242071 1 
-0.0853806 1 
0.152662 1 
-0.361551 1 
0.224207 1 
-3.43475 1 
-1.17664 1 
-1.05503 1 
-1.49944 1 
-1.39636 1 
0.439137 1 
ZONE T="boundary2"
4 -0.689816 
4 -0.56061 
4 -0.431403 
4 -0.336748 
4 0.377844 
4 0.204535 
4 -0.135554 
4 0.498383 
4 0.786419 
4 1 
4 -0.293302 
4 -0.249857 
4 -0.192705 
4 -0.0662982 
4 0.00295723 
4 0.423928 
4 0.572838 
4 0.25651 
4 0.281593 
4 0.231426 
4 0.0634098 
4 0.123862 
4 0.177644 
4 -1 
4 0.306677 
4 0.331761 
4 -0.496007 
4 0.89321 
4 -0.27158 
4 -0.315025 
4 -0.384075 
4 -0.164129 
4 -0.221281 
4 -0.100926 
4 -0.0316705 
4 0.535611 
4 0.461156 
4 -0.625213 
4 0.269052 
4 0.093636 
4 0.679629 
4 0.150753 
4 -0.844908 
4 0.217981 
4 0.19109 
4 0.0331835 
4 0.319219 
4 0.243968 
4 0.294135 
4 0.354803 
4 0.400886 
ZONE T="boundary3"
-4 -1 
-3.61818 -1 
1.15756 -1 
1.26707 -1 
-1.15235 -1 
-1.25172 -1 
-0.085997 -1 
-0.191284 -1 
-0.994802 -1 
0.0886048 -1 
-0.0288855 -1 
0.028226 -1 
0.853273 -1 
0.912143 -1 
-0.262493 -1 
1.5339 -1 
-2.55576 -1 
-2.8898 -1 
-1.35109 -1 
2.39243 -1 
3.52032 -1 
3.76016 -1 
-1.84734 -1 
-3.11365 -1 
-2.03329 -1 
1.96604 -1 
3.34044 -1 
-2.29453 -1 
0.212413 -1 
0.148984 -1 
0.275843 -1 
-0.465434 -1 
0.475451 -1 
-0.399568 -1 
0.408084 -1 
0.341963 -1 
-0.333703 -1 
-0.550984 -1 
1.06398 -1 
1.37657 -1 
0.794402 -1 
0.733899 -1 
0.608107 -1 
0.673396 -1 
0.542818 -1 
0.98806 -1 
-1.50624 -1 
-0.851387 -1 
-0.923094 -1 
-0.636534 -1 
-3.3375 -1 
-0.690247 -1 
-1.66139 -1 
1.69123 -1 
2.24085 -1 
4 -1 
2.91648 -1 
2.54402 -1 
2.73025 -1 
3.16056 -1 
-0.74396 -1 
-0.797674 -1 
-3.80909 -1 
1.21232 -1 
-1.20204 -1 
-0.138641 -1 
-1.07358 -1 
-0.0574412 -1 
-0.000329754 -1 
0.882708 -1 
-2.72278 -1 
-1.30141 -1 
3.64024 -1 
3.43038 -1 
-2.42514 -1 
0.118794 -1 
0.244128 -1 
0.180698 -1 
0.0584154 -1 
-0.226889 -1 
-0.432501 -1 
0.308903 -1 
-0.298098 -1 
0.441767 -1 
0.375023 -1 
-0.366635 -1 
-0.508209 -1 
1.11077 -1 
1.32182 -1 
0.764151 -1 
0.823837 -1 
0.640752 -1 
0.509135 -1 
-1.42867 -1 
-0.887241 -1 
-0.958948 -1 
-3.47784 -1 
-1.58382 -1 
-3.22557 -1 
-3.00172 -1 
1.61256 -1 
2.10344 -1 
1.45524 -1 
-2.16391 -1 
3.88008 -1 
1.82863 -1 
-1.75436 -1 
-1.94031 -1 
2.46823 -1 
2.31664 -1 
2.63714 -1 
2.82337 -1 
3.03852 -1 
3.2505 -1 
0.950102 -1 
0.575463 -1 
1.02602 -1 
-0.593759 -1 
0.703648 -1 
-0.663391 -1 
-0.717104 -1 
-0.82453 -1 
-0.770817 -1 
ZONE T="boundary4"
-0.390545 0.254377 
-0.373367 0.270309 
-0.338568 0.299989 
-0.355752 0.285743 
0.200391 0.109603 
0.224667 0.130718 
-0.570133 -0.0533785 
-0.567663 -0.0373999 
0.203502 0.494955 
0.23013 0.489316 
0.356187 0.266629 
-0.564543 -0.0215977 
-0.321029 0.313795 
-0.477175 0.158955 
0.370926 0.348215 
0.0648452 0.492426 
0.0445694 0.488657 
0.260824 0.160191 
-0.183027 0.402853 
-0.560804 -0.00604036 
-0.556465 0.00926768 
-0.55158 0.0242382 
-0.546156 0.0389312 
-0.535203 0.0644908 
-0.511393 0.108967 
-0.523666 0.0874735 
-0.463642 0.176055 
0.14879 0.499487 
0.0246227 0.484256 
-0.501628 0.12448 
-0.48971 0.141953 
-0.435993 0.207959 
0.371788 0.328856 
-0.422054 0.222874 
-0.40647 0.238821 
-0.304246 0.326381 
-0.287195 0.338603 
-0.449599 0.192698 
-0.272306 0.348844 
-0.22944 0.376282 
-0.214634 0.3851 
-0.199677 0.39368 
0.175946 0.4983 
-0.147236 0.421248 
-0.128054 0.430371 
-0.257235 0.358826 
-0.105789 0.440319 
-0.0600686 0.458566 
-0.0366176 0.466763 
-0.0832438 0.449686 
-0.015993 0.473301 
0.00482334 0.479241 
-0.166198 0.411726 
0.0852349 0.495463 
0.105403 0.497675 
0.127092 0.499111 
0.34659 0.412978 
0.367618 0.366404 
0.336886 0.425791 
0.330916 0.227431 
0.313812 0.207967 
0.159573 0.0651847 
0.176611 0.085841 
0.144748 0.0423956 
0.125346 -0.0101873 
0.369841 0.30868 
0.364724 0.287777 
0.242752 0.145525 
0.25558 0.481253 
0.304148 0.455762 
0.277732 0.174278 
0.325898 0.43764 
0.315423 0.447094 
0.268288 0.476048 
0.280583 0.470126 
0.294124 0.188742 
0.355141 0.398794 
0.362111 0.383616 
0.345028 0.246915 
0.132912 0.017038 
-0.382011 0.262403 
-0.347207 0.292922 
0.212403 0.120312 
-0.568981 -0.0453766 
0.216888 0.492443 
-0.566185 -0.0294829 
-0.329841 0.306946 
-0.558711 0.00163519 
-0.548937 0.0316104 
-0.554095 0.0167766 
-0.540886 0.0517996 
-0.517666 0.0982994 
0.0345787 0.486536 
-0.506579 0.116768 
-0.483517 0.15051 
-0.429064 0.215456 
-0.398553 0.246647 
-0.312672 0.320134 
-0.295753 0.332537 
-0.456681 0.18443 
-0.279773 0.343757 
-0.207173 0.389421 
0.162383 0.499136 
-0.222055 0.380721 
0.371692 0.338564 
-0.13767 0.425861 
-0.414306 0.230893 
-0.191374 0.398304 
-0.264792 0.353868 
-0.0483749 0.462754 
-0.0716889 0.454209 
-0.00560702 0.476349 
-0.174634 0.407328 
-0.116955 0.435416 
-0.156743 0.416536 
0.0750267 0.49404 
0.116241 0.49852 
0.0147043 0.481823 
0.0953091 0.49667 
-0.442842 0.200372 
-0.0263285 0.470105 
0.369571 0.357373 
0.167836 0.0757275 
-0.470478 0.167562 
0.0546914 0.490629 
0.151803 0.0540264 
0.367666 0.298156 
0.233687 0.138153 
0.242966 0.485612 
0.137941 0.499438 
0.341901 0.419508 
0.2518 0.15285 
0.269318 0.167194 
-0.562753 -0.0138002 
0.320757 0.442472 
-0.495752 0.133274 
0.358841 0.391308 
0.292619 0.463345 
0.274483 0.473182 
0.261974 0.478743 
0.331537 0.431849 
0.350915 0.256621 
-0.094549 0.445078 
0.351059 0.406004 
0.322583 0.217528 
0.365136 0.375104 
-0.364615 0.278089 
0.138344 0.029948 
0.285998 0.181441 
0.371176 0.318752 
0.360838 0.277074 
0.338234 0.237008 
0.189764 0.496913 
0.30987 0.451536 
0.304139 0.198201 
-0.529596 0.0760643 
0.188237 0.0979924 
-0.243406 0.367662 
0.128527 0.00359452 
ZONE T="boundary5"
-0.313119 -0.536541 
-0.331514 -0.524179 
-0.52935 -0.294808 
-0.228632 -0.583387 
-0.203482 -0.594687 
-0.563124 -0.195816 
-0.411123 -0.458673 
-0.573507 -0.101374 
-0.573308 -0.117501 
-0.572454 -0.133567 
-0.570133 -0.0533785 
-0.56886 -0.165418 
-0.548224 -0.248146 
-0.555701 -0.224589 
-0.539576 -0.271299 
0.351164 -0.667416 
0.306009 -0.672365 
-0.570965 -0.149544 
-0.120973 -0.62502 
-0.149638 -0.615551 
0.0792122 -0.66678 
-0.0247417 -0.649866 
0.00900909 -0.656385 
-0.0897645 -0.634182 
-0.0582216 -0.642333 
0.374858 -0.663733 
-0.458104 -0.407459 
-0.47319 -0.388124 
-0.395555 -0.473277 
-0.517059 -0.319337 
-0.487932 -0.367424 
-0.273473 -0.56039 
-0.251264 -0.572265 
-0.293506 -0.54879 
0.638577 -0.510193 
0.514263 -0.620403 
0.536235 -0.608622 
-0.44219 -0.426176 
0.424722 -0.202448 
-0.571912 -0.0692252 
0.226252 -0.675586 
0.188888 -0.675036 
0.151654 -0.673317 
0.115349 -0.670563 
0.26421 -0.674849 
0.469041 -0.639497 
0.39861 -0.659183 
0.445755 -0.647169 
0.422234 -0.653701 
0.400003 -0.200334 
0.450303 -0.205544 
0.491893 -0.630617 
-0.573044 -0.0852987 
0.557845 -0.237616 
0.582365 -0.251983 
0.575556 -0.581861 
0.476763 -0.21012 
0.503639 -0.216628 
0.594069 -0.565795 
0.611315 -0.547908 
0.625703 -0.529914 
0.640769 -0.311976 
0.652695 -0.335087 
0.649769 -0.488317 
0.658666 -0.464481 
0.664428 -0.440454 
0.667192 -0.414793 
0.666278 -0.387179 
0.660866 -0.358529 
0.132072 -0.086273 
0.123432 -0.0486606 
0.125346 -0.0101873 
0.20676 -0.166375 
0.30405 -0.193256 
0.339416 -0.196486 
0.53102 -0.225697 
-0.50271 -0.344444 
0.271279 -0.188129 
0.624485 -0.289386 
-0.364758 -0.499428 
-0.177918 -0.605126 
0.176701 -0.146827 
0.150666 -0.119864 
0.0440041 -0.662081 
0.238902 -0.17972 
0.667245 -0.400998 
0.604477 -0.268967 
0.556317 -0.596008 
0.375382 -0.19873 
-0.322369 -0.530436 
-0.216108 -0.589148 
-0.57349 -0.109439 
-0.572962 -0.125539 
-0.552106 -0.236414 
0.328613 -0.670206 
-0.544048 -0.259779 
-0.569988 -0.157492 
-0.53462 -0.283123 
-0.135347 -0.620404 
-0.00789281 -0.65325 
-0.0415135 -0.64623 
-0.10541 -0.629732 
0.363024 -0.665674 
-0.46575 -0.397871 
-0.403403 -0.466042 
-0.523372 -0.307157 
-0.480677 -0.377857 
-0.262421 -0.566424 
-0.239996 -0.577921 
-0.303365 -0.542748 
0.525344 -0.6147 
-0.426961 -0.442713 
0.207564 -0.675462 
0.133489 -0.672071 
0.285117 -0.673839 
0.245229 -0.675388 
-0.450245 -0.4169 
0.386752 -0.661568 
0.410447 -0.656563 
0.457442 -0.643479 
-0.283538 -0.554672 
0.412353 -0.201304 
0.437512 -0.203857 
0.503151 -0.625681 
0.570318 -0.244439 
0.463548 -0.207635 
0.490243 -0.213121 
0.602894 -0.557058 
-0.571788 -0.141563 
0.64716 -0.323338 
-0.572562 -0.0772565 
0.661912 -0.452571 
0.666236 -0.427689 
0.66415 -0.372776 
0.126425 -0.0677748 
0.123102 -0.0293592 
0.321693 -0.195079 
-0.571104 -0.061293 
-0.573359 -0.0933342 
0.480524 -0.635215 
0.434028 -0.650568 
-0.495464 -0.356026 
0.287603 -0.19102 
-0.559634 -0.210261 
-0.348336 -0.512067 
-0.510056 -0.331989 
-0.380368 -0.486598 
-0.163826 -0.610462 
-0.566259 -0.180669 
0.191231 -0.157371 
0.162853 -0.134157 
-0.190746 -0.600014 
0.0972644 -0.6688 
0.0615891 -0.664555 
-0.0740274 -0.638382 
0.140212 -0.103716 
0.222561 -0.173697 
0.25496 -0.1844 
0.170261 -0.674318 
0.0264833 -0.65936 
0.657191 -0.346687 
0.667345 -0.407898 
0.593707 -0.260115 
0.61487 -0.278814 
0.644469 -0.499422 
0.632382 -0.520223 
0.566066 -0.589122 
0.546382 -0.602493 
0.63307 -0.300391 
0.517416 -0.220847 
0.544582 -0.231296 
0.618711 -0.539084 
0.666891 -0.394089 
0.584977 -0.57403 
0.654572 -0.476547 
0.387679 -0.199492 
0.357368 -0.197653 
