ZONE T="boundary0"
-4 -0.312044 
-4 -0.366203 
-4 -0.253621 
-4 -0.138722 
-4 -0.0714146 
-4 -0.00410713 
-4 0.524455 
-4 0.366961 
-4 0.280813 
-4 0.71996 
-4 0.85998 
-4 0.216448 
-4 -0.224409 
-4 -0.195197 
-4 -0.487589 
-4 -0.426896 
-4 -0.58843 
-4 0.622208 
-4 -0.282832 
-4 0.172457 
-4 0.128465 
-4 0.445708 
-4 -0.68927 
-4 -0.844635 
-4 -1 
-4 1 
-4 -0.339124 
-4 -0.105068 
-4 0.323887 
-4 0.78997 
-4 0.24863 
-4 -0.166959 
-4 -0.457242 
-4 0.573331 
-4 -0.297438 
-4 -0.209803 
-4 -0.239015 
-4 -0.0377608 
-4 0.150461 
-4 0.406334 
-4 -0.396549 
-4 0.062179 
-4 0.194452 
-4 -0.63885 
-4 -0.766953 
-4 -0.538009 
-4 0.485081 
-4 0.671084 
-4 -0.922318 
-4 0.92999 
-4 -0.268227 
ZONE T="boundary1"
-2.91793 1 
-2.75012 1 
1.81467 1 
-0.824635 1 
-0.27137 1 
-3.78661 1 
0.536004 1 
0.426172 1 
0.316339 1 
0.236301 1 
0.156263 1 
4 1 
-3.57322 1 
3.69545 1 
3.39089 1 
1.36276 1 
-1.44226 1 
-1.58465 1 
-2.07955 1 
2.2032 1 
2.00894 1 
-2.26401 1 
-2.44847 1 
-2.5993 1 
-3.32948 1 
2.57695 1 
2.39008 1 
2.77288 1 
3.17985 1 
-0.158106 1 
-0.448345 1 
-0.069888 1 
0.76554 1 
0.650772 1 
0.0872965 1 
-0.359858 1 
-0.727508 1 
0.882741 1 
0.824141 1 
-0.630381 1 
-0.963564 1 
-1.07483 1 
-0.539363 1 
1.23538 1 
1.11766 1 
-1.1861 1 
1.0588 1 
0.999943 1 
1.6524 1 
1.49013 1 
0.941342 1 
-1.72705 1 
-4 1 
-1.9033 1 
-3.08574 1 
2.9688 1 
-1.31418 1 
-0.0257792 1 
0.0183297 1 
-2.83403 1 
0.481088 1 
0.196282 1 
3.54317 1 
-1.51346 1 
2.10607 1 
-2.35624 1 
-3.45135 1 
1.9118 1 
2.48352 1 
-0.214738 1 
0.27632 1 
0.371256 1 
0.708156 1 
0.593388 1 
-0.404101 1 
0.853441 1 
-0.776071 1 
-0.894099 1 
-0.678944 1 
-1.0192 1 
-0.493854 1 
1.02937 1 
1.17652 1 
1.42645 1 
3.28537 1 
1.73353 1 
1.57127 1 
-1.65585 1 
-3.89331 1 
-3.67992 1 
-1.81518 1 
-3.00184 1 
-3.20761 1 
2.87084 1 
2.67491 1 
3.84772 1 
3.07432 1 
-2.67471 1 
2.29664 1 
-2.52389 1 
-1.99143 1 
-2.17178 1 
0.12178 1 
-0.584872 1 
-0.0478336 1 
0.0528131 1 
-0.00372476 1 
-0.315614 1 
-0.113997 1 
0.79484 1 
0.912042 1 
0.970643 1 
1.29907 1 
1.08823 1 
-1.37822 1 
-1.13046 1 
-1.25014 1 
ZONE T="boundary2"
4 -0.273363 
4 -0.316523 
4 -0.230203 
4 -0.178637 
4 0.25742 
4 0.312705 
4 0.762683 
4 -0.127071 
4 0.0653853 
4 1 
4 0.200019 
4 -0.825739 
4 -0.651477 
4 -1 
4 0.386602 
4 0.455984 
4 0.525365 
4 -0.0694595 
4 -0.0118482 
4 -0.55801 
4 -0.464543 
4 0.142619 
4 0.644024 
4 -0.390533 
4 -0.294943 
4 -0.251783 
4 0.285062 
4 0.881341 
4 0.228719 
4 -0.738608 
4 0.349653 
4 0.490674 
4 -0.152854 
4 -0.0406539 
4 -0.20442 
4 -0.511276 
4 0.104002 
4 -0.0982652 
4 0.703353 
4 0.0267685 
4 0.584695 
4 -0.912869 
4 -0.604744 
4 -0.427538 
4 0.421293 
4 -0.353528 
4 0.171319 
ZONE T="boundary3"
-3.75584 -1 
-3.51169 -1 
-1.51614 -1 
-1.85673 -1 
-0.754551 -1 
0.599544 -1 
-0.217863 -1 
-0.262291 -1 
-0.86656 -1 
-0.158622 -1 
0.797458 -1 
-1.04433 -1 
1.50033 -1 
-1.68644 -1 
-2.89795 -1 
-2.72046 -1 
-3.07543 -1 
3.15627 -1 
3.3017 -1 
3.65085 -1 
4 -1 
0.115417 -1 
0.183697 -1 
-0.61376 -1 
-0.44006 -1 
-0.0993807 -1 
-0.306719 -1 
-0.373389 -1 
-0.0261221 -1 
0.0471364 -1 
0.258172 -1 
0.332647 -1 
0.689885 -1 
-1.15875 -1 
-4 -1 
0.420925 -1 
0.509203 -1 
0.905031 -1 
1.15011 -1 
-1.39466 -1 
-1.27317 -1 
3.47628 -1 
1.63614 -1 
-2.07144 -1 
1.25731 -1 
-2.50331 -1 
-2.28616 -1 
-3.29356 -1 
2.71998 -1 
3.01084 -1 
2.53634 -1 
1.02757 -1 
1.72531 -1 
1.81449 -1 
1.99284 -1 
2.17277 -1 
2.3527 -1 
1.36452 -1 
-3.63377 -1 
-0.240077 -1 
-1.77158 -1 
-2.8092 -1 
-2.98669 -1 
3.22899 -1 
3.82543 -1 
0.149557 -1 
-0.52691 -1 
-0.284505 -1 
-0.406725 -1 
-0.340054 -1 
-0.810555 -1 
0.0812766 -1 
0.295409 -1 
-0.955446 -1 
0.644714 -1 
-1.10154 -1 
-3.87792 -1 
0.465064 -1 
0.554373 -1 
0.851244 -1 
0.743671 -1 
-0.684156 -1 
0.0105071 -1 
-0.0627514 -1 
-1.4554 -1 
-1.33391 -1 
3.56356 -1 
3.38899 -1 
-1.96409 -1 
-1.60129 -1 
1.20371 -1 
-2.1788 -1 
-2.39474 -1 
-3.40262 -1 
-3.18449 -1 
2.86541 -1 
-2.61189 -1 
2.62816 -1 
1.7699 -1 
1.90367 -1 
2.08281 -1 
2.44452 -1 
-0.129001 -1 
-0.188242 -1 
0.376786 -1 
0.220935 -1 
2.26273 -1 
3.08355 -1 
0.966301 -1 
1.31092 -1 
1.43242 -1 
1.08884 -1 
-1.21596 -1 
1.56823 -1 
1.68072 -1 
ZONE T="boundary4"
-0.151166 0.395362 
-0.127512 0.402127 
-0.173706 0.388556 
-0.196141 0.381434 
0.639438 0.0337173 
-0.625116 -0.0203957 
0.640717 0.0512926 
0.640853 0.0691155 
-0.556311 0.165593 
-0.331604 0.330087 
-0.348677 0.322303 
0.630635 0.140667 
-0.507297 0.219054 
-0.492631 0.23211 
-0.0273058 0.426258 
-0.0537705 0.420631 
-0.623473 0.000469616 
-0.520697 0.206153 
0.634725 0.12268 
-0.314406 0.337559 
-0.296283 0.345078 
0.536891 0.318351 
-0.620504 0.021244 
-0.616183 0.0418711 
-0.585632 0.120583 
0.571496 0.274978 
0.554902 0.297653 
-0.603497 0.0821862 
-0.61051 0.0622139 
-0.59518 0.101684 
-0.576617 0.136107 
-0.566812 0.151134 
-0.414032 0.288082 
-0.397927 0.297296 
-0.278056 0.352312 
-0.545135 0.179531 
-0.477483 0.244604 
-0.533279 0.193019 
-0.446022 0.267778 
-0.461959 0.25648 
-0.430186 0.278194 
-0.381594 0.306069 
0.637801 0.104871 
0.625694 0.15837 
-0.365216 0.314366 
-0.258409 0.359776 
-0.238665 0.366958 
-0.21745 0.374343 
-0.103741 0.408528 
-0.0788201 0.414799 
0.636999 0.0163278 
0.586864 0.249777 
0.601151 0.221792 
0.376341 0.417595 
0.40174 0.4082 
0.517352 0.337398 
0.426764 0.397209 
0.49639 0.354817 
0.450901 0.384716 
0.474291 0.370516 
0.115605 0.445917 
0.146264 0.44746 
0.207268 0.447244 
0.176992 0.447924 
0.266406 0.442321 
0.350182 0.42565 
0.29526 0.437989 
0.323203 0.432429 
0.0856819 0.443433 
0.237555 0.44535 
0.546119 0.308182 
-0.000702254 0.431333 
0.620317 0.174858 
0.608004 0.206526 
0.614345 0.191041 
0.639873 0.0869028 
0.0558822 0.440055 
0.027519 0.436048 
-0.139352 0.39879 
-0.184936 0.385035 
0.640928 0.0602029 
-0.340159 0.326235 
-0.500027 0.225653 
-0.0405525 0.423512 
-0.624457 -0.00995015 
-0.30536 0.341355 
-0.618511 0.0315928 
0.56344 0.286492 
-0.590557 0.11121 
-0.57181 0.143683 
-0.406012 0.292746 
-0.561649 0.158427 
-0.539281 0.186341 
-0.469775 0.250613 
-0.422148 0.283201 
-0.389788 0.301735 
0.636384 0.113797 
-0.323021 0.33386 
-0.373429 0.310264 
-0.438148 0.273053 
-0.454041 0.262201 
-0.248549 0.363401 
-0.228071 0.370688 
-0.206808 0.377925 
-0.115639 0.405374 
-0.0912942 0.411717 
-0.527056 0.199652 
-0.162448 0.391999 
-0.485115 0.238427 
-0.51406 0.21267 
0.632794 0.1317 
-0.356967 0.318377 
0.594249 0.235908 
0.389108 0.413079 
0.527314 0.328072 
0.462721 0.377822 
0.485485 0.36287 
-0.268246 0.35608 
0.438935 0.391161 
0.130928 0.446819 
0.192133 0.44773 
0.309265 0.435379 
0.280858 0.440322 
0.541558 0.313315 
-0.0140177 0.428867 
0.628267 0.149547 
0.617405 0.182977 
0.623088 0.166641 
0.640222 0.0424944 
0.638364 0.025002 
0.638968 0.0959022 
0.640499 0.0780166 
-0.287183 0.348729 
0.50704 0.346311 
0.550566 0.302963 
-0.550804 0.172627 
-0.0663086 0.417772 
0.0416876 0.438144 
0.336735 0.429212 
0.363316 0.421799 
0.0707698 0.441852 
0.100634 0.444792 
0.013394 0.433776 
0.251997 0.443989 
0.414337 0.402898 
0.161626 0.447832 
-0.581227 0.128404 
-0.622155 0.0108806 
-0.607168 0.0722577 
-0.599497 0.0920029 
-0.613513 0.0520892 
0.579437 0.262535 
0.222421 0.446454 
0.611239 0.198812 
0.604641 0.214187 
ZONE T="boundary5"
-0.569781 -0.2384 
-0.578776 -0.221023 
-0.343389 -0.46332 
-0.419178 -0.41369 
-0.538894 -0.288776 
-0.625116 -0.0203957 
-0.625466 -0.0412785 
-0.614748 -0.124057 
-0.619163 -0.103532 
-0.609243 -0.144434 
-0.624561 -0.0621318 
-0.587429 -0.202726 
-0.622447 -0.082884 
-0.322312 -0.474398 
-0.254839 -0.503147 
-0.27801 -0.494368 
-0.30082 -0.484627 
-0.382658 -0.439666 
-0.602677 -0.164682 
-0.363248 -0.451871 
-0.127902 -0.532889 
-0.154447 -0.52914 
-0.180235 -0.524264 
-0.230479 -0.511215 
-0.205836 -0.518209 
-0.526767 -0.305526 
-0.499966 -0.338312 
-0.513996 -0.321796 
-0.560186 -0.255451 
-0.549861 -0.272316 
-0.401163 -0.427023 
-0.485306 -0.354276 
-0.469672 -0.370037 
-0.453443 -0.385186 
0.425035 -0.254421 
-0.595361 -0.184105 
0.633401 -0.000799676 
0.622792 -0.0340403 
-0.101317 -0.535351 
0.00785233 -0.531383 
-0.0194402 -0.534587 
0.0355421 -0.526508 
0.062733 -0.520035 
0.0897686 -0.511833 
0.195577 -0.460372 
0.116575 -0.501842 
0.143155 -0.489978 
0.169482 -0.476176 
0.325011 -0.351986 
0.221533 -0.44248 
0.299334 -0.37667 
0.273128 -0.400647 
0.345157 -0.332173 
0.365263 -0.3123 
0.38549 -0.292423 
0.483623 -0.201806 
0.463982 -0.218959 
0.444446 -0.236452 
0.499625 -0.187902 
0.636999 0.0163278 
-0.436581 -0.399763 
0.515479 -0.173918 
0.566961 -0.122977 
0.549131 -0.142102 
0.532558 -0.158276 
0.598729 -0.0809818 
0.607739 -0.0658437 
0.615808 -0.0501327 
0.58355 -0.102729 
0.628652 -0.0176215 
0.405793 -0.27273 
-0.0470196 -0.536289 
-0.0741137 -0.536517 
0.247455 -0.422458 
-0.574354 -0.22975 
-0.62545 -0.0308344 
-0.617092 -0.113824 
-0.612125 -0.134281 
-0.623652 -0.072523 
-0.332906 -0.468964 
-0.26647 -0.498878 
-0.289465 -0.489616 
-0.606083 -0.154598 
-0.353373 -0.45769 
-0.141197 -0.531172 
-0.167369 -0.526849 
-0.218196 -0.514846 
-0.532913 -0.297211 
-0.507062 -0.330123 
-0.520459 -0.313722 
-0.565059 -0.246968 
-0.544457 -0.280599 
-0.410233 -0.420442 
-0.39197 -0.433431 
-0.492713 -0.346365 
-0.599127 -0.174434 
-0.19307 -0.521381 
-0.583189 -0.211915 
-0.00577147 -0.533176 
0.0217331 -0.529149 
0.10325 -0.507048 
0.12996 -0.49612 
0.182649 -0.468472 
0.312228 -0.364386 
0.286325 -0.388762 
0.208682 -0.45161 
0.355208 -0.322235 
0.375364 -0.302349 
0.454179 -0.227667 
0.335098 -0.342094 
0.473785 -0.210363 
0.491629 -0.194859 
0.635345 0.00773342 
-0.427945 -0.406809 
-0.46163 -0.377689 
0.507574 -0.180935 
0.558182 -0.132666 
0.540922 -0.150267 
0.524068 -0.166152 
0.611899 -0.0580528 
-0.620947 -0.0932307 
0.591366 -0.0920136 
0.619433 -0.0421442 
0.631169 -0.00925101 
-0.242703 -0.507313 
-0.477565 -0.362232 
-0.591489 -0.193455 
-0.555103 -0.263933 
0.625859 -0.0258802 
0.415388 -0.263548 
-0.373012 -0.445861 
-0.445081 -0.392554 
-0.311617 -0.479619 
-0.0332183 -0.535626 
-0.0605652 -0.536578 
0.076314 -0.516142 
-0.114625 -0.534281 
0.0491863 -0.523475 
0.156427 -0.483283 
0.395622 -0.282556 
-0.0877227 -0.536106 
0.234621 -0.432634 
0.260406 -0.411688 
0.603348 -0.073481 
-0.625168 -0.0517118 
0.575435 -0.112999 
0.434704 -0.245397 
