ZONE T="boundary0"
-4 -0.423158 
-4 -0.785473 
-4 -1 
-4 0.252333 
-4 0.474397 
-4 0.407037 
-4 0.321612 
-4 0.541758 
-4 -0.299926 
-4 -0.0209746 
-4 0.656318 
-4 0.770879 
-4 1 
-4 0.212484 
-4 0.172634 
-4 0.108098 
-4 0.0435617 
-4 -0.0855108 
-4 -0.1429 
-4 0.286972 
-4 -0.200288 
-4 -0.378148 
-4 -0.497052 
-4 -0.570946 
-4 -0.266713 
-4 -0.333138 
-4 -0.233501 
-4 -0.892736 
-4 0.440717 
-4 0.508078 
-4 0.599038 
-4 0.885439 
-4 0.192559 
-4 0.140366 
-4 0.232408 
-4 0.0758298 
-4 -0.0532427 
-4 -0.114205 
-4 0.304292 
-4 0.364324 
-4 0.713599 
-4 0.0112936 
-4 -0.400653 
-4 -0.533999 
-4 -0.678209 
-4 -0.460105 
-4 0.269653 
-4 -0.355643 
-4 -0.171594 
-4 -0.216895 
-4 -0.250107 
-4 -0.28332 
-4 -0.316532 
ZONE T="boundary1"
-3.21953 1 
-2.88994 1 
1.72914 1 
1.90188 1 
-0.565768 1 
0.79935 1 
0.690517 1 
0.404449 1 
-3.41465 1 
-3.60977 1 
-0.643448 1 
-0.721129 1 
-0.123402 1 
-0.192622 1 
-1.12456 1 
1.4354 1 
1.31441 1 
1.21837 1 
-1.24207 1 
0.908183 1 
2.26612 1 
2.084 1 
-4 1 
1.01526 1 
-2.32543 1 
3.47572 1 
1.64277 1 
1.55639 1 
-2.72048 1 
-2.55102 1 
2.86684 1 
3.75 1 
3.05278 1 
3.26425 1 
-1.90568 1 
-0.411714 1 
-0.488741 1 
-0.923817 1 
-0.862616 1 
-0.791872 1 
-0.336777 1 
-0.261841 1 
0.084803 1 
-0.055146 1 
0.0131105 1 
-0.985018 1 
0.59215 1 
0.493783 1 
0.315114 1 
-1.35958 1 
0.235805 1 
-1.53555 1 
-1.44757 1 
-1.62354 1 
-1.71152 1 
1.12233 1 
2.6809 1 
2.47351 1 
-2.09985 1 
4 1 
0.156495 1 
-3.05474 1 
1.81551 1 
0.744933 1 
-3.51221 1 
-0.682288 1 
-0.158012 1 
1.3749 1 
2.17506 1 
0.961719 1 
-3.80488 1 
1.59958 1 
-2.63575 1 
3.15851 1 
-0.450227 1 
-0.527254 1 
-0.604608 1 
-0.827244 1 
-0.374246 1 
-0.299309 1 
-0.227232 1 
-0.0892742 1 
-0.0210177 1 
0.0489568 1 
-0.893216 1 
-1.05479 1 
0.542967 1 
0.641334 1 
0.359781 1 
0.275459 1 
0.853766 1 
0.449116 1 
-3.31709 1 
-1.30083 1 
-1.49156 1 
-1.18332 1 
-1.8086 1 
3.36998 1 
1.68595 1 
2.5772 1 
1.99294 1 
-2.00276 1 
3.875 1 
2.36981 1 
3.61286 1 
2.77387 1 
2.95981 1 
-2.21264 1 
-2.43823 1 
-0.7565 1 
0.120649 1 
-0.954417 1 
-1.40358 1 
1.26639 1 
1.06879 1 
1.4959 1 
1.17035 1 
-1.66753 1 
-1.57954 1 
0.19615 1 
-2.80521 1 
ZONE T="boundary2"
4 -0.396302 
4 -0.325963 
4 -0.46664 
4 0.19027 
4 0.272081 
4 0.343216 
4 0.149365 
4 -0.850716 
4 -1 
4 -0.701432 
4 -0.584036 
4 0.756033 
4 -0.253554 
4 -0.181144 
4 0.427641 
4 0.512066 
4 -0.525338 
4 -0.0351141 
4 -0.108129 
4 0.0366731 
4 0.10846 
4 1 
4 -0.361132 
4 0.231175 
4 0.307648 
4 0.169818 
4 -0.925358 
4 -0.642734 
4 -0.289758 
4 -0.217349 
4 0.469854 
4 -0.431471 
4 -0.495989 
4 -0.554687 
4 -0.0716216 
4 0.128913 
4 0.0725667 
4 0.000779509 
4 0.63405 
4 -0.776074 
4 0.878017 
4 0.385428 
4 -0.144637 
ZONE T="boundary3"
-3.5512 -1 
-4 -1 
-3.7756 -1 
-1.68582 -1 
-1.88726 -1 
2.68958 -1 
0.0834343 -1 
0.0244674 -1 
-0.50711 -1 
-0.407865 -1 
0.273928 -1 
0.211455 -1 
-0.0344995 -1 
0.147445 -1 
3.78561 -1 
3.39704 -1 
3.57123 -1 
4 -1 
1.44105 -1 
2.35215 -1 
-3.09238 -1 
3.22286 -1 
2.85306 -1 
1.93018 -1 
-2.02204 -1 
-2.84629 -1 
-2.60021 -1 
-2.15683 -1 
-2.26767 -1 
0.589494 -1 
0.524328 -1 
0.671949 -1 
0.713177 -1 
0.459163 -1 
0.754404 -1 
0.397782 -1 
-0.308621 -1 
0.336401 -1 
-0.0922935 -1 
-0.150088 -1 
-0.189721 -1 
-0.229354 -1 
1.06061 -1 
0.987093 -1 
1.15604 -1 
1.25147 -1 
-0.856085 -1 
-0.619216 -1 
1.34626 -1 
1.68217 -1 
-0.731323 -1 
-1.5851 -1 
-0.980848 -1 
-1.48438 -1 
-1.35701 -1 
-1.22964 -1 
-1.10525 -1 
3.03796 -1 
-2.37852 -1 
2.17819 -1 
2.52611 -1 
-3.32179 -1 
0.833992 -1 
0.91358 -1 
-3.8878 -1 
0.0539508 -1 
-0.457487 -1 
0.242691 -1 
3.48414 -1 
3.89281 -1 
-3.6634 -1 
2.77132 -1 
-2.72325 -1 
-2.21225 -1 
0.556911 -1 
0.630721 -1 
0.491745 -1 
0.73379 -1 
0.428472 -1 
0.305164 -1 
-0.0633965 -1 
-0.00501603 -1 
0.115439 -1 
-0.169904 -1 
-0.121191 -1 
-0.268987 -1 
1.20375 -1 
-0.563163 -1 
1.39366 -1 
1.56161 -1 
1.29887 -1 
-0.358243 -1 
-0.793704 -1 
3.30995 -1 
-0.918467 -1 
-1.78654 -1 
-1.63546 -1 
-1.53474 -1 
-1.16745 -1 
-1.04305 -1 
-2.32309 -1 
-1.95465 -1 
-2.48936 -1 
-2.08943 -1 
2.26517 -1 
-3.43649 -1 
2.05419 -1 
3.13041 -1 
2.94551 -1 
1.80618 -1 
-2.96934 -1 
0.794198 -1 
0.873786 -1 
0.367091 -1 
0.950336 -1 
0.692563 -1 
0.17945 -1 
1.02385 -1 
1.10832 -1 
-0.209538 -1 
3.67842 -1 
-1.42069 -1 
2.43913 -1 
-0.675269 -1 
-1.29333 -1 
2.60785 -1 
-3.20708 -1 
ZONE T="boundary4"
0.17646 0.306478 
-0.622357 0.0447484 
-0.624464 0.0638154 
-0.625892 0.0828987 
-0.626645 0.102122 
0.578283 0.0195329 
0.576282 0.0369415 
-0.626094 0.140448 
-0.62327 0.174749 
-0.619589 0.0258148 
0.15323 0.303334 
0.130318 0.299723 
0.461654 0.244729 
0.580699 -0.0151726 
-0.020359 0.277906 
-0.593673 0.297252 
-0.581081 0.325164 
0.546251 0.140558 
0.55392 0.123468 
-0.213646 0.328261 
-0.232643 0.341255 
0.537473 0.157184 
-0.380053 0.434919 
-0.542749 0.382335 
-0.367216 0.430807 
-0.278243 0.376255 
-0.264441 0.365403 
-0.533877 0.39169 
-0.566838 0.350262 
-0.50299 0.416527 
-0.5184 0.405501 
-0.626712 0.121302 
0.446274 0.25601 
0.0691113 0.289033 
-0.487132 0.425428 
-0.472625 0.431639 
-0.45818 0.436149 
-0.551094 0.372431 
-0.248799 0.353254 
-0.292047 0.386917 
-0.0385265 0.27737 
-0.00237787 0.279156 
-0.0569911 0.277681 
0.0930895 0.293249 
-0.171715 0.304943 
0.476615 0.232193 
-0.44466 0.438953 
-0.431447 0.440433 
-0.418268 0.440708 
-0.392512 0.437872 
-0.342316 0.419795 
-0.348605 0.422947 
-0.304941 0.396437 
-0.3301 0.412989 
-0.317774 0.405268 
0.0153182 0.28098 
0.490887 0.218587 
0.203554 0.30927 
0.504421 0.203903 
0.560328 0.106456 
-0.193874 0.316303 
0.565741 0.0890771 
0.414944 0.274675 
0.430327 0.266178 
0.311927 0.306853 
0.339496 0.301737 
0.3992 0.282184 
0.38359 0.288569 
0.111639 0.296529 
0.51698 0.188333 
0.527739 0.173061 
0.0451804 0.285098 
0.231105 0.31092 
0.258099 0.311168 
0.367676 0.2941 
0.284643 0.309905 
0.570114 0.0717556 
0.573609 0.0542845 
-0.61865 0.206641 
-0.12013 0.286636 
-0.0885059 0.280497 
-0.147092 0.294835 
-0.612344 0.237359 
-0.60415 0.267575 
-0.405556 0.439862 
-0.354956 0.425879 
-0.623495 0.0542751 
-0.626355 0.0925101 
0.577359 0.0282477 
-0.624955 0.157636 
-0.621056 0.0352717 
0.141755 0.301578 
-0.587675 0.311373 
0.550221 0.132074 
-0.223222 0.334641 
-0.373611 0.432991 
-0.271349 0.370838 
-0.510831 0.41123 
-0.626764 0.111715 
-0.626488 0.130881 
-0.495176 0.421203 
-0.526309 0.398816 
-0.465455 0.434079 
-0.559248 0.361574 
-0.240769 0.347198 
-0.0294358 0.27754 
-0.0113606 0.278449 
-0.0477549 0.277411 
0.469236 0.238582 
-0.424866 0.440719 
-0.386266 0.436519 
-0.345453 0.421398 
-0.323908 0.409212 
0.0064779 0.280002 
0.189979 0.308002 
0.497774 0.211355 
-0.256649 0.359307 
0.579711 0.00220371 
0.0810954 0.291123 
0.454056 0.250494 
-0.182894 0.310402 
0.541996 0.148942 
-0.285137 0.381622 
0.4227 0.270542 
0.325755 0.304558 
0.407127 0.278545 
0.102357 0.294894 
0.532733 0.1652 
0.510831 0.196222 
0.438385 0.261224 
0.48386 0.225504 
0.0302648 0.282902 
0.217306 0.310257 
0.164823 0.304979 
0.120969 0.298145 
0.353665 0.298223 
0.375669 0.29144 
0.271372 0.310735 
0.298303 0.308612 
0.391439 0.285484 
0.522481 0.180782 
0.56804 0.0804458 
0.575035 0.0456282 
0.563158 0.0978057 
0.571965 0.063042 
-0.298476 0.391732 
-0.625262 0.0733536 
0.557251 0.11501 
-0.621195 0.190744 
-0.57425 0.337908 
0.0571487 0.287015 
-0.104375 0.283134 
-0.159502 0.299605 
-0.615718 0.222061 
-0.608499 0.252556 
0.244589 0.311225 
-0.41191 0.44042 
-0.399022 0.439006 
-0.361059 0.428454 
-0.438072 0.439844 
-0.451453 0.437711 
-0.336177 0.416485 
-0.31133 0.400926 
-0.351772 0.424441 
-0.479952 0.428721 
-0.546987 0.377448 
-0.53838 0.387084 
-0.203847 0.322124 
-0.599202 0.282542 
-0.0727608 0.278708 
-0.133694 0.2904 
ZONE T="boundary5"
0.370289 -0.54919 
0.388858 -0.543754 
-0.528494 -0.204957 
-0.607701 -0.029081 
-0.542235 -0.182549 
-0.596915 -0.0644802 
0.442652 -0.522704 
0.425123 -0.530544 
-0.58415 -0.0985452 
-0.619589 0.0258148 
-0.616243 0.00738492 
0.542769 -0.447234 
0.531567 -0.459756 
0.570754 -0.405588 
0.577739 -0.391107 
-0.16351 -0.501317 
-0.185967 -0.491985 
-0.248626 -0.461843 
-0.208142 -0.482036 
-0.228526 -0.472209 
0.580699 -0.0151726 
-0.267209 -0.451626 
-0.00209861 -0.549443 
-0.0872684 -0.527922 
-0.138989 -0.510699 
-0.114195 -0.519375 
-0.402036 -0.355085 
-0.383714 -0.370972 
0.581811 -0.0495675 
-0.51217 -0.229585 
-0.350968 -0.396926 
-0.28551 -0.440934 
-0.302508 -0.430408 
-0.367524 -0.384172 
-0.419812 -0.338608 
0.58382 -0.375811 
-0.319227 -0.419463 
0.582557 -0.0840529 
0.407187 -0.537542 
0.562788 -0.419528 
0.597811 -0.280235 
0.592035 -0.347055 
0.149498 -0.56896 
0.118696 -0.56689 
0.0278501 -0.555153 
0.0882783 -0.56389 
0.0579557 -0.559967 
0.180327 -0.570026 
0.35149 -0.553904 
0.332627 -0.557915 
0.313612 -0.561295 
0.459872 -0.513895 
0.475643 -0.504704 
0.490831 -0.494656 
0.505589 -0.483545 
0.519576 -0.471516 
0.553264 -0.433751 
0.597921 -0.29335 
0.59349 -0.227547 
0.277157 -0.566106 
0.243066 -0.568843 
0.594543 -0.333818 
0.588809 -0.360068 
0.59617 -0.253291 
0.597483 -0.306399 
0.590515 -0.20167 
0.587889 -0.17687 
-0.335243 -0.408391 
0.585723 -0.151923 
-0.555151 -0.159671 
-0.570093 -0.13027 
-0.438983 -0.319516 
-0.457383 -0.299707 
0.211727 -0.570021 
-0.0311999 -0.54299 
-0.0600903 -0.535672 
-0.49497 -0.253609 
-0.476049 -0.277862 
0.583693 -0.11804 
0.379603 -0.546565 
-0.535462 -0.193812 
-0.602594 -0.0468626 
0.433938 -0.526733 
-0.617994 0.0165875 
0.537273 -0.453588 
0.574373 -0.398409 
-0.174771 -0.496728 
-0.218367 -0.477191 
-0.238612 -0.467094 
-0.257951 -0.456794 
-0.126624 -0.515125 
0.581356 -0.0323611 
-0.520443 -0.217344 
-0.294042 -0.435724 
-0.375665 -0.377628 
-0.35929 -0.390606 
-0.410993 -0.34692 
0.580916 -0.383515 
-0.310903 -0.424988 
0.582177 -0.0668073 
0.566892 -0.412628 
-0.276395 -0.44634 
0.134089 -0.568048 
0.0128545 -0.55241 
0.0731026 -0.562042 
-0.39294 -0.363103 
0.342077 -0.555991 
0.360914 -0.551635 
0.467822 -0.509407 
0.498299 -0.489216 
0.483312 -0.49979 
0.548135 -0.440585 
0.525666 -0.465731 
0.512683 -0.477647 
0.451324 -0.518416 
0.558155 -0.426726 
0.26013 -0.567673 
0.590513 -0.353586 
0.59491 -0.240418 
0.586454 -0.367985 
0.59637 -0.320155 
0.597774 -0.299879 
0.59338 -0.340455 
0.597198 -0.266759 
0.597931 -0.286794 
0.589156 -0.18928 
-0.32727 -0.413977 
0.398058 -0.540747 
0.586738 -0.164407 
0.591999 -0.214618 
0.295422 -0.563955 
0.416198 -0.534147 
-0.343142 -0.402708 
0.323134 -0.559682 
-0.548801 -0.17117 
-0.562807 -0.145062 
-0.151284 -0.506097 
-0.429489 -0.329153 
-0.448281 -0.309702 
0.196029 -0.570165 
-0.19709 -0.487088 
-0.100764 -0.523749 
-0.0166732 -0.546324 
-0.045673 -0.53944 
0.164909 -0.569622 
-0.503682 -0.241676 
-0.466835 -0.288884 
0.0428853 -0.557672 
-0.0737081 -0.531897 
0.103476 -0.565506 
0.227404 -0.569584 
-0.485648 -0.26584 
0.583037 -0.10105 
-0.577344 -0.114503 
0.584579 -0.134994 
-0.612278 -0.0109131 
-0.590794 -0.0816065 
