ZONE T="boundary0"
-4 -0.839841 
-4 0.301556 
-4 0.230518 
-4 0.357625 
-4 0.4091 
-4 -0.131739 
-4 -0.180864 
-4 0.157324 
-4 0.460574 
-4 0.5478 
-4 -0.484847 
-4 1 
-4 0.635026 
-4 -0.214149 
-4 -0.304461 
-4 0.0841295 
-4 0.000757556 
-4 -0.0826144 
-4 -0.423168 
-4 -0.679682 
-4 0.817513 
-4 -1 
-4 -0.247434 
-4 -0.361489 
-4 0.266037 
-4 0.329591 
-4 0.383363 
-4 -0.156301 
-4 0.504187 
-4 0.591413 
-4 0.120727 
-4 0.193921 
-4 -0.0409284 
-4 0.434837 
-4 0.0424435 
-4 -0.582265 
-4 0.908757 
-4 0.72627 
-4 -0.919921 
-4 -0.759762 
-4 -0.197506 
-4 -0.275948 
-4 -0.230791 
-4 -0.332975 
-4 -0.454008 
-4 -0.392329 
-4 -0.107177 
ZONE T="boundary1"
-0.166785 1 
-0.801622 1 
1.45969 1 
1.28685 1 
1.18786 1 
-1.10503 1 
-3.6891 1 
-1.58715 1 
-4 1 
-2.13762 1 
-2.33855 1 
2.62101 1 
-2.83594 1 
-3.3782 1 
-3.10707 1 
-1.93669 1 
3.0415 1 
2.90134 1 
1.59184 1 
1.72398 1 
2.11203 1 
1.91801 1 
2.36652 1 
2.49376 1 
0.341635 1 
0.2745 1 
0.458735 1 
0.400185 1 
0.207365 1 
0.0644254 1 
0.135895 1 
-0.048083 1 
0.0081712 1 
-0.107434 1 
0.574525 1 
-0.218112 1 
-0.269439 1 
-0.37766 1 
-0.485881 1 
-0.7006 1 
-0.59324 1 
0.690315 1 
3.72176 1 
4 1 
-0.902645 1 
-1.00384 1 
-1.21067 1 
3.44353 1 
3.58265 1 
0.981892 1 
1.08887 1 
0.928401 1 
0.874911 1 
-1.3163 1 
-1.45172 1 
-1.76192 1 
-2.58725 1 
0.828762 1 
0.782613 1 
3.18166 1 
1.37327 1 
-3.84455 1 
-2.23809 1 
-2.9715 1 
2.97142 1 
1.65791 1 
1.821 1 
2.23927 1 
-3.24263 1 
0.308067 1 
0.42946 1 
0.37091 1 
0.240932 1 
0.10016 1 
0.17163 1 
-0.0199559 1 
-0.0777586 1 
0.0362983 1 
-0.243776 1 
-0.13711 1 
-0.323549 1 
-0.43177 1 
-0.64692 1 
-0.53956 1 
3.86088 1 
0.63242 1 
-0.852133 1 
-0.751111 1 
-1.05444 1 
-1.15785 1 
3.51309 1 
0.51663 1 
1.03538 1 
0.901656 1 
1.13837 1 
-0.953241 1 
-1.26348 1 
-1.38401 1 
-1.51944 1 
-1.84931 1 
-1.67454 1 
2.76117 1 
2.01502 1 
-2.71159 1 
-2.03716 1 
-2.4629 1 
2.43014 1 
2.55738 1 
-0.192449 1 
0.805688 1 
0.736464 1 
1.23735 1 
0.955147 1 
1.52576 1 
3.3126 1 
3.11158 1 
3.65221 1 
0.851837 1 
-3.53365 1 
ZONE T="boundary2"
4 -0.263635 
4 -0.425852 
4 -0.64957 
4 -0.824785 
4 -0.208326 
4 0.258049 
4 0.209115 
4 0.00817895 
4 -0.537711 
4 0.452831 
4 0.556196 
4 -1 
4 -0.162356 
4 -0.116386 
4 -0.0541037 
4 -0.344744 
4 0.349467 
4 0.16018 
4 0.0841797 
4 1 
4 0.778098 
4 0.667147 
4 -0.737178 
4 -0.235981 
4 0.233582 
4 -0.481782 
4 0.504514 
4 -0.593641 
4 -0.139371 
4 -0.0229624 
4 -0.385298 
4 -0.304189 
4 0.303758 
4 0.401149 
4 0.12218 
4 -0.912393 
4 0.0461793 
4 0.611671 
4 0.722622 
4 0.889049 
4 -0.085245 
4 0.184648 
4 -0.185341 
ZONE T="boundary3"
-1.79397 -1 
-1.91429 -1 
-2.11869 -1 
-0.888083 -1 
-0.799444 -1 
2.68525 -1 
2.84055 -1 
3.01865 -1 
-1.11137 -1 
0.973375 -1 
-0.578979 -1 
-0.710806 -1 
-1.29511 -1 
0.0150706 -1 
1.17431 -1 
1.07384 -1 
-0.999725 -1 
1.28708 -1 
-2.6629 -1 
4 -1 
3.56479 -1 
-3.5 -1 
-3.75 -1 
-3.08145 -1 
0.169782 -1 
-0.0492063 -1 
0.260112 -1 
-0.181522 -1 
-0.113483 -1 
-0.24956 -1 
0.0924261 -1 
0.475622 -1 
0.367867 -1 
-0.420434 -1 
-0.499707 -1 
-0.334997 -1 
-1.20324 -1 
0.876447 -1 
1.39984 -1 
1.59226 -1 
1.49605 -1 
0.703544 -1 
0.779518 -1 
0.551596 -1 
0.62757 -1 
-4 -1 
-1.56931 -1 
-1.46495 -1 
-1.67366 -1 
1.78467 -1 
1.95147 -1 
2.22119 -1 
2.32411 -1 
2.42703 -1 
2.52996 -1 
3.19675 -1 
3.38077 -1 
-2.32309 -1 
-2.493 -1 
2.11827 -1 
-2.01649 -1 
-0.843763 -1 
2.7629 -1 
2.9296 -1 
-0.644893 -1 
-0.943904 -1 
3.7824 -1 
-3.625 -1 
-2.87218 -1 
-3.29073 -1 
-0.0170679 -1 
0.214947 -1 
-0.215541 -1 
0.131104 -1 
-0.46007 -1 
0.313989 -1 
-0.755125 -1 
-0.377716 -1 
0.421745 -1 
-1.1573 -1 
0.924911 -1 
1.12408 -1 
1.23069 -1 
1.02361 -1 
1.34346 -1 
1.54415 -1 
0.741531 -1 
0.589583 -1 
-3.875 -1 
-1.62148 -1 
-1.51713 -1 
-1.38003 -1 
-1.85413 -1 
-1.73382 -1 
1.68846 -1 
2.27265 -1 
2.4785 -1 
2.60761 -1 
3.1077 -1 
3.28876 -1 
3.47278 -1 
-2.22089 -1 
1.86807 -1 
-2.40805 -1 
-2.57795 -1 
-0.0813447 -1 
-0.292278 -1 
0.0537483 -1 
-0.147502 -1 
-0.539343 -1 
0.513609 -1 
-1.05555 -1 
0.827982 -1 
-1.24918 -1 
1.44794 -1 
0.665557 -1 
2.03487 -1 
2.16973 -1 
2.37557 -1 
ZONE T="boundary4"
-0.245236 0.44537 
0.523234 0.356403 
0.512999 0.372242 
0.454902 0.436236 
0.5326 0.33995 
0.561692 0.269845 
0.567189 0.251874 
-0.622566 -0.0242827 
-0.604566 0.0546375 
-0.597963 0.074039 
0.467629 0.424949 
0.479899 0.412855 
-0.619362 -0.00446829 
-0.340716 0.39074 
-0.362272 0.375791 
-0.590582 0.0931795 
-0.541256 0.187274 
-0.55908 0.157816 
-0.575425 0.126919 
-0.453978 0.297382 
-0.477363 0.272192 
-0.52163 0.216195 
0.541278 0.32258 
-0.405383 0.342297 
-0.383291 0.360103 
-0.32172 0.403041 
0.579995 0.206114 
0.573666 0.229024 
-0.302372 0.41479 
-0.283849 0.425351 
-0.26505 0.435421 
-0.157676 0.481974 
-0.181487 0.473132 
-0.225158 0.454789 
-0.133616 0.490125 
-0.107527 0.498113 
-0.0812064 0.505306 
0.00596017 0.523235 
-0.0243195 0.518011 
-0.610347 0.0350541 
-0.61529 0.0153093 
-0.203452 0.464262 
0.502629 0.38648 
0.626826 -0.0154531 
0.384837 0.482001 
0.41388 0.465833 
0.491528 0.400089 
0.441618 0.446848 
0.587354 0.179733 
0.164378 0.533044 
0.132085 0.533539 
0.0680288 0.530648 
0.0997453 0.532701 
0.261189 0.522507 
0.292955 0.515546 
0.229099 0.527648 
0.324219 0.506613 
0.555654 0.287601 
0.614349 0.0800021 
0.619439 0.0558761 
0.608438 0.103977 
0.549092 0.304695 
0.601763 0.128705 
0.625876 0.00819491 
0.594811 0.153398 
0.623357 0.0319246 
0.0363884 0.527424 
-0.0528625 0.512114 
-0.430064 0.320583 
0.354862 0.495519 
0.196735 0.531123 
-0.500111 0.244849 
0.518229 0.364395 
0.52803 0.348241 
0.564499 0.260877 
-0.601363 0.0643717 
0.473845 0.418984 
-0.62107 -0.0143583 
-0.351559 0.383358 
-0.594367 0.0836458 
-0.550369 0.172667 
-0.567485 0.142491 
-0.465841 0.284946 
-0.531622 0.201856 
0.537055 0.331323 
-0.394424 0.351308 
-0.331263 0.39696 
0.576832 0.217569 
-0.372851 0.36804 
-0.255176 0.440462 
-0.169614 0.477639 
-0.312088 0.408985 
-0.235228 0.450146 
-0.120602 0.494218 
-0.0943938 0.501809 
-0.00920175 0.520751 
-0.583292 0.110179 
-0.607558 0.0448756 
-0.612922 0.0252077 
-0.1925 0.468772 
-0.617431 0.00544214 
-0.145675 0.486136 
0.399537 0.474238 
-0.293146 0.420132 
0.507911 0.379432 
0.461339 0.430675 
0.4858 0.40655 
0.497172 0.393361 
0.148234 0.533463 
0.0838774 0.531824 
0.277124 0.519263 
0.308661 0.511336 
0.558752 0.27875 
0.583659 0.192919 
0.570469 0.240461 
0.617015 0.0679645 
0.611477 0.0920101 
0.448327 0.441626 
0.545295 0.313686 
0.552461 0.296182 
0.605151 0.116355 
0.626558 -0.00362081 
-0.274483 0.430447 
0.591076 0.166564 
-0.214338 0.459601 
0.598304 0.141056 
0.624798 0.0200789 
0.621552 0.0439256 
0.0211564 0.52546 
0.052194 0.52918 
-0.0386146 0.515176 
-0.0670617 0.508823 
0.339641 0.501343 
0.369985 0.48906 
0.180567 0.532268 
0.212938 0.529587 
0.427978 0.456674 
0.245179 0.525295 
-0.488919 0.258672 
-0.511039 0.230649 
-0.442167 0.309133 
-0.417851 0.331585 
0.115911 0.533282 
ZONE T="boundary5"
0.126314 -0.330449 
0.100739 -0.331173 
-0.557267 -0.320778 
-0.546931 -0.334464 
-0.455106 -0.408315 
-0.617309 -0.178958 
-0.61325 -0.196231 
-0.590844 -0.261412 
-0.59736 -0.245716 
-0.423463 -0.420523 
-0.608512 -0.213264 
-0.603255 -0.229618 
-0.566916 -0.306417 
-0.389622 -0.428171 
-0.316715 -0.428808 
-0.583664 -0.276698 
-0.372182 -0.430168 
-0.353905 -0.430959 
-0.407 -0.424894 
-0.575633 -0.291832 
-0.439722 -0.414909 
-0.620858 -0.160385 
-0.623615 -0.141546 
-0.470131 -0.400569 
-0.335682 -0.430505 
-0.2782 -0.421948 
-0.258587 -0.416958 
-0.511328 -0.371564 
-0.498201 -0.382181 
-0.535733 -0.347641 
-0.523886 -0.359999 
-0.217539 -0.404131 
-0.238027 -0.410868 
-0.173649 -0.388486 
-0.195607 -0.396431 
-0.149736 -0.379872 
-0.125736 -0.371556 
-0.484395 -0.391907 
-0.626354 -0.0637803 
-0.626949 -0.0833983 
-0.624895 -0.0440561 
-0.622566 -0.0242827 
-0.626687 -0.102915 
0.593993 -0.149826 
-0.0991405 -0.363015 
-0.0724182 -0.355367 
-0.0431442 -0.348221 
-0.0139157 -0.34243 
0.0156381 -0.337909 
-0.625573 -0.122301 
0.178805 -0.32974 
0.15181 -0.330037 
0.0728919 -0.332517 
0.205776 -0.32937 
0.356499 -0.315737 
0.326951 -0.320946 
0.235636 -0.328608 
0.463724 -0.278065 
0.507395 -0.249938 
0.527201 -0.233535 
0.486819 -0.264434 
0.542259 -0.219189 
0.580671 -0.17206 
0.62605 -0.0389005 
0.556596 -0.203696 
0.604099 -0.129037 
0.56906 -0.18838 
0.623435 -0.0621079 
0.618932 -0.0848725 
0.612489 -0.10722 
0.626826 -0.0154531 
-0.297817 -0.425975 
0.440055 -0.289596 
0.04494 -0.334646 
0.296205 -0.324735 
0.265536 -0.327187 
0.385975 -0.308683 
0.413185 -0.300198 
0.113525 -0.330761 
-0.552195 -0.327694 
-0.615367 -0.187616 
-0.594189 -0.2536 
-0.610967 -0.204772 
-0.60039 -0.237697 
-0.587344 -0.269097 
-0.380919 -0.429324 
-0.363051 -0.430724 
-0.398341 -0.426693 
-0.562189 -0.313663 
-0.571368 -0.299181 
-0.431644 -0.417865 
-0.622339 -0.150981 
-0.462687 -0.404576 
-0.34479 -0.430882 
-0.326186 -0.429806 
-0.268367 -0.419557 
-0.504851 -0.37698 
-0.447473 -0.411749 
-0.529904 -0.35391 
-0.541429 -0.341136 
-0.619184 -0.169691 
-0.517699 -0.365881 
-0.227763 -0.407563 
-0.579743 -0.284315 
-0.184624 -0.39247 
-0.1617 -0.384158 
-0.137754 -0.375662 
-0.49138 -0.387161 
-0.626759 -0.073586 
-0.625732 -0.0539102 
-0.623837 -0.0341568 
-0.605964 -0.221467 
-0.112468 -0.367191 
-0.0578197 -0.351636 
-0.0285625 -0.345164 
0.000835986 -0.340011 
-0.6247 -0.131934 
0.165307 -0.329884 
0.0868115 -0.331761 
0.139062 -0.330215 
0.192291 -0.329577 
0.341761 -0.318547 
0.220708 -0.329052 
0.517457 -0.241928 
0.497249 -0.257387 
0.549552 -0.211558 
0.599264 -0.139537 
-0.477337 -0.396361 
0.575002 -0.180317 
0.621424 -0.0735377 
0.626662 -0.0271843 
0.534841 -0.226478 
-0.626925 -0.0931583 
-0.287983 -0.424086 
-0.24828 -0.414003 
0.452 -0.284058 
-0.626237 -0.112614 
0.562949 -0.196136 
0.311601 -0.323024 
0.280882 -0.326105 
0.0589089 -0.333473 
0.0302741 -0.336137 
0.371294 -0.31245 
0.250591 -0.327998 
-0.415271 -0.422857 
-0.307246 -0.427525 
0.475412 -0.271488 
0.587584 -0.161094 
0.624979 -0.050531 
0.615952 -0.0961158 
0.60853 -0.118219 
-0.0858129 -0.359073 
0.426723 -0.295158 
0.399653 -0.304676 
-0.206559 -0.400323 
