ZONE T="boundary0"
-4 -1 
-4 -0.415377 
-4 -0.195807 
-4 -0.250518 
-4 -0.321968 
-4 0.301313 
-4 0.25752 
-4 0.481269 
-4 0.174467 
-4 -0.527627 
-4 -0.691322 
-4 -0.609474 
-4 -0.00465513 
-4 -0.845661 
-4 0.129686 
-4 0.0849058 
-4 -0.0728755 
-4 0.345105 
-4 -0.141096 
-4 0.413187 
-4 1 
-4 0.834334 
-4 0.668668 
-4 -0.223162 
-4 -0.286243 
-4 0.279416 
-4 0.215993 
-4 -0.471502 
-4 -0.650398 
-4 -0.768492 
-4 -0.922831 
-4 -0.368673 
-4 0.107296 
-4 0.152077 
-4 0.0401254 
-4 -0.0387653 
-4 0.323209 
-4 -0.106986 
-4 -0.168451 
-4 -0.56855 
-4 0.917167 
-4 0.574969 
-4 0.447228 
-4 0.751501 
-4 0.379146 
ZONE T="boundary1"
-3.50826 1 
1.14709 1 
0.99278 1 
-0.263063 1 
0.0281871 1 
-0.0305919 1 
-0.133007 1 
-0.0817995 1 
0.313249 1 
0.839399 1 
0.91609 1 
3.06481 1 
2.76812 1 
1.25492 1 
1.50758 1 
-0.968 1 
-1.93685 1 
1.86547 1 
2.20593 1 
-3.21827 1 
3.36151 1 
-2.49819 1 
-2.07718 1 
2.48702 1 
-1.08162 1 
-1.20405 1 
3.52113 1 
-2.78573 1 
-2.21752 1 
0.737081 1 
0.151496 1 
0.216025 1 
0.466545 1 
0.086966 1 
0.522617 1 
-0.198035 1 
-0.352055 1 
-0.448131 1 
0.634762 1 
0.410473 1 
-0.854379 1 
-0.749534 1 
-0.644688 1 
1.36276 1 
1.43517 1 
-4 1 
4 1 
-3.65326 1 
-1.59864 1 
3.68075 1 
-3.36326 1 
-3.07327 1 
-1.76775 1 
-1.32648 1 
-1.46256 1 
1.68652 1 
-0.546409 1 
-2.9295 1 
1.06994 1 
-0.00120241 1 
-0.107403 1 
0.877744 1 
2.91646 1 
2.0357 1 
2.34648 1 
2.62757 1 
-1.14284 1 
3.44132 1 
-2.64196 1 
-2.35785 1 
0.119231 1 
-0.0561957 1 
-0.230549 1 
-0.165521 1 
-0.400093 1 
-0.307559 1 
0.361861 1 
0.264637 1 
0.685921 1 
0.57869 1 
0.438509 1 
0.954435 1 
-0.801956 1 
-0.697111 1 
-1.02481 1 
1.39896 1 
1.20101 1 
1.30884 1 
1.47137 1 
-3.82663 1 
3.84038 1 
-3.43576 1 
-3.58076 1 
-3.29076 1 
-1.68319 1 
-1.26526 1 
-1.8523 1 
3.21316 1 
3.60094 1 
-1.5306 1 
1.77599 1 
0.18376 1 
0.494581 1 
-0.49727 1 
-0.595549 1 
0.0575765 1 
0.78824 1 
-0.911189 1 
-1.39452 1 
1.59705 1 
-3.14577 1 
-2.14735 1 
-2.00701 1 
-2.85761 1 
-3.00138 1 
ZONE T="boundary2"
4 -0.346594 
4 -0.286297 
4 -0.226 
4 -0.175024 
4 0.340255 
4 0.27775 
4 -1 
4 -0.760503 
4 0.736769 
4 0.605153 
4 -0.120705 
4 -0.0663851 
4 -0.521005 
4 -0.4338 
4 0.106604 
4 0.0201096 
4 -0.640754 
4 0.215246 
4 0.473537 
4 1 
4 0.160925 
4 -0.316446 
4 -0.256148 
4 -0.200512 
4 -0.880251 
4 -0.0935448 
4 -0.477402 
4 0.0633569 
4 -0.147864 
4 -0.580879 
4 -0.0231377 
4 0.309003 
4 0.246498 
4 0.406896 
4 0.670961 
4 0.539345 
4 0.868384 
4 -0.700628 
4 -0.390197 
4 0.133765 
4 0.188085 
ZONE T="boundary3"
-3.64678 -1 
-4 -1 
3.05997 -1 
-1.19197 -1 
-1.27753 -1 
-0.318055 -1 
0.236778 -1 
-0.992101 -1 
-0.880066 -1 
-0.425331 -1 
4 -1 
1.13443 -1 
-0.579866 -1 
-0.729966 -1 
0.191688 -1 
-0.805016 -1 
-3.096 -1 
2.36842 -1 
1.46203 -1 
3.67773 -1 
3.35545 -1 
-1.87894 -1 
-1.72798 -1 
-1.6525 -1 
-3.37139 -1 
-2.59291 -1 
-2.28738 -1 
2.7645 -1 
2.1712 -1 
1.70822 -1 
1.97398 -1 
0.590689 -1 
-0.502598 -1 
0.0116744 -1 
0.0636976 -1 
-0.0403488 -1 
0.127693 -1 
0.281868 -1 
0.326958 -1 
0.372048 -1 
-0.10884 -1 
-0.247693 -1 
-0.177331 -1 
0.481368 -1 
-0.371693 -1 
0.700702 -1 
0.810715 -1 
0.918373 -1 
1.02603 -1 
1.24284 -1 
-2.08316 -1 
-1.09204 -1 
1.35243 -1 
-1.47006 -1 
-1.3631 -1 
-1.57702 -1 
2.56646 -1 
-3.82339 -1 
-1.23475 -1 
-0.936083 -1 
-0.654916 -1 
-0.767491 -1 
3.51659 -1 
-1.80346 -1 
-2.84445 -1 
1.8411 -1 
-0.463965 -1 
0.037686 -1 
0.15969 -1 
0.304413 -1 
0.0956951 -1 
-0.212512 -1 
-0.0745944 -1 
0.426708 -1 
-0.282874 -1 
-0.344874 -1 
-0.143086 -1 
-0.398512 -1 
0.349503 -1 
-0.541232 -1 
-0.842541 -1 
0.645696 -1 
0.755709 -1 
0.972201 -1 
0.536029 -1 
3.83886 -1 
-3.50908 -1 
1.08023 -1 
-2.18527 -1 
-3.23369 -1 
1.40723 -1 
1.58513 -1 
1.29763 -1 
-2.44014 -1 
-1.32031 -1 
-1.52354 -1 
-1.41658 -1 
-1.61476 -1 
-1.98105 -1 
3.20771 -1 
2.46744 -1 
2.66548 -1 
2.91224 -1 
2.26981 -1 
2.07259 -1 
0.259323 -1 
0.214233 -1 
-0.0143372 -1 
-1.142 -1 
-1.04207 -1 
1.18863 -1 
-1.69024 -1 
0.864544 -1 
ZONE T="boundary4"
-0.181735 0.476631 
-0.157395 0.484565 
-0.506264 0.260075 
-0.614699 0.0689162 
-0.59064 0.129452 
-0.626167 0.0264892 
-0.620962 0.0477675 
0.624598 0.057203 
0.618633 0.0760445 
-0.607402 0.0898922 
-0.581424 0.147955 
-0.56277 0.180945 
-0.55267 0.196977 
-0.57237 0.1646 
-0.599116 0.110615 
0.633487 0.0195765 
-0.46472 0.305387 
-0.45044 0.319045 
-0.530839 0.228512 
-0.542102 0.212711 
-0.479038 0.290789 
-0.435745 0.332265 
-0.519152 0.243997 
-0.406003 0.356773 
-0.390858 0.368232 
-0.359379 0.390124 
-0.375409 0.379284 
-0.269687 0.440677 
-0.289072 0.431061 
-0.343066 0.40054 
-0.32576 0.410958 
0.629557 0.0384705 
-0.421048 0.344728 
-0.248655 0.450381 
-0.633308 -0.0160861 
-0.308179 0.420914 
-0.132827 0.491759 
-0.106789 0.498521 
0.596602 0.131565 
-0.492852 0.275729 
0.60432 0.113588 
-0.630284 0.00519214 
-0.204669 0.46839 
-0.227347 0.459479 
0.637823 -0.0180187 
0.339749 0.469537 
0.364777 0.456099 
0.636254 0.000775764 
0.313407 0.481493 
0.506269 0.316488 
0.521302 0.290597 
0.433098 0.405913 
0.388586 0.441121 
0.490025 0.341022 
0.411506 0.424311 
-0.0525845 0.509854 
0.0357046 0.520601 
0.0674659 0.522109 
0.00557993 0.518006 
0.13172 0.52111 
0.164029 0.518399 
0.195668 0.51416 
0.227017 0.508263 
0.256535 0.500995 
0.285655 0.491993 
0.56447 0.20132 
0.550122 0.232228 
0.611794 0.0949197 
0.588566 0.14945 
0.576578 0.175366 
-0.0805593 0.504461 
-0.0244631 0.51431 
0.535518 0.263032 
0.453533 0.385735 
0.472423 0.364175 
0.0992108 0.522315 
-0.169596 0.480691 
-0.623694 0.037158 
0.621721 0.0666559 
-0.617957 0.0583774 
-0.611173 0.0794451 
-0.557781 0.188999 
-0.567636 0.17281 
-0.594972 0.120075 
-0.586121 0.138747 
-0.457633 0.312271 
-0.536525 0.22065 
-0.547442 0.204881 
-0.443142 0.32571 
-0.47194 0.298147 
-0.398469 0.362553 
-0.36743 0.384757 
-0.279413 0.435935 
-0.334448 0.405807 
-0.351256 0.395385 
-0.428441 0.338549 
-0.259206 0.445605 
-0.317003 0.415994 
-0.145138 0.488255 
-0.119834 0.495243 
-0.576967 0.156315 
-0.512771 0.252087 
-0.525049 0.236295 
-0.298662 0.426054 
0.600507 0.122594 
-0.628358 0.015864 
-0.63193 -0.00543017 
-0.193233 0.472594 
-0.238034 0.455006 
-0.486009 0.283316 
-0.38317 0.373809 
0.352376 0.46303 
0.635014 0.0101972 
0.326676 0.475731 
0.51396 0.303652 
0.498334 0.328887 
0.422467 0.415313 
0.0515806 0.521514 
0.147894 0.519948 
-0.413568 0.350803 
0.211386 0.511425 
0.24183 0.504836 
0.557293 0.216768 
0.615302 0.0855124 
-0.499624 0.267958 
0.592614 0.140519 
0.608125 0.104279 
0.627197 0.0478675 
0.637191 -0.00860845 
0.570523 0.188339 
-0.603376 0.100299 
0.631656 0.0290509 
-0.216041 0.464018 
-0.0936968 0.501594 
-0.0385411 0.5122 
0.376811 0.448819 
0.400196 0.432926 
0.528559 0.276897 
-0.00945645 0.516294 
0.0206325 0.519442 
0.271166 0.496714 
-0.0665935 0.507274 
0.463165 0.375127 
0.481415 0.352753 
0.542899 0.247669 
0.115476 0.521896 
0.299616 0.486962 
0.443497 0.396016 
0.179879 0.51648 
0.0833405 0.522378 
0.5826 0.162415 
ZONE T="boundary5"
-0.172868 -0.382606 
-0.197778 -0.385619 
-0.587791 -0.248624 
-0.578235 -0.264111 
-0.63442 -0.100142 
-0.635791 -0.0793625 
-0.636062 -0.058415 
-0.596456 -0.232658 
-0.623661 -0.161169 
-0.618051 -0.180307 
-0.628363 -0.141069 
-0.631945 -0.120725 
-0.567873 -0.27887 
-0.556193 -0.293464 
-0.448581 -0.370807 
-0.43061 -0.377376 
-0.333541 -0.39397 
-0.353893 -0.392683 
-0.374079 -0.390386 
0.609985 -0.152538 
0.597173 -0.176117 
-0.312149 -0.394354 
-0.290582 -0.393885 
-0.635234 -0.0372993 
-0.245334 -0.390777 
-0.268009 -0.392638 
0.568682 -0.21661 
0.553787 -0.23382 
-0.221584 -0.388354 
-0.604332 -0.216133 
-0.611638 -0.198482 
-0.543697 -0.307146 
-0.515131 -0.33266 
-0.529801 -0.320445 
-0.147912 -0.379595 
-0.483039 -0.354126 
-0.499403 -0.343996 
-0.466041 -0.363079 
0.590124 -0.187347 
0.522739 -0.263684 
0.505243 -0.277528 
-0.393313 -0.387131 
0.16967 -0.363711 
0.201918 -0.362674 
0.366225 -0.341223 
0.340922 -0.347119 
-0.633308 -0.0160861 
0.224513 -0.361557 
-0.0955596 -0.373862 
-0.1217 -0.376588 
-0.0680593 -0.371375 
-0.0407001 -0.369337 
-0.0119442 -0.36767 
0.0757935 -0.365077 
0.0462959 -0.365618 
0.0166313 -0.366464 
0.106643 -0.36469 
0.137404 -0.36431 
0.247111 -0.360017 
0.292849 -0.355246 
0.269984 -0.357939 
0.316918 -0.351635 
0.391355 -0.334036 
0.440488 -0.315308 
0.416114 -0.325454 
-0.412318 -0.38277 
0.539494 -0.248488 
0.634995 -0.0736979 
0.637205 -0.055334 
0.63151 -0.0918974 
0.626768 -0.109845 
0.62087 -0.12729 
0.582675 -0.198242 
0.615718 -0.140065 
0.638148 -0.0367339 
0.637823 -0.0180187 
0.484792 -0.291491 
0.463621 -0.303845 
-0.185321 -0.384121 
-0.583124 -0.256438 
-0.635244 -0.0897643 
-0.636064 -0.0688933 
-0.620986 -0.170779 
-0.626152 -0.151155 
-0.633322 -0.110453 
-0.56215 -0.286263 
-0.439654 -0.374236 
-0.343731 -0.393447 
-0.364008 -0.391667 
0.603834 -0.164464 
-0.59223 -0.240701 
-0.30137 -0.394218 
-0.635785 -0.0478543 
0.561365 -0.225331 
-0.209679 -0.387014 
-0.608101 -0.207358 
-0.522572 -0.326679 
-0.6005 -0.224448 
-0.573165 -0.271571 
-0.160387 -0.38109 
-0.491311 -0.349203 
-0.457379 -0.367088 
0.514107 -0.270754 
-0.383725 -0.388892 
0.185795 -0.363262 
0.353604 -0.34432 
-0.550057 -0.300408 
-0.536863 -0.313916 
-0.614965 -0.189439 
-0.634406 -0.026683 
0.213215 -0.362163 
-0.108628 -0.375185 
-0.0818051 -0.372566 
0.0610502 -0.365318 
-0.47462 -0.358747 
0.00235084 -0.367014 
0.0912209 -0.364871 
0.122026 -0.364511 
0.235813 -0.360845 
0.281423 -0.356675 
0.378832 -0.337795 
0.428379 -0.320577 
0.403793 -0.329925 
-0.279296 -0.393348 
-0.421511 -0.380214 
0.531242 -0.256227 
0.636259 -0.064534 
0.629293 -0.100911 
0.546744 -0.241257 
0.586452 -0.19283 
0.593705 -0.181767 
0.575825 -0.207539 
0.618371 -0.133708 
0.612924 -0.146334 
0.638143 -0.0273728 
0.623964 -0.118615 
0.637836 -0.0460412 
-0.630294 -0.130925 
0.328938 -0.349496 
-0.25667 -0.391773 
0.153535 -0.364051 
-0.134805 -0.378064 
0.258551 -0.359049 
0.304895 -0.353545 
-0.233457 -0.389615 
-0.0543747 -0.3703 
0.0314653 -0.365995 
-0.0263165 -0.368443 
-0.322854 -0.394277 
-0.402854 -0.385091 
-0.507368 -0.338466 
0.633411 -0.0828267 
0.495145 -0.284697 
0.474311 -0.29785 
0.452149 -0.309773 
