ZONE T="boundary0"
-4 -0.388412 
-4 -0.331921 
-4 0.209651 
-4 0.252703 
-4 0.166599 
-4 0.621292 
-4 0.530364 
-4 -0.255297 
-4 -0.180715 
-4 0.119185 
-4 -0.119711 
-4 -0.0587083 
-4 -0.8069 
-4 0.856109 
-4 0.712219 
-4 1 
-4 -1 
-4 -0.293609 
-4 -0.444903 
-4 0.0717708 
-4 0.00653125 
-4 0.282235 
-4 0.370831 
-4 -0.6138 
-4 0.450597 
-4 0.311767 
-4 -0.360167 
-4 0.231177 
-4 0.188125 
-4 0.575828 
-4 -0.218006 
-4 -0.150213 
-4 -0.0892099 
-4 0.784164 
-4 0.928055 
-4 -0.312765 
-4 -0.416657 
-4 -0.274453 
-4 0.0954778 
-4 0.039151 
-4 0.142892 
-4 0.267469 
-4 -0.0260885 
-4 -0.529351 
-4 -0.71035 
-4 -0.90345 
-4 0.297001 
-4 0.341299 
-4 0.410714 
-4 0.490481 
-4 0.666755 
ZONE T="boundary1"
-3.77203 1 
1.24114 1 
0.215785 1 
-0.317199 1 
-0.262018 1 
0.154648 1 
0.327461 1 
0.461016 1 
0.394238 1 
1.53628 1 
4 1 
0.96775 1 
0.872107 1 
-0.988179 1 
-3.88601 1 
-4 1 
1.63516 1 
-3.36488 1 
1.93181 1 
1.73404 1 
3.04642 1 
3.26375 1 
2.6736 1 
-3.18571 1 
-1.64606 1 
-2.22118 1 
-2.72051 1 
-2.47084 1 
-2.95311 1 
2.1002 1 
0.0935121 1 
0.0306732 1 
-0.0321656 1 
0.554167 1 
0.759712 1 
-0.751316 1 
-0.640577 1 
-0.869747 1 
-0.529838 1 
-0.423519 1 
-0.0758335 1 
-0.163169 1 
1.38871 1 
0.647318 1 
1.06339 1 
3.48107 1 
3.61081 1 
2.26859 1 
-1.10992 1 
-1.23167 1 
-1.46795 1 
-1.34981 1 
2.4711 1 
-3.54405 1 
-1.82416 1 
-2.02267 1 
3.74054 1 
-0.206837 1 
-0.119501 1 
-0.289609 1 
0.36085 1 
0.919929 1 
-3.94301 1 
1.58572 1 
1.83293 1 
3.15508 1 
2.86001 1 
-2.34601 1 
2.01601 1 
0.271623 1 
0.0620927 1 
0.185217 1 
0.12408 1 
-0.00074619 1 
0.427627 1 
0.507591 1 
0.81591 1 
-0.695946 1 
-0.810532 1 
-0.476678 1 
-0.370359 1 
0.703515 1 
1.15227 1 
1.01557 1 
1.46249 1 
1.6846 1 
3.37241 1 
3.54594 1 
2.1844 1 
-1.1708 1 
-0.928963 1 
1.31492 1 
-1.40888 1 
-3.82902 1 
2.57235 1 
-3.65804 1 
-2.83681 1 
-1.55701 1 
-1.73511 1 
-2.12192 1 
2.36985 1 
-1.92342 1 
3.87027 1 
-0.234428 1 
-0.0976675 1 
-0.185003 1 
-0.141335 1 
-0.0539996 1 
0.600742 1 
-3.2753 1 
-3.06941 1 
-2.59568 1 
-3.45447 1 
-1.04905 1 
-0.585207 1 
3.67567 1 
-1.29074 1 
ZONE T="boundary2"
4 -0.568198 
4 -0.464825 
4 -0.671571 
4 -0.240449 
4 -1 
4 0.268692 
4 0.202602 
4 0.00337512 
4 0.0973065 
4 -0.397774 
4 0.149954 
4 0.77974 
4 1 
4 0.31518 
4 0.411121 
4 0.460574 
4 -0.0905563 
4 -0.150457 
4 -0.210358 
4 -0.330723 
4 -0.270541 
4 0.66961 
4 0.361668 
4 0.55948 
4 -0.516512 
4 -0.835786 
4 0.235647 
4 0.0503408 
4 0.176278 
4 0.88987 
4 -0.120507 
4 -0.225404 
4 -0.180408 
4 -0.0435906 
4 -0.300632 
4 -0.4313 
4 -0.364249 
4 -0.619885 
4 0.724675 
4 -0.255495 
4 0.338424 
4 0.291936 
4 0.435848 
4 0.510027 
4 0.386395 
4 0.12363 
4 0.614545 
ZONE T="boundary3"
-1.37457 -1 
3.15954 -1 
3.34991 -1 
4 -1 
-1.24386 -1 
-1.12276 -1 
0.0784644 -1 
-0.306302 -1 
-0.16384 -1 
-0.102082 -1 
0.752743 -1 
0.132386 -1 
-3.27209 -1 
-3.04964 -1 
3.67495 -1 
1.37769 -1 
-2.90206 -1 
-2.75448 -1 
-1.00165 -1 
2.26693 -1 
2.53603 -1 
-4 -1 
-3.49454 -1 
2.04396 -1 
-2.02018 -1 
-1.50527 -1 
-1.7743 -1 
-0.235071 -1 
-0.397044 -1 
-0.576252 -1 
-0.487787 -1 
0.539247 -1 
0.0190697 -1 
0.186308 -1 
0.253324 -1 
0.320339 -1 
0.430309 -1 
-0.804748 -1 
-0.664717 -1 
0.648186 -1 
-0.903201 -1 
0.857301 -1 
1.05975 -1 
0.958525 -1 
1.16405 -1 
1.26835 -1 
-1.57253 -1 
1.48703 -1 
1.65402 -1 
1.57052 -1 
1.821 -1 
2.96917 -1 
-2.37537 -1 
2.7526 -1 
-2.56493 -1 
-0.0403251 -1 
3.51243 -1 
-1.63978 -1 
3.25472 -1 
-1.18331 -1 
-0.132961 -1 
-3.16086 -1 
3.83748 -1 
-2.82827 -1 
-1.06221 -1 
2.40148 -1 
-3.74727 -1 
-1.89724 -1 
-3.38332 -1 
-0.199455 -1 
-0.351673 -1 
-0.442416 -1 
0.0487671 -1 
0.159347 -1 
0.105425 -1 
0.286832 -1 
0.219816 -1 
0.375324 -1 
-0.532019 -1 
-0.734732 -1 
0.484778 -1 
0.593716 -1 
-0.952428 -1 
-0.620484 -1 
0.805022 -1 
0.700464 -1 
-1.30921 -1 
1.00914 -1 
1.2162 -1 
0.907913 -1 
-1.5389 -1 
1.43236 -1 
1.32302 -1 
1.61227 -1 
1.73751 -1 
1.93248 -1 
-1.43992 -1 
3.06435 -1 
-2.19778 -1 
2.15545 -1 
2.64431 -1 
-2.6597 -1 
-2.47015 -1 
2.86088 -1 
-2.97585 -1 
-0.0712038 -1 
-0.270687 -1 
-0.0106278 -1 
-0.853974 -1 
3.43117 -1 
1.1119 -1 
-1.60616 -1 
-1.70704 -1 
3.59369 -1 
1.52878 -1 
ZONE T="boundary4"
-0.453257 0.263138 
-0.614172 0.0194207 
-0.608639 0.0413337 
0.477185 0.380376 
0.455721 0.39472 
-0.168698 0.413376 
-0.191933 0.405264 
0.596011 0.23724 
0.561075 0.296726 
0.570681 0.282597 
-0.34619 0.335673 
-0.328929 0.345054 
-0.470514 0.2482 
-0.528081 0.188926 
-0.515691 0.20318 
0.538894 0.324674 
0.52875 0.335732 
-0.618282 -0.00263922 
-0.620985 -0.0248047 
-0.601702 0.0629669 
0.550338 0.310977 
-0.593379 0.0842541 
-0.583716 0.105104 
-0.562137 0.142875 
-0.572796 0.1254 
0.644465 0.0922269 
0.641549 0.108285 
-0.539933 0.174217 
-0.551352 0.158817 
0.63358 0.140584 
0.622997 0.173236 
0.434292 0.407171 
-0.071076 0.441561 
-0.0455166 0.447389 
-0.501706 0.21815 
-0.43577 0.277163 
0.646639 0.0760335 
-0.417796 0.290529 
-0.399696 0.303051 
0.603422 0.221452 
0.616912 0.189453 
-0.381225 0.314989 
-0.363831 0.325553 
-0.293549 0.36286 
-0.275456 0.371303 
-0.255661 0.380071 
-0.235698 0.388446 
-0.213904 0.397078 
-0.120964 0.428334 
-0.0964696 0.435134 
0.00793131 0.457476 
-0.0188694 0.452776 
-0.145283 0.420997 
-0.487221 0.232624 
0.41218 0.418344 
-0.31148 0.354062 
0.64689 0.0123331 
0.365189 0.437386 
0.338521 0.445792 
0.648142 0.0280704 
0.588114 0.252786 
0.389634 0.428212 
0.518145 0.34636 
0.497786 0.364508 
0.0360263 0.461617 
0.0939187 0.467532 
0.123676 0.469141 
0.154856 0.469726 
0.311642 0.452761 
0.249478 0.463884 
0.280997 0.459058 
0.579658 0.267984 
0.648504 0.0439402 
0.647991 0.0600071 
0.0642526 0.46495 
0.186053 0.469121 
0.217759 0.467208 
-0.611579 0.0304206 
0.466571 0.387723 
-0.180337 0.409382 
0.565961 0.289718 
-0.337585 0.340411 
-0.461956 0.25575 
-0.52195 0.196108 
0.53388 0.330257 
-0.619807 -0.0137011 
-0.605341 0.0522045 
0.544702 0.317898 
-0.588705 0.0947521 
-0.597706 0.0736747 
-0.567575 0.134204 
0.643096 0.100272 
-0.545723 0.166577 
-0.556833 0.150906 
0.628554 0.156996 
-0.534078 0.181629 
-0.0583141 0.444552 
0.645649 0.0841431 
-0.408797 0.296864 
0.610375 0.20554 
-0.372562 0.320328 
-0.390505 0.30909 
-0.284523 0.367125 
-0.355041 0.330666 
-0.2457 0.384307 
-0.26558 0.375737 
-0.224823 0.392818 
-0.083792 0.438422 
-0.00548481 0.455214 
-0.444579 0.270232 
-0.494524 0.225447 
-0.478938 0.240488 
0.423316 0.412915 
-0.320228 0.349603 
-0.108736 0.431803 
0.351911 0.441768 
0.555796 0.303919 
0.647629 0.0201924 
-0.157011 0.417249 
0.400973 0.423429 
-0.302537 0.358506 
0.377473 0.432962 
0.523503 0.341102 
0.4451 0.401106 
0.487622 0.372619 
0.508135 0.355624 
-0.426842 0.283926 
0.139263 0.469578 
0.265267 0.461665 
-0.133144 0.424733 
0.325125 0.449444 
0.637881 0.124511 
0.620011 0.181366 
0.583964 0.260429 
-0.508766 0.210728 
0.648355 0.0519769 
0.647416 0.0680286 
-0.0322105 0.450168 
0.648433 0.0360025 
-0.616401 0.00842276 
0.0501268 0.463387 
0.079075 0.46636 
0.10879 0.468462 
0.0219638 0.459646 
0.170457 0.469576 
0.201916 0.468333 
0.296361 0.456109 
0.575252 0.275341 
0.599773 0.229373 
0.592129 0.245046 
-0.578404 0.115332 
0.233638 0.465727 
-0.202939 0.401227 
ZONE T="boundary5"
0.513904 -0.195109 
0.492904 -0.209721 
-0.417741 -0.428018 
-0.397705 -0.44147 
-0.558298 -0.276556 
-0.568473 -0.258527 
-0.521969 -0.329281 
-0.622301 -0.0470088 
-0.622253 -0.0692102 
-0.620871 -0.0913482 
-0.608998 -0.157236 
-0.602551 -0.178989 
-0.586815 -0.220514 
-0.577868 -0.240067 
-0.618183 -0.113409 
0.55187 -0.164598 
-0.213805 -0.510874 
-0.187544 -0.514016 
-0.239347 -0.506308 
-0.264691 -0.500274 
-0.312468 -0.484656 
-0.334714 -0.475386 
-0.161263 -0.515608 
-0.0820177 -0.51107 
-0.134753 -0.51565 
-0.535461 -0.311407 
-0.507672 -0.346539 
-0.491465 -0.364353 
0.567678 -0.149496 
-0.547268 -0.294224 
-0.288753 -0.493118 
-0.377376 -0.453737 
-0.437129 -0.413595 
-0.456165 -0.397945 
-0.474421 -0.381382 
0.63288 -0.0483228 
-0.620985 -0.0248047 
0.608914 -0.097554 
0.596375 -0.116021 
0.582552 -0.133346 
0.637732 -0.0335531 
0.641679 -0.0185374 
-0.614216 -0.135378 
-0.594927 -0.200575 
-0.0559149 -0.506495 
-0.0299064 -0.500406 
-0.00424307 -0.492898 
0.0463777 -0.47378 
0.0714436 -0.462281 
0.021169 -0.484006 
0.0963997 -0.449607 
0.197778 -0.389114 
0.121587 -0.435715 
0.146471 -0.42109 
0.172193 -0.405276 
0.22467 -0.371963 
0.251615 -0.354881 
0.397378 -0.268108 
0.427102 -0.250683 
0.367386 -0.285453 
0.449412 -0.237295 
0.471459 -0.223646 
0.533271 -0.180368 
0.64689 0.0123331 
0.627135 -0.0627967 
0.620582 -0.0767977 
-0.356521 -0.464982 
0.644737 -0.0032136 
-0.108387 -0.514138 
0.337897 -0.302563 
0.308379 -0.320005 
0.279942 -0.337252 
0.503472 -0.202515 
-0.407804 -0.434866 
-0.563485 -0.267597 
-0.621726 -0.0802899 
-0.605917 -0.168155 
-0.619687 -0.102399 
-0.200697 -0.512637 
-0.226608 -0.508773 
-0.252061 -0.50347 
-0.323649 -0.480162 
-0.174415 -0.515005 
-0.148008 -0.515825 
-0.528817 -0.320422 
-0.499675 -0.355543 
-0.541458 -0.30288 
-0.552881 -0.285451 
-0.387614 -0.447726 
-0.446742 -0.405886 
-0.427522 -0.420924 
-0.573267 -0.249346 
0.602828 -0.106913 
0.57525 -0.141548 
0.639818 -0.0260753 
-0.616355 -0.124422 
-0.621814 -0.035897 
-0.483044 -0.372969 
-0.514917 -0.337991 
-0.300666 -0.489046 
-0.04287 -0.503632 
-0.0170266 -0.496824 
0.0589689 -0.468165 
0.00851651 -0.488614 
0.109045 -0.44276 
0.134071 -0.428476 
-0.465393 -0.389775 
0.185002 -0.397221 
0.0839784 -0.45606 
0.211227 -0.38054 
0.38239 -0.276787 
0.438276 -0.24402 
0.460465 -0.230518 
0.523674 -0.187853 
0.482227 -0.216754 
0.412262 -0.259428 
-0.27677 -0.496859 
0.542684 -0.172619 
0.559887 -0.157167 
0.623962 -0.0698462 
0.614978 -0.0873068 
0.635418 -0.040975 
-0.367016 -0.459486 
0.630117 -0.0556036 
0.643323 -0.0108987 
0.645928 0.00454362 
0.589623 -0.124813 
-0.59098 -0.210589 
-0.598874 -0.18983 
-0.582444 -0.230338 
-0.611757 -0.146343 
-0.345682 -0.470321 
-0.0689352 -0.508969 
-0.0951809 -0.512796 
0.159364 -0.413236 
-0.121559 -0.515087 
0.033831 -0.479042 
0.352633 -0.293987 
0.32312 -0.311243 
0.238132 -0.363401 
0.26576 -0.346026 
-0.622445 -0.0581103 
0.294136 -0.328585 
