ZONE T="boundary0"
-4 -0.840578 
-4 0.126766 
-4 0.0800881 
-4 0.173443 
-4 0.234104 
-4 0.294764 
-4 0.36491 
-4 0.821229 
-4 0.000715838 
-4 -0.0786565 
-4 -0.144204 
-4 0.435055 
-4 0.538756 
-4 -0.209752 
-4 -0.44192 
-4 -0.380535 
-4 -0.561538 
-4 -1 
-4 0.642457 
-4 -0.31915 
-4 1 
-4 -0.681157 
-4 0.103427 
-4 0.150104 
-4 0.264434 
-4 -0.0389703 
-4 -0.11143 
-4 0.040402 
-4 0.329837 
-4 0.399983 
-4 0.486906 
-4 -0.411228 
-4 -0.501729 
-4 0.203773 
-4 0.590607 
-4 -0.176978 
-4 -0.264451 
-4 0.910614 
-4 -0.621347 
-4 -0.920289 
-4 -0.760867 
-4 0.731843 
-4 -0.349843 
ZONE T="boundary1"
1.64859 1 
3.7734 1 
3.5468 1 
1.15123 1 
1.57513 1 
1.50166 1 
-3.77243 1 
1.22047 1 
0.0911842 1 
1.39569 1 
0.418633 1 
1.7674 1 
0.577893 1 
-1.88442 1 
-3.23066 1 
-1.31194 1 
-1.19815 1 
-2.36757 1 
-3.10879 1 
2.7554 1 
2.53232 1 
3.40472 1 
-2.00521 1 
-0.0449346 1 
-0.115882 1 
-0.17775 1 
-0.239618 1 
0.216869 1 
0.156354 1 
0.026014 1 
0.348008 1 
0.277383 1 
-0.316612 1 
-0.513153 1 
-0.365747 1 
-0.414882 1 
-0.627753 1 
-4 1 
-3.54487 1 
-0.968714 1 
0.996837 1 
0.823714 1 
0.910275 1 
1.28971 1 
4 1 
0.700804 1 
-1.08343 1 
-2.98691 1 
-2.86504 1 
-1.52613 1 
-1.62653 1 
-1.42572 1 
-2.126 1 
-2.55537 1 
-2.74316 1 
3.26264 1 
2.37079 1 
2.20926 1 
2.97848 1 
2.04773 1 
1.88621 1 
-0.742353 1 
-0.855534 1 
3.6601 1 
1.53839 1 
1.70799 1 
-1.25504 1 
2.64386 1 
-0.0804088 1 
-0.208684 1 
0.186612 1 
0.0585991 1 
0.312696 1 
-0.278115 1 
-0.390315 1 
0.123769 1 
-0.146816 1 
-3.65865 1 
1.18585 1 
0.498263 1 
-3.38777 1 
1.61186 1 
1.07403 1 
0.866995 1 
1.25509 1 
1.3427 1 
1.44867 1 
3.8867 1 
-1.14079 1 
-2.92598 1 
-1.57633 1 
-1.36883 1 
0.639349 1 
-3.16972 1 
-3.04785 1 
-2.0656 1 
-2.64927 1 
2.29002 1 
3.12056 1 
1.96697 1 
2.1285 1 
-2.46147 1 
2.45155 1 
-3.88622 1 
-1.75548 1 
-1.94481 1 
-2.24678 1 
-2.8041 1 
1.8268 1 
-0.00946019 1 
0.247126 1 
0.383321 1 
-0.798943 1 
-0.341179 1 
-0.464018 1 
-0.570453 1 
-0.685053 1 
-0.912124 1 
2.86694 1 
0.762259 1 
-1.02607 1 
3.33368 1 
3.47576 1 
0.953556 1 
-1.47592 1 
ZONE T="boundary2"
4 -0.527822 
4 -0.446704 
4 -0.804469 
4 -0.608939 
4 0.195505 
4 0.247135 
4 0.315742 
4 0.143875 
4 0.0342638 
4 -1 
4 0.709152 
4 0.367023 
4 0.491016 
4 0.418304 
4 -0.0753477 
4 -0.38765 
4 -0.328595 
4 -0.243571 
4 -0.145289 
4 0.854576 
4 1 
4 -0.21523 
4 -0.271912 
4 0.563728 
4 -0.487263 
4 -0.706704 
4 0.22132 
4 0.281439 
4 0.0890696 
4 0.45466 
4 0.16969 
4 -0.358122 
4 -0.56838 
4 -0.110318 
4 -0.020542 
4 0.927288 
4 0.781864 
4 -0.902235 
4 -0.2294 
4 -0.257742 
4 -0.300254 
4 -0.180259 
4 -0.417177 
4 0.392664 
4 0.341383 
4 0.527372 
4 0.63644 
ZONE T="boundary3"
3.11252 -1 
2.83555 -1 
0.286231 -1 
0.242997 -1 
0.0717401 -1 
-1.39809 -1 
-1.46902 -1 
-0.305142 -1 
1.13093 -1 
-1.53995 -1 
-0.927151 -1 
-0.830537 -1 
3.62381 -1 
4 -1 
-0.146736 -1 
-0.0666951 -1 
1.72097 -1 
1.23947 -1 
1.34802 -1 
-3.5932 -1 
-3.21907 -1 
-2.97985 -1 
2.26127 -1 
2.5518 -1 
3.36816 -1 
-4 -1 
-2.74064 -1 
-2.29959 -1 
-2.09485 -1 
-1.89012 -1 
0.33383 -1 
0.199763 -1 
0.00252282 -1 
0.135751 -1 
0.579083 -1 
-0.558715 -1 
-0.646319 -1 
-0.383507 -1 
-0.471111 -1 
-0.226776 -1 
-1.05161 -1 
0.896582 -1 
-0.733923 -1 
1.01375 -1 
1.52982 -1 
-1.17606 -1 
-1.28708 -1 
-1.71503 -1 
1.91211 -1 
2.08669 -1 
-2.52011 -1 
0.381428 -1 
0.476626 -1 
0.68154 -1 
0.789061 -1 
2.97403 -1 
0.264614 -1 
-1.43356 -1 
-1.50448 -1 
-0.878844 -1 
3.8119 -1 
-0.106715 -1 
1.29375 -1 
-3.40613 -1 
2.40653 -1 
3.24034 -1 
-3.7966 -1 
-2.86025 -1 
-2.19722 -1 
0.22138 -1 
0.0371314 -1 
0.103746 -1 
0.167757 -1 
-0.0320861 -1 
-0.602517 -1 
-0.427309 -1 
-0.989378 -1 
-0.690121 -1 
-0.514913 -1 
-0.78223 -1 
1.07234 -1 
1.62539 -1 
-1.11383 -1 
1.1852 -1 
1.43892 -1 
-1.34258 -1 
-1.62749 -1 
-1.80257 -1 
1.81654 -1 
-3.09946 -1 
-1.23157 -1 
3.49598 -1 
1.9994 -1 
2.69367 -1 
-2.63038 -1 
-2.40985 -1 
-1.99248 -1 
0.31003 -1 
0.357629 -1 
0.429027 -1 
0.527854 -1 
-0.186756 -1 
0.630311 -1 
-0.265959 -1 
-0.344324 -1 
0.955168 -1 
0.842821 -1 
2.17398 -1 
0.735301 -1 
ZONE T="boundary4"
0.584604 0.11468 
0.60051 0.0914745 
-0.562656 0.228508 
-0.0157204 0.533226 
0.634439 0.0185229 
-0.291386 0.469552 
-0.316734 0.456647 
-0.626849 0.0820013 
-0.635475 0.0326908 
-0.637179 0.00831367 
-0.619976 0.106782 
-0.633964 0.0449855 
0.548045 0.159277 
-0.101053 0.527551 
-0.0726684 0.530813 
0.0968465 0.520705 
0.124432 0.513731 
-0.475719 0.338295 
-0.455076 0.358176 
-0.433825 0.376955 
0.566861 0.137363 
-0.157208 0.517096 
-0.129227 0.522972 
-0.632027 0.0572704 
-0.589769 0.180586 
-0.576815 0.204732 
-0.611459 0.131525 
-0.528961 0.277377 
0.305358 0.417554 
0.32927 0.396892 
-0.546381 0.25334 
-0.49544 0.317554 
-0.512648 0.297808 
-0.411785 0.394835 
-0.389034 0.41176 
-0.365579 0.427728 
-0.239065 0.492068 
-0.212182 0.501609 
-0.265498 0.481363 
-0.184859 0.509969 
0.527738 0.181674 
-0.044245 0.532713 
0.0126726 0.532315 
0.0410053 0.529942 
-0.341469 0.442699 
-0.601356 0.156162 
0.151628 0.505146 
0.178412 0.494906 
0.352855 0.374594 
0.280986 0.43653 
0.48551 0.227834 
0.464089 0.252153 
0.507161 0.203989 
0.442363 0.277207 
0.420507 0.302217 
0.256112 0.453762 
0.230687 0.469246 
0.0690204 0.526091 
0.204814 0.482934 
0.620134 0.0558109 
0.614167 0.0678551 
0.640741 -0.00698855 
0.644383 -0.0327981 
0.375678 0.351374 
0.398316 0.327025 
0.625543 0.0435044 
0.592762 0.103218 
-0.304129 0.463235 
-0.636543 0.0205174 
-0.623606 0.0944453 
-0.634773 0.0388448 
-0.0868792 0.52935 
0.110689 0.517416 
-0.465506 0.348348 
-0.143251 0.520193 
-0.633047 0.0511363 
-0.583434 0.192735 
-0.615901 0.119216 
0.317437 0.407369 
-0.504149 0.307771 
-0.520916 0.287681 
-0.485695 0.328034 
-0.400498 0.403417 
-0.37739 0.419867 
-0.225676 0.496986 
-0.25234 0.486859 
-0.198567 0.505941 
0.537942 0.170519 
-0.422899 0.386011 
-0.278505 0.475597 
-0.0584674 0.531934 
-0.0299851 0.533146 
-0.554657 0.241015 
-0.115166 0.525425 
-0.537819 0.265465 
0.026855 0.531313 
-0.569862 0.216695 
-0.329176 0.449804 
0.165096 0.500227 
0.557552 0.148404 
0.341176 0.385866 
0.293297 0.427207 
0.47476 0.239954 
-0.44455 0.367678 
0.496297 0.215871 
0.431461 0.289733 
0.243513 0.461696 
0.055039 0.528205 
0.138092 0.509639 
0.217853 0.476288 
0.191703 0.489122 
0.268671 0.445326 
0.51745 0.192828 
-0.60658 0.143914 
0.607581 0.0798059 
-0.62964 0.0696784 
0.642892 -0.0198454 
-0.595721 0.168449 
0.0829709 0.523592 
-0.353603 0.43534 
-0.171073 0.513687 
-0.00151739 0.53295 
0.575888 0.126143 
0.387068 0.339266 
0.364359 0.363077 
0.453224 0.264675 
0.62291 0.0496912 
0.617218 0.0618651 
0.630297 0.0311239 
0.637914 0.0058487 
0.409459 0.314663 
ZONE T="boundary5"
0.235596 -0.417492 
0.20784 -0.419089 
0.180082 -0.419783 
-0.637123 -0.0157832 
-0.587089 -0.171405 
-0.57296 -0.190958 
0.633553 -0.135716 
0.629608 -0.148306 
-0.637179 0.00831367 
-0.539943 -0.227404 
-0.626322 -0.0858038 
-0.6317 -0.0629043 
0.643826 -0.0846225 
-0.479922 -0.274462 
-0.521275 -0.244175 
-0.501269 -0.25988 
0.557007 -0.277474 
-0.0698363 -0.396858 
-0.240927 -0.362869 
-0.619166 -0.108163 
-0.610229 -0.129937 
-0.212026 -0.369429 
-0.327009 -0.340259 
-0.0978419 -0.392054 
-0.126249 -0.386875 
-0.0417751 -0.401342 
-0.154611 -0.38141 
-0.183337 -0.375576 
-0.269765 -0.355883 
-0.298457 -0.348391 
-0.490716 -0.267345 
-0.557202 -0.209652 
0.602769 -0.209682 
-0.354641 -0.331572 
-0.38199 -0.32197 
-0.457221 -0.287927 
0.614847 -0.185453 
-0.433284 -0.300276 
-0.599522 -0.151054 
-0.408143 -0.311606 
0.547932 -0.287673 
0.589088 -0.233302 
0.0692179 -0.415052 
-0.635298 -0.0395498 
0.29089 -0.411243 
0.263286 -0.414906 
0.152312 -0.419653 
0.12459 -0.418775 
0.449778 -0.361511 
0.424634 -0.373554 
0.096865 -0.417217 
0.0414759 -0.412323 
0.0138189 -0.409106 
-0.014016 -0.405419 
0.372452 -0.39285 
0.345526 -0.400318 
0.318274 -0.406422 
0.398924 -0.383931 
0.473716 -0.347988 
0.51822 -0.315983 
0.538436 -0.297494 
0.496727 -0.332718 
0.642124 -0.097497 
0.573852 -0.256033 
0.625169 -0.16077 
0.639829 -0.110321 
0.645386 -0.0587474 
0.644383 -0.0327981 
-0.530749 -0.235944 
0.221724 -0.418409 
-0.580211 -0.181316 
0.631643 -0.14203 
-0.629236 -0.0744066 
-0.511403 -0.252193 
-0.614915 -0.119139 
-0.226487 -0.366196 
-0.0838458 -0.394494 
-0.112052 -0.389501 
-0.168981 -0.37853 
-0.284129 -0.352208 
-0.496024 -0.263656 
-0.565252 -0.200448 
-0.368359 -0.326896 
-0.468676 -0.28137 
-0.605086 -0.140602 
-0.420784 -0.306097 
-0.485348 -0.270947 
-0.445339 -0.294269 
-0.19769 -0.372543 
-0.140437 -0.384178 
-0.548726 -0.218676 
-0.633724 -0.0512614 
0.277106 -0.413215 
0.138447 -0.419302 
0.437304 -0.367739 
-0.0558125 -0.399142 
0.110722 -0.418076 
0.0553397 -0.413753 
-0.255359 -0.359433 
0.0276401 -0.410773 
-0.000106027 -0.407315 
0.249452 -0.416328 
0.166196 -0.419816 
0.193963 -0.419544 
0.359037 -0.39676 
0.304608 -0.408984 
-0.0279029 -0.403427 
0.411857 -0.378937 
0.461864 -0.354957 
0.528516 -0.306944 
0.64305 -0.0910694 
0.543235 -0.292633 
0.485363 -0.340566 
0.552522 -0.28262 
0.565644 -0.266922 
0.581669 -0.244801 
0.620223 -0.173201 
0.627447 -0.154559 
0.641048 -0.103922 
0.636959 -0.123084 
0.331936 -0.403534 
0.385751 -0.388578 
-0.340857 -0.336019 
-0.395122 -0.316928 
0.644919 -0.0717027 
-0.312757 -0.344413 
0.0830351 -0.416207 
0.609001 -0.197663 
-0.535381 -0.231713 
-0.622966 -0.0970542 
-0.637371 -0.00373503 
-0.636434 -0.0276835 
0.645211 -0.045759 
-0.593505 -0.161351 
-0.526046 -0.240098 
0.596113 -0.221599 
0.507636 -0.324558 
