ZONE T="boundary0"
-4 -0.268851 
-4 -0.333138 
-4 -0.200288 
-4 0.172634 
-4 -0.0855108 
-4 -0.1429 
-4 0.816883 
-4 0.633766 
-4 0.541758 
-4 0.321612 
-4 0.278899 
-4 -0.378148 
-4 -0.423158 
-4 0.060575 
-4 1 
-4 -0.718733 
-4 -0.570946 
-4 0.364324 
-4 0.449749 
-4 0.407037 
-4 -1 
-4 -0.497052 
-4 0.225767 
-4 0.252333 
-4 -0.300995 
-4 -0.23457 
-4 -0.114205 
-4 0.725325 
-4 0.300256 
-4 -0.400653 
-4 -0.171594 
-4 -0.0124679 
-4 -0.644839 
-4 0.116605 
-4 0.495754 
-4 0.908442 
-4 0.428393 
-4 0.587762 
-4 -0.859367 
-4 -0.355643 
-4 -0.460105 
-4 -0.533999 
-4 0.23905 
-4 0.1992 
-4 0.385681 
-4 0.342968 
-4 0.265616 
ZONE T="boundary1"
1.02358 1 
0.230914 1 
0.399314 1 
-1.53555 1 
0.493783 1 
-3.54913 1 
2.43351 1 
-1.90568 1 
-2.09985 1 
-3.05474 1 
-3.21953 1 
3.73786 1 
3.05278 1 
-4 1 
-2.55102 1 
-2.72048 1 
2.86684 1 
-2.32543 1 
1.55639 1 
1.40774 1 
-0.332734 1 
-0.261841 1 
-0.411714 1 
-0.490694 1 
-0.565768 1 
-0.640842 1 
0.0820773 1 
0.0131105 1 
-0.0558562 1 
-0.190949 1 
-0.123402 1 
-0.923817 1 
-0.801415 1 
4 1 
0.690517 1 
0.588253 1 
-0.985018 1 
-1.2029 1 
-1.12456 1 
-1.35958 1 
0.792781 1 
1.12233 1 
1.31441 1 
1.22107 1 
-1.71152 1 
0.908183 1 
1.70504 1 
0.315114 1 
-2.88994 1 
1.90188 1 
3.47572 1 
3.26425 1 
2.6809 1 
2.26612 1 
2.09872 1 
0.156495 1 
-0.721129 1 
-0.862616 1 
-1.04622 1 
-2.00276 1 
-3.13713 1 
-3.38433 1 
-3.77457 1 
-2.63575 1 
2.95981 1 
-2.43823 1 
-2.21264 1 
1.48207 1 
-0.297287 1 
-0.372224 1 
-0.528231 1 
0.0475939 1 
-0.157176 1 
-0.954417 1 
-1.16373 1 
0.446549 1 
0.639385 1 
0.541018 1 
-1.28124 1 
-1.44757 1 
0.741649 1 
1.07296 1 
1.26774 1 
1.63072 1 
0.273014 1 
3.86893 1 
-2.97234 1 
-2.80521 1 
1.80346 1 
2.34981 1 
2.18242 1 
2.0003 1 
3.60679 1 
2.5572 1 
2.77387 1 
-1.8086 1 
-0.0213728 1 
0.119286 1 
-0.680985 1 
-0.603305 1 
-0.0896293 1 
-0.226395 1 
-0.893216 1 
-1.01562 1 
-0.832016 1 
-0.761272 1 
0.193705 1 
-0.451204 1 
0.357214 1 
-1.08539 1 
3.15851 1 
-1.62354 1 
0.850482 1 
1.36108 1 
0.965884 1 
3.36998 1 
1.1717 1 
ZONE T="boundary2"
4 -0.46664 
4 -0.601909 
4 -0.108129 
4 -0.325963 
4 -0.217349 
4 -0.181144 
4 -0.396302 
4 -0.800954 
4 -0.701432 
4 0.512066 
4 0.414351 
4 0.756033 
4 0.63405 
4 -0.0351141 
4 0.0366731 
4 0.231175 
4 -0.253554 
4 -0.289758 
4 1 
4 -1 
4 0.343216 
4 0.307648 
4 0.149365 
4 0.19027 
4 0.272081 
4 0.10846 
4 -0.199247 
4 -0.431471 
4 -0.751193 
4 0.463209 
4 0.695042 
4 0.000779509 
4 -0.65167 
4 -0.144637 
4 -0.235451 
4 -0.307861 
4 -0.271656 
4 -0.0716216 
4 -0.361132 
4 -0.534274 
4 0.878017 
4 -0.900477 
4 0.378783 
4 0.325432 
4 0.169818 
4 0.251628 
4 0.128913 
4 0.573058 
4 0.210723 
4 0.289864 
4 0.0725667 
ZONE T="boundary3"
-2.02204 -1 
3.75 -1 
3.57123 -1 
0.273928 -1 
0.336401 -1 
-0.308621 -1 
-0.407865 -1 
1.68217 -1 
-1.10525 -1 
0.459163 -1 
0.397782 -1 
-0.50711 -1 
-0.0922935 -1 
-0.856085 -1 
3.39704 -1 
0.754404 -1 
0.91358 -1 
0.850364 -1 
-3.09238 -1 
-2.83236 -1 
1.52358 -1 
-2.37852 -1 
-3.75 -1 
-1.48438 -1 
-1.68582 -1 
-1.78654 -1 
2.35215 -1 
2.52611 -1 
-3.5512 -1 
-3.35239 -1 
-2.15683 -1 
-2.60021 -1 
0.671949 -1 
0.524328 -1 
0.589494 -1 
0.0834343 -1 
0.147445 -1 
0.211455 -1 
0.976795 -1 
1.06061 -1 
1.14442 -1 
-0.229354 -1 
-0.150088 -1 
-0.0344995 -1 
0.0244674 -1 
1.25147 -1 
1.35852 -1 
-0.731323 -1 
-0.619216 -1 
1.44105 -1 
1.84076 -1 
-0.980848 -1 
-1.22964 -1 
4 -1 
-1.35701 -1 
2.68958 -1 
2.17819 -1 
-1.88726 -1 
3.03796 -1 
2.85306 -1 
-4 -1 
3.22286 -1 
-1.5851 -1 
3.66061 -1 
0.305164 -1 
-0.358243 -1 
0.428472 -1 
3.48414 -1 
0.881972 -1 
-2.96237 -1 
-1.73618 -1 
2.43913 -1 
-3.4518 -1 
-2.48936 -1 
0.556911 -1 
0.17945 -1 
0.242691 -1 
0.115439 -1 
0.802384 -1 
0.945187 -1 
1.0187 -1 
1.10251 -1 
0.491745 -1 
0.630721 -1 
-0.121191 -1 
-0.0633965 -1 
-0.189721 -1 
-0.268987 -1 
1.19794 -1 
1.305 -1 
-0.457487 -1 
-0.675269 -1 
-0.563163 -1 
-0.00501603 -1 
0.0539508 -1 
1.48232 -1 
1.60288 -1 
1.39979 -1 
1.76147 -1 
-0.793704 -1 
-0.918467 -1 
-1.04305 -1 
-1.16745 -1 
3.875 -1 
-1.42069 -1 
2.60785 -1 
2.00948 -1 
2.26517 -1 
-2.26767 -1 
-2.71629 -1 
2.77132 -1 
-2.08943 -1 
-1.95465 -1 
-3.6506 -1 
2.94551 -1 
3.13041 -1 
-3.22239 -1 
0.713177 -1 
0.367091 -1 
3.30995 -1 
-1.29333 -1 
-1.8369 -1 
-1.63546 -1 
-3.875 -1 
-1.53474 -1 
ZONE T="boundary4"
-0.611608 0.147701 
0.139901 0.268935 
0.159116 0.271104 
-0.610975 0.0701842 
-0.612207 0.0895102 
-0.612722 0.108844 
-0.612521 0.128299 
-0.302085 0.491745 
-0.316993 0.497077 
-0.378313 0.502874 
-0.609051 0.0511201 
0.575401 0.0973033 
-0.606427 0.0321182 
0.100858 0.265287 
-0.210161 0.419283 
-0.608199 0.182589 
-0.563673 0.339648 
-0.549439 0.367504 
0.549848 0.145061 
0.559466 0.129502 
-0.533939 0.393081 
0.539357 0.159813 
0.602459 -0.019336 
-0.4863 0.450157 
-0.501746 0.434612 
-0.470058 0.463959 
0.470501 0.224585 
0.454867 0.234465 
-0.517025 0.4166 
-0.183465 0.388156 
-0.196918 0.403958 
-0.439155 0.483945 
-0.454802 0.474793 
0.0184002 0.266329 
0.0499796 0.26399 
-0.424091 0.491016 
0.500597 0.201366 
0.215873 0.277117 
0.187333 0.2743 
-0.393514 0.500486 
0.120733 0.266961 
0.598345 0.0141019 
0.485842 0.213514 
-0.132393 0.334566 
-0.167786 0.3702 
-0.248049 0.4576 
-0.235263 0.445881 
-0.331741 0.500783 
-0.222774 0.433171 
-0.0365892 0.278442 
-0.0184411 0.273154 
0.438804 0.243313 
-4.50029e-05 0.269136 
-0.054472 0.285078 
-0.0835301 0.299275 
-0.260947 0.467994 
-0.274485 0.477354 
-0.362532 0.503761 
-0.347343 0.503079 
-0.408958 0.496497 
-0.288094 0.48521 
0.58181 0.0807762 
-0.151264 0.352553 
0.591713 0.0475035 
0.587196 0.0642375 
0.568046 0.113408 
0.407811 0.257109 
0.423437 0.250663 
0.527914 0.173892 
0.514703 0.188107 
0.0809043 0.264173 
-0.1107 0.316958 
0.392396 0.262533 
0.29524 0.279341 
0.322036 0.277297 
0.26906 0.27981 
0.242285 0.278975 
0.595383 0.03085 
-0.603004 0.215211 
-0.59616 0.246854 
-0.587435 0.278272 
-0.576504 0.30958 
0.349075 0.27338 
0.376733 0.267164 
0.149507 0.270006 
-0.61168 0.0798426 
-0.612553 0.0991759 
-0.612711 0.118574 
-0.309483 0.494596 
-0.6101 0.0606442 
-0.612153 0.138006 
-0.556795 0.353713 
0.554783 0.137358 
0.544722 0.15252 
-0.541921 0.38045 
-0.494171 0.442548 
-0.478321 0.457244 
0.462758 0.229643 
-0.525715 0.405029 
-0.190203 0.396063 
-0.447074 0.479551 
0.0341751 0.264801 
-0.431696 0.487653 
0.201584 0.275787 
0.130318 0.267914 
0.600665 -0.00258348 
0.478258 0.21917 
-0.175685 0.379138 
-0.241583 0.451846 
-0.324328 0.499111 
-0.216422 0.426289 
-0.0275631 0.275639 
-0.00926413 0.27099 
-0.0692046 0.291714 
-0.0455777 0.281592 
-0.267637 0.472816 
-0.339516 0.502132 
-0.401279 0.49868 
-0.35493 0.503609 
-0.385939 0.501865 
-0.416582 0.493934 
-0.281218 0.481431 
-0.254422 0.462917 
0.0091516 0.267592 
-0.295026 0.488638 
-0.228957 0.439609 
-0.607826 0.0416081 
-0.159627 0.361286 
-0.370433 0.503519 
-0.203517 0.411659 
0.578724 0.0890852 
0.584613 0.0725423 
0.446901 0.239009 
0.563884 0.121522 
0.431171 0.247094 
0.53375 0.166944 
0.571844 0.10541 
-0.462539 0.469544 
0.52143 0.181111 
0.507762 0.194854 
-0.610182 0.165178 
-0.0973654 0.307704 
0.173213 0.272723 
0.0908854 0.264648 
0.308647 0.278531 
0.282146 0.279749 
0.255658 0.279542 
0.596947 0.0224905 
0.589558 0.0558983 
0.59364 0.0391972 
0.493318 0.207559 
0.110799 0.266065 
-0.605833 0.198942 
-0.599795 0.231085 
-0.509551 0.425761 
-0.14198 0.343397 
-0.121739 0.325512 
-0.59204 0.262639 
-0.57034 0.324734 
0.229062 0.278155 
0.335585 0.275583 
-0.582228 0.294027 
0.400136 0.259921 
0.362963 0.270557 
0.384595 0.264946 
0.415667 0.253992 
0.0654468 0.263816 
ZONE T="boundary5"
-0.542186 -0.152515 
-0.529189 -0.175099 
0.491654 -0.48552 
-0.603194 0.0136485 
-0.584082 -0.0581028 
-0.594803 -0.0228116 
0.533619 -0.451935 
0.575476 -0.399487 
0.566749 -0.413022 
-0.606427 0.0321182 
-0.129674 -0.497506 
-0.197509 -0.469168 
-0.175744 -0.478985 
-0.217538 -0.459483 
-0.25559 -0.439239 
-0.237299 -0.449283 
-0.273615 -0.428742 
-0.290379 -0.418415 
-0.105372 -0.50612 
-0.0789995 -0.514623 
-0.0523777 -0.522356 
0.00440938 -0.536148 
-0.15371 -0.488213 
-0.370711 -0.360194 
-0.388903 -0.344636 
-0.51535 -0.197182 
-0.338262 -0.385607 
-0.35466 -0.373118 
-0.406573 -0.328497 
0.604801 -0.0524817 
0.602459 -0.019336 
0.389118 -0.532515 
0.370657 -0.537696 
0.425325 -0.5199 
0.407392 -0.526586 
-0.306881 -0.407685 
0.476209 -0.495162 
0.556499 -0.426805 
0.603869 -0.329416 
0.608835 -0.302487 
0.600431 -0.342386 
0.590317 -0.370493 
0.611719 -0.250176 
0.611198 -0.27673 
-0.0240924 -0.529674 
0.152987 -0.555991 
0.122766 -0.553829 
0.033737 -0.541896 
0.092945 -0.55075 
0.0632301 -0.546763 
0.18325 -0.557162 
0.314502 -0.549202 
0.333314 -0.545998 
0.351994 -0.542187 
0.442911 -0.512403 
0.460255 -0.50397 
0.50675 -0.474846 
0.545367 -0.439845 
0.521162 -0.46327 
-0.322708 -0.396836 
0.611098 -0.224881 
0.608083 -0.151132 
0.609007 -0.175339 
0.583299 -0.3854 
0.596324 -0.355118 
0.610277 -0.289647 
0.278518 -0.553734 
0.610048 -0.199494 
0.606133 -0.0856949 
0.244932 -0.556264 
-0.557208 -0.123429 
-0.571314 -0.0919699 
-0.425658 -0.309779 
0.214111 -0.557287 
-0.443996 -0.290342 
-0.462633 -0.268875 
-0.498898 -0.221413 
-0.48159 -0.245025 
0.607071 -0.118441 
-0.535798 -0.16387 
-0.58974 -0.0405457 
0.571223 -0.406326 
-0.604893 0.0228697 
-0.186661 -0.474151 
-0.246476 -0.444318 
-0.227453 -0.454448 
-0.282029 -0.423629 
-0.0922174 -0.510469 
-0.065717 -0.518586 
-0.117553 -0.501898 
-0.37987 -0.352488 
-0.522369 -0.186203 
-0.346503 -0.379417 
-0.397804 -0.336639 
-0.36273 -0.36671 
0.603799 -0.0358953 
0.379913 -0.535195 
0.416397 -0.523342 
0.606687 -0.316018 
0.602234 -0.335924 
0.61166 -0.263461 
0.137868 -0.555031 
0.107844 -0.552404 
0.0484654 -0.54444 
0.398287 -0.529645 
-0.264636 -0.434048 
-0.00986573 -0.533017 
0.361347 -0.540026 
0.451638 -0.508298 
0.483999 -0.490448 
0.46829 -0.499669 
0.539588 -0.445982 
0.527476 -0.457696 
0.499282 -0.480295 
0.434164 -0.516256 
0.551041 -0.433417 
0.611497 -0.237531 
0.608525 -0.163238 
0.579504 -0.392509 
0.561741 -0.420001 
0.59345 -0.362857 
0.514048 -0.469171 
0.598462 -0.34878 
0.609624 -0.296075 
0.6108 -0.283194 
-0.314828 -0.402308 
0.323921 -0.547674 
0.296543 -0.551714 
0.610597 -0.212189 
0.609519 -0.18742 
-0.33052 -0.391269 
0.261741 -0.555191 
-0.298663 -0.4131 
0.342671 -0.54417 
-0.549887 -0.138069 
-0.56449 -0.107801 
-0.141725 -0.492945 
-0.207555 -0.46439 
-0.416205 -0.319229 
0.198681 -0.557363 
-0.164759 -0.483673 
-0.434924 -0.300151 
-0.45343 -0.279708 
-0.49035 -0.233296 
0.168114 -0.556703 
0.0190515 -0.539132 
-0.47224 -0.257051 
0.229528 -0.556924 
-0.0382628 -0.526121 
0.605551 -0.0690845 
-0.577969 -0.075137 
0.586934 -0.378007 
0.0780726 -0.548869 
-0.599319 -0.00465271 
-0.507237 -0.209373 
0.606616 -0.102068 
0.607549 -0.134789 
