ZONE T="boundary0"
-4 -0.60973 
-4 -0.707298 
-4 -0.429454 
-4 -0.519592 
-4 -0.383187 
-4 0.26084 
-4 0.186182 
-4 0.692266 
-4 0.337759 
-4 0.478604 
-4 -0.0600313 
-4 -0.108637 
-4 1 
-4 -0.804865 
-4 -1 
-4 0.137165 
-4 0.286479 
-4 0.2352 
-4 0.408182 
-4 0.585435 
-4 0.0628693 
-4 -0.304152 
-4 -0.33692 
-4 0.312119 
-4 -0.011426 
-4 -0.205847 
-4 -0.238615 
-4 -0.157242 
-4 -0.271384 
-4 -0.658514 
-4 -0.474523 
-4 -0.406321 
-4 -0.0843339 
-4 0.846133 
-4 -0.902433 
-4 -0.564661 
-4 0.273659 
-4 0.24802 
-4 0.443393 
-4 0.53202 
-4 0.100017 
-4 -0.756081 
-4 -0.320536 
-4 0.210691 
-4 0.161673 
-4 0.37297 
-4 0.299299 
-4 0.324939 
-4 0.0257216 
-4 -0.222231 
-4 -0.132939 
-4 -0.0357287 
-4 -0.360053 
-4 0.63885 
-4 -0.254999 
-4 -0.181544 
-4 -0.287768 
ZONE T="boundary1"
1.03683 1 
1.13547 1 
-0.687269 1 
3.74749 1 
3.49497 1 
3.24246 1 
-1.23201 1 
-0.902796 1 
-4 1 
-3.44473 1 
-3.25964 1 
2.17377 1 
2.34976 1 
2.75785 1 
2.52576 1 
-2.79232 1 
-3.62982 1 
-0.496165 1 
-0.396035 1 
-0.295906 1 
0.417443 1 
0.291299 1 
0.165155 1 
0.0506661 1 
-0.0638229 1 
-0.179864 1 
0.889924 1 
0.963375 1 
1.23411 1 
1.33902 1 
-0.795032 1 
4 1 
0.580232 1 
1.77491 1 
1.60942 1 
1.44394 1 
0.743021 1 
1.97434 1 
0.498838 1 
-1.01056 1 
-1.3457 1 
-3.02598 1 
-1.11832 1 
-1.55767 1 
-1.45168 1 
-1.71194 1 
-1.8662 1 
2.98995 1 
-2.09433 1 
-2.32246 1 
-2.55739 1 
1.52668 1 
3.36872 1 
2.26177 1 
2.64181 1 
-3.81491 1 
-0.591717 1 
-0.345971 1 
0.354371 1 
0.107911 1 
-0.0065784 1 
0.92665 1 
1.28657 1 
-0.848914 1 
1.69217 1 
1.18479 1 
0.816473 1 
2.07405 1 
3.87374 1 
3.62123 1 
0.458141 1 
-0.741151 1 
-1.28886 1 
-2.90915 1 
-3.14281 1 
-1.17517 1 
-1.50468 1 
-1.39869 1 
-1.6348 1 
-1.78907 1 
-3.35218 1 
2.43776 1 
3.1162 1 
2.8739 1 
-2.2084 1 
-2.43993 1 
-1.98027 1 
-0.121844 1 
-0.237885 1 
-2.67485 1 
1.08615 1 
-1.06444 1 
-0.956677 1 
0.228227 1 
1.0001 1 
-3.53727 1 
-0.4461 1 
1.39148 1 
1.48531 1 
0.539535 1 
1.56805 1 
0.661627 1 
1.87462 1 
ZONE T="boundary2"
4 0.126218 
4 0.0310569 
4 0.221379 
4 0.36381 
4 0.441632 
4 0.772233 
4 0.65835 
4 -0.85184 
4 -0.703679 
4 -1 
4 0.285988 
4 0.253684 
4 0.544466 
4 -0.0774059 
4 -0.271361 
4 -0.605537 
4 -0.507394 
4 -0.356854 
4 1 
4 -0.228615 
4 -0.432124 
4 -0.158753 
4 -0.131637 
4 -0.185869 
4 0.0786374 
4 0.402721 
4 0.715291 
4 -0.77776 
4 -0.92592 
4 0.269836 
4 0.173799 
4 0.237531 
4 0.493049 
4 -0.556465 
4 -0.654608 
4 0.886117 
4 0.324899 
4 -0.394489 
4 -0.314107 
4 -0.249988 
4 -0.469759 
4 -0.145195 
4 -0.0231745 
4 -0.104522 
4 0.601408 
4 -0.207242 
4 -0.172311 
ZONE T="boundary3"
-1.01034 -1 
-0.934578 -1 
-0.781284 -1 
-0.510605 -1 
-0.714049 -1 
0.186821 -1 
0.253606 -1 
-0.0839786 -1 
-0.0151405 -1 
1.49408 -1 
-0.155578 -1 
-1.12538 -1 
-1.08609 -1 
0.811761 -1 
1.08083 -1 
1.14172 -1 
1.4084 -1 
1.59768 -1 
3.63658 -1 
3.81829 -1 
1.8691 -1 
2.44885 -1 
3.45487 -1 
4 -1 
-4 -1 
-3.79134 -1 
-3.58268 -1 
-3.25426 -1 
-2.65397 -1 
-2.51805 -1 
-2.07795 -1 
-1.88907 -1 
-2.92583 -1 
-1.70019 -1 
-1.56855 -1 
-2.23003 -1 
3.08329 -1 
3.27316 -1 
2.89341 -1 
0.598948 -1 
-0.440947 -1 
-0.371288 -1 
-0.227177 -1 
0.320391 -1 
0.120259 -1 
-0.646814 -1 
0.0536975 -1 
0.389182 -1 
0.457973 -1 
1.01995 -1 
-0.299232 -1 
-0.857931 -1 
-0.896254 -1 
0.670044 -1 
0.74114 -1 
1.23221 -1 
0.882381 -1 
0.528461 -1 
-1.24323 -1 
-1.16466 -1 
-1.34007 -1 
-1.29165 -1 
-1.43691 -1 
-0.57871 -1 
0.951166 -1 
1.32271 -1 
1.70129 -1 
2.03691 -1 
2.24288 -1 
-2.38212 -1 
2.67113 -1 
-0.972457 -1 
-0.747666 -1 
0.220214 -1 
-0.0495596 -1 
-0.119778 -1 
-1.10574 -1 
-1.04821 -1 
3.72743 -1 
3.54572 -1 
3.90914 -1 
-3.68701 -1 
-2.58601 -1 
-1.98351 -1 
-2.7899 -1 
-1.79463 -1 
-3.41847 -1 
-2.15399 -1 
3.17822 -1 
-0.475776 -1 
-0.406117 -1 
0.286999 -1 
-0.680431 -1 
0.0192785 -1 
-0.263204 -1 
-0.877093 -1 
-0.819607 -1 
-0.191377 -1 
0.0869784 -1 
0.634496 -1 
0.77645 -1 
1.05039 -1 
1.11127 -1 
1.18696 -1 
0.563705 -1 
0.493217 -1 
-1.20395 -1 
-1.26744 -1 
-1.38849 -1 
-0.544658 -1 
-0.612762 -1 
0.423578 -1 
0.916774 -1 
1.27746 -1 
1.45124 -1 
1.54588 -1 
1.36555 -1 
1.64948 -1 
-1.63437 -1 
1.78519 -1 
1.953 -1 
2.13989 -1 
3.36401 -1 
-2.45008 -1 
-3.89567 -1 
2.78227 -1 
-3.09004 -1 
0.985558 -1 
0.15354 -1 
0.354787 -1 
-0.33526 -1 
0.847071 -1 
0.705592 -1 
-0.915416 -1 
-1.14502 -1 
-1.31586 -1 
-2.30608 -1 
2.98835 -1 
-1.50273 -1 
2.55999 -1 
2.34586 -1 
ZONE T="boundary4"
-0.239108 0.047676 
-0.359287 0.00572554 
-0.366878 0.00269218 
-0.50465 -0.0550886 
-0.515227 -0.0595317 
-0.494097 -0.0506447 
-0.528811 -0.0652263 
-0.522014 -0.0623778 
-0.703958 -0.156221 
-0.71456 -0.165618 
-0.693604 -0.147993 
-0.730652 -0.182408 
-0.638973 -0.114303 
-0.651387 -0.120933 
-0.725301 -0.17642 
-0.381923 -0.00341068 
-0.374452 -0.000366013 
-0.312969 0.0233939 
-0.47126 -0.040987 
-0.459475 -0.0359871 
-0.15099 0.0689656 
-0.140311 0.0709385 
-0.735756 -0.188581 
-0.666624 -0.129758 
-0.659049 -0.125264 
-0.405471 -0.0131589 
-0.397433 -0.00980843 
-0.720027 -0.170932 
-0.684231 -0.141199 
-0.675513 -0.135342 
-0.626442 -0.108007 
-0.595616 -0.0936985 
-0.585116 -0.089082 
-0.336301 0.01469 
-0.328569 0.0176218 
-0.320781 0.0205282 
-0.57642 -0.0853212 
-0.567736 -0.0816089 
-0.558476 -0.0776841 
-0.549238 -0.0737923 
-0.295345 0.0296658 
-0.304173 0.0265587 
-0.53901 -0.0694998 
-0.186163 0.0615308 
-0.21284 0.0549432 
-0.199086 0.0584409 
-0.226523 0.0512528 
-0.742574 -0.197686 
-0.425014 -0.0213751 
-0.436359 -0.0261762 
-0.415249 -0.0172591 
-0.129598 0.0727841 
-0.389379 -0.00647445 
-0.351659 0.00873908 
-0.344011 0.0117228 
-0.11841 0.0745689 
-0.447697 -0.0309865 
-0.2744 0.0367458 
-0.263042 0.0404046 
-0.616294 -0.103139 
-0.606117 -0.0984248 
-0.482668 -0.0458178 
-0.25163 0.0439472 
-0.107189 0.0762127 
-0.284895 0.0332508 
-0.173182 0.0644415 
-0.748947 -0.207328 
-0.162105 0.066771 
-0.363084 0.00421243 
-0.509938 -0.0573113 
-0.499373 -0.0528679 
-0.525412 -0.0638022 
-0.709327 -0.160842 
-0.698832 -0.152043 
-0.645203 -0.117575 
-0.51862 -0.0609551 
-0.378189 -0.0018855 
-0.465367 -0.0384878 
-0.145653 0.0699681 
-0.662849 -0.12749 
-0.655228 -0.123079 
-0.728005 -0.179388 
-0.401453 -0.0114815 
-0.717316 -0.168252 
-0.722688 -0.173653 
-0.733234 -0.185469 
-0.679896 -0.138235 
-0.632725 -0.11112 
-0.671089 -0.132517 
-0.370666 0.00116633 
-0.590371 -0.0913804 
-0.332436 0.0161608 
-0.324677 0.0190803 
-0.57208 -0.0834612 
-0.563108 -0.0796434 
-0.553858 -0.0757363 
-0.299762 0.0281201 
-0.544124 -0.0716448 
-0.308573 0.0249837 
-0.205969 0.0567172 
-0.219688 0.0531223 
-0.58077 -0.0871965 
-0.533911 -0.0673628 
-0.430687 -0.023774 
-0.420133 -0.0193152 
-0.410362 -0.0152064 
-0.393407 -0.00813886 
-0.385652 -0.00494003 
-0.355474 0.00723622 
-0.340157 0.013211 
-0.347836 0.0102352 
-0.316877 0.0219666 
-0.442028 -0.0285805 
-0.19263 0.0600084 
-0.611213 -0.100767 
-0.476964 -0.0434036 
-0.112802 0.0754087 
-0.600872 -0.0960487 
-0.279652 0.0350104 
-0.179678 0.0630093 
-0.156551 0.0678856 
-0.167647 0.0656233 
-0.621377 -0.105554 
-0.245375 0.0458309 
-0.232822 0.0494845 
-0.134957 0.0718775 
-0.124007 0.0736943 
-0.268726 0.03859 
-0.257341 0.0421914 
-0.290124 0.0314698 
-0.688951 -0.14455 
-0.488382 -0.0482327 
-0.453586 -0.0334868 
-0.745833 -0.202459 
-0.73923 -0.193085 
ZONE T="boundary5"
-0.0502767 0.0823109 
-0.0189269 0.0840958 
0.76142 -0.412395 
0.766114 -0.399505 
-0.700208 -0.491248 
-0.718606 -0.467481 
-0.754846 -0.40394 
-0.776631 -0.307822 
-0.760326 -0.390384 
-0.769285 -0.252926 
-0.77258 -0.266072 
-0.765206 -0.240567 
-0.77443 -0.336223 
-0.775989 -0.322155 
-0.760354 -0.228746 
-0.75502 -0.217891 
0.0125242 0.0847892 
0.0586645 0.0838716 
-0.494653 -0.629553 
-0.466914 -0.638561 
-0.546068 -0.60849 
-0.570191 -0.596291 
-0.615513 -0.568415 
-0.593351 -0.582929 
-0.636501 -0.552873 
-0.408318 -0.653216 
-0.375616 -0.659256 
-0.274356 -0.670827 
-0.308572 -0.667933 
-0.165732 -0.675197 
-0.202724 -0.674391 
-0.437761 -0.646529 
-0.656314 -0.536333 
-0.674766 -0.518994 
-0.734756 -0.442888 
-0.764967 -0.377029 
0.755954 -0.424949 
-0.128766 -0.675451 
-0.238542 -0.672981 
0.729949 -0.46793 
0.715077 -0.486142 
-0.0913816 -0.675233 
0.0201009 -0.672297 
-0.0169481 -0.673616 
0.201267 -0.661031 
0.353553 -0.642867 
0.312864 -0.648837 
-0.0540267 -0.674603 
0.0929598 -0.668768 
0.128966 -0.666553 
0.0565447 -0.670687 
0.74364 -0.447747 
0.23755 -0.657629 
0.275247 -0.653552 
0.16494 -0.663997 
-0.107189 0.0762127 
-0.0929997 0.0780821 
0.627302 -0.556505 
0.608395 -0.566974 
0.775383 -0.35633 
0.587641 -0.577257 
0.776352 -0.340801 
0.773219 -0.371586 
0.770145 -0.385687 
0.664467 -0.532061 
0.645919 -0.544982 
0.68253 -0.517777 
0.750084 -0.436553 
-0.776277 -0.293566 
-0.77489 -0.279404 
-0.748947 -0.207328 
0.425061 0.00388789 
0.463862 -0.012051 
0.276897 0.0509859 
0.348359 0.030804 
0.310647 0.0420198 
0.385672 0.0184251 
-0.0787821 0.0797218 
0.242894 0.0590035 
0.0937025 0.0816867 
0.131506 0.0779407 
0.169181 0.0728251 
0.206143 0.0665124 
0.501072 -0.0290519 
0.537406 -0.0475451 
0.722196 -0.195612 
0.707115 -0.177159 
0.690819 -0.159433 
0.673135 -0.142169 
0.654393 -0.125622 
0.635047 -0.110063 
0.77403 -0.306475 
0.775974 -0.323723 
0.756663 -0.251183 
0.76456 -0.270088 
0.77022 -0.288258 
0.746944 -0.23258 
0.735307 -0.21386 
0.572265 -0.0673961 
-0.772011 -0.350161 
0.699165 -0.50274 
0.566687 -0.586544 
0.525086 -0.602293 
0.614711 -0.0950775 
0.593805 -0.0808981 
0.432102 -0.628032 
0.394067 -0.635836 
-0.520711 -0.61965 
-0.342717 -0.664071 
0.469835 -0.618886 
-0.748715 -0.417245 
-0.0346096 0.0833409 
0.763868 -0.405987 
-0.709633 -0.479539 
-0.771055 -0.259468 
-0.767356 -0.24671 
-0.775321 -0.329201 
-0.757776 -0.223275 
0.0356 0.0846136 
-0.480838 -0.634225 
-0.558212 -0.602554 
-0.581864 -0.589772 
-0.62612 -0.560796 
-0.391997 -0.6564 
-0.291474 -0.669491 
-0.18423 -0.674869 
-0.452383 -0.642712 
-0.665667 -0.527799 
-0.646528 -0.544748 
-0.604536 -0.575831 
-0.757669 -0.397196 
-0.14725 -0.675387 
-0.256455 -0.672006 
-0.220636 -0.673771 
0.722704 -0.477191 
-0.110073 -0.675397 
0.00157787 -0.672997 
0.333226 -0.645973 
-0.0354863 -0.674152 
0.110965 -0.667701 
0.0747544 -0.669767 
0.737032 -0.457999 
0.219414 -0.659388 
0.256406 -0.655664 
-0.100098 0.0771761 
0.617909 -0.561848 
0.598076 -0.572232 
0.776023 -0.348576 
0.771806 -0.378664 
0.655286 -0.538655 
0.673612 -0.525063 
0.746936 -0.442193 
0.758782 -0.418714 
0.768247 -0.39263 
0.753099 -0.430792 
0.774448 -0.363979 
-0.775716 -0.286472 
0.444536 -0.00389949 
0.329547 0.0365585 
0.112622 0.079989 
0.187688 0.0698218 
-0.752069 -0.212561 
0.224548 0.0629034 
0.519341 -0.0380964 
0.714796 -0.186271 
0.682089 -0.150686 
0.644805 -0.117737 
0.699091 -0.168182 
0.776353 -0.332258 
0.760828 -0.260545 
0.767605 -0.279106 
0.728896 -0.204632 
0.482552 -0.0203647 
0.772345 -0.297321 
-0.76273 -0.383736 
-0.773325 -0.343211 
-0.768851 -0.363689 
0.707278 -0.494591 
-0.0858944 0.0789307 
-0.0645399 0.0811314 
0.0761933 0.082936 
0.577211 -0.582006 
0.546021 -0.594774 
0.624955 -0.102467 
0.751988 -0.241786 
0.583093 -0.0740538 
0.690975 -0.510399 
0.663863 -0.133782 
0.413116 -0.632088 
-0.507744 -0.624764 
-0.533463 -0.614237 
-0.325659 -0.666133 
0.0383245 -0.67153 
0.183108 -0.662565 
0.259924 0.0551156 
0.293803 0.0466201 
0.497608 -0.61108 
0.451012 -0.623641 
-0.359188 -0.661806 
0.146956 -0.66532 
0.40543 0.0113292 
-0.0727033 -0.674966 
0.150366 0.0755492 
0.367064 0.0247616 
-0.762883 -0.234614 
-0.773858 -0.272717 
0.775198 -0.315077 
-0.776432 -0.314994 
0.636684 -0.550862 
0.741291 -0.223117 
-0.742011 -0.430216 
-0.423074 -0.650024 
-0.726925 -0.455345 
-0.00320433 0.0845783 
0.554958 -0.0572556 
0.373835 -0.639497 
0.604324 -0.08789 
-0.687801 -0.505408 
-0.776581 -0.300691 
-0.751858 -0.410628 
0.294066 -0.651281 
