ZONE T="boundary0"
-4 -0.664534 
-4 -0.278568 
-4 -0.367762 
-4 -0.45758 
-4 0.0228828 
-4 0.0887239 
-4 0.147491 
-4 0.331978 
-4 0.415481 
-4 -0.0429584 
-4 -0.196494 
-4 -0.561057 
-4 -0.832267 
-4 -0.15811 
-4 1 
-4 0.832995 
-4 -0.237531 
-4 -0.323165 
-4 -0.119726 
-4 0.300549 
-4 0.237689 
-4 0.582487 
-4 0.498984 
-4 -1 
-4 0.665989 
-4 0.206259 
-4 0.269119 
-4 -0.412671 
-4 0.0558034 
-4 0.118108 
-4 0.37373 
-4 -0.612796 
-4 -0.748401 
-4 -0.177302 
-4 0.916497 
-4 -0.25805 
-4 -0.345463 
-4 -0.300867 
-4 -0.138918 
-4 -0.0813423 
-4 -0.509319 
-4 0.540735 
-4 0.457232 
-4 -0.916134 
-4 0.624238 
-4 0.749492 
-4 -0.217013 
-4 0.221974 
-4 0.253404 
-4 0.176875 
-4 -0.0100378 
-4 0.284834 
-4 0.316263 
ZONE T="boundary1"
-0.283761 1 
1.45631 1 
1.55715 1 
1.17589 1 
1.26568 1 
0.951385 1 
1.06364 1 
-1.47731 1 
-0.64425 1 
-0.337183 1 
0.37884 1 
0.50503 1 
-0.390605 1 
0.80364 1 
-1.64104 1 
-1.97046 1 
1.35546 1 
-1.31653 1 
-1.21075 1 
2.74099 1 
2.59387 1 
-2.87546 1 
-3.20013 1 
-4 1 
1.65888 1 
1.96409 1 
-2.30805 1 
-2.47995 1 
-2.13616 1 
-0.101262 1 
-0.230339 1 
-0.517427 1 
0.631221 1 
0.168601 1 
0.102405 1 
0.234796 1 
0.306818 1 
0.0383992 1 
-0.0256065 1 
-0.176918 1 
-0.762593 1 
-0.880937 1 
0.71743 1 
-1.10496 1 
3.61356 1 
3.875 1 
3.80678 1 
4 1 
3.42034 1 
-0.99295 1 
3.22712 1 
-1.80476 1 
-3.7624 1 
1.76062 1 
-3.52479 1 
-3.36246 1 
-2.67771 1 
2.98406 1 
2.44675 1 
2.20542 1 
-3.64359 1 
1.50673 1 
1.22078 1 
1.00751 1 
0.441935 1 
0.877512 1 
1.40588 1 
-1.26364 1 
2.66743 1 
-3.0378 1 
-2.394 1 
-2.22211 1 
-0.25705 1 
-0.363894 1 
-0.454016 1 
-0.310472 1 
0.135503 1 
0.270807 1 
0.00639634 1 
-0.13909 1 
0.568125 1 
0.201699 1 
-0.821765 1 
0.674326 1 
0.760535 1 
-0.580838 1 
1.11976 1 
1.31057 1 
3.84089 1 
3.71017 1 
3.9375 1 
3.51695 1 
-1.04896 1 
3.32373 1 
-1.15786 1 
-1.7229 1 
-3.8812 1 
1.86235 1 
-1.39692 1 
-1.55917 1 
-3.28129 1 
-1.88761 1 
0.342829 1 
0.0704021 1 
-0.0634343 1 
-0.203629 1 
2.86252 1 
2.52031 1 
2.32608 1 
2.08475 1 
-0.703422 1 
-0.936944 1 
-2.05331 1 
-2.57883 1 
1.70975 1 
1.60802 1 
-3.44363 1 
-3.58419 1 
-3.70299 1 
3.10559 1 
-2.77659 1 
ZONE T="boundary2"
4 -0.469276 
4 -0.393577 
4 -0.298704 
4 0.89878 
4 0.595121 
4 0.79756 
4 -0.544974 
4 -1 
4 -0.772487 
4 -0.322422 
4 -0.346141 
4 -0.045789 
4 -0.114835 
4 0.0550616 
4 0.00463627 
4 0.155912 
4 0.105487 
4 0.257008 
4 0.223309 
4 0.506273 
4 0.322386 
4 0.417425 
4 1 
4 -0.241292 
4 -0.269998 
4 -0.183881 
4 -0.149358 
4 0.290706 
4 0.354066 
4 -0.431427 
4 0.69634 
4 -0.658731 
4 -0.310563 
4 -0.369859 
4 -0.0803119 
4 0.0298489 
4 0.130699 
4 0.461849 
4 0.550697 
4 -0.507125 
4 -0.886244 
4 0.84817 
4 0.94939 
4 -0.255645 
4 -0.334282 
4 -0.284351 
4 -0.212587 
4 -0.166619 
4 -0.132096 
4 0.189611 
4 0.273857 
4 0.240159 
4 0.338226 
4 0.306546 
4 0.385745 
4 0.0802742 
4 -0.0205764 
ZONE T="boundary3"
-1.48036 -1 
3.32857 -1 
-0.576312 -1 
-0.469869 -1 
0.129642 -1 
-0.176569 -1 
-0.113342 -1 
0.0124482 -1 
0.184274 -1 
-1.08402 -1 
0.433134 -1 
2.01067 -1 
-1.35809 -1 
3.66429 -1 
4 -1 
2.41957 -1 
-2.52243 -1 
-2.14795 -1 
-1.9645 -1 
-1.78105 -1 
-2.66342 -1 
2.92508 -1 
3.12682 -1 
2.67232 -1 
-0.682755 -1 
-0.246527 -1 
-0.0501147 -1 
-0.316484 -1 
0.0750112 -1 
0.276532 -1 
-0.393176 -1 
-0.730807 -1 
-0.855539 -1 
0.552071 -1 
0.671007 -1 
0.354833 -1 
-1.23581 -1 
-0.932219 -1 
0.800054 -1 
0.929101 -1 
-4 -1 
1.40836 -1 
1.28968 -1 
1.05005 -1 
-3.27642 -1 
3.49643 -1 
-3.08639 -1 
-2.80441 -1 
1.54627 -1 
1.68418 -1 
1.84742 -1 
2.21512 -1 
-3.73323 -1 
-3.46645 -1 
-1.6307 -1 
2.7987 -1 
-0.778859 -1 
1.171 -1 
-0.52309 -1 
-0.144956 -1 
3.83214 -1 
-2.33519 -1 
-1.87277 -1 
3.02595 -1 
2.54595 -1 
-0.211548 -1 
-0.0817283 -1 
0.0437297 -1 
-0.0188332 -1 
0.156958 -1 
0.230403 -1 
0.102327 -1 
-0.35483 -1 
-0.706781 -1 
-0.629533 -1 
0.611539 -1 
0.492602 -1 
-1.29695 -1 
-1.00812 -1 
0.735531 -1 
0.864577 -1 
-1.15992 -1 
1.34902 -1 
0.989576 -1 
3.4125 -1 
-2.9454 -1 
1.61522 -1 
1.7658 -1 
1.47732 -1 
1.92904 -1 
2.11289 -1 
2.31735 -1 
-2.05622 -1 
-3.59984 -1 
-3.86661 -1 
-3.37144 -1 
-3.18141 -1 
-1.55553 -1 
2.86189 -1 
-0.281505 -1 
0.393983 -1 
0.315683 -1 
-0.893879 -1 
-0.817199 -1 
-0.754833 -1 
-0.431522 -1 
1.23034 -1 
1.11053 -1 
-1.70588 -1 
-1.41923 -1 
3.58036 -1 
2.73551 -1 
3.2277 -1 
-2.73392 -1 
-2.59293 -1 
ZONE T="boundary4"
-0.446884 0.297141 
0.534107 0.358143 
0.543095 0.342097 
-0.605253 0.0351099 
-0.599029 0.0555754 
0.453663 0.447606 
0.524485 0.373246 
0.426389 0.466257 
0.440215 0.457281 
0.514044 0.387736 
0.412152 0.474593 
0.491484 0.414027 
0.479354 0.425993 
0.558667 0.307983 
0.565299 0.28993 
0.466618 0.437275 
-0.618339 -0.0268637 
-0.610555 0.0145093 
-0.614917 -0.00615576 
-0.583949 0.0958114 
-0.575201 0.115409 
-0.545099 0.171181 
-0.53405 0.188653 
-0.565694 0.134655 
-0.555717 0.153097 
-0.510598 0.222307 
-0.498293 0.23851 
-0.485904 0.253948 
-0.473078 0.269026 
0.587127 0.209052 
-0.460195 0.283278 
-0.342938 0.383574 
-0.320131 0.398658 
-0.303514 0.408951 
-0.420114 0.32274 
-0.286649 0.418838 
-0.268292 0.428993 
-0.52247 0.205779 
-0.249679 0.438681 
-0.186749 0.467279 
-0.208942 0.45789 
-0.229441 0.448555 
-0.1643 0.476054 
-0.115551 0.492753 
-0.0890978 0.500538 
-0.0624187 0.507524 
-0.0336778 0.514107 
-0.00474361 0.519768 
0.581992 0.230406 
0.626052 -0.0112628 
0.625682 0.0105658 
-0.591918 0.0758235 
0.608076 0.121538 
0.592244 0.187676 
0.597536 0.165728 
0.571354 0.270818 
0.551252 0.325429 
0.624028 0.0325596 
0.35154 0.501899 
0.382489 0.489443 
0.320098 0.511931 
0.57691 0.25069 
0.503117 0.401215 
0.0570643 0.528676 
0.0893823 0.5316 
0.0260884 0.524753 
0.287415 0.519994 
0.254618 0.525998 
0.602827 0.143787 
0.613042 0.0992471 
0.617493 0.0770321 
0.621241 0.0547124 
-0.140048 0.484753 
-0.393124 0.345957 
-0.365193 0.367697 
0.121767 0.533306 
0.18796 0.532748 
0.1549 0.533732 
0.22125 0.530224 
0.538714 0.350183 
-0.602251 0.0453761 
0.529403 0.365762 
0.433355 0.46185 
0.519369 0.380566 
0.419317 0.470506 
0.4855 0.420092 
0.562091 0.298996 
0.473061 0.431718 
0.460205 0.442522 
-0.61285 0.0042008 
-0.616743 -0.0164907 
-0.579672 0.105654 
-0.608016 0.0248385 
-0.539644 0.17996 
-0.560788 0.143921 
-0.57054 0.125078 
-0.479547 0.261535 
-0.492151 0.246271 
-0.504499 0.230449 
-0.311854 0.403855 
-0.3316 0.391216 
-0.46669 0.276201 
-0.433676 0.310125 
-0.277503 0.423974 
-0.295112 0.413945 
-0.51659 0.214083 
-0.259016 0.433896 
-0.197878 0.462662 
-0.219222 0.45329 
-0.102354 0.496746 
-0.0757845 0.504131 
-0.0192334 0.517053 
-0.550485 0.162184 
0.626035 -0.000345665 
-0.588036 0.0858585 
-0.59558 0.0657369 
0.594886 0.176701 
0.568428 0.280406 
0.547286 0.333818 
0.625004 0.0215739 
0.367135 0.495972 
0.335906 0.507189 
0.574212 0.260776 
0.508675 0.394553 
0.497389 0.407702 
0.579491 0.240558 
0.446998 0.452526 
0.0732098 0.530287 
-0.453591 0.290259 
0.27106 0.523232 
0.605475 0.132668 
-0.239593 0.443686 
0.58457 0.219732 
0.615341 0.0881544 
0.622761 0.043652 
0.610606 0.110403 
0.589682 0.198363 
0.555072 0.316754 
-0.152206 0.480491 
-0.406765 0.334518 
-0.354137 0.375735 
-0.127828 0.488841 
0.600187 0.154759 
-0.175555 0.471744 
0.619468 0.0658894 
0.0106512 0.522392 
0.0415594 0.526848 
-0.379288 0.356994 
-0.0480745 0.51093 
0.105567 0.532609 
0.171435 0.533422 
0.20462 0.531686 
0.237962 0.528331 
0.303821 0.516225 
0.397479 0.482334 
-0.528323 0.197259 
0.138331 0.53369 
ZONE T="boundary5"
0.612602 -0.096158 
-0.622358 -0.0682096 
-0.622967 -0.088787 
-0.535226 -0.355796 
-0.546174 -0.341776 
-0.589678 -0.263426 
-0.612329 -0.189947 
-0.616233 -0.170107 
-0.619271 -0.150012 
-0.556441 -0.327031 
-0.58244 -0.280111 
0.125215 -0.319774 
0.143036 -0.319038 
-0.574483 -0.296295 
-0.565808 -0.311956 
-0.380376 -0.447152 
-0.48259 -0.405336 
-0.467154 -0.41556 
-0.43424 -0.432302 
-0.416923 -0.438654 
-0.398713 -0.443686 
-0.451226 -0.42447 
-0.361363 -0.449147 
-0.303785 -0.446082 
-0.264698 -0.437047 
-0.284179 -0.442188 
0.106916 -0.320799 
0.088582 -0.322168 
-0.496909 -0.394299 
-0.510634 -0.382146 
-0.523257 -0.369426 
-0.244848 -0.43064 
-0.224969 -0.423211 
-0.204378 -0.414669 
-0.596346 -0.245889 
-0.183803 -0.405534 
-0.161881 -0.39546 
-0.139836 -0.385312 
-0.607697 -0.209103 
-0.620818 -0.0475605 
-0.622651 -0.10931 
-0.618339 -0.0268637 
-0.602288 -0.227979 
-0.0914649 -0.364435 
0.47735 -0.260152 
0.458351 -0.270563 
0.495466 -0.248606 
0.513086 -0.23566 
-0.342451 -0.449599 
-0.115755 -0.374574 
0.626052 -0.0112628 
-0.0647351 -0.354364 
0.02223 -0.330973 
-0.00776693 -0.337394 
0.0556553 -0.325695 
0.160833 -0.318491 
0.605184 -0.116473 
0.212371 -0.317321 
0.1866 -0.317891 
0.238606 -0.316546 
0.26488 -0.315344 
0.34454 -0.306759 
-0.323006 -0.44855 
0.437701 -0.280153 
-0.621418 -0.129706 
0.416775 -0.288282 
0.529619 -0.221751 
0.560233 -0.190173 
0.545479 -0.206492 
0.573903 -0.172622 
0.585726 -0.154814 
0.596296 -0.135865 
0.618316 -0.0755702 
0.62246 -0.0543981 
0.625016 -0.032902 
0.318994 -0.310553 
0.291929 -0.31342 
0.393491 -0.295705 
-0.037821 -0.345558 
0.37006 -0.301689 
-0.622778 -0.0784948 
-0.540798 -0.348862 
-0.61439 -0.180048 
-0.617864 -0.160076 
-0.586157 -0.271811 
0.134125 -0.319378 
-0.570243 -0.304179 
-0.474967 -0.410591 
-0.561221 -0.319553 
-0.425645 -0.435653 
-0.551406 -0.334472 
-0.40787 -0.44136 
-0.37089 -0.448345 
-0.442811 -0.428556 
-0.274401 -0.439759 
-0.293951 -0.444296 
-0.57856 -0.288251 
0.0977448 -0.321436 
-0.489845 -0.399941 
-0.503873 -0.388337 
-0.517044 -0.375884 
-0.529343 -0.362701 
-0.234871 -0.427026 
-0.214641 -0.419019 
-0.59311 -0.254695 
-0.172833 -0.400516 
-0.610114 -0.19955 
-0.150865 -0.390371 
-0.622925 -0.0990501 
-0.619694 -0.0371982 
-0.599409 -0.236965 
0.467936 -0.265515 
-0.60509 -0.218569 
-0.254733 -0.433969 
-0.621704 -0.0578764 
0.504383 -0.242279 
-0.12782 -0.379888 
-0.0781516 -0.359263 
0.00718881 -0.333983 
0.0720988 -0.323746 
0.151935 -0.318745 
0.609097 -0.10639 
0.199487 -0.317616 
0.116063 -0.320248 
0.173716 -0.318174 
0.251747 -0.316013 
0.225489 -0.316973 
-0.332719 -0.449261 
0.448105 -0.27553 
0.486504 -0.254529 
-0.620458 -0.139871 
0.4273 -0.284379 
0.521466 -0.228841 
0.553002 -0.198464 
0.567234 -0.181526 
0.591199 -0.145444 
0.620591 -0.0650241 
0.615661 -0.08592 
0.623934 -0.0436734 
0.625717 -0.0220912 
-0.622149 -0.119515 
-0.351912 -0.449559 
-0.313374 -0.447486 
0.305476 -0.312118 
-0.194069 -0.41015 
0.0389068 -0.328107 
-0.103647 -0.369416 
-0.0228511 -0.34127 
0.278412 -0.314484 
-0.0513293 -0.349804 
-0.459275 -0.420166 
-0.38958 -0.445607 
0.600932 -0.126257 
0.537679 -0.214257 
0.579983 -0.16383 
0.40519 -0.292173 
0.357333 -0.304392 
0.331788 -0.308799 
0.381817 -0.298859 
