ZONE T="boundary0"
-4 0.26084 
-4 0.496808 
-4 0.36015 
-4 0.310495 
-4 -0.158263 
-4 -0.214313 
-4 0.285667 
-4 0.689076 
-4 0.844538 
-4 -0.759796 
-4 -1 
-4 0.124526 
-4 0.00784151 
-4 0.592942 
-4 0.428479 
-4 -0.423439 
-4 -0.519592 
-4 -0.102214 
-4 -0.639694 
-4 -0.327285 
-4 1 
-4 0.226761 
-4 0.192683 
-4 0.158604 
-4 -0.299042 
-4 -0.242556 
-4 -0.270799 
-4 -0.186288 
-4 0.273253 
-4 0.766807 
-4 -0.879898 
-4 0.0661836 
-4 0.544875 
-4 -0.471515 
-4 -0.130239 
-4 0.922269 
-4 0.298081 
-4 0.2438 
-4 0.209722 
-4 0.335323 
-4 0.394315 
-4 0.462644 
-4 0.141565 
-4 -0.313164 
-4 -0.228434 
-4 -0.284921 
-4 -0.375362 
-4 -0.0471863 
-4 0.641009 
-4 -0.699745 
-4 -0.579643 
-4 -0.256677 
-4 0.175643 
ZONE T="boundary1"
-3.72236 1 
1.30485 1 
3.62506 1 
3.81253 1 
0.576261 1 
0.43378 1 
0.735078 1 
0.963375 1 
-0.205091 1 
-2.79238 1 
-0.520817 1 
-0.761097 1 
-0.90041 1 
-1.03972 1 
-2.1145 1 
-2.33664 1 
-3.02598 1 
-3.23535 1 
1.21948 1 
-1.19079 1 
-1.11525 1 
-3.44473 1 
3.43759 1 
-3.58355 1 
2.35793 1 
-2.55877 1 
2.16745 1 
1.97697 1 
2.89527 1 
2.77698 1 
4 1 
0.14236 1 
0.28807 1 
0.017317 1 
-0.107726 1 
-0.302455 1 
-0.411636 1 
1.80501 1 
1.551 1 
1.46895 1 
3.25012 1 
1.13411 1 
1.04874 1 
-3.86118 1 
-4 1 
-1.54216 1 
-1.74247 1 
1.63305 1 
2.56746 1 
-1.26632 1 
-1.442 1 
3.01355 1 
-1.92849 1 
-1.34185 1 
3.71879 1 
0.50502 1 
0.65567 1 
0.849227 1 
-0.640957 1 
-0.970066 1 
-2.22557 1 
-3.13067 1 
1.26216 1 
-1.15302 1 
2.07221 1 
3.90626 1 
0.215215 1 
-0.0452048 1 
-0.253773 1 
-1.07749 1 
-0.156409 1 
-0.466227 1 
1.50997 1 
3.53132 1 
1.09143 1 
-3.93059 1 
-3.65296 1 
-3.34004 1 
-3.51414 1 
-0.830753 1 
-1.64232 1 
1.71903 1 
2.26269 1 
1.89099 1 
1.17679 1 
-2.90918 1 
-1.49208 1 
2.83612 1 
2.67222 1 
2.95441 1 
2.46269 1 
3.13183 1 
3.34385 1 
-2.02149 1 
-1.83548 1 
-3.79177 1 
0.360925 1 
1.3869 1 
-2.67557 1 
-2.4477 1 
-0.357046 1 
-1.30408 1 
-1.22855 1 
0.0798387 1 
1.59203 1 
-1.39193 1 
1.00606 1 
ZONE T="boundary2"
4 -0.432124 
4 -0.362429 
4 -0.292734 
4 -0.228615 
4 0.126218 
4 0.075312 
4 0.0244061 
4 0.189951 
4 0.778122 
4 0.556244 
4 -0.802768 
4 -1 
4 -0.168636 
4 -0.108656 
4 -0.51883 
4 0.253684 
4 0.317563 
4 0.381443 
4 0.468843 
4 1 
4 -0.605537 
4 -0.327582 
4 -0.260675 
4 0.100765 
4 -0.901384 
4 -0.138646 
4 -0.475477 
4 -0.0421251 
4 0.221817 
4 0.049859 
4 0.158084 
4 0.349503 
4 0.285623 
4 0.512544 
4 -0.397277 
4 0.667183 
4 0.889061 
4 -0.704153 
4 -0.562184 
4 -0.198625 
4 0.425143 
ZONE T="boundary3"
3.17414 -1 
0.253606 -1 
0.811761 -1 
0.458821 -1 
1.08083 -1 
0.389182 -1 
-0.646379 -1 
-0.57871 -1 
-0.509828 -1 
-0.440947 -1 
1.31227 -1 
1.43757 -1 
-1.59156 -1 
-1.72881 -1 
1.016 -1 
-1.45431 -1 
-1.34877 -1 
-2.51805 -1 
3.79558 -1 
4 -1 
2.45701 -1 
3.59115 -1 
-3.0702 -1 
-4 -1 
-3.62713 -1 
-3.34867 -1 
-2.2888 -1 
-2.17417 -1 
2.67113 -1 
1.78519 -1 
2.24288 -1 
-0.370089 -1 
-0.299232 -1 
0.599252 -1 
0.528461 -1 
0.186933 -1 
0.120259 -1 
-0.714049 -1 
-0.776409 -1 
0.321394 -1 
0.0525594 -1 
-0.0151405 -1 
0.740902 -1 
0.670044 -1 
-0.227405 -1 
-0.155578 -1 
-0.838769 -1 
-0.953295 -1 
-0.896032 -1 
-0.0853591 -1 
0.881463 -1 
0.951166 -1 
1.1339 -1 
1.18696 -1 
1.61138 -1 
-1.15554 -1 
-1.24323 -1 
-1.06786 -1 
-1.1117 -1 
-2.05955 -1 
3.38265 -1 
2.01404 -1 
1.89961 -1 
-2.79412 -1 
2.92264 -1 
-1.89418 -1 
-2.40342 -1 
-0.612544 -1 
-0.475387 -1 
1.37492 -1 
-1.66018 -1 
-1.52293 -1 
3.89779 -1 
-3.81356 -1 
-3.20943 -1 
2.56407 -1 
2.34994 -1 
-0.544269 -1 
-0.334661 -1 
0.563857 -1 
0.153596 -1 
-0.745229 -1 
0.2875 -1 
-0.680214 -1 
0.424002 -1 
0.0864094 -1 
0.776332 -1 
0.634648 -1 
0.355288 -1 
0.0187094 -1 
0.220269 -1 
-0.191491 -1 
-0.263319 -1 
-0.405518 -1 
-0.807589 -1 
-0.924663 -1 
-0.867401 -1 
0.916314 -1 
0.846612 -1 
1.04842 -1 
1.16043 -1 
0.983582 -1 
1.52448 -1 
0.705473 -1 
-1.19939 -1 
-1.01058 -1 
-1.40154 -1 
1.69829 -1 
3.27839 -1 
1.95682 -1 
-2.93216 -1 
-3.4879 -1 
3.4869 -1 
2.79688 -1 
3.04839 -1 
-2.65608 -1 
-2.11686 -1 
-1.81149 -1 
-2.34611 -1 
-1.97687 -1 
-2.23149 -1 
3.69336 -1 
2.12846 -1 
1.8424 -1 
-2.46073 -1 
0.493641 -1 
1.10737 -1 
-0.0502498 -1 
-0.120468 -1 
1.24962 -1 
-1.08978 -1 
-1.13362 -1 
-1.296 -1 
ZONE T="boundary4"
-0.368128 0.0306179 
-0.360622 0.033013 
-0.703259 -0.190834 
-0.345413 0.0376431 
-0.353029 0.0353616 
-0.529411 -0.040654 
-0.390339 0.0230951 
-0.382987 0.0256582 
-0.375611 0.0281568 
-0.405418 0.017607 
-0.414026 0.0143318 
-0.720458 -0.217838 
-0.397892 0.0203853 
-0.313374 0.0464497 
-0.714375 -0.207643 
-0.676826 -0.157357 
-0.682921 -0.164443 
-0.221252 0.0651209 
-0.670579 -0.150411 
-0.475298 -0.0121397 
-0.604367 -0.0904385 
-0.595517 -0.0837793 
-0.688855 -0.171671 
-0.486019 -0.0173788 
-0.496105 -0.0224852 
-0.707946 -0.19767 
-0.6937 -0.17784 
-0.69842 -0.18411 
-0.545618 -0.0502811 
-0.506118 -0.0277312 
-0.321684 0.0442865 
-0.303718 0.0488595 
-0.554187 -0.0555993 
-0.648049 -0.127566 
-0.640945 -0.120963 
-0.655026 -0.13431 
-0.632446 -0.113383 
-0.578265 -0.07147 
-0.586554 -0.0772788 
-0.569892 -0.0657882 
-0.562073 -0.0606414 
-0.207737 0.0670899 
-0.536979 -0.045081 
-0.521794 -0.0363139 
-0.51398 -0.0319782 
-0.4645 -0.00705415 
-0.453653 -0.00213235 
-0.442735 0.00263737 
-0.422597 0.0109663 
-0.432694 0.00686517 
-0.294033 0.0511658 
-0.283046 0.05365 
-0.662899 -0.142263 
-0.614161 -0.0981087 
-0.623793 -0.10599 
-0.194192 0.0688784 
-0.181988 0.0703351 
-0.337702 0.0398785 
-0.272027 0.0560031 
-0.32997 0.0420457 
-0.259956 0.0584241 
-0.247851 0.060691 
-0.113956 0.0759113 
-0.234569 0.0629964 
-0.125186 0.0752759 
-0.169764 0.0716503 
-0.136408 0.0745315 
-0.158698 0.0727193 
-0.14762 0.0736761 
-0.364378 0.0318238 
-0.349223 0.0365108 
-0.386666 0.0243848 
-0.379302 0.0269157 
-0.409726 0.0159808 
-0.717461 -0.212714 
-0.679893 -0.160883 
-0.673722 -0.153867 
-0.599957 -0.0870891 
-0.356828 0.0341958 
-0.685909 -0.16804 
-0.491071 -0.0199145 
-0.705622 -0.194239 
-0.696076 -0.180963 
-0.700858 -0.187458 
-0.711203 -0.202629 
-0.50112 -0.0250906 
-0.317531 0.0453779 
-0.308549 0.0476677 
-0.691293 -0.174743 
-0.644513 -0.124247 
-0.480668 -0.0147399 
-0.651554 -0.13092 
-0.636716 -0.11715 
-0.59105 -0.0805097 
-0.565991 -0.0632017 
-0.574089 -0.0686136 
-0.549911 -0.0529254 
-0.582421 -0.0743586 
-0.214498 0.0661282 
-0.533201 -0.0428566 
-0.541307 -0.0476665 
-0.517894 -0.0341349 
-0.510055 -0.0298437 
-0.459085 -0.00457409 
-0.448203 0.00027163 
-0.427652 0.00893172 
-0.288543 0.0524245 
-0.666765 -0.146313 
-0.609284 -0.094248 
-0.394119 0.0217489 
-0.558138 -0.0581075 
-0.401658 0.0190048 
-0.418316 0.0126605 
-0.437721 0.00476725 
-0.658986 -0.138263 
-0.618998 -0.102023 
-0.188092 0.0696247 
-0.371873 0.0293957 
-0.34156 0.0387694 
-0.27754 0.054843 
-0.333839 0.0409707 
-0.298878 0.0500257 
-0.253908 0.0595769 
-0.32583 0.0431759 
-0.525609 -0.0384731 
-0.227915 0.0640812 
-0.265996 0.0572331 
-0.200967 0.0680066 
-0.175877 0.0710103 
-0.130798 0.0749174 
-0.119571 0.0756071 
-0.628139 -0.109664 
-0.15316 0.0732116 
-0.142015 0.0741178 
-0.241214 0.0618665 
-0.164232 0.0721989 
-0.469908 -0.0095776 
ZONE T="boundary5"
-0.663763 -0.550193 
-0.681633 -0.533382 
-0.0830079 0.0771138 
0.774949 -0.386172 
0.770828 -0.400104 
-0.750329 -0.291111 
-0.746672 -0.277795 
-0.71378 -0.494099 
-0.721561 -0.481875 
-0.732077 -0.240096 
-0.745144 -0.430489 
-0.749226 -0.416846 
-0.74033 -0.443795 
-0.644165 -0.565887 
-0.728521 -0.469509 
-0.734796 -0.456782 
-0.754975 -0.389332 
-0.75253 -0.402967 
-0.757729 -0.347976 
-0.757102 -0.333839 
-0.755652 -0.319486 
-0.737432 -0.252138 
-0.757564 -0.362045 
-0.74229 -0.26461 
-0.720458 -0.217838 
-0.552119 -0.615487 
-0.576879 -0.605101 
-0.409376 -0.650736 
-0.526057 -0.624702 
-0.600562 -0.593382 
-0.499278 -0.63263 
-0.376576 -0.654944 
-0.274339 -0.662897 
-0.440208 -0.645756 
-0.470823 -0.639619 
-0.705359 -0.505877 
-0.611932 -0.587031 
-0.623071 -0.580288 
-0.693936 -0.520009 
-0.753394 -0.305247 
-0.0520345 0.0775464 
0.780322 -0.35656 
-0.202401 -0.665403 
-0.238376 -0.664387 
-0.128516 -0.66633 
-0.0912407 -0.666321 
-0.113956 0.0759113 
0.0930531 -0.662382 
-0.165459 -0.666039 
0.0565613 -0.663684 
0.23869 -0.653746 
0.202089 -0.656536 
-0.0169508 -0.665502 
0.0200618 -0.664715 
-0.0539689 -0.666038 
0.129263 -0.660793 
0.165458 -0.658872 
0.718863 -0.487253 
0.276886 -0.650263 
0.315018 -0.646094 
0.568647 -0.587128 
0.526694 -0.602515 
0.589803 -0.577997 
0.610772 -0.567847 
0.760461 -0.425743 
0.354467 -0.640915 
0.393772 -0.634702 
0.648729 -0.546038 
0.0542898 0.0736998 
0.0169466 0.0759428 
0.778098 -0.37195 
0.685824 -0.51892 
0.702703 -0.503883 
0.747914 -0.448689 
0.754478 -0.437425 
0.766037 -0.413096 
0.781332 -0.340895 
0.733981 -0.468975 
0.352207 0.0232626 
0.277696 0.0416288 
0.240771 0.0491782 
0.314396 0.0331359 
0.389684 0.0122325 
0.203879 0.0557888 
0.658691 -0.125068 
0.677525 -0.141509 
0.71167 -0.176412 
0.726829 -0.194873 
0.597694 -0.0809193 
0.618795 -0.0948779 
0.639245 -0.109659 
0.769479 -0.269633 
0.779027 -0.30628 
0.775189 -0.287925 
0.761516 -0.250623 
0.740014 -0.213156 
0.751725 -0.231937 
0.54094 -0.0485934 
0.780975 -0.32367 
0.667514 -0.533175 
0.695294 -0.158712 
0.0915561 0.0705554 
0.496616 -0.611709 
-0.309025 -0.660906 
-0.343672 -0.658243 
0.466208 -0.619724 
0.430115 -0.627832 
-0.0175324 0.0771711 
0.129253 0.0664817 
0.16682 0.0615379 
0.428187 -0.000546008 
0.466169 -0.0147848 
0.504267 -0.0309483 
0.62989 -0.557481 
0.576074 -0.0677876 
-0.672869 -0.541969 
0.773008 -0.393173 
-0.748589 -0.284429 
-0.717754 -0.48804 
-0.747282 -0.423697 
-0.74283 -0.437176 
-0.731745 -0.463191 
-0.753847 -0.396167 
-0.757515 -0.340903 
-0.756479 -0.326652 
-0.757745 -0.355012 
-0.744567 -0.271174 
-0.726488 -0.228852 
-0.734823 -0.246087 
-0.564577 -0.610479 
-0.455547 -0.642844 
-0.392992 -0.652965 
-0.424814 -0.648379 
-0.709648 -0.500044 
-0.699762 -0.513036 
-0.754623 -0.312351 
-0.606274 -0.590255 
-0.0675225 0.0774238 
-0.22039 -0.664949 
-0.109879 -0.666361 
-0.25636 -0.663708 
-0.183931 -0.665768 
0.0748085 -0.663068 
0.220394 -0.655203 
0.0383126 -0.664232 
-0.0354594 -0.665801 
0.147363 -0.659877 
0.257795 -0.652083 
0.295962 -0.648271 
0.600346 -0.573041 
0.579272 -0.582671 
0.374142 -0.637949 
0.0356251 0.0749368 
0.694392 -0.511545 
0.751271 -0.443101 
0.763345 -0.419462 
0.75755 -0.431626 
0.779359 -0.364277 
0.776649 -0.379089 
0.768535 -0.406638 
0.780984 -0.348738 
-0.0984854 0.0766114 
-0.633751 -0.573283 
0.741188 -0.458997 
-0.739937 -0.258345 
0.259257 0.045519 
0.333338 0.0283391 
0.37099 0.0178979 
0.66821 -0.133172 
0.719392 -0.185526 
0.608314 -0.087793 
-0.617531 -0.583709 
0.649056 -0.117253 
0.629099 -0.102159 
0.772552 -0.278712 
0.765717 -0.260036 
0.746036 -0.222443 
0.777331 -0.297056 
-0.756644 -0.375724 
-0.751961 -0.298158 
-0.750977 -0.40993 
0.710941 -0.495721 
0.781346 -0.332279 
0.658215 -0.539742 
0.686525 -0.149992 
0.547804 -0.595185 
0.0729321 0.0722379 
0.511703 -0.607268 
0.703608 -0.167446 
-0.48509 -0.636284 
-0.512716 -0.62883 
-0.539152 -0.620274 
-0.291687 -0.661977 
-0.326356 -0.659667 
-0.146988 -0.666224 
0.11116 -0.661627 
0.411971 -0.63141 
-0.0347825 0.0774686 
0.481449 -0.615855 
-0.360134 -0.656697 
0.00155614 -0.66514 
0.183777 -0.657757 
0.148051 0.0641183 
0.448199 -0.623945 
0.447249 -0.00747514 
0.185366 0.0587703 
0.222345 0.0525931 
-0.0726045 -0.666212 
0.334758 -0.643623 
0.110416 0.0686286 
0.296074 0.0375041 
-0.687889 -0.526792 
0.7802 -0.314953 
-0.654117 -0.558232 
0.639383 -0.551881 
0.620391 -0.562775 
0.756806 -0.241183 
0.726615 -0.478273 
0.733568 -0.203909 
0.676784 -0.526195 
-0.737653 -0.450327 
-0.725126 -0.475737 
0.558636 -0.0579538 
0.586945 -0.0742529 
-0.588816 -0.599434 
-0.00028911 0.0766606 
0.485309 -0.0226513 
0.522712 -0.0395449 
0.408993 0.00601856 
