ZONE T="boundary0"
-4 -0.561057 
-4 -0.100534 
-4 -0.15811 
-4 -0.33536 
-4 0.305709 
-4 0.269119 
-4 0.3423 
-4 0.665989 
-4 0.832995 
-4 0.415481 
-4 -0.390373 
-4 1 
-4 -1 
-4 0.540735 
-4 -0.475715 
-4 -0.280348 
-4 0.0522665 
-4 -0.0429584 
-4 0.208305 
-4 0.238712 
-4 0.147491 
-4 -0.780529 
-4 -0.219229 
-4 -0.18867 
-4 -0.249789 
-4 0.478108 
-4 0.177898 
-4 -0.129322 
-4 0.287414 
-4 0.324005 
-4 0.749492 
-4 0.603362 
-4 -0.362866 
-4 -0.307854 
-4 -0.433044 
-4 -0.518386 
-4 0.223508 
-4 -0.670793 
-4 0.916497 
-4 -0.203949 
-4 -0.17339 
-4 -0.265068 
-4 -0.234509 
-4 -0.0717463 
-4 0.00465408 
-4 0.099879 
-4 0.378891 
-4 0.509422 
-4 0.446795 
-4 0.162695 
-4 -0.890264 
-4 0.253915 
-4 0.193102 
ZONE T="boundary1"
-3.11896 1 
-3.36246 1 
4 1 
3.61356 1 
0.61123 1 
0.71743 1 
0.951385 1 
1.06364 1 
0.834407 1 
0.0360342 1 
-0.0314314 1 
0.50503 1 
1.16466 1 
0.356371 1 
0.29704 1 
-3.64359 1 
-4 1 
-0.762593 1 
-0.877772 1 
-1.4516 1 
-3.50303 1 
2.98406 1 
3.29881 1 
-1.97046 1 
-2.30805 1 
-2.47995 1 
-2.67771 1 
2.59387 1 
2.20542 1 
2.39964 1 
1.98302 1 
-0.99295 1 
-1.10185 1 
-2.87546 1 
0.170605 1 
0.237709 1 
-0.0986161 1 
-0.165801 1 
0.1035 1 
-0.64001 1 
-0.337183 1 
-0.294338 1 
-0.251492 1 
-0.517427 1 
-0.427305 1 
-0.382244 1 
-1.34403 1 
-1.27739 1 
-1.21075 1 
-1.55917 1 
1.36099 1 
1.26568 1 
-1.80476 1 
-1.68197 1 
1.76062 1 
1.60846 1 
1.45631 1 
-2.13616 1 
-3.24071 1 
1.00751 1 
0.0023014 1 
1.11415 1 
0.326706 1 
0.892896 1 
0.55813 1 
-3.8218 1 
-0.820183 1 
3.14143 1 
-2.394 1 
3.45619 1 
3.80678 1 
-2.57883 1 
2.78896 1 
2.30253 1 
2.09422 1 
-1.0474 1 
-2.99721 1 
0.204157 1 
-0.132208 1 
0.430701 1 
0.267375 1 
0.137052 1 
-0.0650238 1 
-0.701302 1 
-0.31576 1 
-0.472366 1 
-0.404775 1 
0.775919 1 
0.0697671 1 
0.66433 1 
-1.31071 1 
-1.24407 1 
-1.1563 1 
-1.39781 1 
1.31333 1 
-1.74336 1 
-1.62057 1 
1.68454 1 
1.40865 1 
1.53238 1 
-2.22211 1 
1.87182 1 
-1.88761 1 
-2.05331 1 
-0.272915 1 
-0.208646 1 
-0.359714 1 
-0.578719 1 
1.21517 1 
-0.935361 1 
-1.50539 1 
-3.43274 1 
-2.77659 1 
-3.57331 1 
2.49675 1 
ZONE T="boundary2"
4 -0.395849 
4 -0.322422 
4 -0.269998 
4 -0.114835 
4 -0.0550993 
4 1 
4 0.825958 
4 0.506273 
4 0.105487 
4 0.164398 
4 -0.469276 
4 -0.658731 
4 -1 
4 -0.226939 
4 -0.183881 
4 0.00463627 
4 0.0550616 
4 -0.829365 
4 0.223309 
4 0.430169 
4 0.255998 
4 0.651916 
4 0.354066 
4 0.288687 
4 0.321377 
4 -0.359136 
4 -0.29621 
4 -0.0849671 
4 0.912979 
4 0.134942 
4 -0.20541 
4 -0.432562 
4 -0.149358 
4 -0.0252315 
4 0.0298489 
4 -0.564003 
4 -0.914683 
4 0.468221 
4 0.579095 
4 0.738937 
4 -0.744048 
4 0.272343 
4 0.193854 
4 0.239654 
4 0.337721 
4 0.392117 
4 0.305032 
4 0.0802742 
4 -0.248469 
ZONE T="boundary3"
-2.27682 -1 
2.96276 -1 
-0.179934 -1 
-0.246527 -1 
-1.259 -1 
1.05005 -1 
0.925053 -1 
-0.0504469 -1 
-0.113342 -1 
-2.87491 -1 
-0.855539 -1 
-0.682755 -1 
-0.576312 -1 
-0.469869 -1 
-0.52309 -1 
-4 -1 
-3.73323 -1 
-3.59984 -1 
-1.08402 -1 
3.74821 -1 
4 -1 
-1.35809 -1 
2.38657 -1 
3.49643 -1 
2.55802 -1 
-3.17068 -1 
-3.46645 -1 
0.552071 -1 
0.676062 -1 
-0.769147 -1 
0.0124482 -1 
0.0983609 -1 
0.0554046 -1 
0.184274 -1 
-0.302362 -1 
0.800054 -1 
-0.414033 -1 
0.269553 -1 
0.354833 -1 
-1.00812 -1 
0.453452 -1 
-1.15992 -1 
-0.358198 -1 
1.28968 -1 
-1.4944 -1 
1.16987 -1 
1.41798 -1 
1.69685 -1 
1.84742 -1 
2.7987 -1 
-1.6307 -1 
2.03127 -1 
2.67836 -1 
-1.9645 -1 
-1.7976 -1 
3.12682 -1 
1.54627 -1 
2.21512 -1 
-2.70473 -1 
-2.53456 -1 
3.31163 -1 
-0.21323 -1 
0.987552 -1 
-0.629533 -1 
-0.496479 -1 
-3.86661 -1 
-3.66653 -1 
3.87411 -1 
2.4723 -1 
-3.31857 -1 
0.614066 -1 
-0.146638 -1 
-0.0189993 -1 
0.0768828 -1 
-0.0818944 -1 
0.141317 -1 
0.738058 -1 
0.226913 -1 
0.312193 -1 
-1.04607 -1 
-0.812343 -1 
-0.931828 -1 
0.502761 -1 
0.404142 -1 
-1.20946 -1 
-1.12197 -1 
-0.33028 -1 
-0.386115 -1 
-0.725951 -1 
3.62232 -1 
0.862553 -1 
-1.30855 -1 
-1.42624 -1 
1.22978 -1 
1.77213 -1 
-1.56255 -1 
2.73853 -1 
-2.12066 -1 
-1.71415 -1 
2.88073 -1 
3.04479 -1 
1.62156 -1 
2.30085 -1 
2.1232 -1 
2.61819 -1 
-2.61964 -1 
-2.78982 -1 
-2.40569 -1 
1.93935 -1 
-3.02279 -1 
3.21922 -1 
3.40403 -1 
0.0339264 -1 
-0.274444 -1 
1.10996 -1 
1.48212 -1 
-1.88105 -1 
1.35383 -1 
-3.53315 -1 
-0.441951 -1 
-0.549701 -1 
ZONE T="boundary4"
-0.588903 0.126623 
-0.579656 0.146056 
0.5095 0.3549 
0.516902 0.337943 
0.439033 0.45109 
0.450795 0.439787 
0.501453 0.370922 
0.472983 0.414571 
0.483158 0.400789 
-0.630728 -0.0154393 
-0.618095 0.0460774 
-0.612059 0.0665175 
0.462228 0.427515 
-0.597411 0.106874 
-0.605142 0.0868311 
-0.548834 0.200891 
-0.5596 0.183099 
-0.56994 0.164738 
-0.537552 0.218369 
0.599017 0.0420234 
0.593292 0.0642364 
-0.200686 0.486922 
-0.222581 0.47769 
-0.513956 0.251857 
-0.501789 0.267657 
-0.52598 0.235271 
-0.436503 0.338255 
-0.463153 0.311918 
-0.48913 0.283085 
-0.359161 0.401014 
-0.339477 0.414406 
-0.319373 0.427177 
-0.301669 0.437718 
0.529494 0.302052 
0.523528 0.320384 
-0.283687 0.447791 
-0.17697 0.496113 
-0.152987 0.504597 
-0.264083 0.458085 
-0.627442 0.0050512 
-0.62323 0.0255642 
0.0168374 0.543886 
-0.0137653 0.539336 
-0.476363 0.297694 
-0.127059 0.512894 
-0.244197 0.467836 
0.554509 0.198657 
0.54452 0.242037 
0.549379 0.220317 
0.534823 0.283113 
0.539866 0.262657 
0.426694 0.461737 
0.492584 0.386358 
0.609643 -0.0244118 
0.413882 0.471675 
0.400571 0.480962 
-0.0442086 0.533734 
0.312223 0.523468 
0.21439 0.545568 
0.181001 0.549034 
0.247664 0.540238 
0.372497 0.49766 
0.342778 0.511859 
0.566503 0.153961 
0.560281 0.176235 
0.603831 0.0196694 
0.580061 0.109006 
0.586849 0.0866462 
0.573192 0.131437 
0.607418 -0.00241838 
-0.409541 0.362192 
-0.381541 0.384628 
-0.100886 0.520389 
-0.0726518 0.527519 
0.0490252 0.547504 
0.114164 0.551062 
0.0812971 0.549911 
0.147684 0.550813 
0.280137 0.532974 
-0.584368 0.136382 
0.513313 0.346471 
0.444991 0.445518 
0.505586 0.362966 
0.47817 0.407753 
-0.615183 0.0563287 
-0.601375 0.0968908 
-0.608704 0.0767093 
-0.564845 0.173961 
-0.593251 0.116789 
0.467697 0.421119 
-0.543254 0.20967 
0.596249 0.0531543 
-0.211666 0.482384 
-0.507931 0.259803 
-0.520026 0.243606 
-0.450011 0.325272 
-0.49552 0.275421 
-0.329475 0.42087 
-0.349372 0.407788 
-0.554284 0.192036 
0.526611 0.311251 
-0.16501 0.500443 
-0.273921 0.453006 
-0.625446 0.0153304 
0.00151643 0.541743 
-0.482802 0.290438 
-0.140055 0.508846 
-0.254174 0.463029 
-0.531822 0.226858 
0.546931 0.231173 
-0.292711 0.442814 
0.537415 0.272903 
0.542221 0.252353 
0.520322 0.329204 
0.432934 0.456495 
0.407285 0.476401 
0.420352 0.466788 
0.497128 0.378703 
0.487974 0.393641 
-0.310556 0.432507 
0.456598 0.433732 
-0.620771 0.035848 
-0.469811 0.304855 
0.197718 0.54752 
0.357792 0.505083 
-0.574878 0.155439 
0.601553 0.0308742 
0.583478 0.0978328 
0.569811 0.142687 
0.608707 -0.0133972 
0.605779 0.00865058 
0.563339 0.165083 
0.551898 0.209476 
0.532245 0.292607 
-0.629197 -0.00517603 
0.576617 0.120218 
-0.423176 0.350397 
-0.370428 0.392926 
-0.188862 0.491606 
-0.233425 0.472842 
-0.0867977 0.524068 
0.557336 0.187431 
0.59013 0.0754587 
-0.0584552 0.530741 
-0.0290109 0.536665 
-0.39568 0.373584 
-0.114001 0.516742 
0.0329146 0.545843 
0.0977248 0.550654 
0.130926 0.551124 
0.164353 0.550122 
0.263958 0.536866 
0.296265 0.52851 
0.0651496 0.548861 
0.231066 0.543145 
0.327614 0.517962 
0.386731 0.489643 
ZONE T="boundary5"
-0.549297 -0.308289 
-0.560583 -0.296428 
-0.496705 -0.346572 
-0.481974 -0.353584 
-0.634489 -0.0962773 
-0.634964 -0.07628 
-0.450516 -0.364493 
-0.466359 -0.359641 
-0.605068 -0.225682 
-0.597556 -0.241559 
-0.622982 -0.173685 
-0.634492 -0.0561407 
-0.611765 -0.209242 
-0.537369 -0.31917 
-0.589449 -0.25642 
-0.580576 -0.270561 
-0.399597 -0.37268 
-0.417092 -0.371014 
-0.382048 -0.373313 
-0.433861 -0.36833 
0.170241 -0.354175 
0.153299 -0.353078 
-0.570942 -0.283918 
-0.363821 -0.373001 
-0.345568 -0.371836 
-0.326538 -0.369867 
-0.287439 -0.364096 
-0.267399 -0.360606 
-0.511064 -0.338371 
0.0700717 -0.345809 
0.101724 -0.348773 
-0.617828 -0.191693 
-0.524474 -0.329325 
-0.627303 -0.154852 
-0.224764 -0.352975 
-0.201875 -0.349159 
-0.246081 -0.356762 
-0.178993 -0.345762 
-0.154303 -0.342701 
-0.129661 -0.340365 
0.58014 -0.172565 
0.2707 -0.354636 
0.119046 -0.350336 
-0.633079 -0.0358505 
-0.630728 -0.0154393 
0.589311 -0.152496 
0.596797 -0.132173 
0.497465 -0.275947 
0.514145 -0.26133 
0.194905 -0.355352 
0.136403 -0.351799 
0.219664 -0.355921 
0.245152 -0.355736 
-0.103139 -0.338704 
-0.0767223 -0.337929 
0.374465 -0.337778 
0.420711 -0.321636 
0.441337 -0.312083 
0.461579 -0.300972 
0.480051 -0.289054 
0.349177 -0.34405 
0.0384369 -0.342961 
0.610373 -0.0463111 
0.529528 -0.245699 
0.569683 -0.19165 
0.557431 -0.210714 
0.609643 -0.0244118 
0.6095 -0.0681814 
0.606954 -0.0898525 
0.602749 -0.111071 
-0.633061 -0.11605 
-0.307477 -0.367286 
-0.630664 -0.135618 
0.323912 -0.348803 
0.297232 -0.352378 
0.00883478 -0.340658 
-0.0208641 -0.338928 
0.397678 -0.330503 
0.544065 -0.228687 
-0.0487075 -0.338014 
-0.555044 -0.302458 
-0.489404 -0.350214 
-0.634846 -0.0862814 
-0.458481 -0.362208 
-0.601424 -0.233673 
-0.634846 -0.0662075 
-0.608527 -0.217507 
-0.593612 -0.249049 
-0.408357 -0.371983 
-0.425499 -0.369809 
-0.390827 -0.373118 
0.161769 -0.353652 
-0.474223 -0.356758 
-0.372932 -0.373272 
-0.354688 -0.372516 
-0.336044 -0.370937 
-0.575869 -0.277319 
-0.503962 -0.342607 
0.0858968 -0.347295 
-0.620525 -0.182724 
-0.565868 -0.290261 
-0.531015 -0.324366 
-0.54343 -0.313836 
-0.625268 -0.164297 
-0.213327 -0.351025 
-0.235425 -0.354851 
-0.190443 -0.347401 
-0.141991 -0.341441 
-0.277415 -0.362376 
0.110384 -0.349564 
-0.632018 -0.0256317 
0.593249 -0.142406 
0.505942 -0.268795 
0.18257 -0.354832 
0.14485 -0.352459 
0.127723 -0.351083 
0.207283 -0.355721 
0.232409 -0.355934 
0.257931 -0.355309 
-0.116407 -0.339423 
-0.089934 -0.338209 
0.451556 -0.306707 
0.431102 -0.317029 
0.488877 -0.28266 
0.361868 -0.341104 
0.563723 -0.201289 
-0.442222 -0.366557 
-0.517853 -0.333971 
0.584913 -0.162617 
0.575079 -0.1822 
0.610201 -0.035355 
-0.585124 -0.263561 
0.605061 -0.100503 
0.0542576 -0.344353 
-0.633902 -0.0459874 
-0.633896 -0.106172 
-0.316999 -0.368641 
-0.631986 -0.125849 
-0.629108 -0.145257 
0.336577 -0.346598 
0.310595 -0.350762 
0.0236403 -0.341751 
-0.00600891 -0.339707 
0.386127 -0.334317 
0.550899 -0.219813 
-0.166659 -0.344148 
0.409269 -0.326261 
0.283978 -0.353657 
-0.0627151 -0.33786 
-0.0347822 -0.338376 
-0.614916 -0.200509 
-0.29745 -0.365739 
0.470921 -0.295177 
0.521977 -0.253652 
0.60844 -0.0790419 
0.610143 -0.0572544 
0.536943 -0.237318 
0.599982 -0.121681 
-0.25674 -0.358688 
