ZONE T="boundary0"
-4 -0.342726 
-4 -0.253955 
-4 0.214196 
-4 1 
-4 -0.46866 
-4 -0.571179 
-4 -0.156724 
-4 -0.0809768 
-4 0.818353 
-4 0.636705 
-4 -0.205339 
-4 -0.00522974 
-4 -0.673699 
-4 0.186398 
-4 0.409103 
-4 -0.836849 
-4 -1 
-4 0.522904 
-4 0.241994 
-4 0.325549 
-4 0.130802 
-4 0.0627863 
-4 -0.298341 
-4 -0.405693 
-4 -0.11885 
-4 0.727529 
-4 -0.181032 
-4 -0.229647 
-4 -0.0431033 
-4 -0.622439 
-4 -0.755274 
-4 -0.918425 
-4 0.909176 
-4 0.367326 
-4 0.466004 
-4 0.283771 
-4 0.579805 
-4 -0.519919 
-4 0.1586 
-4 0.0967944 
-4 0.0287783 
-4 0.200297 
-4 0.228095 
ZONE T="boundary1"
-3.77128 1 
-4 1 
1.57668 1 
1.75687 1 
4 1 
3.81112 1 
0.950134 1 
0.316759 1 
0.240136 1 
-0.0550505 1 
0.0437037 1 
0.517256 1 
0.417008 1 
-1.86439 1 
-0.1872 1 
-0.231249 1 
-0.985048 1 
-1.23995 1 
-0.587998 1 
-0.4876 1 
0.624607 1 
-3.33337 1 
-3.54256 1 
1.28717 1 
2.66929 1 
2.5752 1 
1.92062 1 
2.08438 1 
2.2357 1 
-2.38171 1 
-2.63017 1 
-2.87717 1 
-3.12417 1 
3.43337 1 
3.24449 1 
2.76339 1 
-2.13324 1 
0.103609 1 
0.163513 1 
-0.325958 1 
-0.278604 1 
-0.765821 1 
0.731957 1 
0.841046 1 
-0.14315 1 
-0.406779 1 
-0.688397 1 
-0.843246 1 
-1.12685 1 
-1.35305 1 
1.17784 1 
1.06399 1 
-1.57577 1 
-1.46441 1 
-1.72008 1 
-0.914147 1 
1.3965 1 
3.62225 1 
3.00394 1 
1.48659 1 
2.38701 1 
-1.05595 1 
-3.88564 1 
1.66678 1 
3.90556 1 
0.278448 1 
-0.00567341 1 
0.467132 1 
-0.209224 1 
-0.537799 1 
-3.43796 1 
2.62225 1 
1.83875 1 
2.16004 1 
-2.50594 1 
-3.00067 1 
3.33893 1 
-2.75367 1 
0.133561 1 
-0.302281 1 
0.786502 1 
0.201825 1 
-0.0991002 1 
-0.447189 1 
-0.366369 1 
-0.254927 1 
-0.638198 1 
0.0736562 1 
0.366883 1 
-0.804534 1 
-1.2965 1 
0.570931 1 
0.678282 1 
0.89559 1 
1.12091 1 
-1.1834 1 
-1.52009 1 
-1.64793 1 
-1.40873 1 
-1.79224 1 
-0.949598 1 
1.34183 1 
3.52781 1 
1.2325 1 
1.00706 1 
3.71668 1 
3.12421 1 
1.44154 1 
2.31136 1 
2.88366 1 
-3.22877 1 
2.0025 1 
-1.99882 1 
-2.25747 1 
-0.165175 1 
-0.878696 1 
-0.727109 1 
-1.0914 1 
-1.0205 1 
1.53164 1 
-3.65692 1 
2.48111 1 
2.71634 1 
ZONE T="boundary2"
4 -0.620334 
4 -1 
4 -0.445769 
4 -0.34975 
4 -0.214539 
4 -0.533051 
4 -0.168354 
4 -0.111093 
4 1 
4 0.146362 
4 -0.0538321 
4 -0.260725 
4 -0.305237 
4 0.0716503 
4 0.454744 
4 0.524945 
4 0.643708 
4 0.762472 
4 0.384543 
4 0.221075 
4 0.302809 
4 0.261942 
4 0.343676 
4 -0.397759 
4 -0.48941 
4 -0.139724 
4 -0.810167 
4 -0.282981 
4 -0.327494 
4 -0.191447 
4 -0.0824626 
4 -0.237632 
4 0.00890914 
4 0.489844 
4 0.70309 
4 -0.576693 
4 0.881236 
4 0.183718 
4 0.282375 
4 0.109006 
4 0.241508 
4 0.36411 
4 0.419643 
4 0.584327 
4 0.323242 
ZONE T="boundary3"
-3.1971 -1 
-3.36969 -1 
-1.59556 -1 
3.68971 -1 
4 -1 
-0.00682644 -1 
0.243313 -1 
0.295015 -1 
0.843464 -1 
0.713545 -1 
0.0475092 -1 
-0.316439 -1 
0.596172 -1 
3.37941 -1 
-0.188762 -1 
0.971219 -1 
1.0138 -1 
1.23047 -1 
1.35527 -1 
-3.54229 -1 
-3.77115 -1 
1.82944 -1 
1.70283 -1 
2.1357 -1 
2.31534 -1 
-2.36827 -1 
-1.99121 -1 
3.02857 -1 
-2.60685 -1 
0.191612 -1 
0.11956 -1 
-0.444116 -1 
-0.0611621 -1 
-0.124962 -1 
0.438933 -1 
0.886049 -1 
0.928634 -1 
0.517553 -1 
1.12213 -1 
-0.787593 -1 
-0.688366 -1 
1.06797 -1 
-0.566241 -1 
-1.0126 -1 
-0.88682 -1 
1.48008 -1 
-4 -1 
1.95606 -1 
-1.13838 -1 
-1.24482 -1 
2.85314 -1 
-1.35126 -1 
-1.79338 -1 
-1.69447 -1 
-1.47341 -1 
-3.02126 -1 
-2.84543 -1 
2.67772 -1 
-0.380277 -1 
-0.2526 -1 
-3.2834 -1 
3.84485 -1 
0.269164 -1 
0.778504 -1 
0.0203414 -1 
3.53456 -1 
0.992511 -1 
1.29287 -1 
-3.65672 -1 
1.76613 -1 
2.22552 -1 
-2.17974 -1 
3.20399 -1 
-2.48756 -1 
0.155586 -1 
0.0835348 -1 
-0.093062 -1 
0.217462 -1 
0.366974 -1 
0.654858 -1 
0.907341 -1 
0.556862 -1 
0.478243 -1 
1.1763 -1 
-0.737979 -1 
1.09505 -1 
-0.627303 -1 
-0.949711 -1 
-0.837206 -1 
1.41768 -1 
1.59145 -1 
1.89275 -1 
-0.505178 -1 
-1.1916 -1 
2.94085 -1 
-1.29804 -1 
-1.64502 -1 
2.49653 -1 
-2.72614 -1 
2.04588 -1 
-1.8923 -1 
-3.10918 -1 
-3.45599 -1 
-2.93334 -1 
-3.88557 -1 
-0.0339942 -1 
0.864756 -1 
-0.348358 -1 
-0.220681 -1 
-0.284519 -1 
0.949926 -1 
-0.156862 -1 
1.04089 -1 
-0.412196 -1 
-1.41233 -1 
-1.53448 -1 
-1.74393 -1 
-1.07549 -1 
2.76543 -1 
ZONE T="boundary4"
0.65452 -0.000281492 
0.65577 -0.0276127 
-0.591694 0.227503 
-0.580718 0.252107 
-0.066632 0.475113 
-0.326106 0.481667 
-0.300515 0.489008 
-0.0414067 0.465939 
0.167891 0.365681 
0.139185 0.379471 
0.607407 0.127059 
-0.623712 0.0271002 
-0.375687 0.461655 
-0.0919925 0.483031 
0.112188 0.392922 
0.0853219 0.406569 
-0.56859 0.275675 
-0.625457 0.0762528 
-0.620713 0.126556 
-0.615859 0.151909 
-0.625378 0.0515034 
-0.609358 0.177276 
-0.60128 0.20249 
-0.555132 0.298472 
0.525387 0.206692 
0.537435 0.197967 
-0.623911 0.101303 
-0.539815 0.321243 
-0.444519 0.419371 
-0.485859 0.383902 
-0.505111 0.364067 
-0.523161 0.34309 
-0.422444 0.434983 
-0.465718 0.402285 
-0.399459 0.449116 
-0.3512 0.47253 
-0.274554 0.494511 
-0.169491 0.498135 
-0.143448 0.494661 
-0.195736 0.499925 
-0.222031 0.49995 
-0.248357 0.498156 
-0.117574 0.489583 
0.00878043 0.444436 
-0.0163668 0.455692 
0.384694 0.278769 
0.415269 0.26616 
0.353135 0.290937 
0.0595697 0.419656 
0.19674 0.352499 
0.445315 0.252541 
0.622313 0.103403 
0.549162 0.188784 
0.473291 0.238392 
0.0338862 0.432446 
0.650577 0.0267534 
0.634433 0.0788332 
0.615147 0.115453 
0.570885 0.169521 
0.590042 0.149279 
0.500611 0.222813 
0.257774 0.326952 
0.227252 0.339348 
0.289592 0.314671 
0.321233 0.302839 
0.64388 0.0532029 
0.655474 -0.0139302 
-0.586371 0.239882 
-0.313373 0.485563 
0.153516 0.37251 
-0.079275 0.479232 
0.0987486 0.399731 
-0.618484 0.139274 
-0.624743 0.0392904 
-0.596656 0.215065 
-0.562026 0.287174 
0.531449 0.202385 
-0.622513 0.113958 
-0.6055 0.189944 
-0.495632 0.374132 
-0.51429 0.353715 
-0.433602 0.427354 
-0.475925 0.393249 
-0.387674 0.455585 
-0.411063 0.442238 
-0.287583 0.491989 
-0.363533 0.467303 
-0.15645 0.496604 
-0.208887 0.500162 
-0.130483 0.492316 
-0.0539817 0.470667 
-0.0037622 0.450159 
-0.531647 0.332292 
-0.104749 0.486484 
-0.261488 0.496564 
-0.547641 0.309974 
-0.624886 0.0887929 
-0.625618 0.0638797 
0.125672 0.386157 
0.40003 0.272574 
0.368947 0.284918 
0.0724504 0.413126 
0.459379 0.245629 
-0.235212 0.499282 
0.046742 0.426093 
0.0213553 0.43851 
0.182293 0.359011 
0.652892 0.0132879 
0.628692 0.0912803 
0.618808 0.109476 
0.61135 0.121307 
0.580687 0.159621 
0.598994 0.138388 
-0.455249 0.410995 
0.48705 0.230794 
-0.338729 0.477317 
-0.182605 0.499247 
-0.0288532 0.460934 
0.242497 0.333069 
0.211973 0.345833 
0.273675 0.320747 
0.305416 0.308726 
0.430359 0.259499 
0.639493 0.0661458 
0.647573 0.0400684 
-0.6128 0.164645 
0.54334 0.193435 
0.56022 0.179388 
0.513117 0.214951 
0.337202 0.296903 
-0.574822 0.26398 
ZONE T="boundary5"
0.65577 -0.0276127 
-0.558011 -0.15206 
-0.570993 -0.131321 
-0.620502 0.00310548 
-0.623712 0.0271002 
-0.582681 -0.110091 
-0.450636 -0.270937 
-0.494076 -0.23032 
-0.282313 -0.376877 
-0.305565 -0.365457 
-0.413249 -0.300253 
-0.0699243 -0.451008 
-0.23338 -0.398527 
-0.25877 -0.387678 
-0.390281 -0.316222 
-0.326696 -0.354375 
-0.0421118 -0.457157 
-0.0975339 -0.444123 
-0.125253 -0.436423 
-0.207713 -0.408705 
-0.18036 -0.418719 
0.507301 -0.359942 
0.484865 -0.378744 
-0.152741 -0.427996 
-0.465746 -0.257679 
-0.480116 -0.244223 
-0.543762 -0.172335 
-0.511705 -0.211472 
0.155398 -0.477452 
0.126725 -0.47719 
-0.347537 -0.342722 
-0.36911 -0.329821 
0.436053 -0.411069 
0.410086 -0.42456 
-0.435104 -0.283676 
0.637548 -0.13676 
-0.602019 -0.0662261 
0.184073 -0.476702 
0.606519 -0.217389 
0.593922 -0.243857 
-0.593036 -0.0883851 
-0.528295 -0.192147 
0.0982774 -0.475978 
0.0699005 -0.473863 
0.0417126 -0.470896 
0.0136456 -0.467105 
-0.0143156 -0.462515 
0.270423 -0.467639 
0.241667 -0.471876 
0.212916 -0.474865 
0.383112 -0.436403 
0.355505 -0.446548 
0.327408 -0.45508 
0.299089 -0.462059 
0.461182 -0.395709 
0.527967 -0.339692 
0.547134 -0.317697 
0.648208 -0.0960813 
0.645099 -0.109673 
0.564486 -0.294295 
0.62845 -0.163727 
0.618044 -0.190617 
0.650832 -0.0824236 
0.654471 -0.0550542 
0.655429 -0.0412978 
0.58002 -0.269634 
-0.60962 -0.0435696 
-0.61579 -0.0204677 
-0.564644 -0.141779 
-0.622301 0.0150786 
-0.576988 -0.120789 
-0.293977 -0.371246 
-0.246112 -0.393187 
-0.401844 -0.308354 
-0.316166 -0.359985 
-0.05604 -0.454176 
-0.11142 -0.440365 
-0.194071 -0.413804 
0.496263 -0.369561 
-0.166583 -0.42345 
-0.139026 -0.4323 
-0.472983 -0.251008 
-0.502986 -0.220988 
0.14106 -0.477444 
-0.358373 -0.336355 
0.423183 -0.418034 
-0.442922 -0.277371 
-0.424264 -0.292082 
-0.379751 -0.32311 
-0.458246 -0.264371 
0.600358 -0.23069 
-0.588019 -0.099314 
0.112496 -0.4767 
0.0557946 -0.472485 
0.0276644 -0.469102 
0.256069 -0.469917 
-0.0837531 -0.447657 
0.169738 -0.477207 
0.198503 -0.475923 
0.369384 -0.44168 
-0.0282332 -0.459931 
0.313294 -0.45875 
0.341516 -0.451008 
-0.597696 -0.077373 
0.396693 -0.430696 
-0.536148 -0.182335 
0.47318 -0.387447 
-0.270576 -0.382354 
0.517831 -0.35002 
0.448754 -0.403615 
0.537767 -0.328886 
0.64671 -0.10289 
0.556037 -0.306167 
-0.551018 -0.16229 
0.62338 -0.177224 
-0.487148 -0.237325 
-0.337156 -0.34862 
0.28479 -0.46502 
0.227308 -0.473519 
0.641523 -0.123271 
0.649582 -0.0892641 
0.633162 -0.150298 
0.655677 -0.0344568 
0.655025 -0.0481809 
0.652927 -0.0687739 
-0.22058 -0.403699 
-0.000352221 -0.464908 
0.572478 -0.282109 
0.612401 -0.204055 
0.587164 -0.256852 
0.0840801 -0.475031 
-0.612887 -0.0320661 
-0.605996 -0.054956 
-0.618335 -0.00871729 
-0.520108 -0.201902 
