ZONE T="boundary0"
-4 -0.834929 
-4 -0.268899 
-4 -0.319258 
-4 0.248473 
-4 0.480582 
-4 0.306894 
-4 0.393738 
-4 -0.126312 
-4 0.870146 
-4 0.740291 
-4 -0.470627 
-4 -1 
-4 -0.218539 
-4 0.190052 
-4 0.0943737 
-4 -0.0340852 
-4 0.610437 
-4 -0.669859 
-4 1 
-4 -0.394943 
-4 -0.294079 
-4 0.350316 
-4 0.805218 
-4 -0.172426 
-4 0.142213 
-4 0.0301443 
-4 0.219263 
-4 0.54551 
-4 0.43716 
-4 0.675364 
-4 -0.570243 
-4 0.935073 
-4 -0.917465 
-4 -0.752394 
-4 -0.0801987 
-4 -0.243719 
-4 0.277683 
-4 -0.357101 
-4 -0.432785 
ZONE T="boundary1"
0.901983 1 
1.81641 1 
1.61739 1 
1.21062 1 
-1.42355 1 
-1.52448 1 
-1.17927 1 
-0.47767 1 
-2.26785 1 
-2.45015 1 
3.77222 1 
-1.30141 1 
1.00906 1 
-1.62541 1 
1.41793 1 
-3.11574 1 
-3.25208 1 
-2.08556 1 
3.54445 1 
3.08889 1 
3.31667 1 
2.01542 1 
-3.38843 1 
2.48666 1 
2.64374 1 
-2.59867 1 
0.245857 1 
0.314165 1 
0.17584 1 
0.105822 1 
0.586752 1 
0.484613 1 
-0.239509 1 
-0.307342 1 
0.690828 1 
0.794904 1 
0.382474 1 
4 1 
-0.0267432 1 
0.0395396 1 
-0.712618 1 
-0.82941 1 
-0.099209 1 
-0.171675 1 
-0.595144 1 
-4 1 
1.10984 1 
1.31427 1 
-3.83056 1 
-0.946201 1 
-3.66111 1 
-3.52477 1 
2.32958 1 
-2.93146 1 
2.9776 1 
-1.06274 1 
-2.74719 1 
-1.85548 1 
2.86632 1 
1.7169 1 
-1.47402 1 
-2.359 1 
-1.24034 1 
1.51766 1 
-3.18391 1 
-2.17671 1 
3.20278 1 
-3.32025 1 
-2.52441 1 
0.280011 1 
0.140831 1 
0.535682 1 
-0.273425 1 
0.742866 1 
-0.392506 1 
0.63879 1 
3.65833 1 
0.00639823 1 
-0.771014 1 
-0.0629761 1 
-0.135442 1 
3.88611 1 
-0.536407 1 
0.848444 1 
1.16023 1 
1.26244 1 
-0.887805 1 
-3.91528 1 
1.91592 1 
-3.4566 1 
2.1725 1 
2.5652 1 
-3.0236 1 
2.40812 1 
-1.36248 1 
-1.12101 1 
-2.83933 1 
-2.67293 1 
-1.74045 1 
-1.97052 1 
0.433544 1 
0.210848 1 
0.072681 1 
0.34832 1 
-0.205592 1 
1.05945 1 
-1.57495 1 
2.92196 1 
-0.653881 1 
0.955523 1 
1.3661 1 
3.43056 1 
3.03325 1 
2.75503 1 
-1.00447 1 
-3.59294 1 
-3.74583 1 
ZONE T="boundary2"
4 -0.190584 
4 -0.142113 
4 -0.257378 
4 -0.235114 
4 0.146426 
4 0.103223 
4 -0.093641 
4 0.224621 
4 0.302817 
4 0.376164 
4 0.449511 
4 0.596205 
4 0.798103 
4 0.0600211 
4 -0.653608 
4 0.697154 
4 -0.0168099 
4 1 
4 -0.528671 
4 -0.826804 
4 -0.279643 
4 -0.403734 
4 -0.341689 
4 -0.466203 
4 -1 
4 -0.246246 
4 0.124825 
4 0.185524 
4 0.263719 
4 0.412837 
4 0.33949 
4 0.522858 
4 0.0816223 
4 0.646679 
4 0.747628 
4 -0.117877 
4 -0.0552255 
4 -0.166349 
4 0.0216056 
4 0.899051 
4 -0.591139 
4 -0.212849 
4 -0.268511 
4 -0.372711 
4 -0.310666 
4 -0.434968 
4 -0.497437 
4 -0.740206 
4 -0.913402 
ZONE T="boundary3"
-2.30921 -1 
-2.1404 -1 
-0.190164 -1 
-0.959989 -1 
-0.865722 -1 
-1.04741 -1 
0.189289 -1 
0.288907 -1 
-0.284538 -1 
-2.6034 -1 
-2.97236 -1 
-1.62786 -1 
0.493792 -1 
3.49655 -1 
-3.26217 -1 
3.13907 -1 
1.45774 -1 
1.55998 -1 
-4 -1 
-3.55199 -1 
1.76342 -1 
2.37033 -1 
2.9494 -1 
2.65986 -1 
-1.34844 -1 
-0.029785 -1 
-0.109975 -1 
-0.375766 -1 
0.0896711 -1 
0.13948 -1 
-0.768031 -1 
-0.568667 -1 
-0.466995 -1 
0.707508 -1 
0.391349 -1 
0.60065 -1 
0.929175 -1 
0.0299431 -1 
-0.67034 -1 
-1.48815 -1 
0.818341 -1 
1.15102 -1 
1.0401 -1 
-1.13483 -1 
-1.24164 -1 
-1.9716 -1 
-1.79973 -1 
1.25326 -1 
1.3555 -1 
1.96685 -1 
2.16859 -1 
3.66437 -1 
3.32873 -1 
2.06772 -1 
-2.45631 -1 
1.6617 -1 
4 -1 
-2.2248 -1 
-0.912855 -1 
-1.0037 -1 
0.239098 -1 
-2.78788 -1 
1.50886 -1 
-3.776 -1 
-3.40708 -1 
2.5151 -1 
-3.11727 -1 
-0.237351 -1 
-0.330152 -1 
0.164384 -1 
0.114576 -1 
-0.816876 -1 
-0.421381 -1 
-0.0698797 -1 
0.340128 -1 
0.44257 -1 
0.547221 -1 
0.654079 -1 
0.0598071 -1 
-0.517831 -1 
-0.619504 -1 
-1.4183 -1 
0.873758 -1 
1.09556 -1 
-1.29504 -1 
0.984637 -1 
-1.55801 -1 
-1.88566 -1 
1.86514 -1 
2.26946 -1 
1.40662 -1 
-1.71379 -1 
3.41264 -1 
3.58046 -1 
2.11816 -1 
3.2339 -1 
2.80463 -1 
3.04423 -1 
-2.38276 -1 
-2.52985 -1 
7.9046e-05 -1 
-0.719185 -1 
-0.150069 -1 
2.01729 -1 
-2.056 -1 
1.61084 -1 
1.71256 -1 
-1.18823 -1 
0.762925 -1 
-1.09112 -1 
1.30438 -1 
1.20214 -1 
3.83218 -1 
ZONE T="boundary4"
-0.240807 0.383034 
0.636204 0.130338 
0.611316 0.20853 
-0.604685 0.0386997 
0.507113 0.362649 
0.519001 0.351853 
-0.614289 -0.00463296 
-0.610177 0.0171138 
0.471622 0.389823 
0.577515 0.278685 
-0.597821 0.06003 
0.560898 0.303939 
0.598744 0.238018 
-0.569405 0.121512 
-0.544811 0.159448 
-0.531215 0.177263 
0.644455 0.0805591 
0.541364 0.328522 
-0.55755 0.140908 
-0.516852 0.194389 
-0.486019 0.226885 
-0.501816 0.210858 
-0.383183 0.308585 
-0.400916 0.296792 
0.639717 0.113692 
-0.469675 0.242326 
-0.453091 0.256939 
-0.436017 0.270943 
-0.418677 0.284168 
-0.33006 0.340005 
-0.313035 0.349048 
-0.260348 0.374479 
-0.365138 0.319862 
-0.34771 0.330141 
-0.221109 0.39122 
-0.199537 0.3997 
-0.295842 0.357751 
-0.27817 0.366279 
-0.107239 0.430586 
-0.0571858 0.443791 
-0.0827649 0.437353 
0.0228493 0.459707 
0.0513834 0.463794 
-0.131533 0.423285 
-0.617035 -0.0265058 
-0.177794 0.407752 
0.645591 0.0641059 
0.530384 0.340523 
0.584998 0.265578 
0.483605 0.381396 
0.643634 0.0152847 
0.645208 0.0313681 
0.379397 0.43639 
0.351122 0.445789 
0.551754 0.316025 
0.459327 0.397784 
0.645855 0.0476446 
0.407196 0.425196 
0.434128 0.412203 
-0.154754 0.415757 
0.171583 0.471173 
0.202791 0.470254 
0.110175 0.469463 
0.140386 0.470865 
0.293348 0.45976 
0.322631 0.453489 
0.264028 0.46454 
0.08006 0.467032 
0.632042 0.146849 
0.569488 0.291479 
0.622524 0.178014 
0.64247 0.097185 
-0.580117 0.101531 
-0.0314294 0.449617 
-0.00437371 0.455021 
-0.58962 0.0809938 
0.233404 0.468078 
0.513118 0.357319 
-0.612402 0.00627166 
-0.601418 0.0494175 
0.605224 0.223358 
-0.53812 0.168437 
-0.5513 0.15026 
-0.563611 0.131292 
-0.524128 0.185905 
-0.493991 0.218944 
-0.392093 0.302754 
0.638046 0.122033 
-0.461446 0.249705 
-0.427404 0.277631 
-0.409848 0.290553 
-0.444617 0.264018 
-0.250598 0.378803 
-0.32157 0.34457 
-0.356455 0.325054 
-0.210344 0.395513 
-0.269277 0.37042 
-0.0699954 0.440648 
0.0371004 0.461855 
-0.230977 0.387173 
-0.338912 0.335123 
-0.119407 0.427002 
-0.188686 0.40378 
-0.477913 0.234677 
-0.615831 -0.015549 
0.524758 0.346254 
0.592107 0.251917 
0.581323 0.27217 
0.495552 0.372265 
0.645129 0.0723393 
0.644539 0.0233142 
0.477654 0.385667 
0.365329 0.4413 
0.465512 0.393861 
0.535945 0.334587 
0.420774 0.418932 
0.546633 0.322335 
-0.374199 0.314285 
0.446857 0.405219 
-0.143163 0.419582 
0.187191 0.470872 
-0.30446 0.353441 
0.125274 0.470296 
0.30803 0.456813 
0.336929 0.449834 
0.556393 0.310033 
0.6342 0.138613 
0.57357 0.285125 
0.617117 0.193345 
0.645647 0.0395011 
0.643563 0.0888837 
0.641185 0.105454 
-0.095022 0.434038 
0.565261 0.297756 
0.645835 0.0558765 
-0.287026 0.362057 
-0.166295 0.411815 
-0.574905 0.111599 
-0.0443263 0.446783 
0.00922101 0.457456 
-0.593881 0.0705742 
-0.509416 0.202699 
0.393386 0.431017 
0.0657085 0.465522 
0.0951065 0.468373 
0.218109 0.469329 
0.248736 0.466484 
0.155982 0.471168 
0.278716 0.462323 
-0.0179203 0.452408 
0.627519 0.162503 
-0.607599 0.0279489 
-0.585022 0.0913329 
ZONE T="boundary5"
-0.606041 -0.157354 
-0.599883 -0.178884 
-0.555227 -0.279486 
-0.544269 -0.297295 
-0.611009 -0.135718 
-0.614756 -0.114011 
-0.617263 -0.0921833 
-0.592579 -0.200277 
0.637654 -0.0162226 
-0.565648 -0.260729 
0.59763 -0.102512 
0.5877 -0.115723 
0.627918 -0.0465215 
0.621638 -0.0612006 
-0.492229 -0.364562 
-0.477064 -0.380431 
-0.142401 -0.527162 
-0.27192 -0.506238 
-0.246652 -0.513403 
-0.584358 -0.221097 
-0.195021 -0.523357 
-0.221139 -0.519098 
-0.296233 -0.497869 
-0.168855 -0.526046 
-0.116098 -0.526663 
-0.0636535 -0.520786 
-0.0897309 -0.524532 
-0.575233 -0.241525 
-0.506718 -0.348057 
-0.532547 -0.314626 
-0.519977 -0.331615 
-0.385788 -0.453419 
-0.320139 -0.488175 
-0.342802 -0.47758 
-0.364954 -0.465823 
-0.460582 -0.39626 
-0.443436 -0.411341 
-0.406042 -0.440011 
-0.425055 -0.426109 
-0.618495 -0.07033 
-0.618429 -0.0484154 
0.577081 -0.128298 
0.500379 -0.193506 
0.527961 -0.173571 
0.409782 -0.249434 
0.432943 -0.235601 
-0.0121121 -0.50844 
-0.0376755 -0.515398 
0.013113 -0.49993 
0.0382104 -0.489815 
0.087061 -0.465435 
0.062783 -0.478316 
0.111089 -0.451278 
0.31948 -0.305337 
-0.617035 -0.0265058 
0.135139 -0.435847 
0.18416 -0.401476 
0.159768 -0.418966 
0.209801 -0.382653 
0.348839 -0.286576 
0.262767 -0.344054 
0.290315 -0.324824 
0.369164 -0.273987 
0.235455 -0.363783 
0.389494 -0.261624 
0.554037 -0.15163 
0.455943 -0.221774 
0.565833 -0.140264 
0.63324 -0.0315736 
0.606452 -0.0892286 
0.614512 -0.075371 
0.641124 -0.000560964 
0.643634 0.0152847 
0.478342 -0.207919 
-0.603101 -0.16816 
-0.549845 -0.288451 
-0.613033 -0.124891 
-0.616166 -0.103116 
-0.596362 -0.189626 
0.59276 -0.109191 
0.624891 -0.053911 
-0.608671 -0.14657 
-0.48473 -0.372577 
-0.259335 -0.509999 
-0.20811 -0.52142 
-0.284132 -0.502218 
-0.155636 -0.526805 
-0.0766652 -0.522861 
-0.102899 -0.525802 
-0.570543 -0.251179 
-0.49956 -0.356387 
-0.526351 -0.323187 
-0.5385 -0.306024 
-0.331536 -0.483022 
-0.375444 -0.459747 
-0.452091 -0.403895 
-0.415627 -0.43317 
-0.618039 -0.0812665 
-0.468909 -0.388436 
-0.395994 -0.446836 
0.514322 -0.183756 
-0.618626 -0.059373 
0.421366 -0.242513 
-0.513432 -0.339905 
-0.308249 -0.493182 
-0.0248452 -0.512113 
0.0257275 -0.495053 
0.0505667 -0.48423 
0.0991423 -0.458485 
0.123176 -0.443668 
0.171997 -0.410272 
0.147505 -0.42749 
0.196994 -0.392085 
0.276503 -0.334369 
0.444454 -0.228708 
0.399635 -0.255517 
-0.560543 -0.270167 
0.560002 -0.146018 
-0.588586 -0.210734 
0.571533 -0.134355 
0.582476 -0.122085 
0.602138 -0.0959359 
0.610586 -0.0823618 
0.630694 -0.0390898 
0.639509 -0.00841926 
0.635566 -0.0239333 
0.618182 -0.0683412 
-0.579905 -0.231361 
0.489418 -0.200802 
0.642498 0.00734221 
0.379321 -0.267787 
0.35899 -0.280254 
0.541226 -0.16288 
-0.353951 -0.471841 
0.334123 -0.295882 
0.304853 -0.314996 
-0.434329 -0.41883 
-0.129246 -0.527114 
0.000558533 -0.504372 
-0.233934 -0.516433 
0.22262 -0.373204 
-0.181957 -0.524897 
-0.0506261 -0.518293 
0.0749925 -0.472024 
0.467175 -0.214898 
0.249079 -0.353874 
-0.617899 -0.0374507 
