ZONE T="boundary0"
-4 -0.664534 
-4 -0.278568 
-4 -0.367762 
-4 -0.45758 
-4 0.0228828 
-4 0.0887239 
-4 0.147491 
-4 0.331978 
-4 0.415481 
-4 -0.0429584 
-4 -0.196494 
-4 -0.561057 
-4 -0.832267 
-4 -0.15811 
-4 1 
-4 0.832995 
-4 -0.237531 
-4 -0.323165 
-4 -0.119726 
-4 0.300549 
-4 0.237689 
-4 0.582487 
-4 0.498984 
-4 -1 
-4 0.665989 
-4 0.206259 
-4 0.269119 
-4 -0.412671 
-4 0.0558034 
-4 0.118108 
-4 0.37373 
-4 -0.612796 
-4 -0.748401 
-4 -0.177302 
-4 0.916497 
-4 -0.25805 
-4 -0.345463 
-4 -0.300867 
-4 -0.138918 
-4 -0.0813423 
-4 -0.509319 
-4 0.540735 
-4 0.457232 
-4 -0.916134 
-4 0.624238 
-4 0.749492 
-4 -0.217013 
-4 0.221974 
-4 0.253404 
-4 0.176875 
-4 -0.0100378 
-4 0.284834 
-4 0.316263 
ZONE T="boundary1"
-0.283761 1 
1.45631 1 
1.55715 1 
1.17589 1 
1.26568 1 
0.951385 1 
1.06364 1 
-1.47731 1 
-0.64425 1 
-0.337183 1 
0.37884 1 
0.50503 1 
-0.390605 1 
0.80364 1 
-1.64104 1 
-1.97046 1 
1.35546 1 
-1.31653 1 
-1.21075 1 
2.74099 1 
2.59387 1 
-2.87546 1 
-3.20013 1 
-4 1 
1.65888 1 
1.96409 1 
-2.30805 1 
-2.47995 1 
-2.13616 1 
-0.101262 1 
-0.230339 1 
-0.517427 1 
0.631221 1 
0.168601 1 
0.102405 1 
0.234796 1 
0.306818 1 
0.0383992 1 
-0.0256065 1 
-0.176918 1 
-0.762593 1 
-0.880937 1 
0.71743 1 
-1.10496 1 
3.61356 1 
3.875 1 
3.80678 1 
4 1 
3.42034 1 
-0.99295 1 
3.22712 1 
-1.80476 1 
-3.7624 1 
1.76062 1 
-3.52479 1 
-3.36246 1 
-2.67771 1 
2.98406 1 
2.44675 1 
2.20542 1 
-3.64359 1 
1.50673 1 
1.22078 1 
1.00751 1 
0.441935 1 
0.877512 1 
1.40588 1 
-1.26364 1 
2.66743 1 
-3.0378 1 
-2.394 1 
-2.22211 1 
-0.25705 1 
-0.363894 1 
-0.454016 1 
-0.310472 1 
0.135503 1 
0.270807 1 
0.00639634 1 
-0.13909 1 
0.568125 1 
0.201699 1 
-0.821765 1 
0.674326 1 
0.760535 1 
-0.580838 1 
1.11976 1 
1.31057 1 
3.84089 1 
3.71017 1 
3.9375 1 
3.51695 1 
-1.04896 1 
3.32373 1 
-1.15786 1 
-1.7229 1 
-3.8812 1 
1.86235 1 
-1.39692 1 
-1.55917 1 
-3.28129 1 
-1.88761 1 
0.342829 1 
0.0704021 1 
-0.0634343 1 
-0.203629 1 
2.86252 1 
2.52031 1 
2.32608 1 
2.08475 1 
-0.703422 1 
-0.936944 1 
-2.05331 1 
-2.57883 1 
1.70975 1 
1.60802 1 
-3.44363 1 
-3.58419 1 
-3.70299 1 
3.10559 1 
-2.77659 1 
ZONE T="boundary2"
4 -0.469276 
4 -0.393577 
4 -0.298704 
4 0.89878 
4 0.595121 
4 0.79756 
4 -0.544974 
4 -1 
4 -0.772487 
4 -0.322422 
4 -0.346141 
4 -0.045789 
4 -0.114835 
4 0.0550616 
4 0.00463627 
4 0.155912 
4 0.105487 
4 0.257008 
4 0.223309 
4 0.506273 
4 0.322386 
4 0.417425 
4 1 
4 -0.241292 
4 -0.269998 
4 -0.183881 
4 -0.149358 
4 0.290706 
4 0.354066 
4 -0.431427 
4 0.69634 
4 -0.658731 
4 -0.310563 
4 -0.369859 
4 -0.0803119 
4 0.0298489 
4 0.130699 
4 0.461849 
4 0.550697 
4 -0.507125 
4 -0.886244 
4 0.84817 
4 0.94939 
4 -0.255645 
4 -0.334282 
4 -0.284351 
4 -0.212587 
4 -0.166619 
4 -0.132096 
4 0.189611 
4 0.273857 
4 0.240159 
4 0.338226 
4 0.306546 
4 0.385745 
4 0.0802742 
4 -0.0205764 
ZONE T="boundary3"
-1.48036 -1 
3.32857 -1 
-0.576312 -1 
-0.469869 -1 
0.129642 -1 
-0.176569 -1 
-0.113342 -1 
0.0124482 -1 
0.184274 -1 
-1.08402 -1 
0.433134 -1 
2.01067 -1 
-1.35809 -1 
3.66429 -1 
4 -1 
2.41957 -1 
-2.52243 -1 
-2.14795 -1 
-1.9645 -1 
-1.78105 -1 
-2.66342 -1 
2.92508 -1 
3.12682 -1 
2.67232 -1 
-0.682755 -1 
-0.246527 -1 
-0.0501147 -1 
-0.316484 -1 
0.0750112 -1 
0.276532 -1 
-0.393176 -1 
-0.730807 -1 
-0.855539 -1 
0.552071 -1 
0.671007 -1 
0.354833 -1 
-1.23581 -1 
-0.932219 -1 
0.800054 -1 
0.929101 -1 
-4 -1 
1.40836 -1 
1.28968 -1 
1.05005 -1 
-3.27642 -1 
3.49643 -1 
-3.08639 -1 
-2.80441 -1 
1.54627 -1 
1.68418 -1 
1.84742 -1 
2.21512 -1 
-3.73323 -1 
-3.46645 -1 
-1.6307 -1 
2.7987 -1 
-0.778859 -1 
1.171 -1 
-0.52309 -1 
-0.144956 -1 
3.83214 -1 
-2.33519 -1 
-1.87277 -1 
3.02595 -1 
2.54595 -1 
-0.211548 -1 
-0.0817283 -1 
0.0437297 -1 
-0.0188332 -1 
0.156958 -1 
0.230403 -1 
0.102327 -1 
-0.35483 -1 
-0.706781 -1 
-0.629533 -1 
0.611539 -1 
0.492602 -1 
-1.29695 -1 
-1.00812 -1 
0.735531 -1 
0.864577 -1 
-1.15992 -1 
1.34902 -1 
0.989576 -1 
3.4125 -1 
-2.9454 -1 
1.61522 -1 
1.7658 -1 
1.47732 -1 
1.92904 -1 
2.11289 -1 
2.31735 -1 
-2.05622 -1 
-3.59984 -1 
-3.86661 -1 
-3.37144 -1 
-3.18141 -1 
-1.55553 -1 
2.86189 -1 
-0.281505 -1 
0.393983 -1 
0.315683 -1 
-0.893879 -1 
-0.817199 -1 
-0.754833 -1 
-0.431522 -1 
1.23034 -1 
1.11053 -1 
-1.70588 -1 
-1.41923 -1 
3.58036 -1 
2.73551 -1 
3.2277 -1 
-2.73392 -1 
-2.59293 -1 
ZONE T="boundary4"
-0.451852 0.301443 
0.527883 0.357543 
0.536432 0.341223 
-0.609375 0.0378158 
-0.603181 0.0583167 
0.450079 0.449007 
0.518692 0.372922 
0.423336 0.468216 
0.43691 0.458963 
0.508675 0.387697 
0.409326 0.476825 
0.4869 0.414562 
0.475129 0.426817 
0.551158 0.306578 
0.557406 0.288266 
0.462729 0.438391 
-0.622429 -0.024165 
-0.614656 0.0171962 
-0.619008 -0.00347169 
-0.588188 0.098668 
-0.579496 0.118345 
-0.54959 0.174427 
-0.538615 0.192023 
-0.57005 0.137684 
-0.560138 0.156229 
-0.51532 0.22595 
-0.503093 0.242294 
-0.490769 0.257867 
-0.47799 0.273074 
0.578419 0.206343 
-0.465138 0.287451 
-0.347861 0.388774 
-0.324992 0.404014 
-0.30832 0.41441 
-0.425108 0.327295 
-0.29139 0.424391 
-0.272953 0.434639 
-0.527112 0.209283 
-0.254249 0.444409 
-0.190959 0.473201 
-0.213288 0.463757 
-0.233904 0.454359 
-0.168365 0.482016 
-0.119282 0.498755 
-0.0926415 0.506537 
-0.0657717 0.513501 
-0.0368267 0.520044 
-0.00769043 0.525647 
0.573325 0.227947 
0.621523 -0.0151748 
0.620614 0.0067481 
-0.59611 0.0786144 
0.600361 0.118096 
0.583619 0.184736 
0.589113 0.162585 
0.563118 0.268887 
0.544159 0.324288 
0.618408 0.0288174 
0.349372 0.505144 
0.380042 0.492199 
0.318119 0.515615 
0.568401 0.248493 
0.498148 0.401461 
0.054522 0.534369 
0.0870298 0.537163 
0.0233486 0.530549 
0.285546 0.524077 
0.252787 0.530429 
0.594711 0.140477 
0.605798 0.095708 
0.610767 0.0734167 
0.615063 0.0510332 
-0.14395 0.490743 
-0.398117 0.350756 
-0.370159 0.372728 
0.119584 0.538713 
0.186035 0.537744 
0.152863 0.53895 
0.219397 0.53496 
0.53227 0.349445 
-0.606387 0.0480977 
0.523395 0.365299 
0.430179 0.463672 
0.513789 0.380383 
0.416381 0.472602 
0.481098 0.420771 
0.554384 0.29746 
0.469007 0.432688 
0.456472 0.44378 
-0.616945 0.00688439 
-0.620832 -0.0138013 
-0.583938 0.108548 
-0.612127 0.027533 
-0.544171 0.183267 
-0.565176 0.147 
-0.574864 0.128059 
-0.484438 0.265519 
-0.496986 0.250123 
-0.509261 0.234162 
-0.316689 0.409264 
-0.336495 0.396495 
-0.471619 0.280311 
-0.43866 0.314553 
-0.282205 0.429575 
-0.299886 0.419453 
-0.521272 0.217656 
-0.263633 0.439584 
-0.202157 0.468558 
-0.223627 0.459127 
-0.105992 0.502748 
-0.0792331 0.510121 
-0.0222808 0.522963 
-0.554941 0.165372 
0.621239 -0.00420734 
-0.592251 0.0886804 
-0.599751 0.0685011 
0.586348 0.173655 
0.560355 0.278608 
0.540406 0.332809 
0.619661 0.0177962 
0.36484 0.498979 
0.333843 0.510659 
0.565827 0.25871 
0.503508 0.394655 
0.492616 0.408092 
0.570888 0.238228 
0.443556 0.454067 
0.0707646 0.535918 
-0.458548 0.294497 
0.269217 0.527495 
0.597549 0.129288 
-0.244111 0.449453 
0.575867 0.217145 
0.60835 0.0845751 
0.616861 0.0399423 
0.603118 0.106909 
0.581001 0.195535 
0.547768 0.31548 
-0.15619 0.48647 
-0.411762 0.339196 
-0.359083 0.380852 
-0.131645 0.494839 
0.591905 0.151528 
-0.179693 0.477688 
0.613014 0.0622416 
0.00780887 0.528232 
0.0389199 0.532596 
-0.384272 0.361911 
-0.0513254 0.51689 
0.103302 0.538097 
0.169458 0.538533 
0.202737 0.536557 
0.236126 0.53292 
0.301906 0.520115 
0.394854 0.484832 
-0.532926 0.200695 
0.136225 0.539006 
ZONE T="boundary5"
0.609989 -0.100766 
-0.626471 -0.0654315 
-0.6271 -0.0859414 
-0.538185 -0.347584 
-0.549357 -0.334361 
-0.593649 -0.258727 
-0.616541 -0.186407 
-0.620447 -0.166763 
-0.623473 -0.146833 
-0.559832 -0.320328 
-0.586304 -0.275014 
0.129062 -0.32732 
0.146605 -0.327564 
-0.578216 -0.290738 
-0.569383 -0.305865 
-0.383283 -0.426382 
-0.484754 -0.392813 
-0.469226 -0.401701 
-0.436379 -0.415629 
-0.419236 -0.420571 
-0.401287 -0.424207 
-0.453288 -0.409235 
-0.364654 -0.427183 
-0.308141 -0.4216 
-0.2693 -0.411967 
-0.288734 -0.417284 
0.111033 -0.327181 
0.0929353 -0.32722 
-0.499223 -0.383001 
-0.513146 -0.371993 
-0.525986 -0.360291 
-0.249324 -0.405651 
-0.22911 -0.398601 
-0.207954 -0.390772 
-0.600409 -0.241542 
-0.186612 -0.382684 
-0.163689 -0.374091 
-0.140522 -0.365791 
-0.611885 -0.205333 
-0.624915 -0.044831 
-0.626809 -0.106376 
-0.622429 -0.024165 
-0.606425 -0.223938 
-0.0896893 -0.349972 
0.478195 -0.26935 
0.459352 -0.280234 
0.4961 -0.257296 
0.513439 -0.243792 
-0.346134 -0.426614 
-0.115178 -0.357426 
0.621523 -0.0151748 
-0.0618156 -0.343068 
0.0269334 -0.329886 
-0.00334704 -0.332953 
0.0603126 -0.32795 
0.164124 -0.32785 
0.602989 -0.121355 
0.214914 -0.328344 
0.189503 -0.328213 
0.240839 -0.328044 
0.26685 -0.327109 
0.346011 -0.318351 
-0.327063 -0.424708 
0.438823 -0.290285 
-0.6256 -0.126662 
0.417988 -0.298831 
0.529646 -0.229311 
0.559541 -0.196633 
0.545151 -0.213482 
0.572839 -0.178598 
0.584299 -0.160378 
0.59449 -0.141061 
0.615267 -0.0799496 
0.618943 -0.0585864 
0.621004 -0.0369357 
0.320585 -0.322335 
0.293684 -0.325273 
0.394787 -0.306662 
-0.0340212 -0.337532 
0.371436 -0.312991 
-0.6269 -0.0756853 
-0.54387 -0.341061 
-0.618605 -0.17661 
-0.622073 -0.156818 
-0.590077 -0.26692 
0.137833 -0.327433 
-0.5739 -0.298365 
-0.477076 -0.397409 
-0.564707 -0.313167 
-0.42786 -0.418271 
-0.554696 -0.327426 
-0.410303 -0.42257 
-0.373984 -0.42696 
-0.4449 -0.412604 
-0.279 -0.414734 
-0.298421 -0.419572 
-0.582361 -0.282933 
0.101985 -0.327174 
-0.492077 -0.388042 
-0.506282 -0.377625 
-0.519663 -0.366253 
-0.532187 -0.35404 
-0.239204 -0.40219 
-0.218526 -0.394725 
-0.597129 -0.250178 
-0.175162 -0.378361 
-0.614317 -0.195899 
-0.152123 -0.369883 
-0.62707 -0.0961632 
-0.623787 -0.0344862 
-0.603512 -0.232776 
0.468866 -0.274953 
-0.609257 -0.214669 
-0.259295 -0.408899 
-0.625808 -0.0551248 
0.504885 -0.250695 
-0.127876 -0.361509 
-0.0757781 -0.346358 
0.0117875 -0.33125 
0.0766285 -0.327462 
0.155364 -0.327705 
0.606696 -0.111129 
0.202206 -0.328319 
0.120048 -0.327232 
0.17681 -0.328048 
0.253842 -0.327668 
0.227872 -0.328261 
-0.336593 -0.425821 
0.449172 -0.285436 
0.48725 -0.263478 
-0.624651 -0.136763 
0.428471 -0.294724 
0.521661 -0.236687 
0.552492 -0.205183 
0.566356 -0.187738 
0.589584 -0.150818 
0.617311 -0.0693032 
0.612833 -0.0904087 
0.620173 -0.0477801 
0.62145 -0.0260602 
-0.626319 -0.116529 
-0.355399 -0.427063 
-0.317591 -0.423296 
0.307144 -0.323954 
-0.197285 -0.386735 
0.0436245 -0.328746 
-0.102461 -0.353577 
-0.0186978 -0.33505 
0.280268 -0.326314 
-0.0479386 -0.340135 
-0.461332 -0.405624 
-0.392313 -0.425469 
0.598933 -0.13129 
0.53753 -0.221528 
0.578738 -0.169594 
0.406446 -0.302933 
0.358754 -0.31585 
0.333316 -0.3205 
0.383152 -0.309996 
