ZONE T="boundary0"
-4 -0.848736 
-4 -0.0293373 
-4 0.0947401 
-4 0.23669 
-4 0.26375 
-4 0.208139 
-4 0.589687 
-4 0.29081 
-4 0.329166 
-4 0.0327014 
-4 -0.320124 
-4 -0.282031 
-4 -0.243939 
-4 -0.205847 
-4 -0.133151 
-4 0.794844 
-4 0.179589 
-4 0.137165 
-4 -0.391808 
-4 -0.463493 
-4 -0.0985461 
-4 -0.580483 
-4 -0.521988 
-4 0.534146 
-4 0.478604 
-4 0.367522 
-4 0.423063 
-4 -0.697472 
-4 -1 
-4 1 
-4 -0.167755 
-4 0.25022 
-4 0.309988 
-4 -0.301078 
-4 -0.224893 
-4 0.692266 
-4 0.193864 
-4 0.222415 
-4 0.115952 
-4 0.158377 
-4 0.00168206 
-4 0.0637208 
-4 -0.262985 
-4 -0.355966 
-4 -0.427651 
-4 -0.0639417 
-4 -0.551236 
-4 0.506375 
-4 0.395292 
-4 -0.492741 
-4 -0.638978 
-4 -0.924368 
-4 -0.773104 
-4 0.897422 
-4 0.27728 
-4 -0.186801 
-4 -0.115848 
-4 -0.150453 
-4 0.348344 
-4 0.450834 
-4 0.561917 
ZONE T="boundary1"
3.56612 1 
2.99311 1 
1.34541 1 
0.743021 1 
1.24677 1 
0.61096 1 
0.453243 1 
-0.496165 1 
-0.578714 1 
0.0505486 1 
0.165155 1 
-3.49724 1 
-3.74862 1 
-3.87431 1 
3.2073 1 
2.35528 1 
2.15848 1 
2.00096 1 
1.84344 1 
-0.903162 1 
-1.46526 1 
3.85537 1 
4 1 
-2.08233 1 
-3.02204 1 
-2.32246 1 
1.54886 1 
-3.25964 1 
2.77259 1 
2.55208 1 
-0.795824 1 
-1.0105 1 
-1.22614 1 
-1.11832 1 
-0.687269 1 
-0.413617 1 
-0.354761 1 
-0.295906 1 
-4 1 
-1.55767 1 
0.279761 1 
-0.0638229 1 
-0.121009 1 
1.01161 1 
0.875082 1 
1.14813 1 
-1.3457 1 
-1.65008 1 
-1.75814 1 
-1.8662 1 
-2.5626 1 
-2.79232 1 
3.71075 1 
3.42149 1 
-0.178194 1 
-0.23705 1 
1.29609 1 
0.532102 1 
-0.53744 1 
0.107852 1 
-3.81146 1 
2.25688 1 
1.9222 1 
3.92769 1 
-2.2024 1 
2.66234 1 
-0.849493 1 
-0.956831 1 
-1.17223 1 
-0.325333 1 
-0.384189 1 
-3.62293 1 
-3.93715 1 
-3.37844 1 
0.676991 1 
0.943346 1 
0.809052 1 
1.19745 1 
1.44713 1 
0.366502 1 
0.222458 1 
-1.28592 1 
-1.40548 1 
1.69615 1 
-1.97427 1 
3.10021 1 
-2.90718 1 
2.88285 1 
-2.67746 1 
2.07972 1 
2.45368 1 
3.49381 1 
3.3144 1 
3.63843 1 
3.78306 1 
-2.44253 1 
-0.741547 1 
-0.632992 1 
-0.454891 1 
-0.207622 1 
-0.266478 1 
-0.0924158 1 
-0.149601 1 
1.07987 1 
-1.60387 1 
-1.51146 1 
-1.06441 1 
-0.00663714 1 
-1.81217 1 
-3.14084 1 
-1.70411 1 
ZONE T="boundary2"
4 -0.604906 
4 -0.510947 
4 -0.308818 
4 -0.2483 
4 0.0231827 
4 0.105459 
4 0.243644 
4 0.285988 
4 0.201299 
4 -0.123437 
4 1 
4 0.819196 
4 -0.698865 
4 0.421075 
4 -0.0590931 
4 0.31976 
4 -0.187782 
4 0.638392 
4 0.529733 
4 -0.409882 
4 -0.460415 
4 -1 
4 0.353531 
4 -0.35935 
4 -0.557926 
4 0.0643207 
4 0.264816 
4 0.222472 
4 0.153379 
4 -0.0179552 
4 -0.218041 
4 0.584062 
4 0.728794 
4 -0.485681 
4 0.909598 
4 0.336646 
4 0.302874 
4 0.387303 
4 0.475404 
4 -0.15561 
4 -0.334084 
4 -0.435148 
4 -0.0912653 
4 -0.384616 
4 -0.651885 
4 -0.849432 
4 -0.278559 
ZONE T="boundary3"
-3.7469 -1 
3.11615 -1 
3.3058 -1 
0.883347 -1 
1.14656 -1 
0.121478 -1 
0.186035 -1 
-0.954818 -1 
-0.909011 -1 
-0.70852 -1 
3.49546 -1 
0.455448 -1 
0.0569218 -1 
-0.0111596 -1 
0.740422 -1 
0.670135 -1 
-0.580279 -1 
-3.16537 -1 
-3.4938 -1 
-0.444909 -1 
-0.515108 -1 
-2.68629 -1 
2.03691 -1 
1.70129 -1 
-1.62607 -1 
2.67068 -1 
1.84679 -1 
-2.48982 -1 
-2.29335 -1 
-1.86255 -1 
-2.07795 -1 
2.89341 -1 
-0.0792411 -1 
-0.37471 -1 
-0.300758 -1 
0.527648 -1 
-0.153023 -1 
-0.226806 -1 
0.599848 -1 
0.955414 -1 
0.386354 -1 
0.811884 -1 
0.317259 -1 
0.251647 -1 
-0.64545 -1 
1.02748 -1 
-0.77159 -1 
-0.863204 -1 
-4 -1 
-1.336 -1 
-1.22242 -1 
1.08702 -1 
1.22041 -1 
-1.02172 -1 
-1.08862 -1 
-3.62035 -1 
-1.53782 -1 
-1.44957 -1 
-2.92583 -1 
1.55578 -1 
1.42502 -1 
2.22702 -1 
3.74773 -1 
4 -1 
1.29425 -1 
2.44885 -1 
3.21097 -1 
0.153757 -1 
-0.931914 -1 
0.0228811 -1 
0.705278 -1 
-3.32958 -1 
-0.480009 -1 
-2.39158 -1 
-1.97025 -1 
-2.58805 -1 
-0.337734 -1 
-0.116132 -1 
0.563748 -1 
-0.263782 -1 
0.91938 -1 
0.420901 -1 
-0.0452004 -1 
0.776153 -1 
0.284453 -1 
0.218841 -1 
-0.547694 -1 
-0.409809 -1 
0.351806 -1 
-0.612865 -1 
0.634991 -1 
0.491548 -1 
-0.817397 -1 
-0.676985 -1 
-0.740055 -1 
-3.87345 -1 
-0.886107 -1 
1.11679 -1 
0.991447 -1 
1.05725 -1 
1.18349 -1 
-0.988269 -1 
-1.27921 -1 
-1.15552 -1 
-3.55707 -1 
-1.4937 -1 
-1.39279 -1 
-3.68362 -1 
-3.0456 -1 
-2.80606 -1 
-1.58195 -1 
-1.74431 -1 
1.77404 -1 
1.62853 -1 
2.13196 -1 
1.94185 -1 
3.00478 -1 
2.78205 -1 
3.87386 -1 
3.62159 -1 
-2.18565 -1 
0.0892001 -1 
0.847616 -1 
-0.189915 -1 
1.25733 -1 
-1.05517 -1 
1.4904 -1 
1.35963 -1 
3.40063 -1 
2.55977 -1 
2.33794 -1 
ZONE T="boundary4"
-0.128686 0.0190223 
-0.770841 -0.089233 
-0.771289 -0.104679 
-0.769882 -0.0740426 
-0.274468 -0.0306521 
-0.768444 -0.0596117 
-0.766478 -0.045516 
-0.583848 0.0439307 
-0.580522 0.0411575 
-0.764048 -0.0322815 
-0.76106 -0.0194693 
-0.293286 -0.0361042 
-0.188697 -0.00157347 
-0.175588 0.00304562 
-0.382811 -0.0512139 
-0.393107 -0.0513744 
-0.413349 -0.0504684 
-0.372582 -0.0506724 
-0.312662 -0.0410724 
-0.302959 -0.0386755 
-0.332284 -0.0452834 
-0.35258 -0.0486028 
-0.342399 -0.0470803 
-0.322446 -0.0432852 
-0.362541 -0.0497933 
-0.219676 -0.0125008 
-0.732581 0.0413751 
-0.724298 0.0506781 
-0.747503 0.0176501 
-0.716381 0.0578112 
-0.757694 -0.00780919 
-0.708249 0.0637017 
-0.692659 0.0717083 
-0.700413 0.0682176 
-0.670921 0.0770507 
-0.664424 0.0775029 
-0.587169 0.0466221 
-0.591181 0.0497588 
-0.677802 0.0760175 
-0.658386 0.0774807 
-0.653015 0.0771097 
-0.496928 -0.0251326 
-0.483595 -0.0319429 
-0.753775 0.00335027 
-0.648019 0.0764716 
-0.645861 0.076109 
-0.641698 0.075262 
-0.639693 0.0747848 
-0.598766 0.0553013 
-0.650516 0.0768256 
-0.595183 0.0527492 
-0.596976 0.0540419 
-0.433708 -0.0477522 
-0.509492 -0.0175876 
-0.553458 0.0170736 
-0.545441 0.0099755 
-0.632804 0.0728021 
-0.636124 0.0738237 
-0.623997 0.069495 
-0.621336 0.0683254 
-0.626823 0.0706504 
-0.616272 0.0658828 
-0.613523 0.0644379 
-0.610964 0.0630193 
-0.62972 0.0717428 
-0.618779 0.0671274 
-0.603003 0.0581569 
-0.604647 0.0592153 
-0.523884 -0.00756591 
-0.145643 0.0133837 
-0.162332 0.0076696 
-0.536973 0.00276623 
-0.688884 0.0730867 
-0.204266 -0.0070795 
-0.685082 0.0742751 
-0.23787 -0.0187877 
-0.111453 0.024537 
-0.255933 -0.024811 
-0.740225 0.0306104 
-0.469353 -0.0379333 
-0.0939285 0.0298843 
-0.451795 -0.0436371 
-0.608626 0.061661 
-0.606287 0.0602438 
-0.643705 0.0756946 
-0.572491 0.0342045 
-0.564441 0.0269949 
-0.558984 0.022056 
-0.771128 -0.0969376 
-0.769229 -0.066802 
-0.767531 -0.0525317 
-0.582186 0.0425539 
-0.765333 -0.0388651 
-0.76263 -0.0258343 
-0.283868 -0.033444 
-0.182151 0.000737017 
-0.387954 -0.0513439 
-0.377695 -0.0509892 
-0.307805 -0.0398966 
-0.347481 -0.0478775 
-0.327359 -0.0443127 
-0.367554 -0.0502739 
-0.317551 -0.042205 
-0.357557 -0.049236 
-0.728546 0.0461719 
-0.720415 0.0543669 
-0.759449 -0.013596 
-0.712374 0.0608799 
-0.704372 0.066068 
-0.589175 0.048207 
-0.490315 -0.0286609 
-0.64694 0.0762967 
-0.640696 0.0750289 
-0.649268 0.0766574 
-0.59608 0.0533994 
-0.423545 -0.049348 
-0.549473 0.0135198 
-0.634463 0.0733281 
-0.622666 0.06892 
-0.62541 0.0700837 
-0.614898 0.0651708 
-0.631261 0.0722855 
-0.612244 0.0637377 
-0.617526 0.0665138 
-0.628271 0.0712082 
-0.620057 0.0677354 
-0.603825 0.0586896 
-0.154004 0.0105386 
-0.13718 0.0162216 
-0.541237 0.00635217 
-0.337338 -0.0462152 
-0.196491 -0.00432999 
-0.211979 -0.00979974 
-0.403224 -0.0511323 
-0.228781 -0.0156678 
-0.503268 -0.0214653 
-0.168969 0.00536199 
-0.755811 -0.00217916 
-0.530504 -0.00247582 
-0.750786 0.0106145 
-0.265198 -0.0277812 
-0.29812 -0.0374107 
-0.516776 -0.0126989 
-0.744012 0.0242624 
-0.770427 -0.0816139 
-0.12009 0.0218029 
-0.736526 0.0361237 
-0.102711 0.0272396 
-0.686988 0.0737039 
-0.442778 -0.0459005 
-0.246902 -0.0218332 
-0.460621 -0.0409918 
-0.607457 0.0609597 
-0.637907 0.0743217 
-0.642701 0.0754838 
-0.644783 0.0759083 
-0.651764 0.0769764 
-0.593182 0.0512719 
-0.597871 0.0546755 
-0.600886 0.0567522 
-0.605467 0.0597331 
-0.609795 0.0623476 
-0.576515 0.0377279 
-0.568479 0.030631 
-0.561721 0.024534 
-0.556231 0.0195681 
-0.667675 0.0773391 
-0.661405 0.0775444 
-0.681453 0.0752294 
-0.690777 0.0724209 
-0.696563 0.0700652 
-0.58551 0.0452872 
-0.655699 0.0773362 
-0.674366 0.0766061 
-0.476522 -0.0350777 
ZONE T="boundary5"
-0.742457 -0.28882 
-0.731334 -0.319427 
0.772573 -0.400142 
0.776664 -0.386109 
-0.769602 -0.153327 
-0.770682 -0.136706 
-0.725087 -0.33447 
-0.71101 -0.364473 
0.720825 -0.488173 
-0.768002 -0.170094 
-0.771289 -0.104679 
-0.763199 -0.204286 
-0.75624 -0.239151 
-0.752059 -0.256226 
-0.537844 -0.562671 
-0.559092 -0.547368 
-0.515805 -0.576947 
-0.468917 -0.602672 
-0.579549 -0.531025 
-0.599094 -0.513735 
-0.389635 -0.634644 
-0.443558 -0.614312 
-0.359573 -0.643734 
-0.32928 -0.651505 
-0.492682 -0.590367 
-0.695545 -0.392884 
-0.617748 -0.495485 
0.735887 -0.469657 
0.749766 -0.449148 
0.704725 -0.505062 
-0.0126105 -0.680184 
0.0239248 -0.679687 
-0.0863206 -0.679429 
-0.122823 -0.678056 
0.76226 -0.425988 
0.060341 -0.67867 
-0.159434 -0.675893 
0.277458 -0.661999 
0.132254 -0.675207 
0.0963527 -0.677176 
0.168159 -0.672753 
-0.194784 -0.672949 
-0.230186 -0.66903 
0.203953 -0.669802 
-0.297048 -0.65842 
0.240769 -0.666205 
-0.263643 -0.664296 
0.316221 -0.656799 
0.473759 -0.624743 
0.440212 -0.633416 
0.571124 -0.590919 
0.506926 -0.614845 
0.397685 -0.642798 
0.61312 -0.570717 
0.592218 -0.581314 
0.632174 -0.559963 
0.650947 -0.548158 
0.779783 -0.37179 
-0.00484488 0.0520253 
0.0270652 0.0576266 
0.781974 -0.356301 
0.782948 -0.34054 
0.780563 -0.305727 
0.782551 -0.323215 
0.756302 -0.437775 
0.767808 -0.413235 
0.473907 -0.00590735 
0.510381 -0.0231783 
0.10812 0.0658703 
0.323071 0.0453469 
0.357142 0.0364653 
0.397165 0.0240541 
0.289083 0.0526746 
0.256157 0.0583168 
0.223336 0.062511 
0.144005 0.0667268 
0.183204 0.0656934 
0.546002 -0.0421512 
0.713356 -0.174808 
0.741496 -0.211991 
0.728389 -0.193515 
0.62205 -0.0911498 
0.641979 -0.106439 
0.661078 -0.122356 
0.697156 -0.156808 
0.776683 -0.287271 
0.753168 -0.230933 
0.770939 -0.268877 
0.580208 -0.0625911 
-0.0939285 0.0298843 
-0.0360633 0.0453104 
0.762953 -0.249751 
0.529275 -0.607307 
0.679619 -0.139237 
0.669664 -0.534951 
0.687908 -0.520379 
0.0731816 0.063384 
-0.635354 -0.476449 
-0.660154 -0.446045 
-0.678657 -0.419965 
-0.416805 -0.625097 
-0.049402 -0.68012 
0.354798 -0.650742 
0.436854 0.00959595 
-0.737134 -0.304187 
0.774737 -0.393162 
-0.770206 -0.145007 
-0.728268 -0.326967 
-0.768866 -0.161704 
-0.765857 -0.187183 
-0.759974 -0.221734 
-0.754215 -0.247697 
-0.548567 -0.555149 
-0.526915 -0.569942 
-0.589435 -0.522499 
-0.344462 -0.647774 
-0.456307 -0.608642 
-0.480874 -0.596659 
-0.703496 -0.378778 
0.743065 -0.459566 
0.712931 -0.496768 
0.00566368 -0.680003 
-0.141127 -0.677079 
0.0421399 -0.679241 
0.0783537 -0.677983 
-0.212492 -0.671119 
0.222372 -0.668077 
-0.280365 -0.661508 
0.296856 -0.6595 
0.457025 -0.629223 
0.490394 -0.619958 
0.418995 -0.638303 
0.259126 -0.664182 
0.602728 -0.576131 
0.622708 -0.565447 
0.641635 -0.554177 
0.581719 -0.586221 
0.0110654 0.0549808 
0.782618 -0.348432 
0.781757 -0.314451 
0.753109 -0.443505 
0.765129 -0.419654 
0.770292 -0.406727 
0.759362 -0.431923 
0.778349 -0.378978 
0.781028 -0.364069 
0.377234 0.0305037 
0.272649 0.05567 
0.239767 0.06059 
0.735086 -0.202655 
0.632091 -0.098699 
0.651614 -0.114299 
0.705378 -0.165702 
0.778846 -0.296455 
0.747496 -0.221364 
0.774028 -0.278009 
0.601393 -0.0765067 
0.563241 -0.0521594 
0.782943 -0.331875 
-0.771236 -0.120636 
-0.0205055 0.048806 
-0.065208 0.0379968 
0.767164 -0.259226 
-0.569428 -0.539321 
0.51813 -0.611161 
0.670448 -0.130692 
0.660399 -0.541686 
0.696444 -0.512861 
0.0906239 0.0648286 
-0.504328 -0.583796 
-0.608541 -0.504722 
-0.626674 -0.48607 
0.55034 -0.599462 
0.688499 -0.147916 
-0.648049 -0.461463 
-0.669609 -0.433133 
-0.403271 -0.63002 
-0.313192 -0.65512 
-0.430244 -0.619861 
-0.0310001 -0.680226 
-0.177111 -0.674533 
0.186064 -0.671341 
0.150214 -0.674041 
0.126048 0.0665135 
0.163604 0.0664669 
0.306117 0.0491931 
0.340156 0.0410859 
0.376276 -0.646937 
-0.687309 -0.406537 
-0.104568 -0.678834 
-0.0678558 -0.679857 
0.114311 -0.676251 
0.417102 0.0170631 
0.0500522 0.060846 
-0.246926 -0.666795 
0.203286 0.0643691 
0.455474 0.00205348 
0.33553 -0.653886 
0.728547 -0.479072 
0.758244 -0.24025 
0.721011 -0.184054 
0.678901 -0.527808 
-0.374652 -0.639357 
-0.718283 -0.349561 
0.528312 -0.0324539 
0.492251 -0.0143343 
-0.747524 -0.272571 
