ZONE T="boundary0"
-4 -0.580483 
-4 -0.697472 
-4 -0.415931 
-4 -0.368369 
-4 -0.320124 
-4 -0.167755 
-4 -0.220975 
-4 -0.271878 
-4 0.331762 
-4 0.274905 
-4 1 
-4 0.56098 
-4 0.38862 
-4 0.233058 
-4 -0.463493 
-4 -0.114535 
-4 -0.0303422 
-4 0.191212 
-4 0.156872 
-4 0.4748 
-4 0.78049 
-4 -0.848736 
-4 -1 
-4 0.122531 
-4 0.43171 
-4 0.0538507 
-4 -0.638978 
-4 -0.344246 
-4 -0.194365 
-4 -0.246427 
-4 0.303333 
-4 0.253981 
-4 -0.521988 
-4 -0.0724386 
-4 0.174042 
-4 0.890245 
-4 0.670735 
-4 -0.773104 
-4 -0.924368 
-4 0.139702 
-4 0.212135 
-4 0.360191 
-4 0.410165 
-4 0.453255 
-4 0.51789 
-4 0.0881911 
-4 0.0117543 
-4 -0.296001 
-4 -0.141145 
-4 -0.439712 
-4 -0.39215 
ZONE T="boundary1"
-3.03703 1 
-3.22163 1 
-3.70312 1 
3.42427 1 
3.85607 1 
1.31933 1 
0.0937538 1 
-0.316869 1 
-0.379668 1 
-3.85156 1 
-4 1 
-1.00121 1 
2.50441 1 
0.821582 1 
2.74158 1 
1.72069 1 
-2.78692 1 
1.9537 1 
-1.91521 1 
3.71213 1 
2.97875 1 
3.20151 1 
0.207364 1 
0.150559 1 
-0.0147224 1 
0.0369486 1 
-0.169735 1 
-0.118064 1 
-0.243302 1 
-0.442467 1 
-0.568065 1 
0.383567 1 
0.264169 1 
-0.68706 1 
-0.806055 1 
0.662273 1 
0.502964 1 
-0.90363 1 
-1.24011 1 
-1.12066 1 
-1.32407 1 
-3.40623 1 
-1.73462 1 
3.5682 1 
1.07046 1 
0.946019 1 
-2.09579 1 
2.34556 1 
2.18671 1 
-2.3163 1 
1.52001 1 
1.19489 1 
-0.0663934 1 
-1.40804 1 
-1.48968 1 
-1.57133 1 
4 1 
-2.5368 1 
-3.12933 1 
-0.348269 1 
-3.92578 1 
2.623 1 
-2.91197 1 
3.09013 1 
0.178962 1 
0.0111131 1 
0.0653512 1 
-0.1439 1 
-0.280086 1 
0.122156 1 
-0.505266 1 
0.323868 1 
0.235767 1 
-0.627562 1 
0.582618 1 
0.443265 1 
-0.952418 1 
-1.18038 1 
-0.854843 1 
-0.746558 1 
-3.77734 1 
-3.55467 1 
-1.28209 1 
3.49624 1 
3.64017 1 
3.31289 1 
1.00824 1 
0.741928 1 
-2.0055 1 
2.86017 1 
-3.31393 1 
2.42499 1 
2.26614 1 
-2.20604 1 
1.8372 1 
1.13267 1 
1.62035 1 
2.07021 1 
-1.82491 1 
-0.206519 1 
-0.0405579 1 
-0.0922289 1 
-0.411067 1 
-1.06093 1 
-1.36606 1 
-1.53051 1 
0.883801 1 
1.25711 1 
3.92803 1 
3.7841 1 
-1.44886 1 
-2.42655 1 
-2.66186 1 
-1.65297 1 
1.41967 1 
ZONE T="boundary2"
4 -0.423407 
4 -0.510947 
4 -0.239152 
4 -0.21342 
4 0.13264 
4 0.32314 
4 0.28392 
4 0.859868 
4 0.381305 
4 0.2447 
4 0.0281029 
4 0.439471 
4 -0.316346 
4 -0.264883 
4 -0.369876 
4 -0.598487 
4 -0.799243 
4 -1 
4 -0.179174 
4 -0.144927 
4 -0.076434 
4 0.509537 
4 0.579603 
4 0.719735 
4 1 
4 -0.467177 
4 -0.226286 
4 0.30353 
4 0.26431 
4 0.0803714 
4 -0.290614 
4 -0.396642 
4 -0.554717 
4 0.18867 
4 -0.698865 
4 -0.899622 
4 -0.162051 
4 -0.196297 
4 -0.252017 
4 -0.110681 
4 -0.0241655 
4 0.410388 
4 0.352223 
4 0.54457 
4 0.474504 
4 0.789801 
4 0.649669 
4 0.929934 
4 -0.343111 
ZONE T="boundary3"
-3.62269 -1 
1.23675 -1 
-0.440331 -1 
-0.201972 -1 
-0.134512 -1 
-0.517917 -1 
0.520368 -1 
0.579426 -1 
-0.707239 -1 
0.744327 -1 
2.21721 -1 
2.0177 -1 
-0.98573 -1 
-3.00696 -1 
2.65548 -1 
-1.60456 -1 
-3.31482 -1 
2.43634 -1 
3.1851 -1 
3.38882 -1 
-1.82831 -1 
-2.05205 -1 
-2.76666 -1 
-2.28921 -1 
-2.52637 -1 
0.448265 -1 
0.376161 -1 
-0.0703875 -1 
-0.00626299 -1 
0.0582284 -1 
0.12272 -1 
0.312072 -1 
0.247982 -1 
0.81182 -1 
0.691406 -1 
0.879313 -1 
0.638485 -1 
0.185351 -1 
-0.55671 -1 
-0.269432 -1 
0.933971 -1 
0.988628 -1 
1.09537 -1 
1.042 -1 
1.16606 -1 
1.43872 -1 
1.33773 -1 
-0.860664 -1 
-0.818975 -1 
-0.763107 -1 
-0.651371 -1 
-0.595503 -1 
-0.902352 -1 
-1.09479 -1 
1.62846 -1 
1.53359 -1 
-1.20386 -1 
3.79627 -1 
-1.30403 -1 
-1.40421 -1 
3.59255 -1 
-1.50439 -1 
-3.81134 -1 
-4 -1 
1.81819 -1 
4 -1 
-3.16089 -1 
-0.354882 -1 
2.78788 -1 
2.92029 -1 
-0.168242 -1 
0.549897 -1 
2.11745 -1 
-3.46876 -1 
2.32678 -1 
3.28696 -1 
-1.94018 -1 
-2.40779 -1 
0.412213 -1 
0.484317 -1 
-0.0383253 -1 
0.0259827 -1 
0.0904741 -1 
0.280027 -1 
0.344116 -1 
0.778073 -1 
0.717866 -1 
0.608955 -1 
0.664945 -1 
0.845567 -1 
0.154035 -1 
0.216666 -1 
-0.537314 -1 
0.961299 -1 
0.906642 -1 
1.06868 -1 
1.01531 -1 
1.13071 -1 
1.2014 -1 
1.38823 -1 
1.28724 -1 
-0.479124 -1 
-0.839819 -1 
-0.623437 -1 
-0.791041 -1 
-0.881508 -1 
-1.04026 -1 
1.58102 -1 
-1.14933 -1 
-1.25395 -1 
-1.4543 -1 
-3.90567 -1 
1.72332 -1 
1.48616 -1 
3.89814 -1 
-1.55447 -1 
-3.08392 -1 
-3.23786 -1 
3.49068 -1 
3.69441 -1 
-2.64652 -1 
-2.88681 -1 
1.91794 -1 
-3.71702 -1 
-1.71643 -1 
-0.735173 -1 
-0.679305 -1 
-0.397606 -1 
-0.312157 -1 
-0.576107 -1 
-0.944041 -1 
-0.235702 -1 
-0.10245 -1 
-2.17063 -1 
2.85408 -1 
3.05269 -1 
-1.35412 -1 
2.72168 -1 
2.54591 -1 
ZONE T="boundary4"
0.109317 0.0442346 
0.113441 0.0260185 
-0.597859 0.00225896 
-0.609632 -0.0453833 
0.127697 -0.00913064 
0.149545 -0.0400927 
0.162838 -0.0533764 
-0.606399 -0.0291697 
-0.60247 -0.0133122 
-0.339287 0.309256 
-0.232035 0.374283 
-0.249247 0.365232 
-0.592627 0.0174431 
-0.56711 0.0728764 
-0.552746 0.096964 
-0.00308039 0.428157 
0.0184696 0.423945 
-0.39573 0.26612 
-0.410249 0.253831 
0.136915 0.283856 
-0.586881 0.032083 
-0.580625 0.0463033 
-0.537952 0.118794 
-0.528069 0.132135 
-0.517813 0.14515 
-0.505499 0.159857 
-0.492794 0.174164 
-0.480227 0.187606 
-0.467391 0.200731 
-0.453564 0.214305 
-0.424986 0.240855 
-0.439519 0.227586 
-0.29699 0.337358 
-0.380981 0.278086 
-0.367033 0.288933 
-0.352892 0.29949 
0.131168 0.3194 
0.177343 -0.0650197 
0.200154 -0.0790729 
-0.266275 0.355753 
-0.281711 0.346716 
-0.169443 0.402394 
-0.190617 0.393771 
0.134698 0.241694 
0.136885 0.263793 
-0.311332 0.328197 
-0.148034 0.41011 
-0.0468492 0.430197 
-0.0677378 0.428592 
-0.131379 0.415367 
0.137755 -0.0252866 
-0.099416 0.423459 
-0.0841719 0.426312 
-0.21145 0.384385 
0.0395762 0.417265 
0.0574868 0.409166 
-0.114609 0.419954 
-0.612117 -0.0618268 
-0.0261991 0.430219 
-0.325526 0.318763 
0.223984 -0.089731 
0.107055 0.0982994 
0.134955 0.302292 
0.119593 0.00801291 
0.272443 -0.102849 
0.0807321 0.394247 
0.0914033 0.385122 
0.118857 0.349654 
0.11066 0.362873 
0.125675 0.335344 
0.107005 0.0627685 
0.111463 0.132332 
0.106357 0.0805649 
0.117765 0.162675 
0.0694945 0.402186 
0.101552 0.374555 
0.130435 0.217485 
0.124346 0.190403 
0.248267 -0.0974848 
0.111145 0.0350771 
0.156009 -0.0469221 
-0.604525 -0.0212185 
-0.240667 0.369812 
-0.60811 -0.0372577 
-0.595325 0.00987964 
-0.560115 0.0850343 
0.00776059 0.426338 
-0.40302 0.260013 
-0.583823 0.0392247 
-0.574106 0.0597132 
-0.533062 0.125503 
-0.589829 0.024793 
-0.511711 0.152552 
-0.499194 0.167055 
-0.522987 0.13868 
-0.486549 0.180923 
-0.46051 0.207553 
-0.473843 0.194203 
-0.417647 0.247379 
-0.388387 0.272143 
-0.359988 0.294247 
0.188505 -0.0724525 
-0.346111 0.304404 
-0.374033 0.283545 
-0.274015 0.351274 
-0.289372 0.342076 
-0.180067 0.398186 
0.136039 0.252745 
-0.158776 0.406369 
-0.0572997 0.429583 
-0.139727 0.412817 
0.143432 -0.0328518 
-0.446569 0.220978 
-0.0918056 0.424969 
-0.221779 0.379416 
0.0486552 0.413473 
-0.0365162 0.430414 
0.13716 0.273847 
0.211911 -0.0847664 
-0.31845 0.323512 
0.136187 0.293119 
0.123398 -0.000668151 
-0.0759648 0.427557 
-0.123013 0.417747 
-0.257787 0.360542 
0.0861763 0.389811 
0.114937 0.356381 
0.12246 0.342601 
0.116273 0.0169173 
0.107943 0.0534661 
0.16994 -0.0593926 
0.132501 -0.0173694 
0.108824 0.115386 
0.10655 0.0894365 
0.114428 0.147561 
-0.304181 0.332811 
0.106256 0.368836 
0.106501 0.0716654 
-0.545494 0.10798 
0.075203 0.398342 
0.0966114 0.379968 
0.132759 0.229583 
-0.107027 0.421783 
0.128646 0.327462 
-0.610971 -0.0535906 
0.1333 0.310914 
-0.600251 -0.0055007 
-0.43228 0.234253 
-0.332427 0.31404 
0.0635685 0.405805 
-0.014603 0.429479 
0.0291313 0.420919 
-0.201071 0.389169 
0.127501 0.203946 
0.23603 -0.0939158 
0.121036 0.176566 
0.2603 -0.100409 
ZONE T="boundary5"
-0.595647 -0.226964 
-0.604419 -0.194974 
-0.607963 -0.178394 
-0.614914 -0.111534 
-0.614306 -0.128237 
-0.614749 -0.0947715 
0.739333 -0.398688 
-0.612931 -0.145011 
-0.61082 -0.161664 
-0.144536 -0.617942 
-0.173032 -0.609467 
0.0145956 -0.650178 
-0.20122 -0.600083 
-0.252608 -0.580081 
-0.227092 -0.590509 
0.0477188 -0.654246 
-0.0184064 -0.645308 
-0.11395 -0.626007 
-0.0831188 -0.633154 
-0.0508518 -0.63967 
0.482187 -0.629596 
0.440224 -0.640486 
-0.514772 -0.380939 
-0.531184 -0.358276 
-0.546528 -0.334623 
-0.560894 -0.309597 
-0.298863 -0.558366 
-0.319929 -0.547128 
-0.27593 -0.569612 
-0.493367 -0.407335 
0.680767 -0.512583 
0.666808 -0.527399 
0.705746 -0.479664 
-0.57421 -0.282846 
0.598679 -0.154824 
0.617079 -0.164756 
-0.612117 -0.0618268 
0.214096 -0.663281 
0.180248 -0.662961 
0.0807776 -0.65753 
0.147056 -0.661885 
0.113917 -0.660075 
0.318 -0.658889 
0.282991 -0.661343 
0.247972 -0.66278 
-0.613818 -0.0782811 
0.396445 -0.649088 
0.353608 -0.655237 
0.503402 -0.622923 
0.544053 -0.607503 
0.563371 -0.598747 
0.524506 -0.615386 
0.582686 -0.588897 
0.601602 -0.578021 
0.61862 -0.567021 
0.63514 -0.555037 
0.635106 -0.176083 
0.652418 -0.188709 
0.540344 -0.132039 
0.560246 -0.138499 
0.673492 -0.206932 
0.692882 -0.227382 
0.693827 -0.49664 
0.272443 -0.102849 
0.303066 -0.107161 
0.651332 -0.541786 
0.733666 -0.420701 
0.725914 -0.441755 
0.716464 -0.461486 
0.742677 -0.375585 
0.743311 -0.35098 
0.724416 -0.274945 
0.391419 -0.111957 
0.333043 -0.109552 
0.47336 -0.118113 
0.431715 -0.114003 
0.580072 -0.146235 
0.506495 -0.123655 
0.523411 -0.127464 
0.362058 -0.110897 
0.734488 -0.300132 
0.740722 -0.325754 
-0.340582 -0.535191 
-0.360178 -0.522947 
-0.396599 -0.497523 
-0.430746 -0.470012 
-0.463085 -0.439946 
-0.478532 -0.423923 
0.729905 -0.287369 
0.710276 -0.250316 
-0.585709 -0.255534 
-0.606275 -0.186703 
-0.614705 -0.119889 
-0.614929 -0.103152 
-0.611966 -0.15335 
-0.613712 -0.136632 
-0.158818 -0.613816 
-0.214196 -0.595402 
-0.239895 -0.585405 
-0.129275 -0.622093 
-0.0670085 -0.636525 
0.461287 -0.635376 
-0.52312 -0.36971 
-0.553887 -0.322211 
-0.309444 -0.552835 
0.673909 -0.52011 
-0.504265 -0.394295 
0.607958 -0.159642 
0.19717 -0.663221 
0.0642387 -0.655982 
0.130481 -0.661071 
0.265485 -0.662183 
0.375059 -0.652414 
0.492824 -0.626357 
0.553758 -0.603232 
0.534318 -0.611544 
0.592213 -0.583584 
-0.613064 -0.0700442 
0.626961 -0.561145 
0.643874 -0.182244 
0.550336 -0.135129 
0.683451 -0.216908 
0.687438 -0.504731 
0.28771 -0.105291 
0.643334 -0.548536 
0.730044 -0.431329 
0.51399 -0.619261 
0.699946 -0.488269 
0.71129 -0.470689 
-0.61438 -0.0865212 
0.736784 -0.409776 
0.743375 -0.363303 
0.452538 -0.115724 
0.589439 -0.150388 
-0.60948 -0.170045 
0.626188 -0.170267 
0.514969 -0.125473 
0.5319 -0.129657 
0.570214 -0.142217 
0.347537 -0.1103 
0.573086 -0.59394 
-0.264313 -0.574944 
-0.287446 -0.564088 
0.738057 -0.312846 
0.318032 -0.108529 
-0.330308 -0.541248 
-0.350433 -0.529153 
-0.378607 -0.510543 
-0.413913 -0.484063 
-0.539011 -0.34655 
-0.187166 -0.604892 
-0.56776 -0.296325 
0.376725 -0.111426 
0.411549 -0.112821 
0.031145 -0.65231 
-0.00192079 -0.647846 
0.231035 -0.663136 
-0.447188 -0.455269 
-0.0985608 -0.629693 
-0.486028 -0.415699 
0.0973398 -0.658895 
-0.0346478 -0.642595 
0.163649 -0.662516 
0.300503 -0.660248 
0.41839 -0.645095 
0.659185 -0.534721 
0.721409 -0.451732 
0.741328 -0.387193 
0.732311 -0.293708 
0.610181 -0.572633 
0.742434 -0.338334 
0.717772 -0.262394 
0.70192 -0.238594 
0.727273 -0.281115 
-0.580178 -0.269283 
0.663173 -0.197569 
0.48996 -0.120596 
-0.600323 -0.211051 
0.335818 -0.657215 
-0.470884 -0.432006 
-0.590902 -0.241329 
