ZONE T="boundary0"
-4 0.1667 
-4 0.207461 
-4 -0.170071 
-4 0.256695 
-4 0.311948 
-4 0.357902 
-4 0.403857 
-4 1 
-4 0.768012 
-4 -0.118278 
-4 0.125939 
-4 0.536025 
-4 0.652019 
-4 -1 
-4 0.469941 
-4 0.000280999 
-4 0.0631099 
-4 -0.0589986 
-4 -0.221865 
-4 -0.296885 
-4 -0.271878 
-4 -0.377638 
-4 -0.433384 
-4 -0.515007 
-4 -0.59663 
-4 -0.798315 
-4 -0.321892 
-4 0.187081 
-4 0.284321 
-4 0.334925 
-4 0.38088 
-4 0.232078 
-4 0.884006 
-4 -0.144175 
-4 0.14632 
-4 0.594022 
-4 0.502983 
-4 0.436899 
-4 0.0316955 
-4 -0.0886385 
-4 0.0945244 
-4 -0.246871 
-4 -0.0293588 
-4 0.710016 
-4 -0.405511 
-4 -0.474195 
-4 -0.555818 
-4 -0.697472 
-4 -0.899157 
-4 -0.309388 
-4 -0.284382 
-4 -0.349765 
-4 -0.195968 
ZONE T="boundary1"
-3.59595 1 
-4 1 
3.75363 1 
3.50726 1 
2.19977 1 
2.02713 1 
0.0369486 1 
-0.467304 1 
-0.392086 1 
2.49282 1 
2.3463 1 
3.23236 1 
-1.14054 1 
-1.55728 1 
-1.48475 1 
-2.5636 1 
-2.71057 1 
-3.40623 1 
1.45312 1 
2.95746 1 
-1.84964 1 
2.72514 1 
0.171086 1 
-0.574312 1 
0.104017 1 
-0.118064 1 
-0.169735 1 
-0.0147224 1 
-0.243302 1 
-0.316869 1 
-0.68132 1 
-0.806766 1 
-0.932212 1 
0.59039 1 
-1.03638 1 
-1.24011 1 
-1.33968 1 
0.705986 1 
0.387997 1 
0.279541 1 
0.821582 1 
-1.62982 1 
1.18646 1 
1.05359 1 
4 1 
0.937586 1 
-3.03703 1 
1.31933 1 
-2.06945 1 
-2.31653 1 
-2.85754 1 
1.58691 1 
1.85448 1 
-3.21652 1 
-0.0663934 1 
0.225313 1 
1.72069 1 
3.63044 1 
2.11345 1 
-0.429695 1 
2.41956 1 
3.36981 1 
-1.52101 1 
-3.79797 1 
-3.50109 1 
3.09491 1 
0.137551 1 
-0.1439 1 
-0.280086 1 
-0.354478 1 
-0.206519 1 
-0.744043 1 
-0.869489 1 
-0.627816 1 
-0.520808 1 
-1.08846 1 
-1.28989 1 
-0.984294 1 
0.648188 1 
0.489193 1 
-1.59355 1 
1.12002 1 
-1.41221 1 
-1.73973 1 
0.333769 1 
3.87681 1 
-1.95954 1 
-2.44006 1 
-2.63708 1 
-2.78406 1 
2.27304 1 
1.94081 1 
2.60898 1 
1.38622 1 
-3.12678 1 
2.8413 1 
-2.94729 1 
-2.19299 1 
0.0704829 1 
-0.0405579 1 
-0.0922289 1 
0.0111131 1 
0.198199 1 
0.252427 1 
1.78759 1 
1.52001 1 
1.6538 1 
0.879584 1 
0.995587 1 
0.763784 1 
1.25289 1 
-3.31138 1 
-1.19032 1 
ZONE T="boundary2"
4 -0.342751 
4 -0.504063 
4 -0.423407 
4 -0.142292 
4 -0.010576 
4 0.241367 
4 -0.28994 
4 0.589229 
4 0.794615 
4 -0.846455 
4 -0.692911 
4 -1 
4 -0.189711 
4 -0.23713 
4 -0.598487 
4 -0.076434 
4 0.180378 
4 0.11939 
4 0.309022 
4 0.376678 
4 0.482953 
4 0.429816 
4 1 
4 -0.463735 
4 -0.769683 
4 -0.21342 
4 -0.316346 
4 -0.263535 
4 -0.383079 
4 -0.645699 
4 -0.551275 
4 -0.109363 
4 0.210873 
4 0.054407 
4 0.34285 
4 -0.923228 
4 0.536091 
4 0.456385 
4 0.149884 
4 0.897307 
4 0.691922 
4 -0.166001 
4 -0.043505 
4 0.275195 
4 0.403247 
ZONE T="boundary3"
-2.30106 -1 
-2.12629 -1 
3.61292 -1 
3.74195 -1 
3.48389 -1 
3.1851 -1 
1.70749 -1 
2.07112 -1 
-0.0695414 -1 
-0.00585297 -1 
-0.13671 -1 
-0.423467 -1 
0.425994 -1 
0.368555 -1 
0.677857 -1 
0.746646 -1 
-1.64766 -1 
-1.50475 -1 
-1.40608 -1 
-1.30742 -1 
-4 -1 
-3.74846 -1 
4 -1 
-2.75168 -1 
-2.47582 -1 
2.42466 -1 
-3.02755 -1 
1.42303 -1 
0.123364 -1 
0.609067 -1 
0.517531 -1 
0.311116 -1 
-0.203878 -1 
0.188892 -1 
-0.258776 -1 
-0.313673 -1 
0.874948 -1 
0.810797 -1 
-0.481504 -1 
0.0578354 -1 
-0.539541 -1 
1.11102 -1 
1.20133 -1 
0.250004 -1 
0.94783 -1 
1.02071 -1 
-0.655616 -1 
-0.871164 -1 
-0.76339 -1 
1.31218 -1 
-1.1003 -1 
-1.20386 -1 
-0.98573 -1 
-3.49692 -1 
-3.62269 -1 
1.56526 -1 
2.8863 -1 
-1.95843 -1 
-3.26223 -1 
-1.79057 -1 
2.65548 -1 
-2.21367 -1 
3.67743 -1 
3.3345 -1 
1.88931 -1 
-0.0376972 -1 
-0.103126 -1 
0.397275 -1 
0.712251 -1 
-1.5762 -1 
-1.35675 -1 
-3.87423 -1 
3.87097 -1 
-2.61375 -1 
2.24789 -1 
0.643462 -1 
0.471762 -1 
0.563299 -1 
-0.170294 -1 
-0.231327 -1 
0.842872 -1 
-0.286224 -1 
-0.36857 -1 
-0.452485 -1 
0.0259912 -1 
0.0905997 -1 
1.15618 -1 
0.219448 -1 
0.339836 -1 
0.911389 -1 
0.984271 -1 
-0.597578 -1 
-0.709503 -1 
1.36761 -1 
-1.45541 -1 
-1.15208 -1 
-1.25564 -1 
-0.928447 -1 
-1.04301 -1 
-3.5598 -1 
1.63638 -1 
-3.68557 -1 
3.0357 -1 
-2.04236 -1 
-2.38844 -1 
0.156128 -1 
0.28056 -1 
0.778721 -1 
-0.510523 -1 
1.06587 -1 
-0.817277 -1 
1.25676 -1 
3.54841 -1 
-1.8745 -1 
-1.71911 -1 
-3.37958 -1 
-3.14489 -1 
2.54007 -1 
2.77089 -1 
1.49415 -1 
-2.88961 -1 
ZONE T="boundary4"
-0.0123122 0.380546 
-0.0307853 0.376263 
0.0354577 0.388888 
0.0114687 0.385214 
-0.636374 -0.0100803 
-0.637477 -0.0264041 
-0.319604 0.263892 
-0.337296 0.256039 
-0.634259 0.00588796 
-0.631119 0.0215176 
-0.626979 0.0366711 
-0.151359 0.336701 
-0.137268 0.342176 
-0.615962 0.0650548 
-0.108321 0.35282 
-0.0800495 0.362303 
-0.62192 0.0511624 
-0.253352 0.293383 
0.251601 0.353263 
0.233444 0.363452 
-0.568406 0.131132 
-0.57727 0.122052 
-0.594135 0.10168 
-0.601931 0.0903653 
-0.533061 0.160235 
-0.541622 0.154006 
-0.585828 0.112303 
-0.581623 0.117228 
-0.609318 0.0780294 
-0.550663 0.146922 
-0.193047 0.31961 
-0.179239 0.325399 
-0.559391 0.139505 
0.383901 -0.0543719 
0.393726 -0.0715745 
0.215261 0.371668 
0.268801 0.34133 
0.285213 0.327238 
-0.47868 0.192395 
-0.500493 0.180703 
-0.427325 0.216545 
-0.444566 0.208778 
-0.41015 0.224113 
0.142931 0.390047 
0.160843 0.387267 
-0.351092 0.249943 
-0.286418 0.278679 
-0.270819 0.285627 
-0.235841 0.301111 
-0.302015 0.271725 
-0.365009 0.243825 
-0.165351 0.3311 
-0.122851 0.347585 
0.358293 0.0284488 
0.363371 0.00178302 
-0.637575 -0.0429373 
0.196706 0.378351 
-0.0646364 0.367042 
-0.214514 0.310417 
0.063137 0.391726 
0.333208 0.253576 
0.340247 0.23113 
0.300033 0.311379 
0.313035 0.293841 
-0.0490963 0.371486 
0.368704 -0.0174759 
0.355294 0.0551192 
0.345303 0.208146 
0.352905 0.108046 
0.353721 0.0817312 
0.350984 0.159295 
0.352189 0.133907 
0.117784 0.392337 
0.0899992 0.392912 
0.178653 0.383441 
0.375527 -0.0362404 
-0.461676 0.200779 
0.348797 0.1842 
0.324113 0.274599 
-0.524697 0.165933 
-0.516177 0.171396 
-0.387427 0.234029 
0.0234432 0.387183 
-0.328444 0.259964 
-0.635447 -0.0020812 
-0.629181 0.0291272 
-0.144322 0.339457 
-0.0942265 0.357669 
-0.624576 0.0439577 
-0.619062 0.0581573 
-0.000445525 0.382998 
0.24264 0.358566 
-0.572898 0.126647 
-0.598121 0.0960806 
-0.537367 0.157156 
-0.583743 0.11478 
-0.605727 0.0842551 
-0.579463 0.119654 
-0.546177 0.150507 
-0.186149 0.322516 
-0.555066 0.143257 
0.388632 -0.0630861 
0.277193 0.334506 
-0.489645 0.186673 
-0.435951 0.212687 
0.151908 0.388781 
-0.418736 0.220344 
-0.344191 0.252989 
-0.632822 0.0137266 
-0.278619 0.282154 
-0.244601 0.297253 
-0.262088 0.289508 
-0.0215647 0.37847 
-0.158363 0.333916 
-0.115597 0.350227 
0.360541 0.0150651 
-0.310809 0.267807 
-0.63765 -0.0346712 
0.206048 0.375184 
-0.61275 0.071595 
-0.294216 0.275202 
-0.172302 0.328263 
-0.225186 0.305778 
0.049279 0.3905 
-0.563949 0.13537 
-0.358046 0.246882 
0.336992 0.242458 
0.30678 0.302805 
-0.0568787 0.369304 
0.365858 -0.0079001 
0.342996 0.219706 
0.353261 0.0949046 
-0.637054 -0.0182351 
0.351682 0.146629 
0.356577 0.0417643 
-0.0399575 0.373934 
0.1039 0.392866 
0.130381 0.391414 
0.260347 0.347509 
-0.0723554 0.364709 
0.169778 0.385487 
0.187724 0.381045 
0.371925 -0.0269325 
0.379522 -0.0454016 
0.354371 0.0684276 
0.292841 0.319521 
-0.130069 0.344903 
0.352574 0.120995 
-0.453133 0.204818 
0.224439 0.367746 
-0.203793 0.315035 
0.347241 0.196223 
0.328946 0.264229 
0.0765615 0.392522 
0.350043 0.171783 
0.318845 0.284392 
-0.520455 0.168693 
-0.590061 0.107051 
-0.508383 0.176133 
-0.5289 0.163114 
-0.39878 0.22908 
-0.376206 0.238925 
-0.470199 0.196641 
ZONE T="boundary5"
0.442007 -0.127441 
-0.628885 -0.10909 
0.599845 -0.241342 
0.589464 -0.232197 
-0.63496 -0.0758939 
0.506947 -0.583395 
0.490019 -0.590762 
-0.619799 -0.141965 
-0.632319 -0.0925587 
0.65496 -0.323245 
0.648314 -0.306263 
-0.636715 -0.0594321 
-0.580727 -0.233339 
0.434225 -0.609578 
-0.23575 -0.546147 
-0.258196 -0.535917 
-0.320728 -0.502766 
-0.280285 -0.525029 
-0.300691 -0.514192 
-0.339488 -0.491311 
-0.0733046 -0.59987 
-0.0422838 -0.606838 
-0.0110508 -0.612979 
0.659652 -0.340376 
-0.211312 -0.556397 
-0.159566 -0.575351 
-0.132288 -0.58399 
-0.186536 -0.565915 
0.662872 -0.392545 
0.660585 -0.40923 
-0.409872 -0.440772 
0.662519 -0.35782 
-0.594538 -0.205596 
-0.549977 -0.285871 
-0.566016 -0.259885 
-0.375525 -0.467042 
-0.357866 -0.479325 
-0.392778 -0.454261 
-0.44317 -0.411872 
-0.459309 -0.396458 
0.569699 -0.546309 
0.630174 -0.275118 
0.393726 -0.0715745 
-0.426511 -0.426791 
0.408259 -0.0921116 
0.619145 -0.261188 
0.596019 -0.523935 
0.608127 -0.511459 
0.618822 -0.498832 
0.65154 -0.441586 
0.555677 -0.556248 
0.628609 -0.485493 
0.175595 -0.633499 
0.144922 -0.631953 
0.114329 -0.629695 
-0.637575 -0.0429373 
0.206698 -0.634304 
0.415426 -0.614373 
0.237856 -0.634299 
0.270532 -0.633352 
0.452854 -0.604118 
0.656798 -0.42555 
0.471568 -0.597836 
0.523503 -0.575263 
0.539864 -0.566182 
0.583104 -0.535607 
0.639917 -0.290058 
0.644973 -0.457015 
0.637328 -0.471581 
0.663566 -0.375223 
0.460342 -0.142524 
0.495983 -0.16767 
0.57876 -0.223529 
0.513503 -0.179031 
0.53447 -0.192514 
0.375884 -0.622418 
-0.475126 -0.380339 
-0.498115 -0.354885 
0.336806 -0.628056 
0.555238 -0.206361 
0.424549 -0.110756 
-0.51612 -0.333002 
-0.533357 -0.310123 
-0.102929 -0.592348 
0.303216 -0.631349 
0.083163 -0.626668 
0.0521088 -0.622922 
-0.60807 -0.174498 
0.0204507 -0.618338 
0.594704 -0.236709 
0.498522 -0.587173 
-0.630697 -0.100841 
0.651863 -0.314666 
-0.635945 -0.0676754 
-0.247013 -0.541115 
-0.269284 -0.530558 
-0.310754 -0.508554 
-0.330152 -0.497107 
-0.05782 -0.60346 
-0.0266891 -0.61001 
-0.145961 -0.579769 
-0.198962 -0.561247 
0.661923 -0.400917 
-0.587792 -0.219542 
-0.558159 -0.272971 
-0.366743 -0.473249 
-0.348723 -0.485386 
-0.451303 -0.404228 
-0.401378 -0.447581 
-0.418247 -0.433845 
0.400727 -0.0820499 
0.609767 -0.250984 
0.61358 -0.505238 
0.160252 -0.632817 
0.129617 -0.630912 
0.222275 -0.634406 
0.462241 -0.601072 
0.515272 -0.579429 
0.531741 -0.57083 
0.576479 -0.541058 
0.589653 -0.529875 
0.635223 -0.28247 
0.562755 -0.551377 
0.602177 -0.5178 
0.623833 -0.492251 
0.641292 -0.464375 
0.644324 -0.298051 
0.654344 -0.433628 
0.658875 -0.417435 
0.663433 -0.383895 
0.663263 -0.36651 
0.648416 -0.449371 
0.480831 -0.594401 
-0.637261 -0.0511914 
0.633097 -0.47862 
0.547839 -0.561327 
0.657531 -0.33175 
-0.384201 -0.460715 
0.451057 -0.135139 
0.624809 -0.26803 
0.477947 -0.155441 
0.523993 -0.185756 
0.58415 -0.22781 
0.504726 -0.173377 
-0.434901 -0.419396 
0.395712 -0.618706 
-0.486783 -0.367752 
0.356377 -0.625494 
0.544896 -0.199363 
-0.29053 -0.519685 
0.416185 -0.101641 
0.433116 -0.119288 
-0.467285 -0.388462 
0.567114 -0.214765 
-0.223573 -0.551366 
-0.507235 -0.344035 
-0.573521 -0.24669 
-0.0881449 -0.596212 
-0.117641 -0.588277 
0.191142 -0.634 
0.320023 -0.629867 
-0.524866 -0.321653 
0.0987356 -0.628272 
0.0676234 -0.624885 
0.254195 -0.633951 
-0.54181 -0.298089 
-0.614224 -0.158329 
-0.173089 -0.570736 
0.0362641 -0.620726 
0.28688 -0.632489 
-0.601533 -0.19014 
0.00468142 -0.615757 
0.661312 -0.349062 
0.424845 -0.612055 
0.443562 -0.606934 
-0.633742 -0.0842434 
-0.624681 -0.125616 
