ZONE T="boundary0"
-4 0.331762 
-4 0.4748 
-4 0.38862 
-4 0.7374 
-4 0.8687 
-4 0.6061 
-4 -0.0303422 
-4 -0.0990486 
-4 1 
-4 0.274905 
-4 0.160625 
-4 0.0460947 
-4 -0.282031 
-4 -0.320124 
-4 -0.580483 
-4 -0.167755 
-4 -0.848736 
-4 -0.697472 
-4 -1 
-4 0.236811 
-4 0.198718 
-4 0.122531 
-4 -0.243939 
-4 -0.133402 
-4 -0.205847 
-4 -0.391808 
-4 -0.463493 
-4 0.80305 
-4 0.54045 
-4 -0.0646954 
-4 0.93435 
-4 0.360191 
-4 0.43171 
-4 0.67175 
-4 0.00787625 
-4 -0.301078 
-4 -0.773104 
-4 -0.924368 
-4 0.255858 
-4 0.217765 
-4 0.303333 
-4 0.179671 
-4 0.141578 
-4 0.0843131 
-4 -0.150578 
-4 -0.186801 
-4 -0.224893 
-4 -0.262985 
-4 -0.355966 
-4 -0.427651 
-4 -0.521988 
-4 -0.116225 
-4 -0.638978 
ZONE T="boundary1"
-3.75 1 
-0.0147224 1 
3.60076 1 
4 1 
3.20151 1 
0.0937538 1 
0.207364 1 
-0.118064 1 
-0.580463 1 
1.35745 1 
1.19489 1 
1.07046 1 
-1.22237 1 
2.74158 1 
-4 1 
-3.875 1 
-1.32407 1 
-1.4477 1 
0.52292 1 
0.662273 1 
2.34556 1 
-2.39251 1 
-2.23341 1 
0.383567 1 
2.54357 1 
1.79107 1 
1.62843 1 
2.97155 1 
-0.358584 1 
-0.473866 1 
-0.243302 1 
-1.12066 1 
-1.01214 1 
-0.68706 1 
-0.795345 1 
-0.90363 1 
-1.57133 1 
-1.74327 1 
-1.91521 1 
0.946019 1 
-3.46237 1 
1.49294 1 
-2.55161 1 
-2.77794 1 
2.14963 1 
-3.00427 1 
1.9537 1 
-3.23332 1 
-2.07431 1 
0.804146 1 
3.80038 1 
0.0395157 1 
0.150559 1 
-0.0663934 1 
1.27617 1 
1.13267 1 
-3.9375 1 
0.592596 1 
2.44457 1 
1.70975 1 
3.08653 1 
2.85656 1 
3.40113 1 
-0.416225 1 
-0.180683 1 
-1.0664 1 
0.295465 1 
-0.633762 1 
-0.527165 1 
-0.849488 1 
-1.27322 1 
-1.38589 1 
-1.17151 1 
-1.50952 1 
-1.6573 1 
-1.82924 1 
-3.60619 1 
1.4252 1 
1.00824 1 
-2.66477 1 
-2.89111 1 
2.2476 1 
2.05167 1 
1.87239 1 
-3.8125 1 
-2.47206 1 
-2.31296 1 
-3.34785 1 
-3.1188 1 
2.64258 1 
-1.99476 1 
-2.15386 1 
-0.300943 1 
0.875082 1 
0.73321 1 
0.453243 1 
-0.957887 1 
-0.741203 1 
1.56069 1 
ZONE T="boundary2"
4 -0.423407 
4 -0.369876 
4 -0.316346 
4 -0.209163 
4 -0.179174 
4 -0.510947 
4 0.118191 
4 1 
4 -0.598487 
4 -0.799243 
4 -1 
4 0.859868 
4 -0.076434 
4 -0.277749 
4 -0.239152 
4 -0.0241655 
4 0.332613 
4 0.270446 
4 0.0281029 
4 0.20828 
4 0.239363 
4 0.509537 
4 0.614636 
4 0.376844 
4 0.421075 
4 0.163236 
4 0.719735 
4 -0.127804 
4 -0.343111 
4 -0.194168 
4 -0.467177 
4 -0.698865 
4 -0.297047 
4 -0.396642 
4 -0.0502998 
4 0.30153 
4 0.0731472 
4 0.223822 
4 -0.554717 
4 -0.899622 
4 0.562086 
4 0.929934 
4 -0.25845 
4 -0.224157 
4 0.0019687 
4 0.398959 
4 0.254905 
4 0.185758 
4 0.140714 
4 0.465306 
4 0.667186 
4 0.789801 
4 0.354728 
4 -0.153489 
4 -0.102119 
ZONE T="boundary3"
-1.82831 -1 
0.933971 -1 
0.447007 -1 
0.513846 -1 
-0.278427 -1 
-0.0711297 -1 
-0.00607958 -1 
0.057855 -1 
0.602626 -1 
-1.19941 -1 
-1.27566 -1 
-0.436399 -1 
-0.357413 -1 
1.16606 -1 
0.31444 -1 
-1.42814 -1 
-0.13618 -1 
0.872895 -1 
1.10403 -1 
1.33773 -1 
2.65548 -1 
3.69441 -1 
1.53359 -1 
2.92029 -1 
3.38882 -1 
-1.3519 -1 
4 -1 
-3.16089 -1 
-2.76666 -1 
2.43634 -1 
2.21721 -1 
-2.28921 -1 
-2.52794 -1 
-2.6473 -1 
0.380168 -1 
0.248711 -1 
0.18525 -1 
0.12179 -1 
0.691406 -1 
-0.207303 -1 
-0.31792 -1 
0.751613 -1 
-0.515951 -1 
0.81182 -1 
0.987985 -1 
1.042 -1 
-0.595503 -1 
1.20898 -1 
1.2519 -1 
1.43566 -1 
-0.908774 -1 
-0.818975 -1 
-0.707239 -1 
-0.651371 -1 
1.67589 -1 
1.81819 -1 
-0.998573 -1 
-1.04878 -1 
-1.09899 -1 
-3.39179 -1 
-3.62269 -1 
-1.50439 -1 
2.0177 -1 
-2.96378 -1 
-1.66635 -1 
3.15455 -1 
-3.81134 -1 
-4 -1 
-2.05876 -1 
-0.763107 -1 
0.480426 -1 
-0.0386046 -1 
-1.23754 -1 
-0.396906 -1 
2.78788 -1 
-1.39002 -1 
3.84721 -1 
2.32678 -1 
3.54162 -1 
-2.40857 -1 
-2.58762 -1 
0.281575 -1 
0.413588 -1 
0.347304 -1 
0.0258877 -1 
0.0898223 -1 
0.558236 -1 
0.647016 -1 
-0.171742 -1 
-0.298173 -1 
-0.242865 -1 
-0.337667 -1 
0.781716 -1 
0.903433 -1 
1.01499 -1 
0.842358 -1 
-0.103655 -1 
0.15352 -1 
0.721509 -1 
-0.555727 -1 
1.13504 -1 
1.23044 -1 
1.07301 -1 
1.3867 -1 
1.29482 -1 
-0.476175 -1 
-0.863875 -1 
-0.679305 -1 
1.60474 -1 
1.48463 -1 
1.74704 -1 
-0.953674 -1 
-3.50724 -1 
1.91794 -1 
-3.27634 -1 
-3.06233 -1 
-1.74733 -1 
-1.58537 -1 
-2.70698 -1 
-2.86522 -1 
3.03742 -1 
-3.71702 -1 
-3.90567 -1 
-1.94353 -1 
-2.17398 -1 
0.960978 -1 
0.216981 -1 
1.18752 -1 
-0.623437 -1 
-0.791041 -1 
-0.735173 -1 
-1.07389 -1 
-1.02368 -1 
-1.1492 -1 
-1.31378 -1 
-1.46627 -1 
3.27169 -1 
2.11745 -1 
2.54591 -1 
ZONE T="boundary4"
-0.47513 0.243798 
-0.462289 0.257931 
-0.0474003 0.232132 
-0.0542323 0.206131 
-0.384999 0.330003 
-0.522832 0.185668 
-0.511421 0.200483 
-0.287705 0.393136 
-0.269144 0.401561 
-0.621455 -0.012172 
-0.625174 -0.0286118 
-0.589081 0.0778763 
-0.601324 0.049954 
-0.628288 -0.0453956 
-0.617196 0.00382623 
-0.61236 0.0196383 
-0.11843 0.411304 
-0.607096 0.0348996 
-0.0405147 0.270837 
-0.372413 0.339851 
-0.630746 -0.0624052 
-0.0720908 0.0536068 
-0.0667226 0.0334775 
-0.0584343 0.0133137 
-0.576153 0.103344 
-0.565434 0.122295 
-0.554064 0.140799 
-0.544177 0.155823 
-0.533927 0.170547 
-0.487718 0.229348 
-0.449309 0.271564 
-0.436036 0.284824 
-0.147737 0.419687 
-0.423201 0.29702 
0.056763 -0.0744892 
-0.397657 0.319599 
-0.410121 0.308854 
-0.075034 0.0741569 
-0.0757608 0.0941577 
-0.000890181 -0.0504348 
-0.0182949 -0.0377021 
-0.346297 0.358726 
-0.172332 0.422105 
-0.332766 0.367671 
-0.132555 0.416186 
-0.231665 0.414495 
-0.318133 0.376684 
-0.303305 0.385098 
-0.0400165 0.300676 
-0.0746637 0.113988 
-0.07238 0.131583 
-0.0438121 0.324997 
-0.0704618 0.377183 
-0.0548442 0.354234 
-0.0595385 0.362393 
-0.0795216 0.386602 
-0.0646897 0.369955 
-0.0430051 0.25293 
-0.212981 0.418722 
-0.198738 0.420859 
-0.184702 0.421981 
-0.160273 0.421386 
-0.103708 0.404226 
-0.0910158 0.396093 
-0.0505637 0.345236 
-0.0469027 0.335635 
-0.250454 0.408721 
-0.0475165 -0.00543835 
-0.0339402 -0.0226796 
-0.359651 0.349338 
-0.0691301 0.148881 
-0.499692 0.215055 
0.0177009 -0.0607329 
0.0370457 -0.0686902 
0.169181 -0.0788242 
0.142061 -0.080994 
0.114197 -0.0814963 
-0.0616801 0.179268 
-0.0414935 0.313525 
-0.0396182 0.286571 
0.0857262 -0.0796101 
-0.468746 0.250902 
-0.050692 0.21915 
-0.517166 0.193109 
-0.278471 0.397486 
-0.623394 -0.0203732 
-0.595411 0.0640117 
-0.626814 -0.0369876 
-0.609793 0.0272927 
-0.614849 0.0117551 
-0.604272 0.0424521 
-0.378732 0.334968 
-0.629603 -0.0538874 
-0.0629189 0.0232522 
-0.57088 0.112873 
-0.559828 0.1316 
-0.54917 0.148346 
-0.539097 0.163219 
-0.528424 0.178144 
-0.481458 0.236607 
-0.455838 0.264789 
-0.429653 0.290964 
-0.403917 0.314265 
-0.391355 0.324842 
-0.0756433 0.0841514 
-0.416694 0.30298 
-0.009795 -0.0443557 
-0.140085 0.418131 
-0.339559 0.363252 
-0.310752 0.380965 
-0.29554 0.389206 
-0.325482 0.372244 
-0.0754219 0.104089 
-0.0736599 0.122811 
-0.0571163 0.358364 
-0.0748659 0.382016 
-0.0675083 0.373626 
-0.0450355 0.242538 
-0.205865 0.419911 
-0.222345 0.416799 
-0.178509 0.422148 
-0.166287 0.421852 
-0.110949 0.407988 
-0.0486407 0.340481 
-0.0972353 0.400345 
-0.259841 0.405296 
-0.153977 0.42066 
-0.125415 0.41393 
-0.0410286 -0.0143016 
-0.505592 0.207801 
0.0272674 -0.0649793 
-0.241095 0.411781 
-0.070862 0.140258 
0.128127 -0.0814981 
-0.191719 0.421546 
0.155625 -0.0800839 
-0.0656025 0.164157 
-0.0620455 0.366226 
-0.0452506 0.33036 
-0.0526179 0.349785 
-0.0532982 0.00374481 
-0.0415817 0.261895 
-0.0398998 0.278724 
-0.0406188 0.307137 
-0.0851236 0.391521 
-0.0396668 0.293652 
-0.442712 0.278239 
-0.366058 0.344638 
-0.353002 0.354082 
-0.0425361 0.3193 
-0.6194 -0.00415218 
-0.069716 0.0434585 
-0.0263702 -0.0304611 
-0.0579694 0.192743 
0.046835 -0.0718324 
0.0711689 -0.0774914 
-0.493737 0.222233 
0.00825318 -0.0558671 
-0.582782 0.0906992 
-0.0738539 0.0638404 
0.0999377 -0.0808949 
ZONE T="boundary5"
0.446874 -0.645213 
0.744848 -0.458545 
0.490481 -0.63378 
0.534742 -0.619126 
-0.603304 -0.27767 
-0.608454 -0.263325 
-0.556209 -0.370838 
-0.540053 -0.394608 
-0.621734 -0.216977 
-0.571165 -0.346038 
-0.585014 -0.319822 
-0.632594 -0.148438 
-0.630869 -0.165692 
-0.633958 -0.113792 
-0.633578 -0.0964624 
-0.633631 -0.13107 
-0.625357 -0.200269 
-0.632508 -0.0794154 
0.745874 -0.238297 
-0.187641 -0.628921 
-0.217126 -0.619948 
-0.244168 -0.610663 
-0.270855 -0.600406 
-0.319142 -0.578713 
-0.295203 -0.590005 
-0.157873 -0.636878 
-0.125927 -0.644305 
-0.0937832 -0.650728 
-0.0264493 -0.661199 
-0.0601751 -0.656428 
0.328535 -0.0568778 
0.471244 -0.0608708 
0.493834 -0.0653452 
-0.59769 -0.291839 
-0.420472 -0.516403 
-0.518773 -0.422284 
-0.630746 -0.0624052 
-0.455475 -0.487818 
-0.488333 -0.45643 
0.72525 -0.208049 
0.736027 -0.222875 
0.555317 -0.611061 
0.144758 -0.673127 
0.248663 -0.671361 
0.284723 -0.669078 
0.110558 -0.672241 
0.042126 -0.668288 
0.00780996 -0.665155 
0.0763334 -0.670634 
0.520569 -0.0722412 
0.213821 -0.672721 
0.178951 -0.673297 
0.361234 -0.660917 
0.320721 -0.665837 
0.596299 -0.592097 
0.575747 -0.602132 
-0.613232 -0.24851 
0.634934 -0.569781 
0.616565 -0.581014 
0.405671 -0.054266 
0.652918 -0.557498 
0.761412 -0.269157 
0.448848 -0.0575869 
0.687914 -0.52891 
0.670715 -0.543843 
0.7185 -0.496516 
0.703617 -0.513393 
0.767106 -0.284695 
0.771481 -0.300516 
0.713462 -0.193615 
0.754244 -0.253526 
0.765419 -0.412989 
0.772228 -0.387681 
0.756091 -0.43672 
0.774398 -0.315762 
0.776041 -0.360571 
0.621942 -0.11678 
0.169181 -0.0788242 
0.379214 -0.0540307 
-0.617538 -0.23355 
0.547327 -0.0810021 
0.7009 -0.179815 
0.687886 -0.166908 
0.645488 -0.132242 
0.597469 -0.10301 
0.572517 -0.0910898 
0.674242 -0.154641 
0.427228 -0.055447 
0.202812 -0.0745774 
-0.362553 -0.555183 
-0.382872 -0.542637 
0.732277 -0.478316 
0.40158 -0.654505 
0.270141 -0.0641991 
0.304196 -0.0595202 
0.236776 -0.0693848 
-0.503902 -0.439666 
0.776103 -0.331143 
0.353058 -0.0550027 
0.512733 -0.626838 
-0.605938 -0.270519 
-0.54829 -0.382831 
-0.578281 -0.333031 
-0.631817 -0.157073 
-0.633857 -0.105125 
-0.633882 -0.122433 
-0.633129 -0.0879332 
-0.202423 -0.624566 
-0.257559 -0.605658 
-0.141929 -0.640722 
-0.109878 -0.647637 
-0.0433262 -0.658925 
-0.230688 -0.615424 
-0.0769979 -0.653699 
0.482566 -0.0629635 
-0.591573 -0.30593 
-0.600554 -0.284777 
-0.529633 -0.408615 
-0.563858 -0.358541 
-0.472215 -0.472447 
0.730746 -0.215386 
-0.631713 -0.0709009 
0.545065 -0.615189 
0.266701 -0.670334 
0.127657 -0.672774 
0.0249606 -0.666821 
0.0934432 -0.671529 
-0.00933005 -0.663283 
0.507256 -0.0685836 
0.196389 -0.673105 
0.231247 -0.672141 
0.340998 -0.663553 
0.741073 -0.23051 
0.586077 -0.597229 
-0.610904 -0.255937 
0.625816 -0.575509 
0.644004 -0.563759 
0.460063 -0.0590918 
0.67943 -0.536515 
0.69589 -0.521283 
0.769458 -0.292566 
0.764416 -0.276874 
0.719457 -0.200753 
0.75019 -0.245842 
0.75798 -0.261277 
0.76919 -0.400447 
-0.615443 -0.241048 
0.565575 -0.6067 
0.534021 -0.0764041 
0.392433 -0.0539872 
0.694473 -0.173281 
0.633854 -0.12431 
-0.6332 -0.139759 
0.585095 -0.0968464 
0.707273 -0.186635 
0.660133 -0.143116 
0.438046 -0.0563947 
0.41645 -0.0547412 
-0.283076 -0.595316 
-0.307226 -0.584472 
0.606497 -0.586679 
0.661913 -0.550801 
0.609827 -0.10969 
0.185997 -0.0768665 
-0.341068 -0.567352 
-0.372772 -0.549005 
0.73877 -0.468571 
0.774571 -0.374203 
0.560005 -0.0858462 
-0.401919 -0.529871 
-0.172789 -0.633023 
0.424282 -0.650147 
0.287124 -0.0617496 
0.161855 -0.673302 
0.381437 -0.657908 
-0.511427 -0.431051 
0.219778 -0.0720432 
0.253427 -0.066762 
0.059225 -0.669555 
-0.438248 -0.502443 
0.711206 -0.505091 
0.681142 -0.160696 
0.775401 -0.323436 
0.725562 -0.487555 
0.750727 -0.447775 
0.761067 -0.424989 
-0.623618 -0.208639 
-0.628444 -0.183033 
0.776608 -0.345879 
0.468756 -0.639811 
0.340775 -0.0558337 
-0.496203 -0.448127 
0.302733 -0.667582 
0.366117 -0.0543759 
0.316342 -0.058114 
0.773092 -0.308121 
-0.619706 -0.225282 
