ZONE T="boundary0"
-4 -0.463493 
-4 -0.368369 
-4 -0.320124 
-4 0.122531 
-4 0.191212 
-4 0.274905 
-4 0.43171 
-4 0.8687 
-4 0.7374 
-4 -0.271878 
-4 -0.167755 
-4 0.331762 
-4 -0.0990486 
-4 -0.580483 
-4 0.4748 
-4 -0.848736 
-4 0.6061 
-4 0.0460947 
-4 0.38862 
-4 -0.0303422 
-4 -0.697472 
-4 1 
-4 -1 
-4 -0.344246 
-4 0.156872 
-4 0.233058 
-4 0.80305 
-4 -0.219817 
-4 0.303333 
-4 -0.133402 
-4 0.67175 
-4 0.410165 
-4 0.00787625 
-4 -0.0646954 
-4 0.360191 
-4 0.453255 
-4 0.0843131 
-4 -0.296001 
-4 -0.415931 
-4 -0.638978 
-4 0.54045 
-4 0.93435 
-4 -0.521988 
-4 -0.924368 
-4 -0.773104 
ZONE T="boundary1"
-3.22163 1 
-3.00427 1 
4 1 
3.5682 1 
0.0395157 1 
-0.0147224 1 
-0.0663934 1 
-0.118064 1 
0.383567 1 
0.207364 1 
-1.91521 1 
-1.74327 1 
1.27617 1 
0.295465 1 
0.150559 1 
-1.57133 1 
-1.40804 1 
-3.46237 1 
-0.68706 1 
-2.3163 1 
0.804146 1 
2.14963 1 
1.9537 1 
-3.70312 1 
3.20151 1 
-2.55161 1 
3.38486 1 
2.97155 1 
2.74158 1 
2.54357 1 
2.34556 1 
-0.180683 1 
-0.243302 1 
-0.379668 1 
0.662273 1 
0.52292 1 
-0.568065 1 
-0.473866 1 
-4 1 
-0.806055 1 
-1.00121 1 
-0.90363 1 
0.946019 1 
-1.24011 1 
-1.12066 1 
-1.32407 1 
1.35745 1 
1.07046 1 
1.62843 1 
1.52001 1 
-2.78692 1 
1.73686 1 
0.0937538 1 
1.19489 1 
-3.11295 1 
3.7841 1 
0.0123967 1 
-0.0922289 1 
-1.82924 1 
0.251415 1 
-1.48968 1 
-3.342 1 
-2.11575 1 
2.05167 1 
-3.58275 1 
2.85656 1 
-0.211993 1 
-0.149374 1 
-0.311485 1 
0.592596 1 
-0.520966 1 
-3.85156 1 
0.339516 1 
0.453243 1 
-0.426767 1 
-0.746558 1 
-0.952418 1 
0.875082 1 
0.73321 1 
-0.627562 1 
-1.18038 1 
-1.06093 1 
1.57422 1 
3.08653 1 
3.29318 1 
-2.66926 1 
-2.43395 1 
2.2476 1 
-1.6573 1 
1.84528 1 
2.44457 1 
2.64258 1 
0.178962 1 
0.0666348 1 
0.122156 1 
-0.0405579 1 
1.00824 1 
-0.854843 1 
-1.36606 1 
-1.28209 1 
1.23553 1 
1.43873 1 
1.13267 1 
1.31681 1 
1.68265 1 
3.47653 1 
-2.8956 1 
ZONE T="boundary2"
4 -0.510947 
4 -0.369876 
4 -0.316346 
4 -0.179174 
4 -0.209163 
4 -0.423407 
4 0.509537 
4 0.332613 
4 0.381305 
4 1 
4 0.28392 
4 -0.277749 
4 -0.598487 
4 0.614636 
4 0.719735 
4 -0.799243 
4 0.859868 
4 -0.076434 
4 -0.239152 
4 0.13264 
4 -0.0241655 
4 0.0281029 
4 0.20828 
4 -1 
4 -0.127804 
4 -0.343111 
4 -0.194168 
4 0.356959 
4 0.667186 
4 -0.698865 
4 0.789801 
4 0.929934 
4 -0.297047 
4 -0.25845 
4 -0.396642 
4 -0.554717 
4 -0.467177 
4 0.0019687 
4 0.445421 
4 0.308267 
4 0.562086 
4 -0.899622 
4 -0.224157 
4 0.2461 
4 0.17046 
4 -0.0502998 
4 0.0803714 
4 -0.153489 
4 -0.102119 
ZONE T="boundary3"
-3.81134 -1 
-3.62269 -1 
-0.595503 -1 
-0.517917 -1 
-1.50439 -1 
-1.30403 -1 
2.92029 -1 
2.78788 -1 
-0.707239 -1 
0.81182 -1 
-1.19941 -1 
-1.09479 -1 
-0.0703875 -1 
-0.902352 -1 
-0.818975 -1 
0.448265 -1 
0.513846 -1 
-0.00607958 -1 
3.69441 -1 
1.67589 -1 
3.38882 -1 
-2.05876 -1 
-1.82831 -1 
-2.28921 -1 
2.21721 -1 
2.65548 -1 
2.43634 -1 
-2.76666 -1 
-2.96378 -1 
0.691406 -1 
0.380168 -1 
0.312072 -1 
0.185351 -1 
0.248711 -1 
-0.354882 -1 
0.12179 -1 
-0.13618 -1 
0.0582284 -1 
0.579426 -1 
-0.278427 -1 
-0.201972 -1 
-0.436399 -1 
3.84721 -1 
0.751613 -1 
0.933971 -1 
0.872895 -1 
1.042 -1 
0.987985 -1 
1.10403 -1 
1.16606 -1 
1.33773 -1 
1.2519 -1 
-0.998573 -1 
1.43566 -1 
1.53359 -1 
1.81819 -1 
-3.39179 -1 
-3.16089 -1 
-1.66635 -1 
2.0177 -1 
-2.52794 -1 
4 -1 
3.15455 -1 
-4 -1 
-3.71702 -1 
-0.55671 -1 
-1.40421 -1 
2.85408 -1 
-1.1471 -1 
-0.860664 -1 
0.481055 -1 
3.54162 -1 
-1.94353 -1 
2.54591 -1 
-2.86522 -1 
0.34612 -1 
0.217031 -1 
0.280391 -1 
-0.103284 -1 
-0.0382336 -1 
0.546636 -1 
-0.651371 -1 
0.15357 -1 
0.0260744 -1 
0.090009 -1 
0.414217 -1 
0.635416 -1 
-0.240199 -1 
-0.477158 -1 
3.77081 -1 
0.781716 -1 
0.903433 -1 
1.01499 -1 
1.13504 -1 
0.960978 -1 
-0.395641 -1 
-0.169076 -1 
1.29482 -1 
-0.316654 -1 
-0.763107 -1 
-0.950463 -1 
-1.04668 -1 
1.20898 -1 
1.48463 -1 
1.74704 -1 
1.3867 -1 
-3.27634 -1 
-3.50724 -1 
1.60474 -1 
-1.58537 -1 
-1.74733 -1 
-2.17398 -1 
-2.40857 -1 
2.32678 -1 
2.11745 -1 
1.91794 -1 
2.72168 -1 
3.03742 -1 
3.27169 -1 
-2.6473 -1 
1.07301 -1 
0.721509 -1 
0.842358 -1 
-1.25172 -1 
-3.90567 -1 
-3.06233 -1 
3.9236 -1 
ZONE T="boundary4"
-0.468587 0.222684 
-0.455386 0.236638 
0.167355 -0.0880028 
0.194044 -0.0910454 
0.0958225 -0.0643033 
0.0788268 -0.0536007 
-0.616325 -0.0457103 
-0.613112 -0.0292054 
-0.609259 -0.0130447 
-0.60478 0.00284304 
-0.333863 0.340975 
-0.599792 0.0181956 
0.0630148 -0.0408134 
-0.441732 0.250527 
-0.594227 0.0333409 
-0.218811 0.405395 
0.0189144 0.027684 
0.0264655 0.00869534 
0.113614 -0.072958 
0.0137257 0.0474928 
0.0109282 0.066823 
-0.588256 0.0479229 
-0.56184 0.100132 
-0.547891 0.12277 
-0.538594 0.136639 
-0.528939 0.150219 
-0.517372 0.165572 
-0.274673 0.378216 
-0.493627 0.194648 
-0.481561 0.20844 
-0.320189 0.350309 
-0.427823 0.26409 
-0.347376 0.33132 
-0.505422 0.180566 
0.0409193 0.237565 
0.0350159 0.213416 
-0.400105 0.289307 
-0.414098 0.276873 
0.0131286 0.12356 
-0.386866 0.300545 
-0.373418 0.31147 
-0.198721 0.413043 
-0.178502 0.419475 
0.0466708 0.277977 
-0.36048 0.321541 
-0.305631 0.359767 
-0.290904 0.368829 
0.0109215 0.105019 
-0.258249 0.387055 
-0.0023057 0.396384 
-0.162869 0.423514 
-0.147239 0.42668 
-0.13321 0.42873 
0.0277879 0.361295 
-0.119274 0.429974 
-0.104458 0.430367 
0.0452733 0.310709 
0.046741 0.295068 
-0.0154725 0.405914 
-0.031674 0.414822 
-0.0681997 0.426737 
-0.0489376 0.421672 
-0.0859884 0.429392 
0.00624025 0.388753 
-0.575421 0.0752523 
-0.618847 -0.0624416 
0.0448156 0.259001 
0.0487682 -0.0259975 
-0.238652 0.396695 
0.0272981 0.185339 
0.0365278 -0.00944658 
0.0100863 0.0862607 
0.14043 -0.0822271 
0.22015 -0.0920429 
0.0335465 0.35036 
0.0196936 0.156345 
0.0139995 0.380521 
0.0385271 0.338217 
0.0211656 0.37145 
0.0424425 0.325187 
-0.462017 0.229694 
0.180665 -0.089812 
0.087177 -0.0591973 
-0.614806 -0.0374404 
-0.607099 -0.00507778 
-0.602359 0.010544 
0.0707297 -0.0474512 
-0.59708 0.0257952 
0.0223944 0.0180681 
0.0120718 0.0571211 
-0.591306 0.0406593 
-0.555001 0.111539 
-0.543291 0.129739 
-0.53381 0.143463 
-0.523209 0.157938 
-0.487628 0.201577 
-0.327049 0.345681 
-0.434813 0.257349 
-0.340643 0.336185 
-0.499563 0.187642 
-0.475107 0.215596 
-0.611269 -0.0211046 
-0.511445 0.173109 
0.0381154 0.225497 
-0.407136 0.283133 
-0.38017 0.306045 
-0.188646 0.416413 
-0.366973 0.31654 
-0.312935 0.355083 
-0.298292 0.364346 
0.0118691 0.11431 
-0.282818 0.373585 
-0.266491 0.382704 
-0.208805 0.409355 
-0.140231 0.427801 
-0.111861 0.430295 
-0.170703 0.421595 
0.0461979 0.302931 
-0.155067 0.425207 
-0.0584764 0.424489 
-0.00874379 0.401342 
-0.0951969 0.430091 
-0.126244 0.429454 
0.00204969 0.39266 
-0.393514 0.294963 
-0.448591 0.243618 
-0.568804 0.087791 
-0.617676 -0.0540622 
-0.582058 0.061695 
0.0556585 -0.0336368 
-0.0770468 0.428282 
0.0312038 0.199409 
0.0160251 0.0375099 
0.0312029 -0.000543587 
-0.0401899 0.418504 
0.0102762 0.0765331 
0.0103157 0.095656 
0.126871 -0.0780419 
-0.248492 0.391981 
0.207083 -0.0917546 
-0.420996 0.270523 
0.0423824 -0.0179258 
0.0160667 0.140048 
0.0361799 0.34436 
0.0102073 0.384722 
0.0176806 0.376068 
0.0245913 0.366454 
0.0440351 0.318003 
0.045959 0.268503 
0.0406392 0.331763 
-0.0234219 0.410625 
0.0469112 0.286551 
0.0307914 0.355902 
0.0233828 0.170905 
-0.353951 0.326465 
0.0430713 0.248287 
-0.228773 0.401165 
0.153815 -0.0854835 
0.104609 -0.0688643 
ZONE T="boundary5"
-0.609189 -0.214363 
-0.616173 -0.181061 
-0.612955 -0.197965 
-0.590239 -0.273849 
-0.584522 -0.28772 
0.518222 -0.0957185 
0.54171 -0.102257 
-0.621667 -0.129984 
-0.622053 -0.112993 
-0.621705 -0.0959457 
-0.620549 -0.147057 
-0.618721 -0.164013 
-0.620637 -0.0791758 
0.628974 -0.569287 
0.611148 -0.580463 
-0.180368 -0.620011 
-0.209185 -0.610784 
-0.235612 -0.601311 
-0.261679 -0.590925 
-0.285475 -0.580453 
-0.0884961 -0.642899 
-0.119987 -0.636068 
-0.0224328 -0.654293 
0.179916 -0.669316 
-0.151251 -0.628273 
0.565197 -0.1104 
-0.0555406 -0.64905 
-0.595501 -0.259797 
-0.557691 -0.340728 
-0.571669 -0.315097 
-0.542659 -0.364964 
-0.442589 -0.479376 
-0.308867 -0.569147 
-0.526485 -0.388189 
-0.475054 -0.448629 
-0.490488 -0.432228 
-0.505265 -0.415235 
0.571359 -0.601484 
0.551365 -0.610362 
0.348204 -0.0845013 
0.722077 -0.479227 
0.75171 -0.28281 
0.756349 -0.297094 
0.759868 -0.311649 
0.146154 -0.668679 
0.112417 -0.667313 
0.0786801 -0.665215 
0.0112345 -0.658742 
0.044994 -0.662372 
0.214358 -0.6692 
0.284444 -0.666422 
0.320052 -0.663577 
0.444698 -0.644035 
0.360085 -0.659064 
0.399981 -0.652999 
0.248802 -0.668278 
-0.618847 -0.0624416 
0.53119 -0.618365 
0.591422 -0.591497 
0.646363 -0.557083 
0.663502 -0.543545 
0.630693 -0.143157 
0.651362 -0.157274 
0.709084 -0.496965 
0.694966 -0.513505 
0.67999 -0.528785 
0.733862 -0.460081 
0.744344 -0.439104 
0.745789 -0.268433 
0.763017 -0.367208 
0.763432 -0.339896 
0.22015 -0.0920429 
-0.604846 -0.230613 
0.316318 -0.0868203 
0.498336 -0.0913336 
0.459429 -0.0855142 
0.478574 -0.0879439 
0.587302 -0.119676 
0.487677 -0.632844 
0.699908 -0.200801 
0.284958 -0.0892891 
0.252906 -0.0913134 
0.753007 -0.416487 
-0.351334 -0.545737 
-0.371238 -0.533318 
0.759351 -0.392582 
0.609201 -0.130581 
-0.389921 -0.520713 
-0.408136 -0.507451 
0.676584 -0.17775 
0.392949 -0.0826819 
0.72109 -0.226683 
0.71086 -0.21345 
0.73038 -0.240284 
0.738768 -0.25444 
0.44025 -0.0838597 
0.416564 -0.0827946 
-0.614646 -0.189529 
-0.587437 -0.280807 
0.530012 -0.0988094 
-0.621951 -0.121491 
-0.621972 -0.104468 
-0.619723 -0.155545 
-0.621199 -0.138526 
0.620128 -0.574988 
-0.194816 -0.615521 
-0.248693 -0.596235 
-0.222439 -0.60616 
-0.104266 -0.6396 
-0.165843 -0.624259 
-0.13565 -0.632296 
0.553517 -0.106141 
-0.0720396 -0.646092 
-0.592927 -0.266845 
-0.564865 -0.328014 
-0.482851 -0.440504 
-0.516084 -0.401876 
0.561406 -0.606029 
-0.534723 -0.376682 
0.758249 -0.304338 
0.163034 -0.669089 
0.0955435 -0.666356 
0.0618298 -0.663888 
-0.0056123 -0.656623 
0.302257 -0.665129 
0.380061 -0.656237 
0.231583 -0.668842 
0.541314 -0.614462 
0.581446 -0.596607 
0.65503 -0.550444 
0.637748 -0.563304 
0.641155 -0.150034 
0.715748 -0.488226 
0.687601 -0.521272 
-0.617534 -0.17255 
0.728167 -0.469784 
0.739343 -0.449722 
0.763687 -0.353577 
-0.621261 -0.0875549 
0.748889 -0.27557 
0.332232 -0.0855998 
0.508302 -0.0934045 
0.469007 -0.0866287 
-0.619832 -0.070799 
0.48847 -0.0895251 
0.509559 -0.626003 
0.26892 -0.0904121 
0.601352 -0.586105 
-0.273623 -0.585792 
-0.297223 -0.574906 
0.748961 -0.427917 
0.300617 -0.0880727 
-0.330312 -0.55782 
-0.361342 -0.539617 
0.236519 -0.0919028 
0.598343 -0.124949 
-0.399087 -0.514165 
-0.550339 -0.352948 
0.422395 -0.648816 
-0.578311 -0.30151 
0.370517 -0.0833135 
-0.0390033 -0.651781 
0.197137 -0.669356 
-0.497961 -0.423805 
0.340086 -0.661502 
0.0281043 -0.660657 
0.266629 -0.667469 
0.129283 -0.668086 
-0.459114 -0.464308 
0.671861 -0.5363 
0.70217 -0.505365 
0.576322 -0.114863 
0.75417 -0.289919 
0.762168 -0.32573 
0.756507 -0.404634 
0.620057 -0.136685 
0.761567 -0.379964 
0.664221 -0.167216 
0.68854 -0.188986 
0.716069 -0.219992 
0.734694 -0.24729 
0.725843 -0.23342 
-0.600405 -0.245281 
-0.611146 -0.206183 
-0.607088 -0.222506 
0.428399 -0.0831988 
0.404746 -0.0826288 
0.705472 -0.207055 
0.466266 -0.638766 
-0.425621 -0.493727 
0.742405 -0.261376 
0.449842 -0.0845938 
-0.380637 -0.527097 
