ZONE T="boundary0"
-4 -0.43103 
-4 -0.372047 
-4 0.356954 
-4 0.279826 
-4 0.251751 
-4 0.223676 
-4 0.85852 
-4 0.1956 
-4 0.167525 
-4 0.0882519 
-4 -0.211358 
-4 -0.490012 
-4 -0.690833 
-4 0.434081 
-4 1 
-4 -0.321077 
-4 -0.590423 
-4 -0.0718155 
-4 -0.270107 
-4 -0.15261 
-4 0.00897911 
-4 0.504821 
-4 -1 
-4 0.717041 
-4 0.575561 
-4 -0.845417 
-4 0.31839 
-4 0.237713 
-4 0.181562 
-4 0.92926 
-4 -0.460521 
-4 -0.540218 
-4 -0.401538 
-4 -0.295592 
-4 -0.181984 
-4 -0.240733 
-4 -0.112213 
-4 0.0486155 
-4 0.209638 
-4 -0.0314182 
-4 0.469451 
-4 0.646301 
-4 0.787781 
-4 -0.922708 
-4 -0.346562 
-4 0.127888 
-4 0.265789 
-4 0.395518 
-4 0.540191 
-4 -0.768125 
-4 -0.640628 
ZONE T="boundary1"
-3.79283 1 
-2.69412 1 
1.46468 1 
1.55285 1 
4 1 
3.81386 1 
0.44418 1 
0.349319 1 
0.289837 1 
0.230355 1 
0.1705 1 
-0.360929 1 
-0.540626 1 
-0.63727 1 
-0.735408 1 
-0.833547 1 
1.64102 1 
-1.45902 1 
0.954907 1 
-1.84679 1 
-2.03646 1 
2.31708 1 
2.48682 1 
1.16582 1 
-3.29505 1 
-3.58565 1 
-2.91629 1 
3.62772 1 
3.18803 1 
3.04147 1 
-4 1 
-0.443983 1 
0.110645 1 
0.0379694 1 
-0.215885 1 
-0.277874 1 
-0.034706 1 
0.640788 1 
0.539042 1 
-0.937057 1 
-1.04057 1 
-1.15074 1 
-1.26091 1 
0.84872 1 
0.742534 1 
-1.35996 1 
1.31525 1 
1.24054 1 
1.06037 1 
1.38996 1 
-1.65712 1 
-1.55807 1 
1.98295 1 
1.81199 1 
2.65656 1 
2.84901 1 
-2.25421 1 
2.15002 1 
3.33459 1 
-2.47196 1 
-0.0943007 1 
-0.153895 1 
1.50876 1 
3.90693 1 
0.39675 1 
0.260096 1 
-0.588948 1 
-0.784478 1 
-1.94162 1 
2.40195 1 
-3.44035 1 
-3.10567 1 
3.11475 1 
-3.89641 1 
-0.402456 1 
0.140572 1 
-0.246879 1 
0.200428 1 
-0.686339 1 
0.319578 1 
0.589915 1 
0.491611 1 
-0.885302 1 
-0.988812 1 
-1.20583 1 
-1.09565 1 
0.795627 1 
0.691661 1 
-1.40949 1 
-0.492305 1 
1.20318 1 
1.1131 1 
0.901813 1 
1.35261 1 
-1.60759 1 
1.89747 1 
2.57169 1 
2.94524 1 
2.75278 1 
-2.14533 1 
2.23355 1 
3.48115 1 
3.72079 1 
-1.50854 1 
-1.75195 1 
-2.80521 1 
2.06648 1 
-2.58304 1 
-0.0645034 1 
-0.124098 1 
0.00163171 1 
-0.319401 1 
0.0743072 1 
-0.18489 1 
-3.68924 1 
-1.31044 1 
1.27789 1 
1.00764 1 
1.42732 1 
1.59694 1 
1.7265 1 
3.26131 1 
-2.36308 1 
ZONE T="boundary2"
4 -0.520078 
4 -0.380961 
4 -0.34242 
4 -0.303879 
4 -0.744397 
4 0.304502 
4 0.775456 
4 1 
4 0.193985 
4 0.246417 
4 0.357085 
4 0.27546 
4 0.167768 
4 -0.21195 
4 -0.173584 
4 -0.135218 
4 -0.0660258 
4 -0.632238 
4 0.550912 
4 0.48029 
4 0.330794 
4 0.663184 
4 -0.45052 
4 -1 
4 0.141552 
4 0.00316675 
4 0.0723593 
4 0.409668 
4 -0.361691 
4 -0.323149 
4 0.887728 
4 0.220201 
4 0.180876 
4 -0.257915 
4 -0.154401 
4 -0.576158 
4 -0.192767 
4 0.515601 
4 0.71932 
4 -0.485299 
4 -0.872198 
4 0.260938 
4 0.15466 
4 0.037763 
4 0.106956 
4 0.343939 
4 0.383377 
4 0.317648 
4 0.444979 
4 -0.0314295 
4 -0.100622 
4 -0.688317 
4 0.289981 
4 -0.41574 
4 0.607048 
ZONE T="boundary3"
-3.81632 -1 
-3.63263 -1 
-1.24107 -1 
-1.12927 -1 
-0.00767239 -1 
0.0438223 -1 
-3.38397 -1 
-0.716476 -1 
-0.613868 -1 
0.0953169 -1 
-1.01746 -1 
-0.918272 -1 
-2.82102 -1 
-2.44045 -1 
0.417194 -1 
-3.13531 -1 
-2.17101 -1 
3.10869 -1 
-1.75299 -1 
-1.47654 -1 
1.79475 -1 
1.98544 -1 
3.29497 -1 
2.17613 -1 
2.29608 -1 
3.74063 -1 
2.65596 -1 
-0.333845 -1 
-0.260172 -1 
-0.132487 -1 
-0.19633 -1 
-0.0700798 -1 
0.158345 -1 
0.221374 -1 
0.724909 -1 
0.83144 -1 
0.319284 -1 
-0.407518 -1 
-0.819084 -1 
-0.510693 -1 
0.618377 -1 
-0.868678 -1 
1.25678 -1 
1.14947 -1 
0.936801 -1 
1.04216 -1 
-4 -1 
1.50334 -1 
1.38006 -1 
3.48125 -1 
1.64905 -1 
-1.3588 -1 
2.41604 -1 
2.88233 -1 
-1.962 -1 
4 -1 
-3.72448 -1 
-1.18517 -1 
0.0180749 -1 
-0.665172 -1 
-0.967867 -1 
-2.63073 -1 
-2.97816 -1 
-2.30573 -1 
1.8901 -1 
3.20183 -1 
2.23611 -1 
-0.297009 -1 
-0.164408 -1 
-0.101283 -1 
0.189859 -1 
-0.0388761 -1 
0.778174 -1 
0.0695696 -1 
0.270329 -1 
-0.76778 -1 
-0.562281 -1 
0.517786 -1 
-0.843881 -1 
1.20312 -1 
0.989481 -1 
0.368239 -1 
-3.90816 -1 
1.4417 -1 
-3.5083 -1 
-3.25964 -1 
1.7219 -1 
2.08078 -1 
-1.07336 -1 
-1.29994 -1 
-1.61476 -1 
2.35606 -1 
2.76914 -1 
2.99551 -1 
-2.06651 -1 
1.57619 -1 
3.87031 -1 
2.536 -1 
3.38811 -1 
-1.8575 -1 
3.61094 -1 
0.126831 -1 
-0.370682 -1 
-0.228251 -1 
-0.459106 -1 
-0.893475 -1 
-1.41767 -1 
0.671643 -1 
1.09582 -1 
1.31842 -1 
0.88412 -1 
ZONE T="boundary4"
-0.0831105 0.478446 
-0.109237 0.47192 
-0.498137 0.241412 
-0.445151 0.295691 
-0.463398 0.278477 
-0.623996 -0.0231702 
-0.620523 0.000459818 
-0.570682 0.138919 
-0.557899 0.160753 
0.643564 0.042155 
0.64632 0.0125387 
0.5459 0.294938 
0.554403 0.280479 
0.482978 0.374031 
0.494883 0.361949 
0.569886 0.250933 
0.582086 0.224986 
-0.326358 0.382148 
-0.346104 0.370173 
-0.615648 0.0240291 
-0.601689 0.0708282 
-0.609366 0.0475129 
-0.544077 0.182007 
0.625747 0.116359 
0.615229 0.146066 
-0.59265 0.0938832 
-0.248858 0.422247 
-0.229091 0.430914 
-0.51424 0.222124 
-0.529634 0.202249 
0.604781 0.172531 
0.593708 0.198776 
-0.386836 0.342776 
-0.406807 0.327826 
-0.426231 0.312165 
-0.366692 0.356807 
-0.306274 0.393548 
-0.287462 0.40356 
0.398232 0.436755 
-0.206929 0.439951 
-0.184527 0.448386 
-0.268399 0.413089 
-0.159961 0.456861 
-0.135154 0.464627 
-0.0561975 0.484323 
-0.00117369 0.493718 
0.0268904 0.497165 
-0.481139 0.260299 
-0.582286 0.116621 
0.335387 0.465618 
0.303221 0.476392 
0.470034 0.386047 
0.64662 -0.0021193 
0.645296 0.0272941 
0.44261 0.408244 
0.428185 0.418409 
0.359334 0.455957 
0.379003 0.446835 
0.506272 0.349336 
0.456585 0.397441 
0.517256 0.336053 
0.0850036 0.501377 
0.115166 0.501962 
0.0559154 0.499767 
0.27076 0.485021 
0.207091 0.496375 
0.175961 0.499583 
0.145313 0.501397 
0.52768 0.322283 
0.63454 0.0866524 
0.641178 0.0569466 
-0.0291169 0.489384 
0.238752 0.491584 
-0.0961978 0.475279 
-0.454362 0.287177 
-0.622432 -0.0113302 
-0.564423 0.149914 
0.550216 0.287747 
0.488996 0.368055 
0.576079 0.238003 
-0.336275 0.376233 
-0.618256 0.0122793 
-0.605691 0.0592243 
-0.612675 0.0358156 
-0.551109 0.171458 
0.620654 0.131271 
-0.597328 0.0824176 
-0.239001 0.426642 
-0.522031 0.212259 
-0.536959 0.192202 
0.599308 0.18568 
-0.396887 0.335389 
-0.416591 0.320085 
-0.435771 0.30402 
-0.356452 0.363573 
-0.316356 0.38792 
-0.2969 0.398614 
-0.195756 0.444243 
-0.258658 0.41773 
-0.147586 0.460833 
0.0128447 0.495554 
-0.472363 0.26948 
-0.506275 0.23184 
-0.587619 0.105321 
0.319394 0.471271 
-0.489729 0.250938 
0.644515 0.0347344 
0.435453 0.413406 
0.347426 0.460949 
0.38868 0.441914 
0.500646 0.355704 
0.463373 0.39182 
0.511836 0.342754 
0.369223 0.451513 
0.100082 0.50181 
0.0413922 0.498588 
-0.218041 0.435508 
0.191545 0.498156 
-0.172274 0.452712 
0.522541 0.329224 
0.476574 0.380113 
-0.277961 0.408385 
0.646561 0.00521155 
0.645896 0.0199226 
0.642449 0.0495634 
0.449658 0.402921 
0.56236 0.26582 
-0.122223 0.468369 
-0.576626 0.127844 
-0.376822 0.349875 
0.587956 0.211907 
-0.0426763 0.486957 
-0.0151623 0.491661 
0.130243 0.501826 
0.160647 0.500651 
0.413401 0.427897 
-0.0696762 0.481486 
0.0704528 0.500698 
0.222952 0.494176 
0.287056 0.480953 
0.610097 0.159334 
0.254801 0.488521 
0.630368 0.101571 
0.638139 0.0718615 
0.537052 0.308787 
ZONE T="boundary5"
-0.409811 -0.425794 
-0.430482 -0.415585 
-0.623996 -0.0231702 
-0.548234 -0.311978 
-0.535698 -0.328177 
-0.623974 -0.117306 
-0.62605 -0.0938704 
-0.62053 -0.140595 
-0.602005 -0.209625 
-0.609531 -0.186804 
-0.615712 -0.163782 
0.608591 -0.139112 
-0.559921 -0.295055 
0.64304 -0.045432 
0.64499 -0.0311291 
-0.490736 -0.374213 
-0.507447 -0.358967 
-0.266297 -0.455682 
-0.29262 -0.4548 
-0.62675 -0.0703705 
-0.317825 -0.452199 
-0.342798 -0.447793 
0.574118 -0.185643 
0.583486 -0.174722 
-0.388589 -0.434497 
-0.239927 -0.454828 
-0.160775 -0.443395 
-0.186955 -0.44848 
-0.213429 -0.452372 
-0.134547 -0.437261 
0.627739 -0.100486 
-0.471018 -0.389892 
-0.451158 -0.40349 
-0.521978 -0.344008 
0.600769 -0.151459 
0.563955 -0.196478 
-0.10837 -0.43031 
-0.0557203 -0.414711 
-0.0822261 -0.42276 
0.0250991 -0.389864 
-0.365902 -0.441972 
-0.582897 -0.254641 
-0.59315 -0.232221 
-0.0020784 -0.398083 
-0.0292093 -0.406483 
0.0530406 -0.38176 
0.0809944 -0.374095 
0.109658 -0.366737 
0.138304 -0.359883 
0.167592 -0.353331 
0.255814 -0.335079 
0.22636 -0.341094 
0.285407 -0.32883 
-0.626068 -0.0467899 
0.344068 -0.314821 
0.314889 -0.322151 
0.429227 -0.286333 
0.401354 -0.297159 
0.482292 -0.259836 
0.456144 -0.273998 
0.37301 -0.306549 
0.507289 -0.243898 
0.531301 -0.226004 
0.553394 -0.206814 
0.592383 -0.163333 
0.622112 -0.113551 
0.646183 -0.0166531 
0.64662 -0.0021193 
0.615666 -0.126555 
0.636893 -0.073368 
0.632691 -0.0870357 
0.640344 -0.0594914 
-0.571995 -0.275224 
0.19683 -0.347141 
-0.420236 -0.42087 
-0.542076 -0.320163 
-0.625184 -0.105604 
-0.622421 -0.128977 
-0.605926 -0.198268 
-0.618288 -0.152224 
0.644111 -0.0382935 
-0.499211 -0.366723 
-0.279468 -0.455466 
-0.305247 -0.45372 
-0.330353 -0.450225 
0.578863 -0.180235 
-0.399276 -0.43033 
-0.253108 -0.455463 
-0.200171 -0.450592 
-0.481018 -0.382231 
-0.514819 -0.351592 
-0.52895 -0.33619 
0.60476 -0.145335 
-0.554192 -0.303596 
-0.0689637 -0.418768 
-0.121438 -0.43387 
-0.461207 -0.396867 
-0.626572 -0.082126 
-0.588184 -0.243505 
-0.597731 -0.220984 
-0.377313 -0.438439 
0.0115016 -0.393942 
0.0670051 -0.377872 
0.0953123 -0.370355 
0.12397 -0.363253 
-0.612785 -0.175338 
0.152939 -0.356557 
0.24109 -0.338096 
0.270619 -0.331993 
-0.626582 -0.0585757 
0.329504 -0.318587 
0.415364 -0.291939 
0.358576 -0.310819 
0.519458 -0.235174 
0.54253 -0.216621 
0.569096 -0.191117 
0.588001 -0.16908 
0.558728 -0.201701 
0.46934 -0.267146 
0.646495 -0.00938901 
-0.625205 -0.0349654 
0.596649 -0.157447 
0.61221 -0.132879 
0.625013 -0.107056 
0.634885 -0.0802305 
0.630306 -0.0937944 
0.618976 -0.120096 
0.645682 -0.0238989 
0.641787 -0.0524799 
0.638713 -0.0664532 
-0.354402 -0.445087 
-0.577597 -0.265014 
-0.566108 -0.285232 
-0.440928 -0.409722 
-0.147637 -0.44044 
-0.173841 -0.446075 
0.0390578 -0.385765 
0.211593 -0.344103 
0.442781 -0.280378 
-0.0952828 -0.426592 
-0.226663 -0.453789 
-0.0424618 -0.410605 
0.300164 -0.32556 
0.494933 -0.252094 
-0.0156466 -0.402269 
0.182206 -0.350201 
0.387235 -0.302017 
