ZONE T="boundary0"
-4 -1 
-4 -0.167902 
-4 -0.114306 
-4 0.328094 
-4 1 
-4 0.721762 
-4 0.374922 
-4 0.523708 
-4 0.281265 
-4 -0.58588 
-4 0.00690713 
-4 -0.0607101 
-4 -0.681213 
-4 -0.254938 
-4 -0.21142 
-4 -0.304015 
-4 -0.353092 
-4 -0.42182 
-4 -0.490547 
-4 0.131159 
-4 0.0745244 
-4 0.23453 
-4 0.187794 
-4 0.622735 
-4 0.449315 
-4 -0.141104 
-4 0.860881 
-4 0.351508 
-4 -0.0875081 
-4 -0.840606 
-4 -0.233179 
-4 -0.189661 
-4 -0.328553 
-4 -0.279477 
-4 -0.387456 
-4 -0.456183 
-4 0.102842 
-4 0.211162 
-4 0.257898 
-4 0.0407158 
-4 0.573222 
-4 0.159477 
-4 0.304679 
-4 0.486511 
-4 0.412118 
-4 -0.0269015 
-4 0.672249 
-4 -0.633546 
-4 -0.538214 
ZONE T="boundary1"
-3.44189 1 
-3.24745 1 
-2.93264 1 
-3.053 1 
-4 1 
-3.75 1 
1.5617 1 
1.46768 1 
0.10658 1 
-0.324962 1 
-0.698329 1 
-0.390933 1 
-0.456904 1 
-0.543674 1 
4 1 
3.64278 1 
-1.33747 1 
-1.43985 1 
0.704884 1 
0.822578 1 
-2.07352 1 
-1.88045 1 
1.65571 1 
-2.27626 1 
-2.479 1 
3.12401 1 
-2.64564 1 
1.05398 1 
3.28557 1 
-3.59595 1 
2.63934 1 
2.26276 1 
-0.222531 1 
-0.273747 1 
-0.630445 1 
-0.766213 1 
-1.23508 1 
-0.82401 1 
-0.881807 1 
-0.957141 1 
-1.03248 1 
0.179758 1 
0.272181 1 
0.938281 1 
0.587189 1 
0.475896 1 
0.364603 1 
0.0334008 1 
-0.0987655 1 
-0.0326823 1 
1.28381 1 
1.1689 1 
1.37575 1 
-1.68739 1 
-1.13378 1 
1.84374 1 
2.05325 1 
-2.81228 1 
2.96246 1 
-0.160648 1 
-3.34467 1 
-2.99282 1 
-3.875 1 
1.51469 1 
-0.357948 1 
3.82139 1 
0.763731 1 
-1.97699 1 
-2.37763 1 
3.46418 1 
-3.51892 1 
-0.299355 1 
-0.248139 1 
-0.423918 1 
-0.500289 1 
-0.732271 1 
-0.58706 1 
-0.852908 1 
-0.994809 1 
-0.795112 1 
0.22597 1 
0.646036 1 
0.531543 1 
0.143169 1 
0.0699902 1 
-0.0657239 1 
0.000359259 1 
0.318392 1 
1.22635 1 
1.32978 1 
1.11144 1 
0.88043 1 
0.996133 1 
-1.56362 1 
-1.28627 1 
-1.38866 1 
1.60871 1 
1.74973 1 
-1.78392 1 
-3.67297 1 
2.158 1 
-2.87246 1 
2.45105 1 
2.8009 1 
-2.72896 1 
-2.56232 1 
-3.15022 1 
-2.17489 1 
1.9485 1 
3.04323 1 
3.20479 1 
-0.919474 1 
-0.19159 1 
-0.129707 1 
-1.08313 1 
0.42025 1 
1.42171 1 
-1.18443 1 
-0.664387 1 
ZONE T="boundary2"
4 -0.417578 
4 -0.35937 
4 -0.301003 
4 -0.237442 
4 -0.590547 
4 -0.70531 
4 -0.163286 
4 -0.0891292 
4 0.125943 
4 1 
4 -0.475785 
4 0.0656287 
4 -0.0117502 
4 0.186258 
4 0.263007 
4 0.288591 
4 0.237424 
4 0.600798 
4 0.518813 
4 -1 
4 -0.852655 
4 0.32565 
4 0.362709 
4 0.211841 
4 0.436828 
4 0.800399 
4 -0.388474 
4 -0.330187 
4 -0.647929 
4 -0.269223 
4 -0.533166 
4 -0.126207 
4 -0.200364 
4 -0.0504397 
4 0.275799 
4 -0.446681 
4 -0.926327 
4 0.250216 
4 0.224632 
4 0.199049 
4 0.1561 
4 0.0957859 
4 0.0269392 
4 0.34418 
4 0.30712 
4 0.399769 
4 0.559805 
4 0.700598 
4 0.47782 
4 0.900199 
4 -0.778982 
ZONE T="boundary3"
-3.74846 -1 
-4 -1 
0.256421 -1 
-0.758675 -1 
0.188892 -1 
0.311116 -1 
0.675294 -1 
-1.19066 -1 
-1.3662 -1 
1.40892 -1 
-1.08366 -1 
-0.665665 -1 
2.31335 -1 
-2.20641 -1 
-1.83787 -1 
-3.49692 -1 
-3.29949 -1 
3.75 -1 
3.4863 -1 
1.82126 -1 
3.31186 -1 
2.47426 -1 
2.8863 -1 
2.76073 -1 
-2.64011 -1 
-3.10206 -1 
-2.42326 -1 
-1.6898 -1 
0.121364 -1 
-0.0695414 -1 
-0.00569308 -1 
0.365811 -1 
0.425994 -1 
-0.203878 -1 
-0.13339 -1 
0.486177 -1 
0.0578354 -1 
0.613098 -1 
-0.274367 -1 
0.737491 -1 
0.80739 -1 
0.877289 -1 
1.01146 -1 
-0.572655 -1 
-0.348917 -1 
-0.423467 -1 
1.177 -1 
1.09423 -1 
1.29296 -1 
0.944377 -1 
-0.867667 -1 
1.52995 -1 
1.65098 -1 
1.99153 -1 
-0.976659 -1 
-1.54173 -1 
4 -1 
3.13742 -1 
-2.87109 -1 
2.63517 -1 
-3.87423 -1 
-1.27843 -1 
-0.71217 -1 
-2.02214 -1 
-3.62269 -1 
3.61815 -1 
2.82351 -1 
-2.31483 -1 
-1.76384 -1 
0.222657 -1 
-0.0376172 -1 
0.338464 -1 
0.395903 -1 
0.283768 -1 
0.155128 -1 
-0.168634 -1 
0.456086 -1 
-0.101466 -1 
0.0260712 -1 
0.549638 -1 
-0.239123 -1 
0.0895997 -1 
0.706393 -1 
0.84234 -1 
0.644196 -1 
-0.61916 -1 
-0.498061 -1 
1.05285 -1 
1.23498 -1 
1.35094 -1 
-0.311642 -1 
1.59047 -1 
1.9064 -1 
3.39908 -1 
-1.03016 -1 
-1.45397 -1 
-1.13716 -1 
-3.20078 -1 
1.73612 -1 
3.22464 -1 
-3.39821 -1 
-2.98658 -1 
3.01186 -1 
2.15244 -1 
-2.7556 -1 
2.69795 -1 
-1.61577 -1 
-2.53169 -1 
-0.813171 -1 
-0.922163 -1 
0.77244 -1 
0.910833 -1 
1.13562 -1 
0.977921 -1 
-0.386192 -1 
2.55471 -1 
1.46944 -1 
2.39381 -1 
3.875 -1 
ZONE T="boundary4"
0.281328 0.279008 
0.301264 0.276746 
-0.00502174 0.236845 
-0.0259329 0.234648 
-0.105231 0.240496 
-0.125175 0.246673 
-0.61809 0.15275 
-0.616741 0.172997 
-0.61792 0.0916349 
-0.618694 0.111902 
-0.61875 0.132349 
-0.614727 0.193145 
-0.612132 0.212846 
0.0153986 0.240037 
-0.616424 0.0713833 
-0.611346 0.0315866 
-0.614238 0.0514504 
-0.25294 0.375858 
-0.260922 0.391606 
0.0399712 0.244917 
-0.60896 0.232414 
-0.431386 0.506205 
-0.445123 0.501821 
0.321914 0.273166 
0.527638 0.124542 
0.537277 0.106261 
-0.0474403 0.233777 
0.261536 0.280174 
0.363284 0.261754 
0.38367 0.253781 
-0.57879 0.340999 
-0.601056 0.270302 
-0.6053 0.251447 
-0.596278 0.288637 
-0.53295 0.428148 
-0.296009 0.452093 
-0.500877 0.46565 
-0.514639 0.451351 
-0.472674 0.487896 
-0.486993 0.477703 
-0.282472 0.431706 
-0.458901 0.495745 
0.123707 0.264592 
0.151718 0.270417 
-0.5909 0.306725 
-0.524104 0.439999 
-0.303127 0.461145 
0.180235 0.275221 
-0.214094 0.312707 
-0.367754 0.505505 
-0.379453 0.508298 
-0.289174 0.442334 
-0.310693 0.469617 
-0.268951 0.407326 
-0.192759 0.289163 
-0.0851466 0.236448 
-0.177714 0.276106 
-0.16153 0.264655 
-0.418088 0.508915 
-0.404525 0.510148 
-0.391733 0.509887 
-0.318613 0.477343 
-0.356655 0.501621 
-0.336305 0.490991 
-0.327049 0.484426 
-0.345975 0.496648 
-0.0662418 0.234375 
-0.243655 0.358284 
0.403475 0.244349 
0.49036 0.176738 
0.475293 0.1925 
-0.143719 0.254645 
0.516729 0.142353 
0.0939452 0.25763 
0.422682 0.233443 
0.441337 0.220985 
0.459062 0.207174 
0.205924 0.278317 
0.545696 0.0876931 
0.242655 0.280353 
0.342447 0.268251 
0.559248 0.0504021 
0.564694 0.0317986 
0.553021 0.0689042 
0.504232 0.159929 
0.573647 -0.00484802 
-0.549543 0.402221 
-0.564865 0.373115 
0.0645286 0.250529 
-0.230139 0.335355 
-0.0154614 0.235597 
-0.115283 0.243321 
-0.617501 0.162879 
-0.618397 0.101765 
-0.618812 0.122125 
-0.615816 0.183079 
-0.615419 0.0614072 
-0.256944 0.383726 
-0.610617 0.222642 
-0.438312 0.504199 
-0.617262 0.0815024 
0.311617 0.275115 
0.532599 0.115476 
-0.0366791 0.234021 
0.373548 0.257949 
-0.603256 0.260892 
-0.598745 0.27949 
-0.607201 0.241945 
-0.507913 0.458649 
-0.494074 0.471838 
-0.465886 0.491994 
0.137689 0.267615 
-0.585135 0.323965 
-0.519453 0.445741 
-0.593666 0.297704 
-0.373567 0.507054 
-0.299501 0.456671 
-0.275525 0.41962 
-0.0952373 0.238228 
-0.185385 0.282444 
-0.169776 0.270183 
0.16595 0.272978 
-0.452091 0.498964 
-0.292528 0.447258 
-0.411323 0.509723 
-0.398124 0.510192 
-0.314584 0.473551 
-0.362156 0.503703 
-0.331606 0.487807 
-0.341077 0.493927 
-0.385571 0.509257 
-0.30684 0.465444 
-0.322762 0.480966 
-0.285764 0.437058 
-0.0757155 0.235217 
0.393657 0.249243 
-0.248359 0.367039 
0.48297 0.184756 
0.00520578 0.238329 
-0.0568469 0.233905 
-0.152758 0.259413 
-0.134552 0.250415 
0.0277073 0.242363 
0.432123 0.227384 
0.450327 0.214242 
0.467311 0.199984 
0.413177 0.239068 
0.193061 0.276925 
0.541619 0.0970367 
0.224268 0.279709 
0.332221 0.270875 
-0.47996 0.48298 
0.352922 0.265183 
0.291312 0.278016 
0.27144 0.27972 
0.562056 0.0411251 
0.556235 0.0596868 
0.549478 0.0783453 
0.497449 0.16846 
0.569402 0.0135317 
0.510636 0.151251 
0.522331 0.133537 
-0.613504 0.203006 
-0.61288 0.0415058 
-0.618508 0.142552 
-0.572116 0.357183 
-0.557493 0.38782 
0.0522645 0.247661 
0.0792396 0.254067 
-0.54154 0.415372 
0.108812 0.261175 
-0.351254 0.499266 
-0.424773 0.507739 
-0.264911 0.399477 
-0.23709 0.346706 
-0.528602 0.434131 
0.252096 0.280374 
-0.222398 0.32383 
-0.203838 0.300561 
ZONE T="boundary5"
-0.291405 -0.432312 
-0.308596 -0.420966 
-0.603696 -0.00684492 
-0.325141 -0.409421 
-0.607852 0.0123124 
-0.611346 0.0315866 
-0.150515 -0.504659 
-0.173098 -0.495223 
-0.273922 -0.443214 
-0.341378 -0.397455 
-0.357797 -0.384668 
0.490502 -0.522218 
-0.255289 -0.454168 
-0.195402 -0.485166 
-0.125966 -0.514111 
-0.236368 -0.464629 
-0.216028 -0.475173 
0.0104743 -0.553235 
0.630692 -0.349165 
0.62737 -0.364189 
-0.465145 -0.278848 
-0.550713 -0.14867 
0.587739 -0.444088 
-0.373857 -0.371441 
-0.390597 -0.356832 
-0.446622 -0.300583 
0.427171 -0.548017 
0.634291 -0.302821 
0.633429 -0.286876 
0.460424 -0.536001 
0.475611 -0.529431 
0.626026 -0.240304 
0.62051 -0.21669 
0.178538 -0.574893 
0.151525 -0.573265 
0.0686294 -0.56384 
0.0394753 -0.558944 
0.12456 -0.570927 
0.23335 -0.575908 
0.20594 -0.575794 
0.290114 -0.57343 
0.323464 -0.570069 
0.261761 -0.575147 
-0.406887 -0.341731 
-0.101148 -0.522859 
-0.0742484 -0.531477 
0.568043 -0.466504 
-0.0471014 -0.53931 
0.532399 -0.496784 
0.519609 -0.50548 
0.556685 -0.477312 
0.544711 -0.487456 
0.505269 -0.514205 
0.57823 -0.455591 
0.604361 -0.4196 
0.632942 -0.333925 
0.596438 -0.432118 
0.617841 -0.392595 
0.611554 -0.406356 
0.6231 -0.37857 
0.634139 -0.318406 
0.59494 -0.110397 
0.573647 -0.00484802 
0.631636 -0.271006 
0.608462 -0.168749 
0.614589 -0.193078 
0.602534 -0.144277 
-0.423245 -0.325592 
0.58798 -0.076297 
-0.51751 -0.206049 
-0.500754 -0.231269 
-0.483093 -0.255867 
-0.0184179 -0.546689 
0.393734 -0.557367 
0.358408 -0.5648 
0.0965476 -0.567754 
-0.533889 -0.179233 
0.581004 -0.0405352 
-0.566628 -0.115764 
-0.581144 -0.0806537 
-0.593542 -0.0443955 
-0.300037 -0.426695 
-0.316906 -0.415247 
-0.605856 0.00271602 
-0.609682 0.0219345 
-0.161839 -0.500019 
-0.282699 -0.437819 
-0.349631 -0.391117 
-0.138274 -0.509474 
-0.205749 -0.480239 
-0.226234 -0.46997 
0.629166 -0.356706 
-0.365873 -0.37811 
0.633984 -0.294837 
0.468053 -0.532794 
-0.333299 -0.403491 
0.623345 -0.228479 
0.165026 -0.574169 
0.0540354 -0.561493 
0.138035 -0.572183 
0.219644 -0.575952 
0.306808 -0.571938 
0.275945 -0.574412 
-0.398799 -0.349343 
0.443918 -0.542342 
-0.0877299 -0.527268 
-0.0607031 -0.535491 
0.562444 -0.471992 
0.526058 -0.501212 
0.55077 -0.482468 
0.538616 -0.492201 
0.512495 -0.509934 
0.573217 -0.461122 
0.600501 -0.425924 
0.583072 -0.449912 
0.614818 -0.39953 
0.60807 -0.413039 
0.631951 -0.341565 
0.625361 -0.371417 
0.634342 -0.310615 
0.633674 -0.326176 
0.497934 -0.5183 
0.620593 -0.385629 
0.592183 -0.438172 
-0.382282 -0.364199 
-0.264642 -0.448753 
-0.245863 -0.45946 
0.611511 -0.180917 
0.598648 -0.127359 
-0.184286 -0.490273 
-0.415131 -0.333727 
0.60546 -0.156522 
-0.435088 -0.313231 
0.617571 -0.204878 
-0.455999 -0.289814 
-0.509245 -0.218734 
0.192235 -0.57544 
0.0249547 -0.556191 
-0.00399512 -0.550066 
0.410533 -0.552978 
0.376129 -0.561358 
-0.113588 -0.518573 
-0.474241 -0.267453 
-0.49204 -0.243652 
0.0825756 -0.565889 
0.247559 -0.575643 
-0.0327867 -0.543105 
-0.525836 -0.192724 
0.110544 -0.569433 
-0.54249 -0.164056 
0.58449 -0.058417 
-0.5589 -0.132328 
0.340971 -0.567668 
-0.574154 -0.0983195 
-0.587633 -0.0626237 
0.632642 -0.278931 
0.62912 -0.255602 
0.483095 -0.525908 
0.591393 -0.0933611 
-0.598933 -0.0257049 
0.577426 -0.0226714 
