ZONE T="boundary0"
-4 -1 
-4 -0.807547 
-4 -0.316971 
-4 -0.200878 
-4 -0.256713 
-4 0.297843 
-4 0.516803 
-4 0.191697 
-4 0.758401 
-4 0.00801197 
-4 0.434877 
-4 -0.068516 
-4 -0.366959 
-4 -0.416946 
-4 -0.51602 
-4 -0.615094 
-4 -0.145044 
-4 0.140659 
-4 0.242734 
-4 0.352951 
-4 1 
-4 -0.71132 
-4 -0.903773 
-4 -0.228795 
-4 -0.286842 
-4 -0.391952 
-4 -0.466483 
-4 -0.565557 
-4 -0.10678 
-4 0.0743357 
-4 0.217216 
-4 0.270289 
-4 0.47584 
-4 0.325397 
-4 0.393914 
-4 0.879201 
-4 -0.030252 
-4 0.637602 
-4 -0.172961 
-4 0.166178 
-4 -0.341965 
-4 -0.663207 
-4 -0.759434 
ZONE T="boundary1"
1.43269 1 
1.54102 1 
-1.34949 1 
-1.27599 1 
0.149202 1 
0.478158 1 
0.285994 1 
-1.96636 1 
-1.77007 1 
0.979223 1 
-2.15469 1 
1.86601 1 
4 1 
3.67455 1 
-3.46877 1 
-3.64585 1 
2.27664 1 
-2.7213 1 
-2.84739 1 
2.90568 1 
2.59116 1 
-3.29169 1 
3.34911 1 
3.12739 1 
-2.34303 1 
-2.59521 1 
-3.06954 1 
0.00438034 1 
0.217598 1 
0.382076 1 
0.612626 1 
-0.171085 1 
-0.248388 1 
-0.420355 1 
-0.0833522 1 
-0.325691 1 
-0.51502 1 
-0.724083 1 
0.747094 1 
0.863159 1 
-0.945366 1 
-0.834724 1 
0.0767913 1 
-0.619551 1 
-0.0394859 1 
1.08964 1 
-3.82292 1 
-4 1 
-1.46164 1 
-1.07393 1 
-1.20249 1 
-1.57379 1 
1.64935 1 
1.31637 1 
1.20005 1 
2.07133 1 
3.51183 1 
2.4339 1 
1.48685 1 
-1.31274 1 
-1.86821 1 
3.83728 1 
-3.55731 1 
-2.78434 1 
2.74842 1 
3.23825 1 
-2.46912 1 
-3.18062 1 
-2.65825 1 
-2.95846 1 
0.430117 1 
-0.209736 1 
-0.127218 1 
-0.287039 1 
-0.467687 1 
0.805126 1 
-0.890045 1 
0.0405858 1 
0.251796 1 
-0.567285 1 
-0.373023 1 
-0.0614191 1 
-3.38023 1 
-3.73438 1 
-3.91146 1 
0.545392 1 
-0.671817 1 
-1.00965 1 
-1.13821 1 
0.921191 1 
1.03443 1 
-1.51771 1 
-1.40557 1 
3.01654 1 
1.25821 1 
1.59518 1 
1.75768 1 
-1.67193 1 
1.96867 1 
2.17399 1 
3.59319 1 
-2.06053 1 
0.334035 1 
0.1834 1 
0.67986 1 
0.112997 1 
-0.0175528 1 
-0.779404 1 
2.35527 1 
1.37453 1 
2.51253 1 
-2.24886 1 
1.14484 1 
-1.23924 1 
3.43047 1 
ZONE T="boundary2"
4 -0.33675 
4 -0.258427 
4 -0.0370528 
4 0.3493 
4 0.320844 
4 1 
4 -0.648464 
4 -1 
4 -0.824232 
4 -0.157682 
4 -0.208055 
4 0.0978794 
4 0.425493 
4 0.501685 
4 0.626264 
4 0.750843 
4 0.263934 
4 0.292389 
4 0.132279 
4 0.235478 
4 0.166679 
4 -0.531768 
4 0.387396 
4 0.201079 
4 0.0304133 
4 -0.415072 
4 -0.297589 
4 0.335072 
4 -0.912116 
4 -0.0973676 
4 0.463589 
4 0.688553 
4 0.278161 
4 0.149479 
4 0.875421 
4 -0.736348 
4 0.183879 
4 0.115079 
4 0.306617 
4 0.249706 
4 -0.00331978 
4 0.406444 
4 0.368348 
4 0.0641463 
4 -0.182869 
4 -0.233241 
4 -0.375911 
4 -0.47342 
4 -0.590116 
4 0.563975 
4 0.218278 
ZONE T="boundary3"
-4 -1 
-1.82945 -1 
-1.13687 -1 
3.5315 -1 
3.68767 -1 
-0.691787 -1 
0.695485 -1 
-0.117413 -1 
-1.34131 -1 
-0.375955 -1 
1.24643 -1 
3.02994 -1 
2.83757 -1 
-3.62764 -1 
3.37533 -1 
3.20264 -1 
-3.3051 -1 
4 -1 
2.29253 -1 
2.46886 -1 
2.6452 -1 
-2.93316 -1 
-1.9477 -1 
-2.06596 -1 
-0.275408 -1 
-0.584145 -1 
0.212418 -1 
0.281014 -1 
0.430864 -1 
0.355939 -1 
0.613888 -1 
0.777081 -1 
-0.196411 -1 
0.0782957 -1 
0.143822 -1 
0.0127696 -1 
0.522376 -1 
-0.476502 -1 
-0.0523217 -1 
1.04559 -1 
0.942367 -1 
1.14882 -1 
1.34404 -1 
1.48334 -1 
1.62264 -1 
-0.855767 -1 
-1.02365 -1 
-1.23909 -1 
-1.67122 -1 
-1.513 -1 
1.70903 -1 
3.84383 -1 
1.96819 -1 
1.79541 -1 
-3.50351 -1 
-3.10669 -1 
-2.75964 -1 
-2.53105 -1 
-2.30246 -1 
-3.75176 -1 
-0.967038 -1 
-0.910427 -1 
-0.801107 -1 
3.60958 -1 
2.93375 -1 
3.28898 -1 
2.38069 -1 
2.55703 -1 
-1.88858 -1 
-2.00683 -1 
-0.325682 -1 
0.246716 -1 
0.393401 -1 
0.736283 -1 
0.111059 -1 
0.17812 -1 
0.568132 -1 
0.654686 -1 
-0.530324 -1 
0.318476 -1 
-0.637966 -1 
0.99398 -1 
1.09721 -1 
1.29523 -1 
1.41369 -1 
1.19762 -1 
1.55299 -1 
-0.426229 -1 
0.859724 -1 
-1.18798 -1 
-1.75034 -1 
-1.42715 -1 
-1.59211 -1 
3.76575 -1 
1.8818 -1 
3.45342 -1 
2.13036 -1 
-3.20589 -1 
-2.8464 -1 
-3.01992 -1 
-2.64534 -1 
-2.41676 -1 
-3.56557 -1 
-3.6897 -1 
-3.87588 -1 
-2.18421 -1 
3.92192 -1 
-3.40431 -1 
-0.0197761 -1 
0.0455326 -1 
-0.0848674 -1 
-0.156912 -1 
0.47662 -1 
-0.235909 -1 
-0.995344 -1 
-0.828437 -1 
-0.883097 -1 
-0.746447 -1 
-1.08026 -1 
-0.938733 -1 
1.75222 -1 
1.66583 -1 
-1.2902 -1 
3.11629 -1 
2.74138 -1 
ZONE T="boundary4"
-0.299595 0.422772 
-0.259223 0.441331 
-0.23749 0.450205 
-0.501622 0.272635 
-0.627338 0.0468073 
-0.62191 0.0665918 
-0.371768 0.381926 
-0.44881 0.324367 
-0.279542 0.43234 
-0.574823 0.173002 
-0.489155 0.28605 
-0.434467 0.33644 
-0.637631 -0.0129005 
-0.631777 0.0269314 
-0.635212 0.00700395 
-0.608251 0.105494 
-0.60014 0.124434 
-0.59212 0.141244 
-0.5561 0.202651 
-0.540907 0.224229 
0.64345 0.022604 
-0.40418 0.359768 
-0.524865 0.245184 
-0.476172 0.299165 
-0.462788 0.311875 
-0.38813 0.371074 
-0.615536 0.0861675 
-0.354529 0.392676 
-0.336995 0.40294 
0.632926 0.064289 
-0.318435 0.413119 
-0.16814 0.473789 
-0.142634 0.480775 
-0.116923 0.48695 
-0.0618626 0.497346 
-0.0894755 0.492608 
-0.215506 0.458438 
-0.419491 0.34832 
0.638886 0.0435879 
-0.191939 0.466473 
0.407755 0.400245 
0.247507 0.481346 
0.277688 0.471397 
0.646467 0.00165106 
0.334021 0.446981 
0.359626 0.432918 
0.48093 0.329567 
0.49649 0.310176 
0.4291 0.382633 
0.464945 0.347694 
0.448284 0.364846 
-0.032616 0.501335 
0.0274813 0.506207 
-0.0032605 0.504276 
0.0582537 0.506939 
0.625581 0.0850394 
0.617117 0.105471 
0.591203 0.157419 
0.605107 0.130897 
0.647899 -0.0192606 
0.576552 0.183595 
0.527891 0.265141 
0.511352 0.289883 
0.560216 0.21176 
0.54356 0.239816 
0.306133 0.460099 
0.384534 0.417122 
0.0899798 0.506398 
0.1534 0.501108 
0.121589 0.50449 
0.185243 0.496149 
0.216556 0.489603 
-0.248389 0.445848 
-0.624742 0.0567319 
-0.289603 0.427628 
-0.633617 0.016989 
-0.636546 -0.00293308 
-0.629678 0.0368963 
-0.583745 0.157272 
-0.596209 0.132877 
-0.604298 0.115008 
-0.548614 0.213518 
-0.495442 0.279392 
-0.513449 0.259083 
-0.469529 0.305571 
-0.455846 0.318174 
-0.482715 0.292659 
-0.379986 0.376557 
-0.618836 0.0764166 
-0.345798 0.397869 
-0.612003 0.0958719 
-0.363186 0.387362 
-0.396195 0.365478 
-0.269414 0.436907 
-0.327751 0.408096 
-0.155415 0.477383 
-0.129803 0.483964 
-0.0756888 0.495092 
-0.427022 0.342434 
-0.411876 0.354098 
0.636069 0.0539854 
-0.203753 0.462545 
-0.441682 0.330456 
0.262671 0.476595 
0.346933 0.440148 
-0.309048 0.418011 
0.488821 0.31996 
0.438815 0.373873 
0.473045 0.338725 
0.41856 0.391599 
-0.047257 0.49947 
0.0121012 0.505389 
0.6294 0.0747163 
0.59827 0.144218 
0.621472 0.0953061 
0.647382 -0.00879116 
0.641349 0.0331354 
0.64515 0.0121551 
-0.53299 0.234786 
-0.180067 0.470221 
0.504028 0.300108 
0.519753 0.2776 
-0.226528 0.454401 
0.456719 0.356373 
0.53581 0.252531 
0.568423 0.1977 
0.291996 0.465962 
0.320181 0.453761 
-0.0179515 0.502937 
-0.103223 0.489893 
0.396277 0.408865 
0.0428639 0.506725 
0.0741196 0.506837 
-0.565684 0.187968 
0.372206 0.425219 
0.137515 0.502986 
0.169353 0.498828 
0.200943 0.493083 
0.551928 0.225812 
0.105795 0.505619 
0.23209 0.485692 
0.583944 0.170544 
0.611264 0.118256 
ZONE T="boundary5"
0.63757 -0.101253 
0.631081 -0.121007 
-0.639029 -0.0327166 
-0.630889 -0.129163 
-0.626278 -0.147719 
-0.332579 -0.392642 
-0.593587 -0.226917 
-0.601362 -0.212298 
-0.608461 -0.197318 
-0.557326 -0.279265 
-0.54617 -0.29167 
-0.534415 -0.303394 
-0.583273 -0.244113 
-0.615149 -0.181268 
-0.62107 -0.164821 
-0.268052 -0.397314 
-0.289912 -0.39645 
-0.311707 -0.394894 
-0.353229 -0.38957 
-0.373003 -0.385734 
-0.245074 -0.397596 
-0.222086 -0.397359 
-0.197728 -0.396673 
-0.63941 -0.0524155 
-0.121885 -0.39294 
-0.147615 -0.394364 
-0.173383 -0.395663 
-0.0946999 -0.391396 
-0.493969 -0.335623 
-0.52169 -0.31476 
-0.508404 -0.325366 
-0.411134 -0.375453 
-0.39221 -0.381067 
-0.463244 -0.35376 
-0.479013 -0.34503 
-0.446378 -0.361898 
-0.429091 -0.369088 
0.642528 -0.0811679 
-0.637631 -0.0129005 
0.593219 -0.192693 
-0.57204 -0.260575 
0.502513 -0.28537 
0.520534 -0.271612 
0.603614 -0.176841 
0.613981 -0.158861 
-0.637144 -0.0912579 
0.0198608 -0.385683 
-0.0675679 -0.389889 
-0.0388002 -0.388384 
-0.0100883 -0.387002 
0.0497613 -0.384456 
0.165022 -0.379107 
0.191371 -0.377293 
0.0794666 -0.383263 
0.217694 -0.375061 
0.243625 -0.372346 
0.269495 -0.369015 
0.397134 -0.339092 
-0.63878 -0.0719186 
0.372382 -0.347131 
0.420907 -0.330026 
0.483421 -0.298132 
0.463699 -0.309663 
0.442546 -0.320447 
0.347026 -0.354087 
0.64592 -0.0607883 
-0.634512 -0.110339 
0.582103 -0.207896 
0.568961 -0.224088 
0.554012 -0.240619 
0.623238 -0.140103 
0.537774 -0.256618 
0.647899 -0.0192606 
0.647721 -0.0400689 
0.295543 -0.364916 
0.321467 -0.359962 
0.13709 -0.380682 
0.109123 -0.382012 
0.634508 -0.11119 
-0.628708 -0.138472 
-0.597559 -0.219652 
-0.551832 -0.285543 
-0.588553 -0.235589 
-0.618211 -0.173081 
-0.278986 -0.396962 
-0.300816 -0.395766 
-0.34292 -0.391216 
-0.363138 -0.387764 
-0.256564 -0.397527 
-0.233579 -0.397535 
-0.209906 -0.397064 
-0.639346 -0.0425636 
-0.160498 -0.395035 
-0.108293 -0.392168 
-0.604999 -0.204849 
-0.611903 -0.189334 
-0.51512 -0.320155 
-0.401708 -0.378382 
-0.471189 -0.349505 
-0.540372 -0.297612 
-0.454868 -0.357948 
-0.486557 -0.340431 
-0.528132 -0.309166 
-0.437783 -0.36561 
0.511632 -0.278633 
0.608937 -0.167931 
-0.0531848 -0.389123 
0.0048856 -0.386328 
0.1782 -0.378246 
0.064614 -0.383862 
-0.638089 -0.081599 
0.256571 -0.370764 
0.384807 -0.343262 
0.473644 -0.304041 
0.43179 -0.325379 
0.359743 -0.350749 
-0.322154 -0.393867 
0.644422 -0.0710111 
-0.639221 -0.0621711 
-0.635954 -0.100816 
0.575637 -0.216077 
0.598521 -0.184836 
-0.577781 -0.252429 
0.561601 -0.232457 
0.618767 -0.14956 
0.640241 -0.0912576 
0.627327 -0.130624 
0.546013 -0.248741 
-0.638455 -0.0227996 
-0.564861 -0.27006 
0.648012 -0.0296665 
-0.623782 -0.156303 
-0.632826 -0.119775 
-0.382635 -0.383516 
-0.134749 -0.393662 
0.230667 -0.373773 
0.204537 -0.376236 
0.40908 -0.334714 
0.282534 -0.367065 
0.334275 -0.35715 
-0.185554 -0.396201 
0.529274 -0.264252 
0.453199 -0.315205 
0.0348107 -0.385062 
-0.0811344 -0.390635 
0.123107 -0.381371 
0.308527 -0.362552 
-0.024445 -0.387678 
0.0942952 -0.382651 
0.151058 -0.379932 
-0.501259 -0.330597 
-0.420154 -0.372389 
0.647024 -0.0504464 
0.493066 -0.291899 
0.587755 -0.200363 
