ZONE T="boundary0"
-4 -1 
-4 -0.806928 
-4 -0.256418 
-4 -0.229402 
-4 -0.31417 
-4 -0.148352 
-4 0.401005 
-4 0.663519 
-4 1 
-4 0.274093 
-4 0.2167 
-4 0.567022 
-4 0.470525 
-4 -0.285294 
-4 -0.058666 
-4 -0.529339 
-4 -0.613856 
-4 -0.202385 
-4 0.0310205 
-4 0.331485 
-4 0.12386 
-4 -0.379496 
-4 -0.346833 
-4 -0.444822 
-4 0.17028 
-4 -0.903464 
-4 -0.24291 
-4 0.831759 
-4 0.245396 
-4 0.518773 
-4 -0.103509 
-4 -0.571598 
-4 -0.0138228 
-4 0.302789 
-4 0.61527 
-4 -0.710392 
-4 -0.175369 
-4 -0.270856 
-4 -0.215893 
-4 -0.330501 
-4 -0.363164 
-4 -0.412159 
-4 -0.487081 
-4 0.14707 
-4 0.435765 
-4 0.0774402 
-4 0.19349 
-4 -0.299732 
-4 0.366245 
ZONE T="boundary1"
-4 1 
1.41416 1 
1.30246 1 
0.676688 1 
0.573341 1 
0.225201 1 
0.786411 1 
0.469994 1 
1.10339 1 
0.380875 1 
-3.39498 1 
-3.78119 1 
1.52587 1 
-0.849579 1 
-1.97716 1 
-3.22758 1 
3.44902 1 
3.24945 1 
3.04988 1 
1.94102 1 
1.79175 1 
-2.29112 1 
-2.49254 1 
3.86225 1 
3.72451 1 
-2.13414 1 
2.54335 1 
2.0903 1 
0.291756 1 
0.158645 1 
-0.0302102 1 
-0.0769272 1 
0.0875759 1 
-0.242239 1 
-0.461653 1 
-0.159583 1 
-0.31115 1 
-0.380061 1 
0.0165068 1 
-0.543244 1 
-0.593839 1 
0.99976 1 
0.896134 1 
-0.953537 1 
-0.745621 1 
-1.17336 1 
-1.06345 1 
-1.28645 1 
1.20292 1 
4 1 
-1.53198 1 
-1.66443 1 
-3.56238 1 
-1.39954 1 
2.31682 1 
2.79661 1 
2.66998 1 
-1.8208 1 
-2.69396 1 
-2.96077 1 
-0.644433 1 
1.35831 1 
0.625015 1 
0.73155 1 
0.521667 1 
0.425434 1 
-3.89059 1 
1.47001 1 
3.14966 1 
1.86639 1 
-2.39183 1 
3.58676 1 
1.65881 1 
0.191923 1 
-0.0535687 1 
-0.345605 1 
0.0520413 1 
0.258479 1 
-0.420857 1 
0.336316 1 
0.841273 1 
-0.901558 1 
-0.7976 1 
-1.1184 1 
-1.2299 1 
-1.00849 1 
1.15315 1 
0.947947 1 
1.05157 1 
1.25269 1 
3.79338 1 
3.93113 1 
-3.31128 1 
-3.67178 1 
-1.34299 1 
-1.46576 1 
-3.47868 1 
2.43009 1 
2.01566 1 
2.20356 1 
2.92325 1 
-1.74261 1 
-2.21263 1 
-1.89898 1 
-2.59325 1 
-2.82736 1 
-3.09417 1 
2.60666 1 
2.7333 1 
-0.118255 1 
-0.00685169 1 
0.12311 1 
-0.276695 1 
-0.200911 1 
-0.568542 1 
-0.619136 1 
-0.695027 1 
-0.502449 1 
3.34923 1 
-1.59821 1 
-2.05565 1 
ZONE T="boundary2"
4 -0.690958 
4 -0.845479 
4 -0.183764 
4 0.220015 
4 0.17346 
4 0.282438 
4 -0.289201 
4 -0.364598 
4 0.535086 
4 0.767543 
4 -1 
4 0.126906 
4 0.0336089 
4 -0.121726 
4 -0.0596882 
4 -0.236482 
4 -0.439995 
4 0.439974 
4 1 
4 -0.502736 
4 0.344861 
4 0.392417 
4 -0.262841 
4 -0.565476 
4 -0.768218 
4 0.196737 
4 0.251226 
4 -0.326899 
4 0.651314 
4 -0.922739 
4 0.150183 
4 0.0802574 
4 -0.0907072 
4 -0.402296 
4 0.883771 
4 0.31365 
4 0.416196 
4 -0.210123 
4 -0.152745 
4 0.48753 
4 0.368639 
4 -0.0130397 
4 -0.534106 
4 -0.471365 
4 -0.628217 
4 -0.249662 
4 -0.276021 
ZONE T="boundary3"
-4 -1 
-3.84303 -1 
-1.60604 -1 
-1.74574 -1 
-1.04717 -1 
-0.910377 -1 
-0.207411 -1 
-1.15162 -1 
-0.271176 -1 
-1.26947 -1 
0.35223 -1 
-1.3679 -1 
1.68408 -1 
1.8584 -1 
-0.741242 -1 
-3.19805 -1 
-3.024 -1 
1.29024 -1 
1.16467 -1 
2.65796 -1 
2.05444 -1 
2.85959 -1 
-2.82695 -1 
-2.62989 -1 
3.45067 -1 
3.72533 -1 
3.06121 -1 
4 -1 
-3.37211 -1 
-3.68605 -1 
2.25048 -1 
-2.16591 -1 
-1.95583 -1 
0.432924 -1 
0.527672 -1 
0.271536 -1 
0.201924 -1 
-0.0742344 -1 
-0.00482281 -1 
-0.143646 -1 
0.0637446 -1 
0.132312 -1 
0.622419 -1 
-0.82581 -1 
-0.506701 -1 
-0.45671 -1 
-0.656675 -1 
-0.363943 -1 
0.824468 -1 
0.878123 -1 
-0.556693 -1 
-0.410327 -1 
-0.31756 -1 
0.773956 -1 
0.723444 -1 
1.03909 -1 
0.931777 -1 
-1.46633 -1 
1.4 -1 
1.50976 -1 
-2.3979 -1 
3.875 -1 
-3.92151 -1 
-0.978773 -1 
-1.09939 -1 
-1.21054 -1 
-1.31868 -1 
1.77124 -1 
-3.11103 -1 
1.22745 -1 
-2.72842 -1 
3.588 -1 
3.25594 -1 
-3.52908 -1 
2.15246 -1 
2.45422 -1 
-2.06087 -1 
0.480298 -1 
0.392577 -1 
0.23673 -1 
-0.0395286 -1 
-0.10894 -1 
0.0294609 -1 
0.311883 -1 
0.0980283 -1 
0.575046 -1 
-0.481706 -1 
-0.783526 -1 
-0.698959 -1 
0.851296 -1 
-0.531697 -1 
-0.387135 -1 
-0.294368 -1 
-0.340751 -1 
-0.433518 -1 
-0.868094 -1 
0.985432 -1 
1.10188 -1 
1.34512 -1 
-1.67589 -1 
1.59692 -1 
1.95642 -1 
-3.28508 -1 
-2.92547 -1 
-2.5139 -1 
-2.28191 -1 
-3.76454 -1 
3.80017 -1 
2.9604 -1 
2.75877 -1 
-0.175528 -1 
0.167118 -1 
-0.239294 -1 
0.90495 -1 
0.799212 -1 
0.7487 -1 
0.672932 -1 
-0.606684 -1 
1.45488 -1 
-1.85078 -1 
-1.41712 -1 
-1.53618 -1 
3.9375 -1 
ZONE T="boundary4"
-0.421817 0.363631 
-0.243246 0.415186 
-0.219444 0.418199 
-0.643849 0.00657292 
0.630082 0.133523 
0.621224 0.150543 
-0.485808 0.325548 
-0.470952 0.335775 
0.557479 0.236556 
-0.287676 0.407635 
-0.308466 0.403113 
0.571485 0.220914 
0.58487 0.20465 
-0.642394 0.0603655 
-0.367852 0.385973 
-0.348581 0.392289 
-0.644271 0.0244506 
-0.404391 0.371672 
-0.636851 0.0959939 
-0.640076 0.0782704 
-0.632738 0.113482 
0.657763 -0.0153788 
0.644768 0.0977149 
0.64038 0.109861 
0.648619 0.0853535 
-0.628054 0.129752 
-0.622624 0.145727 
-0.587363 0.217156 
-0.603943 0.18818 
-0.567787 0.245517 
-0.557269 0.258839 
-0.265522 0.411737 
-0.386265 0.379172 
-0.535746 0.282744 
-0.500191 0.314674 
-0.455126 0.345677 
0.610763 0.168154 
0.598676 0.186193 
-0.438876 0.35489 
-0.51382 0.303368 
-0.329085 0.397917 
-0.170119 0.422528 
-0.144629 0.423893 
-0.117641 0.424781 
-0.0339965 0.424473 
-0.00453444 0.42341 
-0.195564 0.420595 
-0.64379 0.0424111 
0.658738 -0.00273603 
-0.0906458 0.425156 
0.659111 0.00993074 
0.654499 0.060597 
0.467925 0.310549 
0.415747 0.339091 
0.442352 0.325516 
0.388427 0.351253 
0.331115 0.372044 
0.360003 0.362283 
-0.617079 0.159931 
-0.610947 0.173891 
0.543771 0.250658 
0.492063 0.294343 
0.529495 0.264149 
0.51121 0.279763 
0.0854401 0.417344 
0.116317 0.414248 
0.0248887 0.421892 
0.0551922 0.41986 
0.147112 0.410582 
0.240237 0.395283 
0.27101 0.388509 
0.209272 0.401162 
0.63547 0.121812 
0.658033 0.0352898 
0.656566 0.0480104 
-0.0623111 0.425049 
0.301211 0.380823 
0.178253 0.406227 
-0.231356 0.416774 
0.625773 0.142096 
-0.478436 0.330743 
-0.298089 0.405455 
0.578264 0.212853 
-0.358246 0.389219 
-0.413145 0.367739 
-0.64135 0.0693331 
-0.634906 0.104765 
0.642641 0.103812 
0.646764 0.091556 
-0.625433 0.137772 
-0.630493 0.121645 
-0.595961 0.202845 
-0.5626 0.252235 
-0.254396 0.41354 
-0.546765 0.271023 
-0.493061 0.320192 
-0.463094 0.340813 
0.604839 0.177254 
-0.44705 0.35037 
-0.507069 0.309099 
-0.395365 0.375511 
-0.638577 0.087153 
-0.338858 0.395187 
-0.276615 0.409771 
-0.157377 0.423278 
-0.131137 0.424405 
-0.0192629 0.423999 
-0.207512 0.419471 
-0.430393 0.35935 
-0.377091 0.382659 
0.658325 -0.00906331 
-0.104144 0.425029 
-0.643206 0.0513975 
0.651846 0.0730428 
-0.182847 0.421637 
0.429144 0.332488 
0.402164 0.345345 
-0.644144 0.0334342 
0.34561 0.367316 
-0.614086 0.166942 
0.550697 0.243677 
0.520462 0.272084 
0.536707 0.257482 
0.564562 0.228808 
0.480122 0.302638 
-0.318798 0.400602 
0.100886 0.415864 
0.0400451 0.420936 
0.131724 0.412489 
0.25565 0.392015 
0.224775 0.398329 
-0.644172 0.0155095 
0.637988 0.115863 
0.616116 0.159421 
0.632835 0.127695 
0.655608 0.054316 
0.657376 0.0416589 
0.658877 0.0226227 
0.501738 0.287186 
0.659 0.00359514 
0.591889 0.195509 
-0.0481522 0.424817 
0.286143 0.384796 
0.316205 0.376577 
0.0703218 0.418664 
0.455251 0.318224 
0.162695 0.408489 
0.0101806 0.422707 
-0.0764778 0.425163 
0.193778 0.403789 
-0.524988 0.293274 
-0.607521 0.181073 
-0.619925 0.15286 
0.37428 0.356934 
-0.577875 0.231543 
ZONE T="boundary5"
0.458526 -0.332658 
-0.150048 -0.457103 
-0.598271 -0.155644 
-0.590687 -0.16947 
-0.543953 -0.237523 
-0.612083 -0.126866 
-0.430094 -0.342753 
-0.640399 -0.0286939 
-0.64255 -0.0111513 
0.648049 -0.0654041 
-0.643849 0.00657292 
-0.324073 -0.402252 
-0.61823 -0.111931 
-0.633678 -0.063036 
-0.623953 -0.0962548 
-0.637434 -0.0459808 
-0.629175 -0.0797914 
-0.24362 -0.433032 
-0.265252 -0.425758 
-0.305442 -0.410323 
-0.285455 -0.418323 
-0.342474 -0.393663 
-0.124973 -0.461678 
-0.098705 -0.465675 
-0.221792 -0.439688 
-0.198472 -0.446079 
-0.17498 -0.451796 
-0.522592 -0.262452 
-0.47698 -0.306636 
-0.573306 -0.197581 
-0.554102 -0.22455 
-0.376595 -0.375957 
-0.392667 -0.366738 
-0.359657 -0.385049 
-0.451105 -0.327514 
-0.408471 -0.357063 
-0.500672 -0.285045 
0.559765 -0.225736 
0.657763 -0.0153788 
0.654051 -0.0404962 
0.618103 -0.137303 
0.604954 -0.160157 
0.543589 -0.246435 
0.526709 -0.266585 
0.00997637 -0.473856 
-0.0178173 -0.47303 
0.0377783 -0.473805 
-0.0451039 -0.471375 
-0.0723327 -0.468887 
0.0658461 -0.472852 
0.206164 -0.453442 
0.178226 -0.459397 
0.122033 -0.468126 
0.0938636 -0.470975 
0.150083 -0.464292 
0.234129 -0.446321 
0.261783 -0.438054 
0.393856 -0.378246 
0.4178 -0.362918 
0.316391 -0.417772 
0.28928 -0.428535 
0.438463 -0.348277 
0.476144 -0.317666 
0.493179 -0.301896 
0.368755 -0.392622 
0.509384 -0.285589 
0.629911 -0.113745 
0.590771 -0.18235 
0.635151 -0.101853 
0.639951 -0.0897966 
0.575602 -0.204261 
0.342816 -0.405845 
-0.594539 -0.16259 
-0.64158 -0.0199353 
-0.643309 -0.00229691 
-0.61523 -0.119428 
-0.621173 -0.104123 
-0.639019 -0.0373547 
-0.626655 -0.0880517 
-0.275379 -0.422111 
-0.111854 -0.463775 
-0.232729 -0.436437 
-0.186746 -0.449021 
-0.563912 -0.211214 
-0.549075 -0.231074 
-0.384663 -0.371404 
-0.464197 -0.317267 
-0.419358 -0.350022 
-0.440683 -0.335249 
-0.511807 -0.273917 
-0.333304 -0.398023 
0.656195 -0.0279806 
0.611677 -0.148815 
-0.400604 -0.361958 
-0.368158 -0.380563 
-0.314785 -0.406352 
0.535247 -0.256591 
-0.254462 -0.429472 
-0.00392348 -0.473552 
-0.0587278 -0.470235 
0.0518163 -0.473443 
0.192224 -0.456554 
0.107961 -0.469672 
-0.351095 -0.389415 
0.136075 -0.466334 
0.247999 -0.442332 
0.302896 -0.423308 
-0.295477 -0.414394 
0.405922 -0.37073 
0.428213 -0.355713 
0.467413 -0.325254 
0.484744 -0.309871 
0.448583 -0.340581 
0.381393 -0.385589 
0.518152 -0.276183 
-0.162533 -0.454541 
-0.631522 -0.071439 
0.597978 -0.171326 
0.551754 -0.236145 
0.632583 -0.107821 
0.644245 -0.0776819 
0.637607 -0.0958471 
-0.605444 -0.141383 
0.567759 -0.215053 
-0.137527 -0.459482 
0.624193 -0.125617 
-0.210155 -0.442968 
0.501366 -0.293826 
0.0238777 -0.473941 
0.220182 -0.450023 
0.583277 -0.193367 
-0.0855306 -0.467379 
0.329673 -0.411963 
-0.0314668 -0.472307 
0.0798628 -0.47203 
0.275583 -0.433445 
0.355865 -0.399391 
0.164177 -0.461975 
-0.48899 -0.296021 
-0.635655 -0.05453 
0.651322 -0.053016 
-0.533462 -0.25015 
-0.582237 -0.183674 
