ZONE T="boundary0"
-4 0.133003 
-4 0.180802 
-4 0.220426 
-4 0.647647 
-4 0.530196 
-4 0.26005 
-4 0.398906 
-4 0.329478 
-4 -0.168376 
-4 -0.23357 
-4 -0.203476 
-4 -0.450492 
-4 -0.387173 
-4 0.464551 
-4 0.0852039 
-4 0.0110631 
-4 -0.0630776 
-4 -0.0981771 
-4 -0.133277 
-4 -0.564931 
-4 -0.679371 
-4 -0.323854 
-4 -0.839685 
-4 0.765098 
-4 -1 
-4 1 
-4 0.294764 
-4 -0.263665 
-4 0.200614 
-4 0.588921 
-4 0.364192 
-4 0.240238 
-4 -0.218523 
-4 -0.418832 
-4 0.497373 
-4 0.109103 
-4 0.0481335 
-4 0.156903 
-4 -0.0260072 
-4 -0.115727 
-4 -0.622151 
-4 -0.507712 
-4 -0.759528 
-4 0.706372 
-4 -0.919843 
-4 0.882549 
-4 0.277407 
-4 0.312121 
-4 -0.150826 
-4 -0.248617 
-4 -0.293759 
-4 -0.355513 
-4 -0.0806273 
-4 0.431728 
-4 -0.185926 
ZONE T="boundary1"
-3.53036 1 
2.15718 1 
0.776474 1 
0.948428 1 
0.315715 1 
1.86832 1 
1.72987 1 
-0.43157 1 
-1.37785 1 
-1.49149 1 
0.686389 1 
-1.83931 1 
-2.10344 1 
2.64191 1 
-3.39316 1 
-2.92671 1 
-3.11876 1 
-2.73466 1 
2.48797 1 
0.35941 1 
0.596305 1 
0.548005 1 
0.272019 1 
-0.380823 1 
-0.620844 1 
-0.526207 1 
0.162389 1 
0.0964539 1 
0.403105 1 
0.451405 1 
0.0286198 1 
-0.115573 1 
3.671 1 
-0.0392148 1 
-0.857546 1 
-0.739195 1 
-0.191931 1 
3.875 1 
4 1 
-1.16815 1 
-1.26421 1 
-0.964816 1 
-1.07209 1 
-3.83378 1 
3.34199 1 
3.5065 1 
-1.6654 1 
3.17568 1 
1.34918 1 
1.16438 1 
1.0564 1 
-4 1 
3.00937 1 
1.59143 1 
2.79586 1 
-3.66756 1 
2.01275 1 
-2.36757 1 
0.228324 1 
-0.261004 1 
-0.330076 1 
0.499705 1 
1.4703 1 
1.7991 1 
-1.43467 1 
0.731432 1 
-1.97138 1 
-3.02273 1 
2.32258 1 
0.337562 1 
0.641347 1 
-0.573525 1 
0.129422 1 
0.427255 1 
0.0625368 1 
-0.00529737 1 
0.862451 1 
-0.798371 1 
-0.0773936 1 
-0.153753 1 
3.773 1 
-1.32103 1 
3.9375 1 
-1.01845 1 
-1.21618 1 
-0.911181 1 
-1.12012 1 
-0.478889 1 
3.42425 1 
-1.57845 1 
-1.75236 1 
3.25884 1 
-2.83068 1 
1.25678 1 
1.00242 1 
1.66065 1 
2.56494 1 
2.71889 1 
2.90261 1 
-3.59896 1 
3.58875 1 
-3.46176 1 
2.08497 1 
-3.75067 1 
-2.55111 1 
0.250172 1 
0.293867 1 
0.381257 1 
-0.29554 1 
-0.406197 1 
-0.35545 1 
0.195357 1 
0.475555 1 
0.523855 1 
0.572155 1 
1.94054 1 
1.40974 1 
-0.680019 1 
1.53086 1 
1.11039 1 
3.09252 1 
-3.91689 1 
-3.25596 1 
-2.23551 1 
-0.226468 1 
ZONE T="boundary2"
4 -0.312908 
4 -0.352803 
4 -1 
4 -0.736245 
4 -0.265974 
4 -0.289441 
4 0.663305 
4 -0.231622 
4 -0.538429 
4 -0.47249 
4 0.200439 
4 0.240997 
4 -0.392699 
4 -0.197271 
4 -0.128567 
4 -0.162919 
4 -0.0569117 
4 0.0147434 
4 -0.604367 
4 0.0873119 
4 0.15988 
4 0.281555 
4 0.467671 
4 0.394892 
4 0.565488 
4 0.831653 
4 1 
4 0.322114 
4 0.358503 
4 -0.332855 
4 -0.868122 
4 -0.277707 
4 -0.505459 
4 0.220718 
4 -0.301174 
4 -0.372751 
4 -0.248798 
4 -0.214446 
4 -0.145743 
4 -0.0210842 
4 -0.0927394 
4 -0.432594 
4 -0.670306 
4 -0.571398 
4 0.0510277 
4 0.431281 
4 0.18016 
4 0.614397 
4 0.747479 
4 0.915826 
4 -0.180095 
4 0.301834 
4 0.261276 
4 0.340308 
4 0.376697 
4 0.516579 
4 0.123596 
ZONE T="boundary3"
4 -1 
3.53986 -1 
3.75 -1 
-1.20855 -1 
1.37145 -1 
-0.421931 -1 
-0.304601 -1 
-0.177216 -1 
-0.134754 -1 
0.580552 -1 
0.674778 -1 
-0.539096 -1 
-2.10646 -1 
-1.90435 -1 
1.97967 -1 
-0.714598 -1 
-0.626847 -1 
3.19363 -1 
0.890279 -1 
1.01063 -1 
1.25122 -1 
3.0097 -1 
-3.32914 -1 
-3.07221 -1 
-2.60033 -1 
-1.70223 -1 
-1.80329 -1 
2.52178 -1 
-1.44009 -1 
-2.3534 -1 
-2.83627 -1 
-0.066695 -1 
0.0013639 -1 
-0.219678 -1 
0.259073 -1 
0.200595 -1 
0.142117 -1 
0.486326 -1 
0.3727 -1 
-0.837535 -1 
-0.960472 -1 
0.0717404 -1 
-0.776066 -1 
0.782529 -1 
1.13099 -1 
1.5463 -1 
1.45888 -1 
1.68543 -1 
-1.28063 -1 
-3.79303 -1 
-4 -1 
-1.08451 -1 
-1.52747 -1 
-1.35271 -1 
-3.58606 -1 
-1.61485 -1 
1.82456 -1 
2.13479 -1 
2.32828 -1 
2.82578 -1 
3.64493 -1 
-0.155985 -1 
0.627665 -1 
-2.00541 -1 
-0.670723 -1 
3.36674 -1 
0.950457 -1 
-3.20068 -1 
-1.75276 -1 
-2.22993 -1 
-1.85382 -1 
-2.47687 -1 
-0.100725 -1 
-0.0326656 -1 
-0.262139 -1 
-0.198447 -1 
-0.480514 -1 
-0.582972 -1 
0.229834 -1 
0.171356 -1 
0.429513 -1 
-0.899003 -1 
0.315886 -1 
-0.363266 -1 
3.875 -1 
-0.806801 -1 
0.836404 -1 
1.07081 -1 
0.728653 -1 
1.1911 -1 
1.31133 -1 
1.50259 -1 
1.61587 -1 
-1.24459 -1 
-3.89651 -1 
-1.14653 -1 
-1.31667 -1 
-3.68954 -1 
-1.3964 -1 
-1.57116 -1 
2.05723 -1 
1.90212 -1 
-2.95424 -1 
3.10167 -1 
2.91774 -1 
0.0365522 -1 
0.106929 -1 
-0.745332 -1 
1.755 -1 
1.41516 -1 
-1.02249 -1 
0.533439 -1 
-1.48378 -1 
2.42503 -1 
2.67378 -1 
-3.4576 -1 
-2.7183 -1 
-1.65854 -1 
2.23153 -1 
ZONE T="boundary4"
0.292383 0.4659 
0.321927 0.460505 
-0.311478 0.334328 
-0.337224 0.322527 
0.622504 0.190195 
-0.459816 0.253211 
-0.47677 0.240973 
-0.64736 -0.0259484 
-0.643354 -0.000969583 
-0.493329 0.22819 
-0.0993432 0.415373 
-0.0724536 0.423822 
0.586439 0.267593 
0.599654 0.241875 
-0.637478 0.0237877 
0.654937 0.0853517 
0.649099 0.111645 
0.119499 0.466566 
0.147759 0.469512 
-0.362749 0.310146 
-0.571555 0.151238 
-0.579801 0.140534 
-0.594992 0.118535 
-0.544624 0.181834 
-0.562951 0.161666 
-0.518522 0.206915 
-0.412481 0.283375 
-0.531803 0.194608 
-0.0183418 0.439266 
-0.608427 0.0957327 
0.641567 0.137862 
0.632627 0.164004 
-0.436499 0.268755 
-0.259168 0.356689 
-0.232765 0.367319 
0.409563 0.432036 
0.437594 0.418056 
0.233765 0.471535 
0.263011 0.469515 
-0.28539 0.345718 
-0.387807 0.297165 
-0.12621 0.406479 
-0.206263 0.37761 
-0.0454216 0.431814 
-0.152954 0.397213 
0.0637969 0.457919 
-0.179661 0.387576 
0.57142 0.29286 
0.535068 0.340729 
0.513537 0.362855 
0.554327 0.317337 
0.489962 0.383278 
0.464559 0.401739 
0.091566 0.462677 
0.204829 0.472112 
0.176138 0.471393 
0.351403 0.453175 
0.380687 0.443736 
0.00890634 0.446151 
0.0362622 0.452387 
0.658806 0.059053 
-0.620007 0.072268 
-0.629697 0.0482433 
0.660484 0.032841 
0.611551 0.216055 
0.659814 0.0069105 
-0.633818 0.0360888 
0.307196 0.463427 
-0.32438 0.328491 
-0.468342 0.247159 
-0.645587 -0.0134222 
-0.485101 0.234649 
-0.0859153 0.419651 
0.593217 0.254821 
-0.640647 0.0114639 
0.652238 0.0985473 
0.133616 0.468167 
-0.350024 0.316413 
-0.575724 0.145921 
-0.553943 0.171893 
-0.506075 0.21773 
-0.567295 0.156488 
-0.587591 0.129668 
-0.538274 0.188282 
-0.601918 0.107257 
-0.525216 0.20082 
0.637241 0.150983 
-0.44824 0.261107 
-0.245984 0.362047 
0.423718 0.425325 
0.248401 0.470713 
-0.298458 0.340077 
-0.112793 0.410975 
-0.21953 0.372505 
-0.0589556 0.427878 
-0.139597 0.40189 
-0.0319003 0.435607 
-0.166322 0.392436 
0.579148 0.280356 
0.524537 0.352019 
-0.400204 0.290376 
0.563109 0.305263 
0.501968 0.373319 
0.544936 0.329229 
0.451246 0.410178 
0.2193 0.471993 
0.161939 0.470592 
0.105517 0.464737 
-0.272298 0.35125 
0.336725 0.457082 
0.277723 0.467912 
0.366129 0.448714 
0.395236 0.438159 
0.0225651 0.449353 
0.0776636 0.460402 
0.657126 0.07224 
0.62768 0.177144 
0.645515 0.124806 
-0.625079 0.060347 
0.659928 0.0459652 
0.190479 0.471906 
-0.375325 0.303746 
0.0500108 0.455246 
0.617124 0.203166 
-0.192977 0.382633 
-0.00473683 0.442784 
0.605714 0.229016 
0.477457 0.392779 
0.66045 0.0198681 
-0.631815 0.0421843 
-0.614436 0.0841085 
-0.635705 0.0299566 
-0.424562 0.276184 
ZONE T="boundary5"
-0.56062 -0.32118 
-0.542277 -0.343096 
-0.591938 -0.274884 
0.277593 -0.336304 
-0.0725715 -0.459389 
-0.100577 -0.465369 
-0.634105 -0.176745 
-0.625968 -0.201642 
-0.604922 -0.250806 
-0.64953 -0.0510579 
-0.649904 -0.0762464 
-0.64736 -0.0259484 
-0.616235 -0.226342 
-0.648519 -0.10144 
-0.640595 -0.151722 
-0.645406 -0.12662 
-0.276384 -0.475909 
-0.306852 -0.471806 
-0.39631 -0.446399 
-0.367104 -0.457102 
-0.18653 -0.47702 
-0.216092 -0.47832 
-0.577179 -0.298389 
0.330822 -0.313937 
0.304284 -0.325208 
-0.128723 -0.470366 
-0.157382 -0.474307 
-0.337158 -0.465572 
0.632854 -0.0908063 
-0.522149 -0.363989 
-0.500221 -0.383703 
-0.476572 -0.402001 
-0.017707 -0.445125 
-0.0450686 -0.45263 
0.528327 -0.207627 
0.505833 -0.223264 
0.549758 -0.191041 
0.0363376 -0.428358 
0.0632177 -0.419225 
-0.451238 -0.418704 
0.170382 -0.379325 
0.143539 -0.38971 
0.116803 -0.399834 
-0.246098 -0.478016 
0.00937866 -0.437016 
0.0899942 -0.409708 
0.197158 -0.36879 
0.250794 -0.347267 
0.224017 -0.358078 
0.383205 -0.290572 
0.408934 -0.278265 
0.434006 -0.265513 
0.588632 -0.154358 
0.482511 -0.238075 
0.458666 -0.25207 
0.35718 -0.302409 
0.569975 -0.17329 
0.656711 -0.0185927 
0.620247 -0.113054 
0.60546 -0.134259 
-0.42445 -0.433546 
0.65116 -0.0434633 
-0.649939 -0.0636489 
0.643183 -0.0675872 
0.659814 0.0069105 
-0.551638 -0.332297 
-0.0865495 -0.462494 
-0.630226 -0.189255 
-0.621281 -0.214063 
-0.649428 -0.0888551 
-0.647174 -0.114056 
-0.637548 -0.164285 
-0.610757 -0.238657 
-0.291652 -0.474112 
-0.381809 -0.45203 
-0.569094 -0.309926 
0.317566 -0.319602 
-0.143032 -0.472485 
-0.114627 -0.467997 
-0.35221 -0.461616 
-0.598624 -0.26295 
-0.584756 -0.286761 
-0.0313642 -0.448963 
-0.488567 -0.393073 
0.51717 -0.215575 
0.0497952 -0.423843 
-0.464065 -0.410595 
-0.201302 -0.47786 
0.130181 -0.394799 
-0.231097 -0.478381 
-0.00414247 -0.441143 
0.0228779 -0.432749 
0.103411 -0.404805 
0.183777 -0.374075 
0.156969 -0.384539 
0.237411 -0.352687 
0.2642 -0.341802 
-0.532398 -0.353721 
0.396103 -0.284489 
0.470646 -0.24517 
-0.643206 -0.139211 
0.446387 -0.258885 
0.370217 -0.296546 
0.539159 -0.199486 
0.560016 -0.182336 
0.579485 -0.164003 
0.613095 -0.123825 
0.597259 -0.144487 
-0.410505 -0.440245 
0.654244 -0.0310969 
-0.17194 -0.475832 
0.626816 -0.102081 
0.494242 -0.230779 
0.344019 -0.308214 
-0.058796 -0.456108 
-0.32206 -0.468958 
0.210594 -0.363449 
0.076621 -0.414508 
0.290947 -0.330778 
0.421512 -0.271972 
-0.649791 -0.0573526 
-0.648671 -0.0384838 
0.647472 -0.0556248 
0.638304 -0.0793237 
0.658573 -0.00587882 
-0.649977 -0.0699469 
-0.261257 -0.477197 
-0.511364 -0.374046 
-0.437987 -0.426384 
