ZONE T="boundary0"
-4 -1 
-4 -0.015467 
-4 0.108116 
-4 0.693227 
-4 0.526683 
-4 0.378283 
-4 -0.282572 
-4 -0.341986 
-4 0.318742 
-4 0.0537013 
-4 0.16253 
-4 -0.470592 
-4 1 
-4 -0.831868 
-4 0.452483 
-4 0.210866 
-4 0.259202 
-4 -0.0846354 
-4 -0.223159 
-4 -0.567164 
-4 -0.406289 
-4 -0.663736 
-4 -0.252866 
-4 -0.153897 
-4 0.609955 
-4 -0.312279 
-4 0.846614 
-4 -0.915934 
-4 0.348513 
-4 0.288972 
-4 0.489583 
-4 0.415383 
-4 0.135323 
-4 0.0809086 
-4 -0.0500512 
-4 0.0191172 
-4 -0.518878 
-4 -0.374137 
-4 -0.438441 
-4 -0.61545 
-4 -0.747802 
-4 -0.267719 
-4 -0.119266 
-4 -0.188528 
-4 -0.238013 
-4 0.186698 
-4 0.235034 
ZONE T="boundary1"
-2.73339 1 
1.20538 1 
1.28418 1 
0.572561 1 
0.469319 1 
-0.585832 1 
-0.661602 1 
-0.920883 1 
0.366078 1 
0.287538 1 
0.867567 1 
0.976844 1 
3.81286 1 
4 1 
-4 1 
1.44167 1 
1.52035 1 
3.62571 1 
-3.59252 1 
2.91744 1 
3.25142 1 
-3.37965 1 
2.038 1 
1.67772 1 
2.25066 1 
2.69039 1 
-1.76521 1 
-1.96532 1 
3.08443 1 
-1.66516 1 
-1.56511 1 
-2.15554 1 
-2.53958 1 
-3.16678 1 
-0.393589 1 
0.0691047 1 
0.0224736 1 
0.665425 1 
0.75829 1 
1.09111 1 
-0.277117 1 
0.208998 1 
-0.510062 1 
0.115736 1 
-0.813143 1 
-1.13923 1 
-1.02862 1 
1.36299 1 
-1.24983 1 
-1.40747 1 
-1.32865 1 
-2.34577 1 
2.46333 1 
-0.0502294 1 
-0.122932 1 
-0.200025 1 
1.24478 1 
0.52094 1 
-0.623717 1 
0.326808 1 
0.922205 1 
3.90643 1 
1.48101 1 
3.71928 1 
-3.79626 1 
-3.48608 1 
1.85786 1 
3.43857 1 
2.14433 1 
-1.86526 1 
3.16793 1 
-1.61514 1 
-2.63648 1 
-2.95008 1 
0.0457891 1 
0.618993 1 
1.03398 1 
0.812928 1 
0.711858 1 
-0.451826 1 
0.162367 1 
-0.737373 1 
-0.974754 1 
-0.867013 1 
1.32358 1 
-1.36806 1 
-1.48629 1 
1.59904 1 
3.00094 1 
2.357 1 
2.57686 1 
-2.44268 1 
-2.25066 1 
-2.06043 1 
2.80391 1 
-3.27321 1 
0.417699 1 
-0.0865808 1 
-0.0138779 1 
-0.161478 1 
-0.238571 1 
0.0924203 1 
0.248268 1 
-0.335353 1 
-1.19453 1 
1.14824 1 
-0.547947 1 
-1.08392 1 
1.40233 1 
-1.28924 1 
-1.71519 1 
ZONE T="boundary2"
4 -0.674872 
4 -0.261301 
4 -0.206289 
4 -0.15254 
4 -0.0105151 
4 -0.334535 
4 0.232607 
4 0.282332 
4 0.321577 
4 0.360822 
4 0.197263 
4 0.759765 
4 1 
4 -0.47172 
4 -1 
4 -0.0738106 
4 -0.573296 
4 0.16192 
4 0.10735 
4 -0.403127 
4 0.51953 
4 0.440176 
4 0.639648 
4 0.0527805 
4 -0.233795 
4 -0.179414 
4 0.25747 
4 0.3412 
4 0.879883 
4 -0.837436 
4 -0.113175 
4 -0.0421629 
4 -0.297918 
4 0.134635 
4 -0.437424 
4 -0.624084 
4 0.479853 
4 0.579589 
4 -0.522508 
4 -0.368831 
4 0.301955 
4 0.0211327 
4 0.0800653 
4 0.179592 
4 0.214935 
4 0.699706 
4 0.400499 
ZONE T="boundary3"
-4 -1 
-3.72847 -1 
3.2156 -1 
0.139889 -1 
-1.89954 -1 
4 -1 
-2.24989 -1 
-3.30131 -1 
-3.14567 -1 
3.5349 -1 
3.68993 -1 
1.46104 -1 
1.57006 -1 
-1.23997 -1 
3.05134 -1 
1.89931 -1 
2.19844 -1 
0.349008 -1 
0.444683 -1 
-0.283722 -1 
0.540358 -1 
0.650629 -1 
0.7609 -1 
-0.132891 -1 
-0.0609521 -1 
0.203944 -1 
-0.458625 -1 
-0.765411 -1 
-0.660023 -1 
-0.20483 -1 
0.0758345 -1 
0.00744119 -1 
-0.362615 -1 
-0.841495 -1 
-0.993663 -1 
-1.06975 -1 
0.970931 -1 
0.865916 -1 
1.06638 -1 
-1.29671 -1 
-3.45695 -1 
1.16184 -1 
1.35201 -1 
1.73469 -1 
-1.69272 -1 
-1.4859 -1 
3.37986 -1 
2.77446 -1 
2.49758 -1 
2.63602 -1 
-2.69057 -1 
-2.47023 -1 
-0.554636 -1 
-0.917579 -1 
-1.12649 -1 
-1.39131 -1 
-2.91812 -1 
-1.18323 -1 
-3.86424 -1 
-2.07471 -1 
-3.22349 -1 
3.61241 -1 
3.84497 -1 
2.04888 -1 
0.396846 -1 
0.492521 -1 
0.705765 -1 
-0.0969214 -1 
0.276476 -1 
-0.712717 -1 
-0.16886 -1 
0.171916 -1 
0.107862 -1 
-0.244276 -1 
-0.41062 -1 
0.595493 -1 
-0.323169 -1 
0.918424 -1 
0.813408 -1 
-0.803453 -1 
-1.0317 -1 
-3.59271 -1 
1.25692 -1 
1.01866 -1 
1.11411 -1 
1.51555 -1 
1.65237 -1 
1.40652 -1 
1.817 -1 
-1.58931 -1 
-1.79613 -1 
3.13347 -1 
2.9129 -1 
2.70524 -1 
3.29773 -1 
3.45738 -1 
2.34801 -1 
-2.36006 -1 
0.0416378 -1 
-0.0267554 -1 
-0.50663 -1 
-0.607329 -1 
-0.879537 -1 
-0.955621 -1 
-1.09812 -1 
-3.37913 -1 
-1.43861 -1 
-3.0319 -1 
2.5668 -1 
-2.80435 -1 
-2.5804 -1 
-1.15486 -1 
-1.26834 -1 
-1.2116 -1 
-1.34401 -1 
ZONE T="boundary4"
-0.291542 0.352463 
-0.407979 0.312392 
-0.332412 0.340366 
-0.557512 0.206469 
-0.634749 0.032289 
-0.545907 0.219113 
-0.621945 0.0931541 
-0.615015 0.112726 
-0.351886 0.333976 
-0.459596 0.286419 
-0.389707 0.320032 
-0.37122 0.32713 
-0.631818 0.0528152 
-0.62755 0.0731489 
-0.588513 0.165021 
0.485883 0.33977 
0.496408 0.332189 
0.516677 0.315866 
-0.606821 0.131701 
-0.59815 0.148686 
0.559908 0.270821 
0.569326 0.258451 
-0.56852 0.193238 
-0.578875 0.179415 
-0.63672 -0.0089992 
-0.506112 0.255018 
-0.491378 0.266009 
-0.520347 0.243308 
-0.475716 0.276581 
0.549245 0.283554 
-0.442832 0.295686 
-0.425556 0.304355 
0.62181 0.162299 
-0.203502 0.374448 
-0.226092 0.369207 
-0.270121 0.358241 
-0.312021 0.346599 
-0.131055 0.389841 
-0.106048 0.394682 
-0.0797576 0.399498 
0.640511 0.00835282 
-0.248647 0.363726 
0.643714 0.063528 
0.642232 0.0819785 
0.43566 0.369333 
0.460193 0.356126 
0.360171 0.398733 
0.38617 0.39026 
0.538091 0.295622 
0.526374 0.307127 
0.410508 0.380828 
0.0309704 0.416024 
0.0901639 0.421628 
0.0600536 0.419111 
0.182004 0.424231 
-0.636371 0.0116525 
0.303726 0.412304 
0.332591 0.406126 
0.27391 0.41719 
0.212757 0.423092 
-0.0257566 0.408398 
-0.533385 0.231526 
0.639496 0.100558 
0.6356 0.118894 
0.629622 0.140186 
0.643933 0.0449548 
0.642863 0.0265593 
0.600732 0.207957 
0.586071 0.233458 
-0.17978 0.379714 
-0.156025 0.384765 
-0.0534121 0.404018 
0.00197487 0.412372 
0.243481 0.420773 
0.120362 0.423383 
0.151155 0.424296 
0.6119 0.185539 
0.606473 0.196826 
-0.551785 0.21286 
-0.618645 0.102998 
-0.342166 0.337223 
-0.380488 0.323645 
-0.633448 0.0425756 
-0.629851 0.0630171 
-0.624915 0.0831983 
0.491179 0.336026 
0.506691 0.324212 
-0.593455 0.156926 
0.564685 0.264688 
-0.573788 0.186394 
-0.563099 0.199922 
-0.49881 0.2606 
-0.513299 0.249248 
-0.483609 0.271387 
0.554654 0.277253 
-0.434236 0.300103 
-0.46771 0.281589 
-0.416802 0.308449 
-0.398873 0.316284 
-0.361574 0.330613 
-0.214803 0.371855 
-0.301794 0.349573 
-0.118557 0.392291 
-0.0929094 0.397126 
-0.451262 0.29114 
-0.280842 0.355391 
-0.322232 0.343531 
-0.237377 0.366498 
0.643128 0.0727656 
0.448038 0.362936 
-0.602616 0.14026 
0.373228 0.394672 
0.543741 0.289656 
0.473199 0.348201 
0.521566 0.311542 
0.532302 0.301445 
0.0751011 0.420459 
-0.635721 0.0219834 
0.318197 0.409395 
0.197386 0.423802 
-0.259393 0.361017 
-0.526933 0.237491 
0.637689 0.109756 
0.632789 0.12959 
0.64356 0.0357476 
0.643985 0.0542433 
-0.539719 0.225393 
0.641015 0.0912903 
-0.167908 0.382266 
-0.143546 0.387331 
0.398404 0.385712 
0.423174 0.375278 
-0.191647 0.377109 
-0.0665916 0.401797 
-0.0118985 0.410439 
0.0164643 0.414265 
0.045504 0.417643 
0.22813 0.422087 
0.258715 0.419148 
0.346429 0.40261 
-0.039592 0.406256 
0.135755 0.423956 
0.16658 0.424392 
0.288847 0.414922 
0.105257 0.422606 
-0.583791 0.172283 
0.641847 0.0174353 
-0.611077 0.122282 
-0.636702 0.00132915 
0.609227 0.191202 
0.625895 0.151306 
0.593606 0.220825 
0.577932 0.246111 
0.617036 0.173996 
0.603641 0.202411 
ZONE T="boundary5"
-0.482162 -0.337997 
-0.554167 -0.250569 
-0.564014 -0.23523 
-0.509134 -0.309375 
-0.630615 -0.0703755 
-0.626358 -0.0905344 
0.610378 -0.0786625 
0.601092 -0.0949572 
-0.599401 -0.169052 
-0.621071 -0.110478 
-0.58247 -0.203376 
0.625955 -0.0447758 
0.61873 -0.0618624 
-0.573488 -0.219444 
-0.339393 -0.44324 
-0.360194 -0.431538 
-0.22625 -0.491109 
-0.250013 -0.483063 
-0.273463 -0.47413 
-0.635843 -0.0295825 
-0.318174 -0.454167 
-0.296003 -0.464565 
-0.0981508 -0.518476 
-0.124984 -0.514885 
-0.150932 -0.510352 
-0.607551 -0.149754 
-0.2016 -0.49843 
-0.176699 -0.504804 
-0.5215 -0.294813 
-0.435103 -0.379955 
-0.451578 -0.366258 
-0.543839 -0.265593 
-0.63379 -0.0500693 
-0.532921 -0.28039 
-0.417409 -0.393629 
-0.39923 -0.40666 
-0.37994 -0.419455 
-0.614791 -0.130214 
-0.467554 -0.35199 
-0.496276 -0.323511 
0.590781 -0.111069 
0.579747 -0.126711 
-0.63672 -0.0089992 
-0.591248 -0.186365 
-0.0712313 -0.520965 
-0.0433964 -0.52236 
0.0130829 -0.521423 
-0.0155974 -0.522539 
0.0998585 -0.509437 
0.0709175 -0.514944 
0.0415783 -0.518958 
0.12948 -0.502106 
0.18747 -0.482298 
0.158523 -0.493134 
0.21688 -0.469195 
0.246749 -0.453551 
0.275945 -0.435807 
0.295707 -0.422342 
0.315113 -0.407936 
0.354845 -0.374747 
0.335268 -0.391717 
0.484552 -0.238293 
0.393904 -0.337515 
0.557995 -0.154464 
0.449578 -0.278037 
0.430304 -0.299332 
0.517798 -0.200756 
0.500546 -0.220155 
0.374632 -0.356422 
0.534965 -0.181377 
0.636893 -0.00961807 
0.640511 0.00835282 
0.632014 -0.0273917 
0.468568 -0.256537 
0.412293 -0.318595 
-0.559149 -0.242937 
-0.628617 -0.0804827 
0.605845 -0.0868724 
-0.623839 -0.100539 
0.622477 -0.0533761 
-0.349848 -0.437486 
-0.238169 -0.487197 
-0.26178 -0.478707 
-0.307137 -0.45947 
-0.328834 -0.448801 
-0.111586 -0.516817 
-0.603581 -0.159447 
-0.18918 -0.501736 
-0.51538 -0.302147 
-0.443401 -0.373179 
-0.549064 -0.258123 
-0.63234 -0.0602439 
-0.527272 -0.28765 
-0.408378 -0.400226 
-0.370122 -0.425586 
-0.611283 -0.140025 
-0.426318 -0.386872 
-0.489282 -0.330815 
0.585345 -0.118947 
-0.568811 -0.227373 
-0.578043 -0.211446 
-0.586934 -0.194909 
0.596034 -0.103076 
-0.474918 -0.345056 
-0.636432 -0.0192973 
-0.0573214 -0.521813 
-0.0012507 -0.522149 
0.0854243 -0.512382 
0.114721 -0.50598 
0.173077 -0.487932 
0.202277 -0.475975 
0.261487 -0.444907 
0.34513 -0.383317 
0.305481 -0.415235 
-0.618049 -0.120383 
0.569066 -0.14074 
0.439981 -0.288721 
0.492538 -0.229214 
0.38433 -0.347032 
0.638859 -0.000664179 
-0.595406 -0.177747 
0.634606 -0.0185468 
0.629128 -0.0361338 
0.36481 -0.365662 
-0.634961 -0.0398405 
-0.459629 -0.359195 
-0.502765 -0.316497 
0.614679 -0.0703243 
-0.538443 -0.273038 
0.509166 -0.210451 
0.526398 -0.191081 
-0.21396 -0.494887 
0.285896 -0.429177 
-0.163843 -0.507704 
0.325269 -0.399924 
-0.389644 -0.413146 
0.476559 -0.247414 
-0.284777 -0.469452 
0.403149 -0.328104 
-0.0847039 -0.519859 
0.0562737 -0.517139 
0.54658 -0.168007 
-0.13798 -0.512746 
-0.0294979 -0.522603 
0.0273454 -0.520361 
0.144066 -0.497829 
0.421341 -0.309003 
0.459097 -0.267308 
0.231941 -0.461613 
