ZONE T="boundary0"
-4 -0.292422 
-4 -0.350708 
-4 0.10702 
-4 0.165237 
-4 0.770747 
-4 0.541494 
-4 0.3658 
-4 0.453647 
-4 -0.631151 
-4 -0.0558965 
-4 1 
-4 -0.723321 
-4 -0.86166 
-4 -0.408995 
-4 -0.24084 
-4 -0.538981 
-4 -0.189258 
-4 -0.122577 
-4 0.0255617 
-4 -1 
-4 0.330214 
-4 0.194345 
-4 0.294627 
-4 0.259041 
-4 0.223454 
-4 0.136128 
-4 0.656121 
-4 0.409724 
-4 0.885374 
-4 -0.792491 
-4 -0.379852 
-4 -0.473988 
-4 -0.321565 
-4 -0.215049 
-4 -0.0892369 
-4 -0.0151674 
-4 -0.677236 
-4 -0.585066 
-4 -0.93083 
-4 0.0662908 
-4 0.276834 
-4 0.241247 
-4 0.348007 
-4 -0.266631 
-4 -0.155918 
-4 0.497571 
-4 0.31242 
-4 0.179791 
-4 0.2089 
ZONE T="boundary1"
1.27275 1 
1.41877 1 
-0.178764 1 
-0.420802 1 
-0.52459 1 
-0.0988274 1 
4 1 
3.77542 1 
3.55085 1 
0.072822 1 
-1.15481 1 
-3.75675 1 
-4 1 
-2.12867 1 
-2.31532 1 
0.909295 1 
1.5818 1 
1.99296 1 
1.74483 1 
2.88103 1 
3.08476 1 
-2.94263 1 
-3.03694 1 
-3.51349 1 
2.6773 1 
2.24109 1 
-0.353992 1 
-0.0188909 1 
-0.628378 1 
-0.287183 1 
0.314656 1 
0.687491 1 
0.585466 1 
0.483441 1 
0.399049 1 
0.164535 1 
0.239596 1 
-0.735334 1 
-0.84229 1 
-1.26243 1 
-0.944741 1 
0.798393 1 
1.01802 1 
-1.56404 1 
-1.67346 1 
-1.45463 1 
-1.80774 1 
-1.94203 1 
-3.22557 1 
-3.36953 1 
3.33677 1 
-2.71506 1 
2.11702 1 
1.19974 1 
1.12674 1 
-1.04719 1 
-2.58182 1 
-2.84831 1 
1.34576 1 
-0.472696 1 
-0.138796 1 
3.88771 1 
3.66314 1 
-3.87837 1 
-2.222 1 
1.8689 1 
-2.98978 1 
-3.63512 1 
2.45919 1 
-0.387397 1 
-0.576484 1 
-0.232973 1 
0.636478 1 
0.441245 1 
0.534454 1 
0.202065 1 
-0.681856 1 
-1.20862 1 
0.853844 1 
0.963655 1 
0.742942 1 
-1.61875 1 
-1.35853 1 
-1.87489 1 
-1.7406 1 
-3.44151 1 
-2.03535 1 
3.21076 1 
2.05499 1 
1.50028 1 
1.66332 1 
1.16324 1 
-3.29755 1 
2.77917 1 
3.44381 1 
2.9829 1 
2.17906 1 
-0.0588592 1 
-0.320588 1 
0.0269655 1 
0.118678 1 
0.277126 1 
0.356853 1 
-0.893515 1 
-0.995967 1 
-1.101 1 
-0.788812 1 
-2.78169 1 
-2.44857 1 
-3.13126 1 
-2.64844 1 
-2.89547 1 
1.07238 1 
1.23625 1 
-1.50933 1 
ZONE T="boundary2"
4 -0.348501 
4 -0.303229 
4 -0.255052 
4 0.0383882 
4 0.266282 
4 0.529628 
4 1 
4 0.764814 
4 -0.697988 
4 -0.597318 
4 -0.393774 
4 -0.495546 
4 -0.206876 
4 -0.101464 
4 -0.15417 
4 -0.798659 
4 0.236054 
4 0.145369 
4 0.175597 
4 0.205825 
4 0.400471 
4 0.647221 
4 -1 
4 0.333376 
4 0.299829 
4 -0.325865 
4 0.882407 
4 -0.647653 
4 -0.44466 
4 -0.230964 
4 -0.127817 
4 -0.279141 
4 -0.031538 
4 -0.546432 
4 -0.748324 
4 -0.371138 
4 0.251168 
4 0.0918788 
4 0.190711 
4 0.465049 
4 0.588424 
4 0.706017 
4 -0.899329 
4 0.316602 
4 0.283055 
4 0.366923 
4 -0.180523 
4 0.160483 
4 0.220939 
ZONE T="boundary3"
-0.0742912 -1 
-0.141881 -1 
-0.561026 -1 
-0.694444 -1 
-0.809933 -1 
0.90787 -1 
0.549646 -1 
-2.52257 -1 
3.30809 -1 
-1.62092 -1 
3.4492 -1 
-1.74076 -1 
-1.89627 -1 
-1.17408 -1 
-1.0912 -1 
1.80613 -1 
1.98047 -1 
-2.95435 -1 
2.41195 -1 
-2.05178 -1 
-2.28717 -1 
-3.13618 -1 
2.19621 -1 
2.88475 -1 
2.64835 -1 
3.02586 -1 
0.343575 -1 
0.412265 -1 
-0.00670137 -1 
0.132073 -1 
0.274884 -1 
0.203479 -1 
-0.263838 -1 
-0.345723 -1 
0.666494 -1 
-0.202859 -1 
0.783343 -1 
-0.427608 -1 
0.0626859 -1 
3.7246 -1 
-4 -1 
0.845606 -1 
-3.659 -1 
-0.867678 -1 
4 -1 
-3.318 -1 
1.63179 -1 
1.50041 -1 
-1.00831 -1 
-1.04975 -1 
-1.37902 -1 
-1.25697 -1 
-1.50108 -1 
1.36902 -1 
1.25634 -1 
3.16697 -1 
1.02576 -1 
1.14365 -1 
-0.925423 -1 
-0.108086 -1 
-0.627735 -1 
3.37864 -1 
-1.13264 -1 
1.8933 -1 
-2.73846 -1 
-2.16948 -1 
-3.04526 -1 
2.08834 -1 
2.53015 -1 
0.37792 -1 
-0.0404963 -1 
0.239182 -1 
0.167776 -1 
-0.30478 -1 
0.60807 -1 
-0.17237 -1 
0.724919 -1 
-0.494317 -1 
0.0279922 -1 
0.876738 -1 
0.480956 -1 
-0.386665 -1 
-3.8295 -1 
-0.838806 -1 
3.8623 -1 
-3.4885 -1 
-3.22709 -1 
1.5661 -1 
-0.752189 -1 
-1.02903 -1 
-1.318 -1 
-1.44005 -1 
1.71896 -1 
-1.68084 -1 
1.31268 -1 
2.76655 -1 
3.09642 -1 
2.9553 -1 
3.23753 -1 
-2.40487 -1 
-1.81851 -1 
-1.97403 -1 
3.5869 -1 
2.30408 -1 
0.0973795 -1 
0.30923 -1 
-0.233348 -1 
0.966816 -1 
1.08471 -1 
-1.21553 -1 
-0.896551 -1 
0.814475 -1 
1.43471 -1 
-1.561 -1 
1.2 -1 
-1.07048 -1 
-0.966866 -1 
ZONE T="boundary4"
-0.0694756 0.444398 
-0.248106 0.432826 
-0.225172 0.436508 
-0.17625 0.441969 
-0.150278 0.443671 
0.593571 0.181067 
-0.643725 0.0077063 
0.643249 0.0930828 
-0.577349 0.232704 
0.647525 0.0807515 
0.654228 0.0559727 
-0.292294 0.423443 
-0.313498 0.417757 
-0.42515 0.371892 
-0.621535 0.146327 
-0.457556 0.352153 
-0.639307 0.0790138 
-0.635958 0.0966729 
0.65975 -0.0204878 
-0.626999 0.130356 
-0.631747 0.114112 
-0.595069 0.20369 
-0.567539 0.24687 
-0.0968676 0.444871 
-0.200758 0.43962 
-0.487489 0.330405 
-0.472933 0.34145 
-0.546992 0.273108 
-0.643326 0.0433278 
-0.64177 0.0611894 
-0.525835 0.296145 
-0.501576 0.318766 
-0.441756 0.362223 
-0.390374 0.38946 
-0.371945 0.397462 
-0.407935 0.381015 
-0.353222 0.404762 
-0.333481 0.411622 
-0.270897 0.428382 
0.565323 0.214854 
0.579746 0.198357 
-0.124258 0.444624 
0.627239 0.128748 
0.550922 0.230094 
-0.609885 0.174552 
0.660375 -0.00772482 
-0.643975 0.0254705 
-0.615987 0.160553 
0.40552 0.335466 
0.320364 0.37207 
0.349564 0.360835 
0.378045 0.34862 
0.535983 0.244795 
0.48281 0.288864 
0.521197 0.258303 
0.502395 0.27404 
0.458255 0.305503 
0.0770773 0.431275 
0.107273 0.426562 
0.0172744 0.438642 
0.0467855 0.435337 
0.137996 0.421081 
0.230057 0.400246 
0.260556 0.391707 
0.290783 0.382301 
0.638421 0.105208 
0.606533 0.163082 
0.617712 0.14564 
0.660388 0.00504741 
0.656697 0.0433467 
0.658557 0.0305708 
-0.0408701 0.443187 
-0.0123026 0.44129 
0.432358 0.321087 
0.168581 0.414919 
0.199416 0.407959 
0.633076 0.117094 
-0.236654 0.43476 
-0.16327 0.442917 
0.651167 0.0684406 
-0.302921 0.420695 
-0.637743 0.0878642 
0.645457 0.0869417 
-0.629465 0.122261 
-0.63396 0.105419 
-0.624356 0.138372 
-0.572512 0.239835 
-0.0831702 0.444722 
-0.188513 0.440887 
-0.480267 0.336002 
-0.557527 0.260194 
-0.642661 0.0522684 
-0.513927 0.307693 
-0.494593 0.324659 
-0.465299 0.34688 
-0.640651 0.0701171 
-0.449707 0.357267 
-0.381198 0.39355 
-0.362618 0.401199 
-0.343384 0.408284 
-0.399196 0.385322 
0.57262 0.20668 
-0.281616 0.426004 
-0.416588 0.376539 
-0.110564 0.444841 
0.58676 0.189793 
0.558192 0.22254 
0.660138 -0.0141101 
-0.212978 0.438162 
-0.643763 0.0344032 
-0.613004 0.167581 
-0.536633 0.284828 
-0.137272 0.444238 
0.335015 0.366584 
0.363865 0.354868 
0.54352 0.237513 
-0.602766 0.189267 
0.511892 0.266287 
0.528654 0.251619 
-0.323517 0.414779 
0.470648 0.297354 
0.0921878 0.428999 
0.0320389 0.43707 
0.12265 0.423906 
-0.433502 0.367141 
0.245336 0.396082 
0.275705 0.387118 
0.640902 0.099172 
0.622596 0.137262 
-0.643962 0.0165868 
0.657705 0.03697 
0.659782 0.0178313 
0.655538 0.0496744 
0.492693 0.281571 
0.660458 -0.00133891 
-0.25952 0.430702 
0.600172 0.172161 
0.391853 0.342191 
0.0619424 0.433388 
-0.0265808 0.442322 
0.419024 0.328436 
0.153306 0.418086 
0.184019 0.411531 
0.00249337 0.440051 
-0.0551692 0.443881 
0.305615 0.377307 
0.214761 0.4042 
0.612244 0.154439 
0.635811 0.111181 
-0.618831 0.153469 
0.630218 0.12295 
0.445408 0.313463 
-0.586487 0.218367 
ZONE T="boundary5"
-0.175551 -0.435416 
-0.198848 -0.429924 
-0.126051 -0.445112 
-0.150863 -0.440579 
-0.612995 -0.124266 
-0.619036 -0.10965 
-0.599264 -0.152544 
0.54991 -0.254257 
0.639295 -0.108114 
-0.640606 -0.0273016 
-0.642594 -0.00989398 
-0.643725 0.0077063 
-0.637792 -0.0444405 
-0.624677 -0.0941799 
0.643817 -0.0958718 
-0.634175 -0.0613356 
0.651331 -0.0711199 
-0.629794 -0.0779133 
-0.222 -0.423842 
-0.243695 -0.417551 
-0.265225 -0.410708 
-0.305262 -0.396265 
-0.323856 -0.388729 
-0.10006 -0.449176 
0.035256 -0.459451 
-0.359483 -0.372638 
-0.451408 -0.318423 
-0.411804 -0.344392 
-0.583188 -0.180053 
-0.376497 -0.364106 
-0.285336 -0.403745 
-0.430349 -0.332798 
-0.394303 -0.354524 
-0.342247 -0.380707 
0.656705 -0.045886 
0.65975 -0.0204878 
-0.501154 -0.278033 
-0.477364 -0.29863 
0.00762636 -0.458828 
0.0632453 -0.459292 
-0.0199751 -0.457447 
-0.0470058 -0.455365 
-0.0739705 -0.45257 
0.204127 -0.445424 
0.17593 -0.450083 
0.091219 -0.45832 
0.119439 -0.456485 
0.147589 -0.453766 
0.232441 -0.439679 
0.260513 -0.432847 
0.395631 -0.380468 
0.42064 -0.366253 
0.316154 -0.415577 
0.288442 -0.424835 
0.442036 -0.352617 
0.462783 -0.337914 
0.516146 -0.291734 
0.498553 -0.30849 
0.480999 -0.323636 
0.369976 -0.393346 
0.532891 -0.274094 
-0.523426 -0.256111 
-0.544748 -0.232281 
0.566102 -0.233553 
0.596546 -0.189842 
0.610332 -0.167336 
0.634322 -0.120196 
0.623019 -0.144133 
0.58172 -0.211968 
0.343301 -0.405115 
-0.564817 -0.206834 
-0.187217 -0.432742 
-0.138472 -0.442923 
-0.616091 -0.116989 
-0.606407 -0.13854 
-0.641707 -0.01861 
-0.643269 -0.00110089 
-0.621941 -0.101946 
-0.639303 -0.0358881 
-0.636085 -0.0529098 
0.647825 -0.0835722 
-0.627329 -0.086076 
-0.210444 -0.426957 
-0.254482 -0.414199 
-0.314583 -0.392557 
-0.113069 -0.447228 
-0.163224 -0.438076 
-0.591483 -0.166449 
-0.421129 -0.338678 
-0.295324 -0.40007 
-0.385437 -0.359383 
-0.440959 -0.325728 
-0.350892 -0.376729 
0.658522 -0.0332222 
-0.403094 -0.349528 
-0.489421 -0.288519 
-0.368019 -0.368431 
0.0214391 -0.459235 
-0.0334974 -0.456496 
-0.0604974 -0.454056 
0.190049 -0.447878 
0.133525 -0.455238 
-0.333078 -0.38478 
0.0772358 -0.458909 
0.246511 -0.436402 
0.30235 -0.42036 
0.408229 -0.373525 
0.489866 -0.316168 
0.452502 -0.345395 
0.382885 -0.387068 
0.431421 -0.359564 
0.541524 -0.264282 
0.507456 -0.300223 
0.524629 -0.283019 
-0.534272 -0.244361 
0.558111 -0.243988 
-0.632082 -0.0696502 
0.603564 -0.178666 
0.628863 -0.132256 
0.616833 -0.15582 
0.574006 -0.222829 
0.636862 -0.114177 
0.641614 -0.102014 
-0.275303 -0.40729 
-0.232868 -0.420764 
0.471975 -0.330881 
0.0492512 -0.459472 
0.218311 -0.442684 
-0.0870262 -0.450957 
0.329788 -0.410504 
0.105336 -0.457511 
0.161775 -0.452044 
0.27452 -0.428987 
0.589237 -0.200975 
-0.00617902 -0.458232 
0.35671 -0.399394 
-0.574237 -0.193604 
-0.512466 -0.267251 
0.654296 -0.0585624 
-0.554984 -0.219717 
-0.464537 -0.308725 
