ZONE T="boundary0"
-4 -0.317548 
-4 -0.25643 
-4 -0.40481 
-4 -0.361179 
-4 -0.192368 
-4 -0.125801 
-4 0.0773882 
-4 0.122929 
-4 0.601595 
-4 0.800798 
-4 0.410288 
-4 0.505942 
-4 -0.490117 
-4 0.0318472 
-4 -0.575424 
-4 -0.059235 
-4 0.240905 
-4 0.280231 
-4 -1 
-4 -0.868262 
-4 -0.736524 
-4 0.34526 
-4 0.20158 
-4 0.312745 
-4 1 
-4 -0.382994 
-4 -0.159085 
-4 -0.224399 
-4 0.100159 
-4 0.701196 
-4 0.458115 
-4 -0.286989 
-4 -0.447463 
-4 -0.53277 
-4 -0.0136939 
-4 0.260568 
-4 -0.934131 
-4 -0.802393 
-4 -0.0925182 
-4 0.162255 
-4 0.0546177 
-4 0.296488 
-4 0.377774 
-4 -0.339363 
-4 -0.655974 
-4 0.553768 
-4 0.900399 
-4 0.221243 
-4 0.329002 
ZONE T="boundary1"
-3.80738 1 
1.39588 1 
1.56611 1 
3.61232 1 
0.795427 1 
-1.26885 1 
-0.182354 1 
-0.119102 1 
-0.36891 1 
-0.295834 1 
1.22565 1 
0.371474 1 
-1.05348 1 
-1.16117 1 
0.986272 1 
0.89085 1 
3.41848 1 
-3.19959 1 
-3.47637 1 
2.31283 1 
2.11499 1 
3.08339 1 
-2.04323 1 
-2.85905 1 
-3.0612 1 
-2.6569 1 
-2.23324 1 
0.0775035 1 
-0.441987 1 
-0.0558511 1 
-0.239094 1 
-0.543754 1 
0.148466 1 
-0.64552 1 
0.219428 1 
0.27011 1 
0.696874 1 
0.598321 1 
-0.85088 1 
-0.7482 1 
1.10596 1 
1.31077 1 
3.80616 1 
-0.952181 1 
-1.3623 1 
-1.45575 1 
-1.55512 1 
0.510238 1 
0.422156 1 
3.22464 1 
-1.65449 1 
2.78481 1 
1.74163 1 
1.91714 1 
2.47016 1 
2.62748 1 
-1.75386 1 
-2.44507 1 
-1.85323 1 
-3.61476 1 
-3.33798 1 
0.0108262 1 
0.320792 1 
-4 1 
2.94213 1 
4 1 
1.481 1 
-0.150728 1 
0.938561 1 
2.21391 1 
-2.96012 1 
-2.13823 1 
-0.405448 1 
-0.267464 1 
-0.49287 1 
0.112985 1 
0.244769 1 
-0.0874767 1 
0.647597 1 
-0.79954 1 
0.843138 1 
1.16581 1 
1.04612 1 
1.26821 1 
1.35333 1 
-1.00283 1 
-1.40902 1 
-1.10732 1 
-1.21501 1 
-1.50543 1 
0.466197 1 
-0.90153 1 
3.15401 1 
3.32156 1 
3.5154 1 
1.65387 1 
1.82938 1 
2.3915 1 
2.01606 1 
2.54882 1 
-2.55098 1 
-2.75797 1 
-3.1304 1 
-1.94823 1 
-3.40718 1 
-2.33915 1 
-0.332372 1 
-0.210724 1 
0.0441649 1 
-0.0225124 1 
0.74615 1 
-0.594637 1 
0.295451 1 
0.183947 1 
0.554279 1 
-1.31557 1 
-0.69686 1 
-3.54557 1 
-3.26879 1 
3.70924 1 
-3.90369 1 
2.86347 1 
2.70615 1 
3.01276 1 
3.90308 1 
-3.71107 1 
-1.80354 1 
-1.70417 1 
0.396815 1 
0.346133 1 
-1.6048 1 
ZONE T="boundary2"
4 -0.261954 
4 -0.788558 
4 0.327284 
4 0.276983 
4 0.163046 
4 0.226682 
4 0.0184854 
4 -0.35294 
4 -0.577116 
4 -0.284701 
4 -0.465028 
4 -0.307447 
4 -0.109026 
4 -0.062439 
4 0.0994098 
4 0.412739 
4 0.498195 
4 0.749098 
4 0.623646 
4 -1 
4 -0.208784 
4 -0.235369 
4 -0.155614 
4 1 
4 0.302133 
4 0.194864 
4 -0.273327 
4 -0.521072 
4 -0.0857327 
4 0.0589476 
4 -0.0219768 
4 0.131228 
4 0.455467 
4 0.370012 
4 0.686372 
4 -0.894279 
4 -0.682837 
4 -0.222077 
4 -0.296074 
4 -0.248662 
4 -0.330194 
4 -0.408984 
4 -0.182199 
4 -0.13232 
4 0.251833 
4 0.560921 
4 0.874549 
ZONE T="boundary3"
-3.87722 -1 
-1.90728 -1 
-1.69482 -1 
-2.04892 -1 
-2.43342 -1 
-2.19056 -1 
0.410718 -1 
0.504787 -1 
1.17126 -1 
1.28451 -1 
-0.752046 -1 
-0.0733406 -1 
0.152806 -1 
-0.836539 -1 
-1.03815 -1 
-0.937346 -1 
-0.667552 -1 
-3.20965 -1 
1.84403 -1 
2.0198 -1 
-3.61824 -1 
-3.48204 -1 
3.36048 -1 
2.23578 -1 
-1.25632 -1 
1.39776 -1 
-2.67629 -1 
-2.94297 -1 
3.52036 -1 
3.68024 -1 
3.0234 -1 
0.31665 -1 
-0.396332 -1 
-0.147775 -1 
-0.224843 -1 
-0.301912 -1 
0.00109365 -1 
0.0769498 -1 
0.71932 -1 
-0.490752 -1 
0.612054 -1 
0.889809 -1 
0.832979 -1 
1.05895 -1 
-1.14724 -1 
1.53301 -1 
1.66826 -1 
-1.37774 -1 
-1.49916 -1 
4 -1 
2.45176 -1 
2.68633 -1 
-4 -1 
-3.75444 -1 
0.234728 -1 
0.946638 -1 
-1.80105 -1 
-2.31199 -1 
0.457753 -1 
1.22789 -1 
-0.98775 -1 
1.93191 -1 
-3.55014 -1 
2.12779 -1 
-2.80963 -1 
-2.55485 -1 
-0.186309 -1 
-0.349122 -1 
0.0390217 -1 
-0.579152 -1 
0.55842 -1 
-0.709799 -1 
-0.886943 -1 
-0.794292 -1 
-0.443542 -1 
0.665687 -1 
1.11511 -1 
1.34113 -1 
-1.20178 -1 
1.60063 -1 
-1.43845 -1 
-1.31703 -1 
-1.59699 -1 
-1.0927 -1 
3.84012 -1 
-3.34584 -1 
3.19194 -1 
2.34377 -1 
-1.9781 -1 
2.56905 -1 
1.46538 -1 
-3.93861 -1 
-3.81583 -1 
-3.68634 -1 
1.75614 -1 
0.193767 -1 
0.363684 -1 
0.275689 -1 
-0.110558 -1 
-0.263377 -1 
-0.0361235 -1 
0.114878 -1 
0.77615 -1 
0.918223 -1 
0.861394 -1 
1.00279 -1 
-3.07631 -1 
3.6003 -1 
2.85487 -1 
-2.11974 -1 
3.44042 -1 
ZONE T="boundary4"
-0.283054 0.439743 
-0.261865 0.446774 
-0.396912 0.386947 
0.517983 0.248164 
0.648393 0.0494486 
0.640542 0.0737221 
0.635732 0.0858231 
0.653996 0.0245539 
-0.239177 0.453466 
-0.216279 0.459387 
-0.379531 0.39687 
-0.556572 0.243758 
-0.631535 0.0915836 
-0.620892 0.12539 
-0.635805 0.0738658 
-0.639217 0.055976 
-0.586244 0.198565 
-0.641733 0.0380392 
0.657968 -0.0256036 
0.651483 0.0370789 
0.657186 -0.000494362 
-0.626437 0.109083 
-0.576859 0.213968 
-0.614674 0.141435 
-0.566954 0.229042 
-0.343054 0.415355 
-0.140862 0.473403 
-0.114509 0.476439 
-0.430455 0.365485 
-0.0589883 0.479857 
-0.0867778 0.478644 
-0.413951 0.376446 
-0.535506 0.27068 
-0.52486 0.282952 
-0.503279 0.305543 
-0.476582 0.330038 
-0.490143 0.318021 
-0.461785 0.342261 
-0.644045 0.00222955 
-0.361444 0.406413 
-0.304001 0.432012 
-0.191772 0.46484 
-0.167097 0.469445 
-0.323664 0.424005 
0.583626 0.172832 
-0.601783 0.16984 
-0.643345 0.020095 
-0.44657 0.35396 
0.297484 0.405383 
0.325667 0.391398 
0.353025 0.376414 
0.618394 0.120868 
0.553588 0.209407 
0.569812 0.190246 
0.536824 0.228152 
0.453524 0.307479 
0.476396 0.288059 
0.498508 0.267615 
0.404906 0.34381 
0.429532 0.326182 
0.0286509 0.477282 
-0.0300624 0.480077 
-0.0011499 0.479243 
0.118845 0.464426 
0.0886917 0.4699 
0.268614 0.418275 
0.630421 0.097707 
0.596764 0.154927 
0.608361 0.137569 
0.379215 0.360678 
0.058359 0.474207 
0.149099 0.457707 
0.179353 0.449721 
0.20949 0.440458 
0.239396 0.429922 
0.624625 0.109401 
-0.272488 0.443346 
0.644737 0.0616736 
0.638202 0.0797986 
-0.227753 0.456522 
-0.388262 0.39198 
-0.63762 0.0649416 
0.65001 0.0432819 
-0.640586 0.0470231 
-0.633775 0.0827501 
0.65589 0.0120689 
-0.623751 0.117266 
-0.629087 0.100363 
-0.581619 0.206308 
-0.617866 0.133444 
-0.571969 0.221547 
-0.127699 0.475035 
-0.0728883 0.479374 
-0.561824 0.236443 
-0.42225 0.371036 
-0.530233 0.27686 
-0.514246 0.294416 
-0.483414 0.324087 
-0.469238 0.336215 
-0.496766 0.311839 
-0.370527 0.401717 
-0.352285 0.410959 
-0.405476 0.381769 
-0.29356 0.435965 
-0.179454 0.467247 
-0.153997 0.47154 
-0.313865 0.428088 
-0.594259 0.184336 
-0.250549 0.450217 
-0.454228 0.348176 
-0.546265 0.257396 
-0.333395 0.41976 
0.339422 0.384044 
0.561773 0.199887 
0.465063 0.297889 
0.487561 0.277953 
0.527473 0.238222 
-0.643808 0.0111667 
0.417308 0.33512 
-0.0445263 0.480099 
0.0137595 0.478402 
0.103794 0.467309 
0.283114 0.411976 
-0.438562 0.359793 
0.633137 0.0917924 
0.613481 0.129281 
-0.608481 0.155752 
-0.642651 0.0290771 
0.652814 0.0308315 
0.590288 0.163948 
0.545264 0.218831 
0.602663 0.146315 
-0.204049 0.46222 
0.576793 0.181597 
0.366198 0.368676 
0.392145 0.352373 
0.0435191 0.475884 
0.0735459 0.4722 
0.508329 0.257973 
0.311646 0.398534 
-0.0156024 0.479792 
0.134005 0.461215 
0.164265 0.453865 
-0.100653 0.477666 
0.194467 0.445241 
0.254064 0.424246 
0.224496 0.435342 
0.657877 -0.0130386 
0.627579 0.103584 
0.621562 0.115163 
0.441626 0.316955 
ZONE T="boundary5"
-0.455049 -0.317683 
-0.598776 -0.172673 
-0.642743 -0.0330205 
-0.640774 -0.050295 
-0.341553 -0.369157 
-0.322473 -0.375322 
0.628154 -0.147612 
0.63821 -0.124015 
-0.643841 -0.0154858 
0.616551 -0.170406 
-0.629828 -0.10044 
-0.624751 -0.116015 
0.646358 -0.0999885 
-0.637947 -0.0673284 
-0.606111 -0.159157 
-0.2398 -0.396598 
-0.26194 -0.391653 
-0.359392 -0.362868 
-0.303245 -0.381005 
-0.119763 -0.416261 
-0.0934157 -0.419232 
-0.170124 -0.40932 
-0.193881 -0.405422 
-0.217575 -0.401095 
-0.144967 -0.413001 
-0.518587 -0.271165 
-0.529804 -0.260771 
-0.572191 -0.212927 
-0.56218 -0.225653 
-0.581618 -0.199891 
-0.540958 -0.249588 
-0.377049 -0.356087 
-0.393815 -0.349081 
-0.482183 -0.30001 
-0.410357 -0.341565 
-0.506975 -0.281117 
0.657968 -0.0256036 
0.470865 -0.331003 
0.489267 -0.318243 
-0.619139 -0.130811 
0.60367 -0.19237 
-0.551802 -0.237826 
-0.644045 0.00222955 
-0.282649 -0.386563 
0.0426852 -0.427684 
0.0150031 -0.426926 
0.210965 -0.419288 
-0.0126588 -0.425662 
-0.039859 -0.423946 
0.523758 -0.290022 
0.506997 -0.304516 
-0.067035 -0.421775 
0.182844 -0.4225 
0.098524 -0.427553 
0.0706033 -0.427908 
0.154657 -0.42491 
0.126602 -0.42657 
0.239179 -0.415176 
0.267253 -0.410111 
0.295287 -0.403981 
0.323069 -0.39673 
0.403269 -0.367811 
0.558209 -0.254426 
0.377159 -0.378698 
0.428262 -0.3558 
0.449874 -0.343972 
-0.634292 -0.084043 
0.541492 -0.272781 
0.574375 -0.234521 
0.642522 -0.112085 
0.652455 -0.0755359 
-0.433011 -0.330173 
0.656374 -0.050629 
0.589625 -0.213673 
0.350297 -0.388353 
-0.590492 -0.186467 
-0.612944 -0.145129 
-0.641869 -0.0416703 
-0.332033 -0.372302 
0.633396 -0.135904 
-0.643404 -0.0242602 
0.622534 -0.159101 
-0.627383 -0.108258 
-0.639469 -0.0588296 
-0.602516 -0.165954 
-0.250882 -0.394183 
-0.350493 -0.366072 
-0.312876 -0.378221 
-0.106595 -0.417801 
-0.205738 -0.403314 
-0.524245 -0.266023 
-0.567249 -0.21934 
-0.576972 -0.206457 
-0.385458 -0.352646 
-0.468776 -0.309091 
-0.402115 -0.345388 
-0.494757 -0.290797 
0.480148 -0.324742 
-0.622031 -0.123445 
-0.368245 -0.359541 
-0.157553 -0.411215 
-0.55705 -0.23179 
-0.292963 -0.383844 
0.0288423 -0.42737 
-0.0262627 -0.424862 
0.515476 -0.297383 
-0.0534514 -0.422917 
0.0845643 -0.427806 
0.140634 -0.425828 
0.309215 -0.4005 
0.253238 -0.412767 
0.390284 -0.373423 
0.415847 -0.361975 
0.460457 -0.33763 
-0.632163 -0.0922696 
0.498224 -0.311498 
0.439144 -0.350025 
0.532758 -0.281538 
-0.228698 -0.3989 
0.549987 -0.263728 
0.610263 -0.181478 
0.566425 -0.244582 
0.640424 -0.11807 
0.649668 -0.0878266 
0.644501 -0.106056 
-0.421752 -0.336004 
-0.644056 -0.00662926 
0.657464 -0.0381338 
-0.272308 -0.389164 
-0.444111 -0.324071 
0.582127 -0.22419 
-0.18201 -0.407423 
0.59678 -0.203109 
-0.132372 -0.414683 
0.0566434 -0.427866 
0.225088 -0.417346 
0.196916 -0.420998 
-0.0802302 -0.420557 
0.33673 -0.392694 
0.112565 -0.427143 
0.281299 -0.407181 
0.168758 -0.423802 
0.00116929 -0.426356 
0.363786 -0.383688 
-0.636225 -0.0757088 
0.654697 -0.0631259 
-0.546438 -0.24376 
-0.594709 -0.179617 
-0.616122 -0.138007 
-0.609606 -0.152179 
-0.586128 -0.193224 
-0.51283 -0.276196 
-0.535437 -0.255235 
