ZONE T="boundary0"
-4 -0.824349 
-4 -0.220602 
-4 -0.4533 
-4 0.468793 
-4 -1 
-4 0.734397 
-4 -0.550999 
-4 -0.648699 
-4 -0.35632 
-4 -0.254531 
-4 -0.190469 
-4 -0.059235 
-4 -0.100072 
-4 -0.160337 
-4 0.0632757 
-4 -0.0183981 
-4 0.182583 
-4 0.280231 
-4 0.122929 
-4 0.390787 
-4 0.247681 
-4 0.351783 
-4 1 
-4 -0.32239 
-4 -0.288461 
-4 -0.40481 
-4 0.31278 
-4 -0.599849 
-4 -0.237566 
-4 -0.205535 
-4 -0.0796534 
-4 -0.130204 
-4 0.0224388 
-4 -0.0388165 
-4 0.42979 
-4 0.263956 
-4 0.601595 
-4 -0.912175 
-4 0.867198 
-4 -0.736524 
-4 0.0931025 
-4 -0.175403 
-4 -0.339355 
-4 -0.380565 
-4 -0.305425 
-4 -0.429055 
-4 -0.502149 
-4 0.215132 
-4 0.371285 
-4 0.332282 
-4 0.152756 
-4 0.296505 
-4 -0.271496 
ZONE T="boundary1"
4 1 
3.80616 1 
-0.116496 1 
0.219428 1 
0.288643 1 
1.19476 1 
0.0775035 1 
0.150214 1 
-0.341049 1 
0.502286 1 
-0.182354 1 
-0.642334 1 
-1.38197 1 
0.957389 1 
1.07607 1 
1.75699 1 
1.56611 1 
-1.49624 1 
-1.85795 1 
2.49306 1 
3.41848 1 
3.22464 1 
2.31283 1 
2.8262 1 
1.9448 1 
0.395464 1 
0.342053 1 
0.00479352 1 
-0.4387 1 
-0.248212 1 
-0.748317 1 
-0.0558511 1 
-0.536351 1 
0.715818 1 
0.609052 1 
-1.04376 1 
-1.1184 1 
0.836603 1 
1.37524 1 
-1.2677 1 
-0.858714 1 
-4 1 
-3.28313 1 
-3.0799 1 
-1.67709 1 
1.47067 1 
-3.74318 1 
2.13261 1 
2.65963 1 
-3.48635 1 
3.61232 1 
-2.67346 1 
-2.20077 1 
-2.43711 1 
-2.02936 1 
-0.96911 1 
-2.87668 1 
3.90308 1 
0.254035 1 
0.113859 1 
-0.149425 1 
1.01673 1 
1.66155 1 
3.32156 1 
3.02542 1 
1.8509 1 
0.448875 1 
0.315348 1 
0.0411485 1 
0.184821 1 
-0.389875 1 
0.368759 1 
-0.695326 1 
-0.0861734 1 
-0.487526 1 
-0.589343 1 
0.662435 1 
-1.08108 1 
1.13542 1 
0.77621 1 
0.896996 1 
1.285 1 
-1.19305 1 
0.555669 1 
-3.18151 1 
-1.4391 1 
-1.32483 1 
-1.76752 1 
-1.58667 1 
1.42296 1 
-3.87159 1 
1.51839 1 
2.40294 1 
2.22272 1 
2.0387 1 
-3.38474 1 
3.5154 1 
-2.31894 1 
3.70924 1 
-1.94365 1 
-2.11506 1 
-0.215283 1 
-0.0255288 1 
-0.294631 1 
-0.913912 1 
-0.803515 1 
-1.00643 1 
-3.61476 1 
2.57634 1 
-2.55528 1 
2.74291 1 
-2.77507 1 
-2.97829 1 
ZONE T="boundary2"
4 -0.710305 
4 -0.367787 
4 -0.317422 
4 0.104454 
4 0.0616157 
4 -0.206486 
4 0.154692 
4 0.267288 
4 1 
4 0.20493 
4 -0.520066 
4 0.312064 
4 0.356841 
4 0.426509 
4 0.496176 
4 0.0187779 
4 -0.0635685 
4 -0.104742 
4 -0.145915 
4 -0.267057 
4 -0.443927 
4 0.748088 
4 -1 
4 -0.855153 
4 -0.342605 
4 0.0830347 
4 0.236109 
4 0.334453 
4 0.461343 
4 0.179811 
4 0.129573 
4 -0.0223953 
4 0.0401968 
4 -0.29224 
4 -0.481996 
4 -0.615186 
4 0.622132 
4 -0.927576 
4 -0.782729 
4 -0.1762 
4 -0.125328 
4 -0.236772 
4 -0.405857 
4 0.289676 
4 0.391675 
4 0.874044 
4 -0.084155 
ZONE T="boundary3"
-1.624 -1 
-0.937975 -1 
-0.833116 -1 
-1.37431 -1 
-1.25632 -1 
6.09275e-05 -1 
-0.0732309 -1 
-1.90253 -1 
-2.27176 -1 
0.0378507 -1 
0.0756405 -1 
3.35102 -1 
3.51327 -1 
1.98553 -1 
3.07939 -1 
2.94358 -1 
2.46153 -1 
2.63465 -1 
-1.49916 -1 
-4 -1 
-3.55789 -1 
-3.13246 -1 
-2.90894 -1 
-2.68541 -1 
-3.34518 -1 
2.80777 -1 
-2.47859 -1 
0.599885 -1 
-1.03815 -1 
0.393313 -1 
0.713745 -1 
0.951831 -1 
0.832788 -1 
-0.735104 -1 
-0.381505 -1 
-0.146523 -1 
-0.222319 -1 
-0.637092 -1 
-0.464895 -1 
0.15122 -1 
0.486026 -1 
-1.13833 -1 
0.300601 -1 
1.06323 -1 
4 -1 
3.83776 -1 
-0.298115 -1 
1.5885 -1 
1.49211 -1 
3.67551 -1 
-1.76327 -1 
1.17463 -1 
1.39571 -1 
1.28517 -1 
2.22353 -1 
1.78701 -1 
0.22591 -1 
-0.885546 -1 
-1.31531 -1 
-0.036585 -1 
-2.08715 -1 
0.0567456 -1 
3.43214 -1 
3.01149 -1 
-1.43673 -1 
-3.77894 -1 
-2.79718 -1 
2.87567 -1 
-2.37517 -1 
0.656815 -1 
-0.78411 -1 
-0.184421 -1 
-0.988064 -1 
-0.550993 -1 
0.11343 -1 
0.439669 -1 
-1.08824 -1 
0.346957 -1 
0.542956 -1 
3.91888 -1 
-0.260217 -1 
-0.4232 -1 
-1.19733 -1 
1.5403 -1 
0.89231 -1 
-1.56158 -1 
-1.69363 -1 
-1.8329 -1 
-0.686098 -1 
-3.23882 -1 
-3.45153 -1 
1.11893 -1 
1.34044 -1 
2.34253 -1 
-3.0207 -1 
2.10453 -1 
2.72121 -1 
2.54809 -1 
1.68775 -1 
3.59439 -1 
3.21521 -1 
-2.582 -1 
3.75663 -1 
0.0189558 -1 
0.188565 -1 
0.263256 -1 
-0.109877 -1 
-0.33981 -1 
1.88627 -1 
0.773267 -1 
1.2299 -1 
1.44391 -1 
1.00753 -1 
ZONE T="boundary4"
0.652575 0.0447906 
0.654923 0.0321481 
0.612268 0.147953 
0.621564 0.130523 
-0.642886 -0.00869798 
-0.641413 0.00924069 
-0.614711 0.113956 
-0.607879 0.129768 
-0.593913 0.15767 
-0.477851 0.301607 
-0.463663 0.31362 
-0.512996 0.267869 
-0.534609 0.243661 
0.658386 -0.0181764 
0.657839 0.00695995 
-0.635786 0.0451129 
-0.631649 0.062924 
-0.620888 0.0978475 
-0.626672 0.0805169 
-0.577297 0.185765 
-0.56732 0.200804 
-0.54594 0.229751 
-0.556864 0.21545 
-0.227196 0.43726 
-0.203833 0.444163 
-0.490865 0.289831 
-0.417073 0.348081 
-0.400419 0.358847 
-0.44909 0.325162 
-0.383448 0.369102 
-0.365941 0.378986 
-0.310724 0.406085 
-0.290755 0.41453 
-0.348156 0.388357 
-0.248982 0.430142 
-0.270559 0.422413 
-0.180282 0.450391 
-0.155096 0.456273 
0.642284 0.0819952 
0.632783 0.106573 
-0.433266 0.33688 
-0.12975 0.461408 
-0.10287 0.46602 
-0.0758639 0.469809 
-0.329564 0.397485 
0.0104581 0.476359 
-0.0190868 0.475066 
0.563416 0.223257 
0.547486 0.244643 
0.422361 0.365487 
0.396868 0.382215 
0.343004 0.411567 
0.37063 0.397452 
0.577131 0.203843 
0.446521 0.347651 
0.469759 0.328414 
0.530856 0.265505 
0.100879 0.474029 
0.0704783 0.475894 
0.0400254 0.476654 
0.131869 0.470946 
0.284928 0.435668 
0.314375 0.424327 
0.590348 0.184108 
-0.639044 0.027206 
0.649673 0.0573099 
0.60161 0.166207 
-0.0475158 0.47289 
0.16271 0.466634 
0.491601 0.308188 
0.512394 0.286691 
0.193616 0.460996 
0.224447 0.453968 
0.255053 0.445497 
0.617004 0.139285 
-0.64226 0.000280445 
-0.611376 0.121897 
-0.601143 0.143843 
-0.470807 0.307673 
-0.523985 0.255927 
0.656672 0.0195877 
-0.633825 0.0540433 
-0.62388 0.0892155 
-0.629264 0.0717499 
-0.572375 0.193328 
-0.617884 0.105934 
-0.540329 0.23675 
-0.551459 0.222643 
-0.562153 0.20817 
-0.21554 0.440796 
-0.585847 0.17186 
-0.484406 0.295772 
-0.408788 0.353528 
-0.456423 0.31945 
-0.374731 0.374108 
-0.391972 0.364038 
-0.300769 0.410379 
-0.357082 0.383735 
-0.238114 0.433777 
-0.259798 0.426354 
-0.167711 0.453426 
-0.502095 0.279015 
0.637762 0.0943722 
-0.280684 0.418541 
-0.441226 0.331086 
-0.116327 0.463817 
-0.0893812 0.468017 
-0.338893 0.392988 
-0.00431972 0.475836 
0.555526 0.234006 
-0.19208 0.447361 
0.40973 0.374027 
-0.320174 0.401851 
0.383852 0.39001 
0.57033 0.21359 
0.458274 0.338195 
-0.425214 0.342544 
-0.142442 0.458933 
0.0856869 0.475102 
0.328773 0.418134 
0.583806 0.19402 
-0.637524 0.0361793 
0.64623 0.0697279 
0.596046 0.175199 
0.607022 0.157129 
0.651192 0.0510659 
0.65382 0.0384825 
0.627365 0.118637 
0.434564 0.356736 
0.0252403 0.476632 
0.0552552 0.47641 
-0.0333101 0.474092 
0.53927 0.255153 
0.480819 0.318452 
0.521753 0.27621 
0.116389 0.472639 
0.147311 0.468946 
-0.0617021 0.471462 
0.502144 0.297582 
0.178193 0.46398 
0.209071 0.457655 
0.27005 0.440764 
-0.640339 0.0182379 
0.658409 -0.00560178 
0.356912 0.404694 
0.299724 0.430185 
0.2398 0.449913 
ZONE T="boundary5"
0.46127 -0.31096 
0.439845 -0.322951 
0.585729 -0.201642 
-0.624433 -0.144249 
-0.582191 -0.230243 
-0.590833 -0.216444 
-0.606395 -0.187818 
-0.254329 -0.415798 
-0.231913 -0.418462 
0.600772 -0.181488 
-0.469885 -0.341778 
-0.642002 -0.0617648 
-0.639991 -0.0790896 
-0.496483 -0.32299 
-0.612964 -0.17369 
0.569352 -0.221205 
-0.629258 -0.128972 
-0.633526 -0.112951 
0.626795 -0.13851 
0.637398 -0.115539 
-0.63716 -0.0961506 
0.614499 -0.160504 
0.645965 -0.0919717 
-0.158694 -0.423275 
-0.276643 -0.412478 
-0.337636 -0.399375 
-0.31827 -0.404241 
-0.133303 -0.423805 
-0.106735 -0.423852 
-0.356806 -0.393827 
-0.184067 -0.422207 
0.00247832 -0.419716 
-0.208017 -0.420639 
-0.642886 -0.00869798 
-0.448125 -0.354925 
-0.542492 -0.28113 
-0.563156 -0.25687 
-0.520563 -0.302825 
-0.374723 -0.387921 
-0.425638 -0.366731 
-0.392397 -0.38135 
-0.409166 -0.374368 
0.656563 -0.0431216 
0.658386 -0.0181764 
-0.643165 -0.0442551 
0.534376 -0.256917 
0.552065 -0.239792 
-0.643466 -0.0265398 
-0.29753 -0.4087 
0.652384 -0.0678357 
-0.0254015 -0.421347 
-0.0527731 -0.422587 
-0.0801722 -0.423439 
0.0303191 -0.417735 
0.0584304 -0.415385 
0.199401 -0.39759 
0.171191 -0.402086 
0.114725 -0.409581 
0.0864929 -0.412682 
0.142891 -0.406074 
0.392578 -0.345103 
0.227687 -0.392485 
0.255843 -0.386723 
0.339194 -0.364601 
0.515819 -0.272979 
0.417881 -0.333911 
0.480145 -0.29916 
0.498427 -0.286443 
0.641933 -0.103858 
0.366231 -0.355355 
0.311835 -0.372824 
0.283941 -0.380194 
0.450631 -0.317087 
-0.598913 -0.202293 
-0.24313 -0.417209 
-0.641103 -0.0704396 
-0.619016 -0.159093 
-0.609753 -0.180788 
0.577672 -0.211533 
-0.631485 -0.120986 
0.63233 -0.127132 
-0.63868 -0.0876374 
0.620849 -0.14962 
-0.265499 -0.414224 
-0.327974 -0.401891 
-0.120019 -0.423889 
-0.219972 -0.419631 
-0.483376 -0.332657 
-0.586581 -0.223387 
-0.553086 -0.269223 
-0.531754 -0.292206 
-0.365792 -0.390956 
-0.436968 -0.360993 
-0.400815 -0.37794 
-0.635445 -0.104573 
-0.459106 -0.348518 
0.65777 -0.0306706 
-0.347247 -0.396689 
-0.62693 -0.136637 
-0.642691 -0.0530171 
0.543335 -0.248473 
-0.643286 -0.0176153 
-0.287102 -0.410672 
-0.0664711 -0.423064 
-0.0114591 -0.420576 
0.0443783 -0.416604 
-0.146 -0.423604 
0.185307 -0.399905 
0.100614 -0.41118 
0.128814 -0.407881 
0.241783 -0.389691 
0.405295 -0.339656 
0.470778 -0.305172 
0.50721 -0.279823 
0.489366 -0.292917 
-0.171384 -0.422813 
0.525212 -0.265081 
-0.383592 -0.384721 
0.607807 -0.171108 
0.560828 -0.23061 
0.639728 -0.109723 
-0.417441 -0.370632 
0.649448 -0.0799765 
0.644014 -0.0979371 
-0.196047 -0.421495 
-0.307919 -0.406559 
0.428925 -0.328556 
-0.643425 -0.0353993 
0.593397 -0.191675 
0.352758 -0.360112 
0.37946 -0.350373 
0.297918 -0.37662 
0.0164018 -0.418769 
0.213558 -0.395115 
-0.093453 -0.423699 
-0.0390852 -0.422014 
0.072466 -0.414079 
0.269915 -0.383557 
0.325551 -0.368833 
0.15705 -0.40414 
-0.50873 -0.313155 
0.654764 -0.0555277 
-0.572949 -0.243753 
