ZONE T="boundary0"
-4 -0.200878 
-4 -0.256713 
-4 -0.145044 
-4 0.717438 
-4 0.858719 
-4 0.434877 
-4 0.505517 
-4 0.218233 
-4 0.191697 
-4 -0.068516 
-4 1 
-4 -0.85566 
-4 -0.311836 
-4 0.0998544 
-4 0.00801197 
-4 -0.441489 
-4 -0.366959 
-4 -0.284274 
-4 0.36636 
-4 0.297843 
-4 0.271306 
-4 0.576158 
-4 -0.51602 
-4 -0.61367 
-4 -1 
-4 -0.71132 
-4 0.145776 
-4 0.24477 
-4 -0.228795 
-4 0.788079 
-4 0.470197 
-4 0.204965 
-4 -0.10678 
-4 0.92936 
-4 -0.172961 
-4 0.0539332 
-4 -0.030252 
-4 0.284574 
-4 0.400618 
-4 0.540837 
-4 0.646798 
-4 -0.564845 
-4 -0.92783 
-4 -0.78349 
-4 -0.298055 
-4 -0.339397 
-4 -0.270493 
-4 -0.404224 
-4 -0.478755 
-4 0.122815 
-4 0.168736 
-4 0.258038 
-4 0.231502 
-4 0.332101 
-4 -0.662495 
ZONE T="boundary1"
-3.29169 1 
-0.954326 1 
4 1 
3.67455 1 
-0.0833522 1 
0.217598 1 
-3.46877 1 
-3.82292 1 
-4 1 
-1.07393 1 
-1.36882 1 
1.08964 1 
1.20005 1 
-1.53875 1 
-1.61586 1 
0.747094 1 
-1.77007 1 
3.34911 1 
-2.15469 1 
-2.37495 1 
2.07133 1 
1.64935 1 
1.86034 1 
2.90568 1 
2.66979 1 
1.31637 1 
1.43269 1 
3.51183 1 
-0.0394859 1 
0.285994 1 
0.612626 1 
0.00438034 1 
0.0767913 1 
-0.519953 1 
-0.16587 1 
-0.248388 1 
-0.334371 1 
-0.420355 1 
-0.619551 1 
0.382076 1 
0.149202 1 
-0.834724 1 
-0.727138 1 
0.478158 1 
0.979223 1 
0.863159 1 
-1.27599 1 
-1.17496 1 
0.545392 1 
1.54102 1 
-1.46164 1 
-3.64585 1 
-1.96238 1 
-2.7213 1 
-2.84739 1 
-3.06954 1 
2.25262 1 
-2.59521 1 
2.4339 1 
3.12739 1 
3.83728 1 
-3.38023 1 
-3.91146 1 
1.14484 1 
-1.5773 1 
-2.26482 1 
1.75484 1 
2.78773 1 
1.37453 1 
-0.0614191 1 
-0.0175528 1 
0.0405858 1 
-0.124611 1 
-0.377363 1 
-0.569752 1 
0.334035 1 
0.1834 1 
0.251796 1 
-0.780931 1 
0.430117 1 
0.921191 1 
-1.01413 1 
-1.22548 1 
-0.894525 1 
0.511775 1 
1.59518 1 
1.03443 1 
-1.41523 1 
-1.3224 1 
0.67986 1 
-3.73438 1 
1.25821 1 
-1.86623 1 
-1.69296 1 
-3.55731 1 
-2.78434 1 
-2.95846 1 
-3.18062 1 
2.16197 1 
-2.48508 1 
2.55185 1 
3.23825 1 
-2.05854 1 
2.34326 1 
3.43047 1 
3.59319 1 
-2.65825 1 
1.96583 1 
-0.207129 1 
-0.29138 1 
0.579009 1 
0.112997 1 
0.805126 1 
-0.470154 1 
-1.12444 1 
-1.50019 1 
1.48685 1 
-0.673344 1 
3.01654 1 
ZONE T="boundary2"
4 -0.824232 
4 -0.648464 
4 -0.208055 
4 -0.157682 
4 -0.258427 
4 -0.33675 
4 0.201079 
4 0.132279 
4 0.0813462 
4 0.0304133 
4 0.320844 
4 0.387396 
4 0.501685 
4 0.750843 
4 0.263934 
4 0.444541 
4 1 
4 -0.0636345 
4 -1 
4 -0.531768 
4 -0.415072 
4 -0.736348 
4 -0.182869 
4 -0.297589 
4 0.166679 
4 0.0558797 
4 0.35412 
4 0.626264 
4 0.292389 
4 -0.0166106 
4 0.875421 
4 -0.912116 
4 0.232506 
4 0.473113 
4 0.415968 
4 0.106813 
4 -0.110658 
4 -0.47342 
4 -0.233241 
4 -0.590116 
4 -0.375911 
ZONE T="boundary3"
-3.81382 -1 
-3.62764 -1 
-1.82945 -1 
1.79541 -1 
0.522376 -1 
0.212418 -1 
0.284178 -1 
-0.910427 -1 
-0.801107 -1 
0.0782957 -1 
-0.196411 -1 
-1.02365 -1 
1.34404 -1 
0.439157 -1 
3.37533 -1 
3.20264 -1 
2.04397 -1 
2.29253 -1 
-1.23909 -1 
1.24643 -1 
1.14882 -1 
3.5315 -1 
-3.3051 -1 
3.02994 -1 
2.83757 -1 
2.46886 -1 
3.84383 -1 
4 -1 
-2.93316 -1 
-2.53105 -1 
-2.2985 -1 
-0.584145 -1 
-0.48005 -1 
-0.331069 -1 
-0.286183 -1 
0.355939 -1 
0.145357 -1 
0.012987 -1 
-0.124366 -1 
-0.0523217 -1 
-1.13137 -1 
-0.692626 -1 
0.695485 -1 
-0.375955 -1 
-0.428003 -1 
0.818926 -1 
0.942367 -1 
1.04559 -1 
1.48334 -1 
1.62264 -1 
-1.37604 -1 
3.68767 -1 
-1.67122 -1 
-1.59211 -1 
-3.46637 -1 
-3.11913 -1 
-2.06596 -1 
-1.513 -1 
2.6452 -1 
-4 -1 
-3.72073 -1 
0.248298 -1 
-0.855767 -1 
3.28898 -1 
2.16825 -1 
1.19762 -1 
2.93375 -1 
2.38069 -1 
3.92192 -1 
-2.73211 -1 
-2.41478 -1 
3.11629 -1 
-0.532097 -1 
-0.967038 -1 
-0.308626 -1 
0.397548 -1 
0.178887 -1 
0.320059 -1 
0.111826 -1 
0.0456413 -1 
-0.160388 -1 
-1.07751 -1 
-0.746866 -1 
0.480767 -1 
0.60893 -1 
-0.353512 -1 
-0.401979 -1 
0.880646 -1 
0.757205 -1 
-0.638385 -1 
1.09721 -1 
1.41369 -1 
0.99398 -1 
1.29523 -1 
1.55299 -1 
1.70903 -1 
-1.18523 -1 
-1.30757 -1 
3.60958 -1 
-1.75034 -1 
-3.38573 -1 
-3.21212 -1 
-3.547 -1 
-3.02615 -1 
3.45342 -1 
3.76575 -1 
-2.18223 -1 
-1.9477 -1 
-1.44452 -1 
2.74138 -1 
-3.90691 -1 
2.55703 -1 
1.91969 -1 
-0.241297 -1 
-0.0196674 -1 
-0.0883439 -1 
-0.454026 -1 
-1.63167 -1 
-1.55255 -1 
ZONE T="boundary4"
-0.579587 0.178816 
-0.440814 0.344195 
-0.546363 0.23053 
-0.625277 0.0719668 
-0.630435 0.0521851 
0.599928 0.124324 
0.641099 0.0175164 
0.644468 -0.00333466 
-0.495249 0.293085 
-0.507647 0.279465 
-0.394739 0.37918 
-0.378098 0.390354 
-0.530597 0.251717 
0.453213 0.339032 
0.436759 0.356564 
-0.634595 0.0323397 
-0.619164 0.0915654 
-0.426035 0.356121 
-0.60427 0.129952 
-0.612134 0.11094 
-0.59647 0.146846 
0.469124 0.320614 
-0.197852 0.474932 
-0.220887 0.467246 
-0.482419 0.306308 
-0.469021 0.31928 
-0.561261 0.208726 
-0.305597 0.431627 
-0.324971 0.421677 
-0.45523 0.331839 
-0.410556 0.367878 
-0.361137 0.401042 
-0.343206 0.411623 
-0.285935 0.440998 
-0.148245 0.488864 
-0.121607 0.494937 
-0.0663021 0.504537 
-0.0376914 0.507939 
-0.639855 -0.00734346 
-0.0947886 0.500093 
-0.63774 0.0124716 
0.636134 0.0383446 
-0.173159 0.482303 
0.397078 0.393131 
0.417935 0.374864 
0.350206 0.427481 
0.374451 0.41079 
0.325273 0.442501 
0.501245 0.278743 
0.517009 0.255929 
-0.00761391 0.510371 
0.0225088 0.511617 
0.0532557 0.511633 
0.240694 0.480138 
0.270275 0.46906 
0.210268 0.489513 
0.179387 0.49714 
-0.264939 0.45024 
-0.243672 0.458841 
0.629723 0.0588319 
0.612799 0.0994026 
0.621854 0.0793096 
0.646219 -0.0241942 
0.584983 0.150234 
0.568489 0.176853 
0.484763 0.301029 
0.53438 0.229633 
0.298076 0.45668 
0.551518 0.203281 
0.0848891 0.510277 
0.14789 0.503136 
0.116331 0.507483 
-0.627975 0.0621066 
0.64298 0.00712299 
-0.38646 0.384828 
-0.538588 0.241204 
0.445079 0.347885 
-0.632637 0.0422876 
-0.433468 0.350212 
-0.622335 0.0818014 
-0.608305 0.120488 
-0.600449 0.138435 
-0.615759 0.101292 
0.46126 0.329902 
-0.2094 0.471179 
-0.501503 0.286324 
-0.519338 0.265768 
-0.475771 0.312845 
-0.570646 0.193907 
-0.315322 0.426724 
-0.462173 0.325611 
-0.488886 0.299747 
-0.418339 0.362056 
-0.402689 0.373586 
-0.369656 0.395759 
-0.352211 0.406398 
-0.2958 0.436385 
-0.134952 0.492015 
-0.0520118 0.506369 
-0.10822 0.49763 
-0.334125 0.416716 
-0.636292 0.0224251 
-0.588302 0.162974 
-0.160729 0.485685 
0.40763 0.384141 
-0.553923 0.219704 
0.362455 0.419321 
-0.638924 0.00257727 
-0.448069 0.338071 
0.427459 0.36583 
0.509205 0.26739 
0.00744175 0.511144 
0.0378828 0.511786 
0.255569 0.474823 
0.225549 0.485047 
0.19488 0.49354 
-0.254338 0.454621 
0.638804 0.0279755 
0.606529 0.111948 
0.617458 0.0894154 
0.645546 -0.0137471 
-0.185536 0.478719 
0.576815 0.163591 
-0.275472 0.445699 
0.477035 0.310895 
0.493105 0.289961 
-0.232312 0.463133 
0.525738 0.242809 
0.284269 0.463081 
0.311785 0.449804 
-0.0226639 0.509301 
-0.0805652 0.502444 
0.385893 0.402127 
0.542962 0.216463 
0.337852 0.43518 
0.0690806 0.511132 
0.132138 0.505505 
0.560036 0.190085 
0.163679 0.500346 
0.100627 0.509064 
0.633098 0.0486417 
0.625943 0.0691304 
0.592584 0.137352 
ZONE T="boundary5"
0.630849 -0.126401 
0.50629 -0.295353 
0.197038 -0.389739 
0.170142 -0.39093 
0.637032 -0.106452 
-0.590696 -0.217252 
-0.59898 -0.203202 
-0.640977 -0.0465818 
-0.47227 -0.32827 
-0.625807 -0.140489 
-0.637971 -0.0849999 
-0.606568 -0.188746 
-0.613749 -0.173191 
-0.487462 -0.319614 
-0.502181 -0.310147 
-0.620142 -0.157189 
-0.63999 -0.0658928 
-0.540993 -0.278749 
-0.456306 -0.336292 
-0.384862 -0.361694 
-0.282333 -0.378574 
-0.25984 -0.380444 
-0.303769 -0.376323 
-0.439284 -0.343779 
-0.421884 -0.350425 
-0.325115 -0.373519 
-0.164593 -0.384999 
-0.365615 -0.36625 
-0.11299 -0.386529 
-0.139475 -0.385767 
0.0272607 -0.390533 
-0.21353 -0.383142 
-0.237312 -0.381916 
-0.189752 -0.384128 
-0.515781 -0.300316 
-0.52886 -0.289728 
-0.552562 -0.267068 
-0.579759 -0.233697 
-0.345441 -0.370226 
-0.630879 -0.122308 
-0.640934 -0.0270383 
-0.567927 -0.249369 
-0.634934 -0.103807 
0.623336 -0.145747 
0.614445 -0.164824 
0.604478 -0.183183 
-0.403844 -0.356365 
-0.639855 -0.00734346 
-0.00179908 -0.389747 
-0.0865598 -0.38728 
-0.0587052 -0.388086 
0.377129 -0.35998 
0.351868 -0.367236 
-0.0309052 -0.388903 
0.143254 -0.391592 
0.0862396 -0.391667 
0.0567634 -0.391205 
0.222993 -0.387998 
0.248929 -0.385582 
0.326403 -0.373312 
0.274797 -0.382401 
0.300583 -0.378355 
0.425433 -0.342045 
0.446937 -0.331999 
0.487444 -0.308655 
0.467921 -0.320705 
0.40178 -0.351558 
0.583788 -0.215086 
0.644817 -0.0657592 
0.641704 -0.0862276 
0.57113 -0.23181 
0.556683 -0.248923 
0.594481 -0.199437 
0.540891 -0.265501 
0.646336 -0.044998 
0.646219 -0.0241942 
0.524017 -0.281053 
0.114741 -0.391822 
0.183593 -0.390406 
-0.594924 -0.210277 
-0.61026 -0.181016 
-0.479924 -0.324042 
-0.639111 -0.0754604 
-0.602863 -0.196021 
-0.293058 -0.377512 
-0.430624 -0.347206 
-0.314452 -0.374996 
-0.375262 -0.364066 
-0.126232 -0.386151 
-0.225422 -0.382565 
-0.271091 -0.379565 
-0.623086 -0.148877 
-0.522394 -0.295112 
-0.546858 -0.272988 
-0.535001 -0.284321 
-0.61705 -0.165232 
-0.58535 -0.225555 
-0.628472 -0.131435 
-0.494887 -0.314981 
-0.46434 -0.332384 
-0.447844 -0.340144 
-0.509047 -0.305323 
-0.355547 -0.368329 
-0.641085 -0.03681 
-0.573961 -0.241622 
-0.636582 -0.0944244 
-0.152033 -0.385392 
0.619042 -0.155356 
0.609596 -0.174076 
-0.394382 -0.359132 
0.0127312 -0.390151 
-0.0726317 -0.387681 
0.364541 -0.363759 
-0.044804 -0.388494 
0.156699 -0.391321 
0.0715008 -0.391468 
0.287707 -0.380491 
0.235969 -0.38688 
0.436253 -0.337169 
-0.633036 -0.113086 
0.477773 -0.314826 
0.413671 -0.346963 
0.643458 -0.0760229 
-0.248579 -0.381223 
0.496972 -0.302153 
0.564027 -0.240469 
0.589225 -0.207324 
0.548919 -0.257337 
-0.640522 -0.0171842 
0.59958 -0.191372 
0.639558 -0.096383 
0.627256 -0.136137 
0.389508 -0.355928 
-0.560413 -0.258365 
-0.412898 -0.353498 
0.634121 -0.116482 
-0.335292 -0.371953 
0.64578 -0.055393 
0.646481 -0.0345945 
-0.177172 -0.384581 
0.21002 -0.388947 
-0.201641 -0.38366 
0.261875 -0.384093 
0.339167 -0.370412 
0.532583 -0.273417 
0.457512 -0.326506 
0.313517 -0.375961 
0.0420117 -0.39089 
-0.099774 -0.386904 
0.10049 -0.391786 
-0.0163524 -0.389329 
0.128997 -0.391761 
-0.640613 -0.0562442 
0.577564 -0.223528 
0.51527 -0.288347 
