ZONE T="boundary0"
-4 -0.675373 
-4 -0.287893 
-4 0.243999 
-4 0.285274 
-4 0.581639 
-4 0.79082 
-4 0.326549 
-4 0.42788 
-4 0.1617 
-4 0.100301 
-4 0.0389022 
-4 1 
-4 -0.0715798 
-4 -0.217339 
-4 -0.323171 
-4 -0.252616 
-4 -0.40533 
-4 -0.581432 
-4 -0.36425 
-4 -0.837687 
-4 -0.126821 
-4 -0.154441 
-4 -0.182062 
-4 -0.48749 
-4 -1 
-4 0.264636 
-4 0.68623 
-4 0.377214 
-4 0.50476 
-4 0.202849 
-4 0.89541 
-4 0.0696016 
-4 0.131 
-4 0.305911 
-4 -0.0163388 
-4 -0.305532 
-4 -0.270255 
-4 -0.75653 
-4 -0.38479 
-4 -0.234978 
-4 -0.0992002 
-4 -0.168251 
-4 -0.44641 
-4 -0.343711 
-4 -0.628402 
-4 -0.534461 
-4 -0.918843 
-4 -0.1997 
-4 -0.140631 
ZONE T="boundary1"
1.31311 1 
0.000704104 1 
-0.064018 1 
0.658704 1 
4 1 
3.7671 1 
3.0684 1 
2.70901 1 
1.99987 1 
1.83645 1 
-4 1 
-1.43248 1 
-0.918657 1 
2.35464 1 
2.17725 1 
1.54728 1 
3.3013 1 
-1.63153 1 
-1.81531 1 
-3.11549 1 
-3.25524 1 
-2.37823 1 
-2.50461 1 
-0.137492 1 
-0.493929 1 
-0.594599 1 
0.862187 1 
0.745035 1 
0.223112 1 
-0.811256 1 
0.572372 1 
0.0654263 1 
-0.210967 1 
-0.302113 1 
0.979339 1 
-0.393259 1 
1.09201 1 
1.20469 1 
0.482058 1 
0.391744 1 
0.144269 1 
0.183691 1 
-1.02606 1 
-1.15415 1 
1.42154 1 
3.5342 1 
0.349586 1 
-0.702928 1 
-1.28224 1 
-1.35736 1 
-1.53201 1 
1.67303 1 
-2.25185 1 
-2.12547 1 
-3.76737 1 
-1.99909 1 
0.307428 1 
-2.74017 1 
-2.97574 1 
-3.53474 1 
-0.031657 1 
3.88355 1 
2.8887 1 
1.91816 1 
2.26594 1 
3.18485 1 
2.53182 1 
-1.72342 1 
-3.18536 1 
-2.44142 1 
-0.100755 1 
-0.544264 1 
0.803611 1 
-0.17423 1 
-0.25654 1 
0.920763 1 
-0.443594 1 
1.03568 1 
1.14835 1 
0.615538 1 
0.527215 1 
0.70187 1 
0.436901 1 
0.16398 1 
0.203402 1 
-1.0901 1 
1.36733 1 
3.65065 1 
1.48441 1 
-0.648763 1 
-0.972357 1 
-1.21819 1 
-0.864956 1 
-1.39492 1 
-1.58177 1 
3.41775 1 
1.75474 1 
2.08856 1 
1.61016 1 
-2.18866 1 
1.2589 1 
-1.9072 1 
0.0330652 1 
0.104848 1 
0.26527 1 
-0.347686 1 
0.328507 1 
0.370665 1 
-2.62239 1 
-2.31504 1 
-2.06228 1 
-1.48225 1 
-2.85795 1 
-3.39499 1 
-0.757092 1 
-3.04561 1 
-1.3198 1 
-3.65105 1 
-3.88368 1 
ZONE T="boundary2"
4 -0.480748 
4 -0.381338 
4 -0.223723 
4 -0.178449 
4 0.275317 
4 0.403897 
4 0.589785 
4 0.317327 
4 0.0800356 
4 0.0136998 
4 0.448457 
4 1 
4 -0.68512 
4 -0.580159 
4 0.794893 
4 0.359338 
4 0.519121 
4 0.182636 
4 -0.115543 
4 -0.325167 
4 -0.268997 
4 -0.052636 
4 -0.79008 
4 -1 
4 -0.431043 
4 -0.201086 
4 0.0468677 
4 -0.632639 
4 0.897446 
4 0.338332 
4 0.483789 
4 0.381617 
4 0.426177 
4 0.554453 
4 0.296322 
4 0.228976 
4 -0.24636 
4 -0.297082 
4 -0.353252 
4 -0.146996 
4 -0.530454 
4 0.131336 
4 0.692339 
4 -0.0194681 
4 -0.7376 
4 -0.89504 
4 -0.0840894 
ZONE T="boundary3"
-3.76345 -1 
-3.52689 -1 
-1.86398 -1 
-1.35975 -1 
-1.2524 -1 
-0.445679 -1 
-0.400808 -1 
1.46115 -1 
3.267 -1 
-0.124823 -1 
-0.675504 -1 
-0.583027 -1 
0.757588 -1 
0.552805 -1 
1.88237 -1 
-3.34324 -1 
3.12949 -1 
1.28598 -1 
-2.22101 -1 
2.75992 -1 
2.28629 -1 
2.12841 -1 
-2.41861 -1 
-2.88789 -1 
-0.250621 -1 
-0.325715 -1 
-0.490549 -1 
0.0788145 -1 
0.151395 -1 
-0.0592944 -1 
-0.761193 -1 
-0.995969 -1 
0.194279 -1 
0.322932 -1 
0.452646 -1 
0.652964 -1 
0.862211 -1 
0.96987 -1 
3.70225 -1 
4 -1 
3.55338 -1 
-1.14506 -1 
1.63633 -1 
1.54874 -1 
1.18175 -1 
1.75935 -1 
-1.07051 -1 
-1.59768 -1 
-1.47872 -1 
-1.73083 -1 
-2.0425 -1 
3.4045 -1 
1.07753 -1 
-2.75205 -1 
-2.6162 -1 
-3.15959 -1 
2.44417 -1 
-0.846882 -1 
0.00623404 -1 
0.237164 -1 
-0.921426 -1 
-4 -1 
-3.64517 -1 
-1.30608 -1 
-0.423244 -1 
-0.629266 -1 
2.20735 -1 
2.9447 -1 
-0.288168 -1 
-0.468114 -1 
-0.363262 -1 
-0.187722 -1 
-0.536788 -1 
0.115105 -1 
-0.0920586 -1 
-0.718349 -1 
0.387789 -1 
0.602885 -1 
0.502726 -1 
0.705276 -1 
0.916041 -1 
3.85113 -1 
0.809899 -1 
3.62781 -1 
-1.19873 -1 
1.59254 -1 
1.23386 -1 
1.37357 -1 
-1.03324 -1 
-1.5382 -1 
-1.79741 -1 
3.47894 -1 
1.50495 -1 
1.12964 -1 
-2.68413 -1 
-2.13175 -1 
1.82086 -1 
1.69784 -1 
2.00539 -1 
3.33575 -1 
-3.02374 -1 
-2.5174 -1 
2.36523 -1 
-2.31981 -1 
-1.95324 -1 
2.60204 -1 
-1.10778 -1 
-2.81997 -1 
-3.43507 -1 
3.19824 -1 
-0.0265302 -1 
0.0425243 -1 
1.0237 -1 
0.215721 -1 
0.172837 -1 
-0.804038 -1 
-3.25141 -1 
-3.88172 -1 
-1.41923 -1 
-0.884154 -1 
0.280048 -1 
-0.958697 -1 
-1.66425 -1 
ZONE T="boundary4"
-0.314806 0.428489 
-0.637167 0.0133503 
-0.633781 0.0340639 
-0.601041 0.135981 
-0.521076 0.263559 
-0.532822 0.248612 
-0.574015 0.187617 
0.474045 0.315076 
0.48693 0.298039 
0.460637 0.331658 
-0.629298 0.0547645 
-0.623737 0.0754008 
-0.61714 0.0958634 
-0.639441 -0.00730645 
-0.609547 0.116102 
-0.583502 0.170988 
-0.564471 0.203162 
-0.371041 0.396026 
-0.35303 0.407175 
-0.5924 0.154049 
-0.554471 0.218425 
-0.405539 0.372439 
-0.543858 0.23367 
-0.508847 0.278128 
-0.467902 0.320737 
-0.453155 0.334197 
-0.482199 0.30681 
-0.388701 0.384337 
-0.334082 0.418122 
-0.437783 0.347357 
-0.252031 0.457407 
-0.229931 0.465983 
-0.206493 0.47424 
-0.422002 0.360033 
-0.273854 0.448147 
-0.182808 0.481745 
-0.132289 0.49508 
0.629422 0.0526752 
0.544161 0.211568 
0.635095 0.0337971 
-0.495769 0.292688 
0.407758 0.386653 
0.429205 0.366224 
0.36358 0.421865 
0.385487 0.405474 
0.339761 0.437565 
-0.294482 0.438631 
0.286526 0.465856 
0.527331 0.238073 
0.451496 0.342315 
0.507757 0.268211 
-0.0495647 0.509501 
0.039752 0.515017 
0.071145 0.514402 
0.257592 0.477883 
0.642638 -0.00454382 
0.133903 0.508852 
0.590861 0.135762 
0.576149 0.160564 
0.622502 0.0715649 
0.603249 0.113175 
0.614555 0.0901273 
0.644368 -0.0237207 
0.639541 0.0146295 
0.560866 0.185161 
-0.157653 0.488829 
-0.105354 0.500765 
-0.0207746 0.512425 
-0.0782587 0.505515 
0.00948425 0.51433 
0.314007 0.452334 
0.102384 0.512387 
0.165504 0.503685 
0.196742 0.496842 
0.22755 0.488239 
-0.635608 0.0237275 
-0.527008 0.256131 
0.480553 0.306608 
0.467411 0.323425 
-0.626645 0.0651156 
-0.620561 0.0856703 
-0.638441 0.0030354 
-0.613461 0.106026 
-0.362078 0.401668 
-0.578829 0.179342 
-0.596809 0.145057 
-0.559526 0.210829 
-0.549217 0.226084 
-0.588027 0.162558 
-0.515022 0.270893 
-0.460583 0.327526 
-0.475109 0.313832 
-0.343598 0.412721 
-0.379916 0.390249 
-0.445521 0.340838 
-0.631671 0.0444412 
-0.218245 0.470206 
-0.413819 0.366299 
-0.324483 0.423378 
-0.262979 0.452862 
-0.397165 0.378452 
-0.19468 0.478086 
-0.605405 0.126088 
0.632404 0.0432805 
-0.429942 0.353756 
-0.489043 0.299805 
-0.538393 0.24118 
0.418627 0.376599 
0.374649 0.413831 
-0.304683 0.433638 
0.351787 0.429899 
-0.50237 0.285463 
0.456098 0.337015 
0.497504 0.28324 
0.0554547 0.514882 
0.272153 0.472097 
0.583594 0.14821 
0.626096 0.0621691 
0.597167 0.124526 
0.609053 0.101724 
0.618644 0.0808952 
0.643673 -0.0141155 
0.637477 0.024251 
0.568552 0.172884 
0.517627 0.253194 
0.641255 0.00507072 
-0.241014 0.461781 
-0.284204 0.443467 
-0.170259 0.485391 
-0.144996 0.492058 
0.552529 0.198365 
-0.118845 0.498038 
-0.0351813 0.511096 
-0.0918254 0.503257 
0.39676 0.396235 
-0.00565219 0.513528 
0.0246171 0.514828 
-0.0639283 0.507639 
0.326998 0.445154 
0.440525 0.354441 
0.086779 0.513573 
0.14974 0.506474 
0.181172 0.500478 
0.21221 0.492764 
0.118168 0.510811 
0.24265 0.48329 
-0.569302 0.195426 
0.535757 0.224818 
0.300372 0.459315 
ZONE T="boundary5"
-0.565433 -0.252539 
-0.554519 -0.264994 
-0.64063 -0.0482107 
-0.639544 -0.0683464 
-0.623999 -0.146138 
-0.640595 -0.0278336 
-0.629567 -0.127181 
-0.575628 -0.239561 
0.413393 -0.347431 
-0.617326 -0.164664 
0.593052 -0.201141 
-0.610316 -0.181086 
-0.487629 -0.31895 
-0.502702 -0.309376 
-0.291996 -0.37509 
-0.269476 -0.376999 
-0.31443 -0.372656 
-0.246012 -0.378544 
-0.336275 -0.369652 
-0.222544 -0.379753 
-0.198053 -0.380765 
-0.173601 -0.381616 
0.557293 -0.248384 
-0.148058 -0.382419 
-0.122592 -0.383195 
-0.0693948 -0.384901 
-0.0416204 -0.385864 
-0.517226 -0.298925 
0.364225 -0.364036 
0.33909 -0.370505 
0.459982 -0.325609 
0.448697 -0.331541 
-0.542992 -0.276765 
-0.530402 -0.288237 
0.437241 -0.337118 
-0.585188 -0.226005 
-0.357312 -0.366045 
-0.471156 -0.328134 
-0.436049 -0.343988 
-0.454195 -0.336371 
-0.602472 -0.196988 
-0.417512 -0.350651 
0.389139 -0.356335 
-0.397962 -0.356604 
-0.639441 -0.00730645 
-0.378089 -0.36167 
-0.634011 -0.107888 
-0.637336 -0.0882686 
0.618988 -0.153853 
0.626383 -0.136047 
-0.0959419 -0.384028 
-0.0139491 -0.386855 
0.0149388 -0.387879 
0.637589 -0.0995413 
0.641307 -0.0808402 
0.193598 -0.389074 
0.0437749 -0.388829 
0.103799 -0.390209 
0.0737924 -0.389654 
0.166262 -0.389988 
0.220955 -0.387514 
0.540448 -0.266226 
0.243994 -0.385618 
0.267019 -0.383117 
0.314714 -0.375678 
0.290904 -0.379802 
0.509431 -0.293375 
0.477633 -0.315366 
0.493798 -0.304814 
0.523582 -0.281804 
0.643691 -0.0619667 
0.573144 -0.229198 
0.583368 -0.215418 
0.602168 -0.186342 
0.610615 -0.171069 
-0.594188 -0.211746 
0.63257 -0.118039 
0.644721 -0.0428508 
0.644368 -0.0237207 
0.135027 -0.390377 
-0.560062 -0.258841 
-0.640228 -0.0582876 
-0.640753 -0.0380235 
-0.626925 -0.136702 
-0.570616 -0.246117 
-0.613934 -0.172923 
-0.495235 -0.314269 
-0.280741 -0.376104 
-0.303223 -0.373946 
-0.257746 -0.377821 
-0.210298 -0.380284 
-0.160825 -0.382025 
-0.135321 -0.382807 
-0.0555039 -0.385377 
-0.510042 -0.304256 
0.351692 -0.367415 
0.454363 -0.32862 
-0.53678 -0.282591 
-0.548838 -0.27096 
0.425391 -0.34245 
-0.580494 -0.232844 
-0.445177 -0.340301 
-0.606503 -0.18909 
-0.426825 -0.347435 
-0.479461 -0.32366 
0.401324 -0.352047 
-0.388056 -0.359245 
-0.462735 -0.332368 
-0.635816 -0.0981038 
0.622822 -0.145006 
-0.638582 -0.0783249 
-0.109262 -0.383607 
0.000497772 -0.387372 
0.639611 -0.0902216 
-0.407776 -0.353744 
0.0887949 -0.389972 
0.17993 -0.389605 
0.0587828 -0.389268 
0.255513 -0.384447 
0.302824 -0.377845 
0.44299 -0.334373 
-0.640157 -0.0175639 
0.485784 -0.310195 
0.468875 -0.320604 
0.376728 -0.360342 
0.516583 -0.287683 
0.642667 -0.0714231 
0.532146 -0.274156 
0.578328 -0.222362 
0.597694 -0.193794 
0.56537 -0.238917 
0.614924 -0.16252 
0.606484 -0.178757 
-0.58978 -0.218933 
0.635236 -0.108831 
0.501692 -0.299201 
-0.631931 -0.117569 
-0.523891 -0.293674 
0.644717 -0.0332811 
-0.620802 -0.155452 
-0.185825 -0.381205 
0.232478 -0.386637 
0.207278 -0.388382 
0.278972 -0.381555 
0.326925 -0.373214 
-0.234278 -0.379184 
0.0293577 -0.388368 
-0.0826628 -0.384458 
-0.0277812 -0.386358 
0.150643 -0.390261 
0.11941 -0.390354 
-0.598426 -0.20442 
0.588286 -0.208332 
0.549024 -0.25745 
-0.346812 -0.367941 
-0.367725 -0.363961 
-0.325366 -0.371238 
0.629621 -0.127091 
0.644379 -0.0524164 
