ZONE T="boundary0"
-4 -0.710253 
-4 -0.855126 
-4 -0.42071 
-4 -0.481732 
-4 -0.311358 
-4 -0.359687 
-4 -0.0605464 
-4 0.0929387 
-4 0.458408 
-4 0.850074 
-4 0.27693 
-4 -0.263028 
-4 -0.203173 
-4 0.153468 
-4 1 
-4 -0.13186 
-4 -0.595992 
-4 0.339862 
-4 0.399135 
-4 0.308396 
-4 -1 
-4 0.700149 
-4 0.579278 
-4 0.213998 
-4 0.245464 
-4 -0.782689 
-4 -0.451221 
-4 -0.335523 
-4 0.0161961 
-4 -0.233101 
-4 -0.287193 
-4 0.925037 
-4 -0.167516 
-4 -0.653122 
-4 0.369498 
-4 0.123204 
-4 -0.927563 
-4 0.639713 
-4 0.775111 
-4 0.183733 
-4 0.229731 
-4 0.261197 
-4 0.292663 
-4 0.324129 
-4 0.428771 
-4 -0.390198 
-4 -0.538862 
-4 -0.096203 
-4 0.518843 
ZONE T="boundary1"
1.7079 1 
3.79939 1 
2.04774 1 
-0.17299 1 
-0.239396 1 
0.475434 1 
1.0838 1 
-1.24297 1 
0.570731 1 
0.02212 1 
-0.548337 1 
1.30818 1 
-4 1 
0.978033 1 
3.39817 1 
-2.81542 1 
4 1 
3.59878 1 
2.2342 1 
2.72586 1 
2.56863 1 
-3.26742 1 
-3.04142 1 
-3.45306 1 
-3.6387 1 
-0.457382 1 
-0.108387 1 
-0.639292 1 
0.212355 1 
-0.043784 1 
0.0880239 1 
-0.305802 1 
1.19599 1 
0.872264 1 
0.769145 1 
0.15019 1 
-0.381592 1 
-0.76614 1 
-0.829564 1 
-0.979558 1 
-1.06613 1 
0.666027 1 
0.343895 1 
1.43135 1 
-1.59629 1 
-1.70887 1 
-1.48372 1 
-1.36335 1 
-0.892988 1 
1.55452 1 
-1.97499 1 
3.19757 1 
3.04033 1 
2.8831 1 
2.40141 1 
1.86128 1 
-2.18376 1 
-2.60397 1 
-2.39252 1 
-1.84193 1 
-0.206193 1 
0.523082 1 
-2.92842 1 
-3.54588 1 
-0.140689 1 
-0.010832 1 
0.0550719 1 
-0.593815 1 
1.25209 1 
0.925148 1 
0.119107 1 
-0.343697 1 
-0.502859 1 
-0.797852 1 
-0.702716 1 
-1.02284 1 
-3.81935 1 
0.618379 1 
0.820704 1 
0.409664 1 
3.8997 1 
-1.15455 1 
1.36976 1 
-1.65258 1 
-1.42353 1 
-0.936273 1 
1.49293 1 
-3.36024 1 
3.29787 1 
3.11895 1 
3.49848 1 
-3.15442 1 
1.63121 1 
1.78459 1 
2.96171 1 
2.64724 1 
2.80448 1 
2.31781 1 
2.48502 1 
1.95451 1 
2.14097 1 
0.181272 1 
-0.0760855 1 
-0.272599 1 
0.278125 1 
-0.419487 1 
-0.861276 1 
-2.07937 1 
-2.49825 1 
-2.28814 1 
1.03092 1 
1.1399 1 
-1.30316 1 
-2.7097 1 
-1.54001 1 
-1.7754 1 
-1.90846 1 
0.717586 1 
3.69909 1 
ZONE T="boundary2"
4 -0.824232 
4 -0.648464 
4 -0.473272 
4 0.410641 
4 -0.17195 
4 0.0715447 
4 0.805601 
4 1 
4 -1 
4 -0.233368 
4 -0.12626 
4 -0.0805697 
4 -0.324808 
4 0.121707 
4 0.171869 
4 0.205424 
4 -0.39904 
4 -0.560868 
4 0.611201 
4 0.306088 
4 0.358364 
4 0.238979 
4 0.272533 
4 0.510921 
4 -0.736348 
4 0.9028 
4 -0.912116 
4 -0.202659 
4 -0.103415 
4 -0.0045125 
4 -0.149105 
4 0.146788 
4 -0.279088 
4 0.188647 
4 -0.436156 
4 -0.604666 
4 -0.51707 
4 0.708401 
4 0.332226 
4 0.28931 
4 0.222201 
4 0.255756 
4 0.0966259 
4 0.384503 
4 0.460781 
4 0.561061 
4 -0.361924 
ZONE T="boundary3"
-0.0910667 -1 
-0.0380087 -1 
-0.174686 -1 
-0.263679 -1 
0.0150492 -1 
0.0791738 -1 
0.425673 -1 
0.497665 -1 
-0.334454 -1 
-0.498917 -1 
0.584392 -1 
-0.806932 -1 
-0.916282 -1 
1.15148 -1 
-3.00162 -1 
-1.24416 -1 
-3.51297 -1 
-3.75648 -1 
1.87511 -1 
2.04179 -1 
2.23821 -1 
-2.10209 -1 
-2.84877 -1 
3.37612 -1 
-1.81627 -1 
-1.48542 -1 
2.43462 -1 
-2.27763 -1 
3.56306 -1 
4 -1 
3.14154 -1 
2.67079 -1 
2.90695 -1 
-1.70599 -1 
-2.69592 -1 
-2.48677 -1 
0.258919 -1 
0.35368 -1 
-0.405229 -1 
0.143298 -1 
0.201109 -1 
-0.592605 -1 
-0.699769 -1 
0.671118 -1 
0.869302 -1 
0.77021 -1 
1.05155 -1 
0.960425 -1 
1.25142 -1 
-1.02563 -1 
-4 -1 
-3.30731 -1 
1.45616 -1 
1.35379 -1 
-1.1349 -1 
3.75 -1 
-1.36479 -1 
1.70842 -1 
1.58229 -1 
-1.92655 -1 
3.02424 -1 
-0.0645377 -1 
0.0471115 -1 
0.461669 -1 
-0.299067 -1 
0.541028 -1 
-0.861607 -1 
-3.63472 -1 
1.95845 -1 
2.14 -1 
2.78887 -1 
-2.59135 -1 
0.3063 -1 
-0.132876 -1 
-0.219183 -1 
-0.369842 -1 
-0.0114797 -1 
0.111236 -1 
0.172204 -1 
0.230014 -1 
-0.646187 -1 
-0.545761 -1 
-0.75335 -1 
-0.452073 -1 
0.627755 -1 
0.720664 -1 
1.00599 -1 
1.20145 -1 
-3.87824 -1 
1.10152 -1 
1.40497 -1 
0.914864 -1 
-1.08026 -1 
3.65653 -1 
3.46959 -1 
-1.4251 -1 
1.3026 -1 
1.64536 -1 
3.875 -1 
-3.15446 -1 
1.79176 -1 
-2.18986 -1 
-2.77234 -1 
-2.92519 -1 
2.33641 -1 
-1.76113 -1 
-2.01432 -1 
-1.5957 -1 
3.25883 -1 
0.389677 -1 
2.9656 -1 
3.08289 -1 
-1.30447 -1 
-0.970958 -1 
-2.3822 -1 
2.5527 -1 
0.819756 -1 
-1.18953 -1 
1.51922 -1 
-3.41014 -1 
-1.87141 -1 
ZONE T="boundary4"
0.652125 0.0190171 
-0.629271 0.0213575 
-0.480483 0.375408 
-0.466235 0.386371 
-0.366274 0.438912 
-0.34692 0.44508 
-0.626555 0.1203 
-0.630732 0.0805326 
-0.618327 0.159465 
-0.629161 0.100451 
-0.630771 0.0409252 
-0.622927 0.140025 
-0.607818 0.193388 
-0.601611 0.209728 
-0.451165 0.396873 
-0.562757 0.284516 
-0.575945 0.262958 
-0.631265 0.0606764 
-0.402359 0.424246 
-0.613353 0.176804 
-0.216502 0.460996 
-0.192551 0.459801 
-0.587818 0.240563 
-0.542648 0.312447 
-0.519698 0.339071 
-0.507232 0.351722 
-0.531456 0.326026 
-0.494237 0.363774 
-0.306417 0.454531 
-0.285351 0.457739 
-0.419203 0.415855 
-0.435647 0.406617 
-0.327295 0.45022 
-0.384486 0.432049 
-0.262938 0.459966 
-0.167208 0.457383 
-0.141145 0.453773 
-0.595003 0.225276 
0.653214 -0.00256198 
-0.240417 0.461044 
0.43132 0.286452 
0.453503 0.275547 
0.474761 0.263837 
0.652633 -0.0242042 
0.408709 0.29641 
0.383689 0.306319 
0.35835 0.315403 
0.497458 0.249747 
0.0268172 0.412312 
-0.0317005 0.429163 
-0.0604046 0.436764 
-0.00305017 0.421076 
0.0874183 0.39421 
0.11818 0.385135 
0.180881 0.367213 
0.21192 0.358589 
0.24285 0.350041 
0.272627 0.341713 
0.0566144 0.403413 
0.149559 0.376066 
0.62474 0.114514 
0.630549 0.102245 
0.603061 0.150553 
0.610989 0.138709 
0.618354 0.126445 
0.649301 0.04049 
0.638473 0.0822177 
0.644774 0.0614718 
0.594195 0.162512 
-0.115146 0.449162 
0.302248 0.333156 
0.330416 0.32457 
-0.0877341 0.443356 
0.519415 0.234341 
0.542649 0.215833 
0.564705 0.195598 
0.574974 0.185019 
0.584797 0.174022 
-0.473423 0.380972 
-0.356638 0.442123 
-0.630076 0.0905022 
-0.627986 0.110392 
-0.630146 0.0311321 
-0.620748 0.149774 
-0.604797 0.201587 
-0.569521 0.273842 
-0.631146 0.0507979 
-0.624867 0.130186 
-0.615936 0.168162 
-0.20452 0.460536 
-0.553004 0.2987 
-0.513536 0.345467 
-0.525649 0.332614 
-0.487427 0.369671 
-0.458762 0.391712 
-0.295905 0.456271 
-0.500802 0.357822 
-0.410833 0.420155 
-0.427482 0.411338 
-0.337141 0.447777 
-0.443464 0.401838 
-0.316885 0.452514 
-0.27416 0.458999 
-0.179868 0.458733 
-0.15416 0.45571 
-0.537127 0.319299 
-0.22846 0.461168 
-0.631127 0.0706083 
0.442472 0.281124 
0.464202 0.269821 
0.653128 -0.0133885 
-0.375424 0.435597 
-0.251685 0.460645 
0.420063 0.291542 
-0.393473 0.428262 
0.486207 0.25695 
-0.0460349 0.433034 
0.0118919 0.416722 
0.102796 0.389654 
0.196399 0.362888 
0.257745 0.345898 
0.165216 0.371617 
0.627721 0.108416 
0.607096 0.144679 
0.621619 0.120518 
0.614748 0.132623 
0.650932 0.0297824 
0.634714 0.0923119 
0.641838 0.07191 
0.647253 0.0510273 
0.5987 0.156586 
-0.128127 0.451582 
0.396244 0.301478 
0.287451 0.337477 
0.316351 0.328925 
0.0417189 0.407871 
0.0720158 0.398803 
-0.07405 0.440145 
0.508544 0.2422 
0.227388 0.354317 
0.371053 0.310954 
-0.101419 0.446365 
0.344412 0.320073 
-0.0173626 0.425166 
0.133864 0.380577 
0.652882 0.0082384 
0.553864 0.205921 
0.579943 0.179574 
0.531182 0.22528 
-0.610671 0.185127 
-0.591482 0.232952 
-0.582047 0.25185 
-0.59838 0.217535 
0.589561 0.168321 
0.569894 0.190359 
ZONE T="boundary5"
-0.512168 -0.228936 
-0.461618 -0.28033 
-0.626795 0.00203928 
-0.629271 0.0213575 
-0.600945 -0.0898939 
-0.585462 -0.123226 
-0.593304 -0.107267 
-0.52546 -0.213272 
-0.538002 -0.197466 
-0.623374 -0.0170094 
-0.280992 -0.397456 
-0.300525 -0.388011 
-0.102066 -0.459834 
-0.219504 -0.423522 
-0.240474 -0.415226 
-0.319095 -0.378457 
-0.261232 -0.406419 
-0.0766001 -0.465591 
-0.197334 -0.431665 
-0.174963 -0.439253 
-0.151256 -0.446629 
0.619674 -0.15261 
0.610559 -0.173606 
-0.448038 -0.2922 
0.600876 -0.194362 
-0.498391 -0.244164 
-0.354874 -0.358322 
-0.372064 -0.347753 
-0.404137 -0.326244 
-0.388242 -0.337213 
-0.434116 -0.303661 
-0.419284 -0.315166 
-0.619049 -0.0357213 
-0.474324 -0.268535 
0.591688 -0.212997 
0.544861 -0.292977 
0.529928 -0.312822 
-0.549983 -0.181224 
-0.568331 -0.153516 
-0.607798 -0.0721895 
0.123469 -0.485651 
0.0944216 -0.485585 
0.0647495 -0.484479 
-0.613841 -0.0541379 
-0.0224236 -0.475445 
0.03513 -0.482364 
0.00629767 -0.479356 
-0.0495858 -0.470909 
0.234498 -0.475689 
0.207706 -0.479697 
0.28768 -0.464231 
0.152493 -0.484669 
0.180152 -0.482708 
-0.337421 -0.368442 
0.438366 -0.397353 
0.31399 -0.456628 
0.261088 -0.470575 
0.635399 -0.110319 
0.340221 -0.447591 
0.365888 -0.437176 
0.627963 -0.131635 
0.415381 -0.411894 
0.391088 -0.425237 
0.45895 -0.382493 
0.478722 -0.366303 
0.57077 -0.25212 
0.496819 -0.349544 
0.51401 -0.331581 
0.64171 -0.0889504 
0.646767 -0.0674939 
0.582137 -0.231448 
0.652633 -0.0242042 
0.55865 -0.27234 
-0.127361 -0.453392 
-0.486677 -0.256371 
0.650457 -0.0458355 
-0.628155 0.011683 
-0.589463 -0.115286 
-0.531798 -0.205422 
-0.625203 -0.00750616 
-0.290788 -0.392794 
-0.230014 -0.419438 
-0.25088 -0.410887 
-0.309839 -0.383291 
-0.186172 -0.435528 
-0.163134 -0.443018 
0.615195 -0.163142 
-0.454873 -0.286316 
0.60578 -0.184013 
-0.505339 -0.236604 
-0.518877 -0.221158 
-0.363504 -0.353094 
-0.396227 -0.331783 
-0.380187 -0.342536 
-0.411749 -0.320757 
-0.441119 -0.297981 
-0.621326 -0.0263916 
0.537538 -0.303008 
-0.57718 -0.138532 
-0.426741 -0.309467 
-0.597221 -0.098623 
-0.544067 -0.189399 
-0.208445 -0.427663 
0.108945 -0.485746 
0.0795809 -0.48516 
0.0207019 -0.480975 
-0.0360213 -0.473275 
0.221123 -0.477828 
0.166331 -0.483816 
-0.34618 -0.363437 
-0.0631122 -0.468347 
0.353127 -0.442561 
0.6318 -0.121018 
0.426987 -0.404803 
0.403337 -0.418751 
0.468961 -0.374551 
-0.32829 -0.373508 
0.44877 -0.390078 
-0.610925 -0.063199 
0.327165 -0.452281 
0.50555 -0.340693 
0.644397 -0.0782594 
0.522107 -0.322319 
0.576534 -0.241828 
0.58696 -0.222247 
0.56482 -0.262296 
0.596327 -0.203701 
0.638694 -0.0996756 
-0.271139 -0.401998 
-0.616555 -0.0449607 
-0.604472 -0.0810807 
-0.114735 -0.456698 
-0.0893526 -0.462799 
-0.559384 -0.16752 
-0.13933 -0.450087 
0.551895 -0.282752 
0.623915 -0.14216 
0.487896 -0.35806 
0.137986 -0.485294 
0.300881 -0.460589 
0.27442 -0.467555 
-0.0080782 -0.477512 
0.049931 -0.483546 
0.193944 -0.481337 
0.247821 -0.473274 
0.378576 -0.431391 
-0.480544 -0.262499 
0.651737 -0.0350391 
0.648791 -0.056695 
-0.492575 -0.250307 
-0.468015 -0.274479 
