ZONE T="boundary0"
-4 -0.491129 
-4 -0.618347 
-4 -0.222378 
-4 -0.271098 
-4 -0.329475 
-4 -0.387852 
-4 -0.0988927 
-4 -0.173659 
-4 0.219018 
-4 0.804929 
-4 0.609857 
-4 0.064462 
-4 -0.0241268 
-4 0.411467 
-4 0.453627 
-4 -0.439491 
-4 1 
-4 0.153051 
-4 0.284986 
-4 0.531742 
-4 -0.745565 
-4 -1 
-4 0.327146 
-4 0.252002 
-4 0.186035 
-4 0.369307 
-4 -0.554738 
-4 -0.358663 
-4 -0.300286 
-4 -0.246738 
-4 -0.136276 
-4 0.707393 
-4 0.0201676 
-4 0.432547 
-4 -0.0615098 
-4 -0.198018 
-4 -0.46531 
-4 -0.413671 
-4 0.492685 
-4 0.902464 
-4 -0.872782 
-4 0.306066 
-4 0.268494 
-4 0.169543 
-4 0.202527 
-4 0.23551 
-4 0.108756 
-4 -0.681956 
-4 0.390387 
-4 0.5708 
-4 0.348227 
ZONE T="boundary1"
1.52531 1 
4 1 
3.75 1 
0.897761 1 
0.829748 1 
-3.46272 1 
-3.64193 1 
-0.510516 1 
3.53461 1 
3.31922 1 
0.203747 1 
0.136327 1 
0.0263866 1 
-0.0161337 1 
-0.735143 1 
-2.37869 1 
2.59228 1 
2.24008 1 
1.30661 1 
-1.43846 1 
1.2 1 
-4 1 
-1.72792 1 
-1.88844 1 
2.08852 1 
1.93696 1 
-2.8644 1 
-3.07396 1 
3.14027 1 
2.7768 1 
0.335088 1 
0.269418 1 
0.0689068 1 
-0.0586539 1 
-0.101174 1 
-0.249353 1 
-0.325614 1 
-0.401875 1 
-0.175264 1 
0.651394 1 
0.761736 1 
0.541053 1 
-0.851129 1 
-0.619157 1 
-1.3095 1 
-1.19383 1 
-1.07817 1 
-0.964649 1 
0.438071 1 
1.09339 1 
0.995574 1 
1.41596 1 
-1.56741 1 
1.73113 1 
2.96133 1 
-2.13356 1 
-3.28351 1 
0.946667 1 
-2.62154 1 
3.875 1 
0.863754 1 
-3.55232 1 
3.42692 1 
0.170037 1 
0.00512646 1 
2.41618 1 
-3.82096 1 
-1.80818 1 
2.01274 1 
0.302253 1 
0.236582 1 
0.102617 1 
-0.0373938 1 
-0.079914 1 
-0.363744 1 
0.706565 1 
-0.793136 1 
-0.67715 1 
-0.564836 1 
-0.456195 1 
0.596224 1 
-1.25167 1 
-0.907889 1 
-1.02141 1 
0.489562 1 
0.795742 1 
1.04448 1 
1.14669 1 
1.2533 1 
1.36128 1 
-1.50293 1 
1.47063 1 
3.0508 1 
3.22975 1 
1.62822 1 
1.83404 1 
-2.25613 1 
2.1643 1 
2.68454 1 
2.86907 1 
-3.17873 1 
-2.011 1 
-0.138219 1 
-0.212309 1 
-0.287484 1 
0.0476467 1 
0.386579 1 
0.971121 1 
0.922214 1 
-2.50012 1 
-3.37312 1 
-1.64767 1 
-2.96918 1 
-1.136 1 
-1.37398 1 
3.64231 1 
-2.74297 1 
ZONE T="boundary2"
4 -0.660054 
4 -0.830027 
4 -0.455192 
4 -0.264508 
4 -0.22123 
4 0.279605 
4 0.345517 
4 0.57223 
4 0.663247 
4 1 
4 -0.112807 
4 -0.160549 
4 0.210254 
4 0.152369 
4 0.413364 
4 -1 
4 -0.557623 
4 -0.190889 
4 -0.0650653 
4 -0.307787 
4 0.481212 
4 0.014709 
4 0.0944833 
4 -0.381489 
4 -0.745041 
4 0.312561 
4 0.617738 
4 -0.136678 
4 0.181311 
4 0.831624 
4 -0.915014 
4 -0.506407 
4 -0.175719 
4 -0.0889363 
4 0.24493 
4 0.447288 
4 0.37944 
4 0.0545961 
4 0.123426 
4 0.526721 
4 -0.418341 
4 -0.608839 
4 -0.242869 
4 -0.286147 
4 -0.206059 
4 -0.344638 
4 -0.0251782 
ZONE T="boundary3"
3.31731 -1 
3.48798 -1 
-1.11985 -1 
-0.26638 -1 
-3.51004 -1 
-3.75502 -1 
-0.325977 -1 
-0.381771 -1 
-0.437566 -1 
0.630261 -1 
-0.60578 -1 
0.526477 -1 
3.65866 -1 
-3.33251 -1 
-1.87604 -1 
-1.73853 -1 
-2.01355 -1 
-1.51204 -1 
-2.51355 -1 
-2.28856 -1 
3.82933 -1 
4 -1 
-2.94676 -1 
2.39694 -1 
2.60483 -1 
-0.521673 -1 
0.422693 -1 
0.871758 -1 
0.0740103 -1 
0.147476 -1 
0.372255 -1 
-0.206783 -1 
-0.142978 -1 
-0.0791733 -1 
-0.0025815 -1 
0.271379 -1 
0.321817 -1 
-0.729368 -1 
0.75101 -1 
0.984163 -1 
1.09657 -1 
1.27625 -1 
1.18641 -1 
-0.904903 -1 
-0.852956 -1 
-4 -1 
1.50182 -1 
1.38904 -1 
1.64557 -1 
1.78932 -1 
-1.29718 -1 
-1.17896 -1 
-1.40461 -1 
-0.791162 -1 
-3.15498 -1 
2.8869 -1 
3.1021 -1 
2.74586 -1 
-2.15106 -1 
2.18906 -1 
-2.73854 -1 
1.98919 -1 
0.220941 -1 
-1.06074 -1 
-0.95685 -1 
3.40265 -1 
-3.63253 -1 
-0.409668 -1 
0.578369 -1 
3.57332 -1 
-1.80728 -1 
-1.94479 -1 
-2.40106 -1 
3.91466 -1 
2.50089 -1 
-0.479619 -1 
0.474585 -1 
0.110743 -1 
-0.353874 -1 
-0.236581 -1 
-0.296178 -1 
-0.17488 -1 
-0.111076 -1 
-0.563726 -1 
0.296598 -1 
0.690636 -1 
1.04036 -1 
1.23133 -1 
-0.878929 -1 
-3.87751 -1 
1.14149 -1 
1.44543 -1 
1.33264 -1 
1.5737 -1 
1.71745 -1 
-1.23807 -1 
-1.45833 -1 
-1.62529 -1 
-1.35089 -1 
-3.24374 -1 
-3.42128 -1 
2.9945 -1 
2.81638 -1 
-2.0823 -1 
3.20971 -1 
2.293 -1 
3.74399 -1 
2.67535 -1 
-2.62605 -1 
1.88925 -1 
-2.21981 -1 
2.08912 -1 
-0.0408774 -1 
-0.667574 -1 
0.184208 -1 
0.0357144 -1 
0.24616 -1 
-1.0088 -1 
-0.930876 -1 
-0.760265 -1 
-0.822059 -1 
0.397474 -1 
0.347036 -1 
-3.05087 -1 
-2.84265 -1 
0.811384 -1 
0.92796 -1 
-1.14941 -1 
-1.0903 -1 
ZONE T="boundary4"
-0.514639 0.255913 
-0.23649 0.432254 
0.656114 0.00844112 
0.653251 0.0331155 
0.648201 0.0578119 
0.568201 0.222226 
0.555291 0.241354 
-0.609454 0.111627 
-0.602271 0.127614 
-0.627473 0.0600117 
-0.640124 -0.0125555 
-0.571502 0.1825 
-0.560509 0.198748 
-0.54894 0.214592 
-0.631972 0.0419827 
-0.638307 0.00564086 
-0.635587 0.0238469 
-0.615981 0.0953374 
-0.622132 0.0778084 
0.581639 0.201369 
-0.214624 0.439625 
-0.587506 0.156103 
-0.537252 0.229531 
-0.469031 0.300525 
-0.454008 0.313174 
-0.438578 0.32532 
-0.422128 0.337428 
-0.49269 0.278682 
-0.35319 0.380469 
-0.370721 0.370565 
-0.388171 0.360042 
-0.335394 0.389888 
-0.316908 0.39904 
-0.405305 0.349006 
-0.298184 0.407694 
-0.278276 0.416259 
-0.258147 0.424288 
-0.19099 0.446866 
-0.115808 0.46521 
-0.141571 0.459702 
-0.0610799 0.474334 
-0.0323374 0.477749 
-0.167162 0.453436 
0.411632 0.385266 
0.386055 0.40119 
0.273033 0.450802 
0.303021 0.44046 
0.359763 0.41552 
0.54189 0.260141 
0.501353 0.309158 
0.480893 0.329878 
0.52069 0.28722 
-0.00350353 0.48023 
0.0264447 0.481798 
0.0564212 0.482322 
0.211601 0.466826 
0.242661 0.459538 
0.0872655 0.481742 
0.118055 0.47999 
0.641167 0.0821043 
0.621637 0.130119 
0.632184 0.106374 
0.606481 0.159471 
0.650985 0.0455167 
0.656744 -0.0161509 
0.594575 0.18023 
0.435861 0.368126 
0.458874 0.349723 
-0.0885133 0.470193 
0.331662 0.428817 
0.149293 0.476959 
0.180355 0.472618 
0.654955 0.0208099 
0.561799 0.231825 
-0.605943 0.119657 
-0.554793 0.20672 
-0.637058 0.0147602 
-0.62983 0.0510238 
-0.619156 0.0866077 
-0.612802 0.103516 
-0.566081 0.190675 
-0.225582 0.436014 
-0.461572 0.306913 
-0.430402 0.331441 
-0.446342 0.31931 
-0.579712 0.169428 
-0.481018 0.289775 
-0.36199 0.375578 
-0.379485 0.365367 
-0.344324 0.385239 
-0.326182 0.394526 
-0.288259 0.412044 
-0.413762 0.343283 
-0.247346 0.428346 
-0.526139 0.242888 
-0.307575 0.403429 
-0.12871 0.46255 
-0.0467224 0.476158 
-0.179099 0.450235 
-0.543155 0.222108 
-0.39678 0.354588 
0.574976 0.211833 
-0.268238 0.42034 
-0.639327 -0.00344637 
0.39896 0.393416 
0.288096 0.445832 
0.37301 0.408542 
0.491271 0.319665 
0.511174 0.298324 
-0.503829 0.267456 
0.0114639 0.481143 
0.0414308 0.482192 
0.227175 0.463371 
-0.154389 0.456663 
-0.202833 0.44333 
0.548661 0.250798 
-0.633888 0.0329364 
0.644916 0.0700252 
0.627083 0.118323 
0.614272 0.144904 
0.652184 0.0393282 
0.649656 0.0516785 
-0.59514 0.141989 
0.636884 0.0943161 
0.60061 0.169897 
0.588175 0.19084 
0.423872 0.376874 
0.470029 0.339963 
-0.0179304 0.479107 
-0.0748124 0.472369 
0.345807 0.422369 
0.0718462 0.482176 
0.102669 0.481016 
0.447502 0.359094 
-0.10218 0.467807 
0.13369 0.478635 
0.164847 0.474956 
0.257903 0.455362 
0.196011 0.469902 
-0.624906 0.0689411 
0.656709 -0.00384748 
0.317421 0.434834 
0.531491 0.273839 
ZONE T="boundary5"
-0.178692 -0.424839 
-0.152907 -0.424447 
0.637095 -0.111268 
0.645218 -0.0882579 
0.571593 -0.213536 
-0.582622 -0.239352 
-0.57337 -0.253399 
-0.63851 -0.0841482 
-0.640218 -0.0664957 
-0.641066 -0.0486765 
-0.618678 -0.166227 
-0.60647 -0.195567 
-0.635966 -0.101557 
-0.628579 -0.135122 
-0.632603 -0.118727 
-0.520507 -0.314248 
-0.495931 -0.334947 
-0.29352 -0.417162 
-0.272394 -0.419994 
-0.314501 -0.413565 
-0.249831 -0.422228 
-0.591179 -0.225084 
-0.202957 -0.424616 
-0.227176 -0.423733 
-0.100087 -0.422007 
-0.127118 -0.4235 
-0.0730819 -0.42009 
-0.389873 -0.392911 
-0.454072 -0.362971 
-0.46868 -0.354087 
-0.542504 -0.292197 
-0.553298 -0.279843 
-0.563515 -0.267008 
-0.640124 -0.0125555 
-0.353652 -0.404487 
-0.372372 -0.398921 
-0.334687 -0.409294 
-0.423251 -0.379034 
-0.64104 -0.0306702 
-0.439089 -0.371206 
-0.407077 -0.386178 
0.0105683 -0.412181 
-0.0452843 -0.417752 
0.066769 -0.405649 
0.0386176 -0.409027 
0.235474 -0.379648 
0.0948574 -0.402065 
0.626972 -0.133671 
0.207361 -0.384929 
0.151097 -0.394152 
0.123014 -0.398238 
0.179273 -0.389729 
0.263468 -0.373816 
0.291342 -0.367322 
0.425054 -0.321613 
0.449718 -0.309277 
0.346331 -0.351958 
0.319031 -0.360061 
0.467339 -0.299378 
0.484535 -0.288704 
0.51664 -0.26556 
0.500845 -0.277518 
0.399792 -0.332685 
0.536209 -0.249011 
0.554885 -0.23125 
0.615157 -0.155088 
0.601889 -0.175476 
0.587398 -0.194838 
0.651251 -0.0646839 
0.656744 -0.0161509 
0.655123 -0.0405371 
-0.599139 -0.210474 
-0.0175306 -0.415113 
0.373325 -0.342856 
-0.165799 -0.424718 
0.641407 -0.0998514 
-0.639472 -0.0753326 
-0.640751 -0.0575915 
-0.612881 -0.181025 
-0.637344 -0.0928685 
-0.578072 -0.246426 
-0.630685 -0.126948 
-0.508445 -0.324865 
-0.28297 -0.41867 
-0.304028 -0.415463 
-0.261123 -0.421207 
-0.21507 -0.424263 
-0.1136 -0.422812 
-0.0865813 -0.421097 
-0.461425 -0.35861 
-0.531743 -0.30346 
-0.558478 -0.273485 
-0.634388 -0.110163 
-0.363042 -0.401802 
-0.344194 -0.406985 
-0.640693 -0.0216074 
-0.431213 -0.375207 
-0.398512 -0.389637 
-0.446625 -0.367169 
-0.482517 -0.344817 
-0.381154 -0.396007 
-0.415203 -0.382692 
-0.23851 -0.423067 
-0.324616 -0.411529 
-0.0591793 -0.418963 
0.0526969 -0.407364 
0.0808171 -0.403884 
0.221429 -0.382352 
0.137061 -0.396231 
0.165192 -0.391984 
0.249487 -0.376807 
0.277426 -0.370658 
0.332715 -0.356126 
0.305213 -0.363794 
0.437468 -0.315609 
0.458581 -0.304421 
0.508813 -0.271633 
0.475997 -0.294138 
0.412489 -0.327301 
0.492754 -0.283205 
0.545672 -0.240263 
0.563355 -0.222503 
0.608699 -0.165397 
0.594794 -0.18527 
0.6485 -0.0765388 
0.526548 -0.257433 
-0.641164 -0.0396734 
-0.140011 -0.424037 
0.656215 -0.0283625 
-0.190825 -0.424805 
-0.595234 -0.217822 
0.0245965 -0.41063 
-0.0034775 -0.413676 
0.359872 -0.34754 
0.10894 -0.400182 
0.386614 -0.337917 
-0.0314036 -0.416466 
0.193326 -0.387381 
0.632265 -0.122575 
0.621269 -0.144492 
0.579628 -0.204299 
0.653466 -0.052655 
-0.602884 -0.20306 
-0.586975 -0.232261 
-0.623972 -0.150785 
-0.56852 -0.26026 
-0.547973 -0.28608 
