ZONE T="boundary0"
-4 -1 
-4 -0.678385 
-4 -0.277097 
-4 -0.347101 
-4 0.80692 
-4 0.61384 
-4 0.221033 
-4 0.199332 
-4 -0.185814 
-4 -0.0659624 
-4 -0.486792 
-4 1 
-4 -0.416946 
-4 -0.145044 
-4 -0.105503 
-4 -0.226583 
-4 0.0819863 
-4 0.242734 
-4 0.516803 
-4 0.419765 
-4 0.00801197 
-4 0.140659 
-4 0.264435 
-4 0.352951 
-4 0.286136 
-4 -0.839192 
-4 -0.312099 
-4 0.71038 
-4 0.210183 
-4 -0.582588 
-4 -0.451869 
-4 -0.125274 
-4 -0.206198 
-4 -0.25184 
-4 -0.0857328 
-4 0.231884 
-4 0.468284 
-4 0.0449992 
-4 0.565322 
-4 0.90346 
-4 0.169996 
-4 0.253585 
-4 0.319544 
-4 0.386358 
-4 0.275286 
-4 -0.382023 
-4 -0.165429 
-4 0.111323 
-4 -0.0289752 
ZONE T="boundary1"
-3.29169 1 
-3.1536 1 
1.86601 1 
3.52662 1 
0.348138 1 
0.478158 1 
0.285994 1 
0.22385 1 
1.08964 1 
0.149202 1 
2.90568 1 
2.72143 1 
-0.417122 1 
-1.05548 1 
-1.20249 1 
3.34911 1 
3.17159 1 
-2.66745 1 
-3.01551 1 
-4 1 
-3.56788 1 
-2.15469 1 
-2.34303 1 
2.53719 1 
2.0161 1 
2.27664 1 
0.0745542 1 
-0.0657935 1 
0.00438034 1 
-0.23426 1 
-0.325691 1 
-0.51502 1 
-0.612918 1 
-0.835248 1 
-0.10791 1 
-0.945366 1 
0.612626 1 
-0.724083 1 
0.979223 1 
0.863159 1 
0.747094 1 
1.5743 1 
1.31637 1 
1.20005 1 
1.43269 1 
1.71592 1 
-1.46164 1 
-1.57379 1 
-1.34949 1 
-1.96636 1 
-1.77007 1 
-0.150027 1 
4 1 
3.76331 1 
-3.22264 1 
0.413148 1 
0.254922 1 
0.186526 1 
2.81356 1 
3.26035 1 
-2.84148 1 
-3.78394 1 
-2.24886 1 
-2.50524 1 
2.40692 1 
0.317066 1 
0.0394673 1 
-0.0307066 1 
-0.279975 1 
-0.466071 1 
-0.563969 1 
-1.00043 1 
0.545392 1 
-0.6685 1 
0.921191 1 
-0.779665 1 
0.805126 1 
0.67986 1 
1.25821 1 
1.37453 1 
1.50349 1 
1.14484 1 
-1.51771 1 
-1.27599 1 
-0.890307 1 
1.03443 1 
-1.86821 1 
-2.06053 1 
3.03864 1 
2.62931 1 
1.79097 1 
1.94106 1 
3.43787 1 
0.111878 1 
-0.128968 1 
-0.0868518 1 
-0.192143 1 
-0.371406 1 
3.88166 1 
-1.12899 1 
3.64497 1 
-1.40557 1 
1.64511 1 
-1.67193 1 
-3.42978 1 
-3.08455 1 
2.14637 1 
ZONE T="boundary2"
4 -0.531285 
4 -0.415072 
4 -0.298858 
4 -0.217997 
4 -0.258427 
4 0.40014 
4 0.501685 
4 0.3493 
4 0.0232619 
4 0.0978794 
4 -1 
4 -0.765643 
4 0.603231 
4 0.801615 
4 -0.157682 
4 -0.0973676 
4 0.32388 
4 0.29846 
4 0.235478 
4 0.172497 
4 -0.648464 
4 0.266969 
4 -0.0370528 
4 1 
4 -0.473178 
4 -0.238212 
4 0.450913 
4 0.37472 
4 0.0605706 
4 -0.882821 
4 0.702423 
4 -0.356965 
4 -0.278643 
4 0.552458 
4 0.33659 
4 0.31117 
4 -0.589875 
4 -0.707053 
4 0.203988 
4 0.135188 
4 -0.127525 
4 -0.18784 
4 0.282714 
4 0.251224 
4 -0.0672102 
4 -0.00689547 
4 0.900808 
ZONE T="boundary3"
-4 -1 
-1.59884 -1 
3.37533 -1 
-0.89506 -1 
-0.802576 -1 
-0.710091 -1 
0.942367 -1 
-1.25547 -1 
1.05225 -1 
0.400091 -1 
0.206089 -1 
-1.4459 -1 
0.505789 -1 
4 -1 
1.34404 -1 
-2.97441 -1 
-3.14548 -1 
-2.80335 -1 
-1.83375 -1 
2.29253 -1 
-3.50351 -1 
-3.75176 -1 
2.6452 -1 
2.83913 -1 
-2.54486 -1 
3.76496 -1 
-2.06006 -1 
-2.28638 -1 
0.0127696 -1 
0.0815547 -1 
0.143822 -1 
-0.117413 -1 
-0.17881 -1 
-0.0560156 -1 
-0.580999 -1 
-1.01828 -1 
0.721986 -1 
-0.476502 -1 
0.832486 -1 
-0.227109 -1 
-0.275408 -1 
-0.323707 -1 
-1.13687 -1 
0.611487 -1 
1.24539 -1 
1.14882 -1 
1.44268 -1 
1.62264 -1 
3.22074 -1 
1.80259 -1 
1.96819 -1 
2.13379 -1 
3.52992 -1 
3.02994 -1 
2.45127 -1 
-0.372006 -1 
-0.848818 -1 
-0.756334 -1 
0.30309 -1 
-1.52237 -1 
0.45294 -1 
-3.05994 -1 
-2.88888 -1 
-1.7163 -1 
-3.62764 -1 
2.74217 -1 
-1.94691 -1 
0.0471621 -1 
-0.148112 -1 
-0.645545 -1 
-0.956669 -1 
-0.528751 -1 
0.777236 -1 
-0.20296 -1 
-0.299558 -1 
-1.07758 -1 
0.558638 -1 
0.887426 -1 
1.1971 -1 
0.997307 -1 
-1.35069 -1 
3.88248 -1 
1.39336 -1 
1.29471 -1 
1.53266 -1 
0.666737 -1 
3.29804 -1 
-3.87588 -1 
1.71261 -1 
2.05099 -1 
-3.3245 -1 
-2.41562 -1 
2.93454 -1 
3.45263 -1 
2.54823 -1 
2.3719 -1 
2.21316 -1 
3.12534 -1 
3.64744 -1 
-2.17322 -1 
-0.424254 -1 
-0.347856 -1 
-0.251259 -1 
0.174955 -1 
0.112688 -1 
-0.0867143 -1 
-0.021623 -1 
1.10053 -1 
-1.19617 -1 
1.88539 -1 
-2.6741 -1 
ZONE T="boundary4"
0.637546 0.0708207 
-0.51813 0.238041 
-0.631143 0.00192741 
-0.63374 -0.0180063 
-0.441311 0.315774 
-0.426892 0.327597 
-0.329313 0.392769 
-0.48196 0.278197 
-0.594937 0.118915 
0.630909 0.0918057 
-0.617295 0.0614231 
-0.627529 0.0218537 
-0.622909 0.0416983 
-0.610731 0.0809094 
-0.60325 0.100119 
-0.58673 0.135573 
-0.136171 0.470391 
-0.110672 0.476778 
-0.569058 0.166978 
-0.549955 0.196217 
-0.494558 0.265018 
-0.529253 0.224202 
-0.468865 0.291069 
-0.455378 0.303534 
-0.396498 0.350437 
-0.380418 0.36151 
-0.364046 0.372143 
-0.346817 0.382687 
-0.292037 0.4123 
-0.272082 0.421757 
-0.251877 0.430675 
-0.230287 0.43951 
-0.161467 0.463247 
-0.0834425 0.482722 
-0.0560423 0.487805 
-0.208459 0.447747 
0.642859 0.0499358 
0.646823 0.028823 
-0.310805 0.402782 
-0.411853 0.339229 
0.50877 0.318281 
0.523683 0.29832 
0.417854 0.405269 
0.28443 0.470997 
0.342003 0.448901 
0.368292 0.435923 
0.493001 0.337247 
0.439851 0.38851 
0.476684 0.354871 
0.459593 0.371444 
-0.0269901 0.492226 
0.032796 0.498191 
0.0634604 0.499591 
0.095149 0.499817 
0.00218426 0.495665 
0.253743 0.479773 
0.190769 0.49236 
0.222385 0.486892 
0.158718 0.496305 
0.538035 0.276984 
0.623202 0.112521 
0.599472 0.165291 
0.612214 0.138353 
0.650202 -0.013129 
0.649285 0.00779853 
-0.185074 0.455832 
0.555155 0.248622 
0.570843 0.220402 
0.585968 0.191919 
0.313452 0.460854 
0.393924 0.421182 
0.126792 0.498754 
-0.434144 0.321737 
0.634369 0.0813573 
-0.625341 0.0318034 
-0.614128 0.0712043 
-0.599197 0.109562 
-0.607101 0.0905564 
-0.620221 0.0515938 
-0.590914 0.127283 
-0.123445 0.473679 
-0.559732 0.181745 
-0.578171 0.151431 
-0.523737 0.231159 
-0.48831 0.271656 
-0.462169 0.297352 
-0.475463 0.284684 
-0.388496 0.356028 
-0.355467 0.377473 
-0.44839 0.309706 
-0.282091 0.417096 
-0.241113 0.435167 
-0.338098 0.387786 
-0.148845 0.466913 
-0.632567 -0.00802426 
-0.0697622 0.485371 
-0.219401 0.443703 
0.64036 0.0604179 
0.645017 0.0394123 
-0.320093 0.397838 
-0.62946 0.0119121 
0.516352 0.308397 
-0.372267 0.366881 
-0.506536 0.251698 
-0.404214 0.344886 
0.355247 0.442616 
0.50101 0.32787 
0.449848 0.380127 
0.484959 0.34617 
0.428984 0.397065 
0.0481228 0.499033 
0.079305 0.499862 
-0.0124168 0.494069 
0.206613 0.489824 
0.174768 0.494522 
0.26915 0.475603 
0.530985 0.287739 
0.627174 0.102207 
-0.301452 0.407603 
0.605958 0.151874 
0.617855 0.125498 
0.649938 -0.00265651 
-0.262009 0.426283 
-0.173297 0.459623 
-0.0970805 0.479857 
-0.419414 0.333467 
0.468249 0.363275 
0.546764 0.262908 
0.563085 0.234559 
-0.196796 0.451873 
0.592794 0.17864 
0.299015 0.466137 
0.32782 0.455099 
0.0174796 0.497066 
-0.0415343 0.490137 
0.406017 0.41342 
0.14277 0.497706 
0.578466 0.20619 
0.381227 0.428761 
0.110978 0.49945 
0.238113 0.483543 
0.648241 0.0183328 
-0.539795 0.210351 
ZONE T="boundary5"
0.550406 -0.230043 
0.638044 -0.0946292 
-0.623957 -0.15404 
0.643442 -0.0747532 
-0.583268 -0.253352 
-0.593054 -0.235424 
-0.572562 -0.27062 
-0.607132 -0.204803 
-0.613456 -0.188313 
-0.61905 -0.171479 
-0.634039 -0.0968126 
-0.63546 -0.0773074 
-0.63532 -0.0378832 
-0.63374 -0.0180063 
-0.154754 -0.415105 
-0.294913 -0.422719 
-0.316576 -0.42099 
-0.396862 -0.404297 
-0.377733 -0.409935 
-0.337401 -0.418315 
-0.55847 -0.290393 
-0.415669 -0.397579 
-0.250788 -0.423363 
-0.273104 -0.423484 
-0.227536 -0.422386 
-0.179504 -0.41816 
-0.204237 -0.420663 
-0.128867 -0.411474 
-0.524125 -0.328654 
-0.511244 -0.340319 
-0.536422 -0.316282 
-0.433465 -0.390049 
-0.628279 -0.135179 
0.631111 -0.114112 
-0.497201 -0.351725 
-0.467138 -0.372256 
-0.482596 -0.362311 
-0.54775 -0.303646 
-0.45054 -0.381646 
0.533579 -0.245313 
-0.63589 -0.0576757 
-0.631642 -0.116101 
0.340673 -0.339008 
0.314579 -0.345141 
-0.358008 -0.414594 
-0.102954 -0.407542 
-0.0754435 -0.403191 
-0.047954 -0.398792 
0.61308 -0.15122 
-0.0186418 -0.394164 
0.0106033 -0.389698 
0.0711927 -0.381093 
-0.600414 -0.220267 
0.156772 -0.370079 
0.183817 -0.366603 
0.100467 -0.377232 
0.129636 -0.373509 
0.0409395 -0.385276 
0.209927 -0.363092 
0.288337 -0.350491 
0.390807 -0.324281 
0.365867 -0.332151 
0.414776 -0.315515 
0.458015 -0.295998 
0.436622 -0.306317 
0.47801 -0.284979 
0.515847 -0.259634 
0.56598 -0.214249 
0.649541 -0.0338983 
0.647278 -0.0545235 
0.579707 -0.198721 
0.602212 -0.16872 
0.59133 -0.184072 
0.622816 -0.132872 
0.497429 -0.272784 
0.650202 -0.013129 
0.262191 -0.355162 
0.235956 -0.359333 
-0.58828 -0.244455 
-0.578037 -0.262063 
-0.610386 -0.196595 
-0.634873 -0.0870704 
-0.634656 -0.0279359 
-0.305759 -0.421981 
-0.387338 -0.407248 
-0.327008 -0.41978 
-0.261949 -0.42353 
-0.239161 -0.422975 
-0.167124 -0.416691 
-0.215883 -0.42161 
-0.626237 -0.144638 
-0.424622 -0.39394 
-0.616349 -0.179929 
-0.621606 -0.16279 
-0.474937 -0.367392 
-0.542165 -0.310036 
-0.530354 -0.322549 
-0.504301 -0.346118 
-0.553193 -0.297088 
-0.458907 -0.37707 
0.542099 -0.237798 
-0.6358 -0.0674955 
-0.635731 -0.047777 
-0.141805 -0.413335 
-0.630081 -0.125663 
0.32765 -0.342181 
-0.367904 -0.412397 
-0.347732 -0.41659 
-0.115906 -0.409536 
-0.0616967 -0.40099 
-0.00401837 -0.391908 
0.170298 -0.368354 
0.0858312 -0.379142 
0.143207 -0.371795 
0.0560679 -0.383157 
0.196876 -0.364872 
0.301475 -0.347905 
0.378377 -0.32835 
0.402841 -0.32004 
0.447386 -0.3013 
0.468087 -0.290627 
0.524817 -0.252605 
0.648611 -0.0442324 
0.572947 -0.206579 
0.596879 -0.176472 
0.585614 -0.191473 
0.5583 -0.222255 
0.618109 -0.142132 
-0.489971 -0.357118 
-0.565691 -0.280633 
0.645557 -0.0646752 
0.634763 -0.104436 
0.487808 -0.279025 
-0.406316 -0.401072 
0.506735 -0.266347 
0.640935 -0.0847429 
-0.284016 -0.423217 
0.627134 -0.123567 
0.650071 -0.0235195 
0.3533 -0.335697 
-0.089195 -0.40538 
0.425753 -0.311049 
-0.191866 -0.419489 
0.025772 -0.387458 
0.275275 -0.352897 
0.222947 -0.361251 
-0.0332958 -0.396463 
0.249082 -0.357302 
0.115054 -0.37536 
-0.517761 -0.334571 
-0.442064 -0.385968 
-0.632963 -0.106474 
-0.603854 -0.212573 
-0.596814 -0.227884 
0.60779 -0.160059 
