ZONE T="boundary0"
-4 -0.592813 
-4 0.1454 
-4 0.616942 
-4 0.808471 
-4 0.302173 
-4 0.0660661 
-4 -0.253566 
-4 -0.0132674 
-4 -0.118672 
-4 -0.499197 
-4 0.233165 
-4 -0.205843 
-4 -0.162258 
-4 -0.229704 
-4 -0.405581 
-4 -0.353435 
-4 -0.327362 
-4 -0.796407 
-4 0.37353 
-4 0.444888 
-4 -0.301289 
-4 0.530915 
-4 -1 
-4 1 
-4 0.712706 
-4 -0.0659698 
-4 0.267669 
-4 0.189282 
-4 -0.140465 
-4 -0.241635 
-4 -0.340398 
-4 -0.452389 
-4 0.0263994 
-4 0.105733 
-4 -0.69461 
-4 -0.546005 
-4 -0.277427 
-4 -0.217774 
-4 -0.18405 
-4 0.337852 
-4 0.409209 
-4 0.487901 
-4 0.573928 
-4 0.904235 
-4 -0.898203 
-4 -0.314325 
-4 -0.379508 
ZONE T="boundary1"
1.75864 1 
1.59709 1 
4 1 
3.75268 1 
-2.00383 1 
0.563249 1 
0.424985 1 
-2.16463 1 
-2.32544 1 
-2.68033 1 
-3.25752 1 
-3.47895 1 
-3.8502 1 
2.29175 1 
2.10597 1 
3.08492 1 
2.94478 1 
3.50536 1 
3.22507 1 
2.71353 1 
-2.82463 1 
2.50264 1 
0.157354 1 
0.119425 1 
-0.0344416 1 
0.0424915 1 
0.195283 1 
0.255497 1 
0.31571 1 
-0.112157 1 
-0.189873 1 
0.370348 1 
-0.304502 1 
-0.247187 1 
-0.589865 1 
-0.504498 1 
0.823 1 
-0.797789 1 
1.33715 1 
1.11205 1 
0.916105 1 
1.01408 1 
1.2246 1 
3.62902 1 
-0.876058 1 
-0.954327 1 
-1.26322 1 
-1.10878 1 
-1.33526 1 
-1.55137 1 
-1.65884 1 
-1.76632 1 
1.46712 1 
1.9202 1 
-1.4073 1 
-2.96892 1 
0.729896 1 
0.646572 1 
-0.419132 1 
-0.361817 1 
-3.70039 1 
-4 1 
1.67787 1 
3.87634 1 
0.494117 1 
-2.24504 1 
-2.50288 1 
-3.36824 1 
2.19886 1 
3.01485 1 
3.36522 1 
-2.75248 1 
2.60808 1 
0.138389 1 
0.00402497 1 
0.176318 1 
0.22539 1 
-0.151015 1 
0.343029 1 
-0.275845 1 
-0.547182 1 
-0.693827 1 
0.965091 1 
1.06306 1 
1.16832 1 
-0.915192 1 
-0.836923 1 
-1.71258 1 
-1.88507 1 
3.155 1 
1.40213 1 
1.83942 1 
-1.03155 1 
-1.37128 1 
-1.186 1 
2.82915 1 
2.39719 1 
-3.11322 1 
2.01309 1 
0.285603 1 
0.397666 1 
0.869553 1 
0.776448 1 
0.688234 1 
0.604911 1 
-0.0732994 1 
0.0809581 1 
-0.390474 1 
-0.21853 1 
-0.333159 1 
-0.461815 1 
-1.29924 1 
-1.47933 1 
1.28087 1 
1.5321 1 
3.69085 1 
3.56719 1 
-1.60511 1 
-3.9251 1 
-2.89678 1 
-3.58967 1 
-3.77529 1 
-2.08423 1 
ZONE T="boundary2"
4 -0.150122 
4 -0.295932 
4 0.183669 
4 1 
4 -0.0872108 
4 0.243176 
4 0.691279 
4 -0.619779 
4 -1 
4 -0.227273 
4 -0.201556 
4 -0.0243 
4 0.124161 
4 0.0499306 
4 -0.424757 
4 -0.381816 
4 -0.25299 
4 0.431953 
4 0.50497 
4 0.358936 
4 0.598124 
4 -0.80989 
4 -0.338874 
4 -0.522268 
4 0.272116 
4 0.301056 
4 -0.473513 
4 0.213423 
4 0.845639 
4 -0.214414 
4 -0.118666 
4 -0.0557554 
4 0.0128153 
4 -0.403286 
4 -0.274461 
4 0.0870459 
4 0.153915 
4 0.468462 
4 0.644701 
4 0.551547 
4 -0.714834 
4 -0.904945 
4 -0.175839 
4 -0.240132 
4 -0.360345 
4 -0.317403 
4 0.257646 
4 -0.449135 
4 0.395445 
4 -0.571024 
4 0.286586 
4 0.329996 
4 -0.497891 
ZONE T="boundary3"
3.25056 -1 
3.40425 -1 
-0.915139 -1 
-0.154762 -1 
0.0704082 -1 
0.316011 -1 
-0.32542 -1 
-0.780564 -1 
-0.645989 -1 
-1.7142 -1 
-1.49286 -1 
-3.73172 -1 
-1.56664 -1 
3.55319 -1 
3.70213 -1 
-2.80747 -1 
-2.57686 -1 
1.94551 -1 
-3.25076 -1 
-3.03807 -1 
-2.33757 -1 
-2.09827 -1 
-3.46344 -1 
2.78948 -1 
3.09687 -1 
4 -1 
2.58645 -1 
-0.219434 -1 
-0.366733 -1 
0.251408 -1 
0.432781 -1 
0.549552 -1 
-0.44936 -1 
-0.284107 -1 
-0.0988834 -1 
-0.0430048 -1 
0.0137017 -1 
0.128606 -1 
-0.547674 -1 
-1.03955 -1 
0.626537 -1 
0.703522 -1 
0.857493 -1 
-1.16397 -1 
0.963206 -1 
1.06892 -1 
-0.977346 -1 
-1.41909 -1 
-1.29153 -1 
1.26595 -1 
1.16743 -1 
1.3733 -1 
-1.90623 -1 
1.79954 -1 
1.64009 -1 
1.48064 -1 
2.38342 -1 
2.09148 -1 
0.186804 -1 
-3.86586 -1 
-4 -1 
3.32741 -1 
-0.847852 -1 
-1.64042 -1 
3.62766 -1 
-2.69216 -1 
-3.14442 -1 
-2.45721 -1 
-2.21792 -1 
2.94318 -1 
3.85106 -1 
0.491167 -1 
-0.408047 -1 
-0.187098 -1 
-0.25177 -1 
-0.304763 -1 
-0.0709441 -1 
0.042055 -1 
-0.596832 -1 
-0.498517 -1 
0.66503 -1 
0.374396 -1 
-1.10176 -1 
0.780508 -1 
0.910349 -1 
1.01606 -1 
-0.713276 -1 
-0.946243 -1 
-1.35531 -1 
-1.22775 -1 
1.21669 -1 
-1.81022 -1 
1.42697 -1 
1.31962 -1 
1.71982 -1 
1.87253 -1 
2.48494 -1 
1.56037 -1 
-2.00225 -1 
3.17371 -1 
3.47872 -1 
2.0185 -1 
2.23745 -1 
2.68797 -1 
-2.92277 -1 
-3.3571 -1 
0.157705 -1 
0.099507 -1 
-0.346077 -1 
-0.0146516 -1 
0.283709 -1 
0.219106 -1 
-0.126823 -1 
-1.00845 -1 
0.588044 -1 
-1.45598 -1 
-1.52975 -1 
-3.79879 -1 
-3.59758 -1 
-3.93293 -1 
1.11818 -1 
ZONE T="boundary4"
0.636414 0.124689 
0.627771 0.153183 
0.647209 0.0674576 
0.648815 0.0389682 
0.568766 0.27882 
0.577122 0.265273 
-0.516145 0.207091 
-0.500294 0.223914 
-0.623544 -0.023328 
-0.0635559 0.446199 
0.605261 0.210185 
-0.486963 0.237124 
0.51836 0.341035 
0.506231 0.352512 
0.0444488 0.464594 
0.0727571 0.4674 
0.220649 0.466927 
0.251766 0.46316 
0.282853 0.457892 
0.10116 0.469333 
-0.616124 0.0234617 
-0.602326 0.0695328 
-0.593062 0.0920642 
0.559856 0.292021 
0.55055 0.304623 
-0.570048 0.135646 
-0.582273 0.114142 
0.642995 0.0960763 
0.648585 0.0248424 
-0.556465 0.156534 
-0.307518 0.359977 
-0.284707 0.370945 
-0.115175 0.433225 
-0.140374 0.425912 
-0.544237 0.173366 
-0.531339 0.189581 
-0.473254 0.249925 
0.467194 0.383427 
0.48061 0.373714 
-0.454388 0.266328 
-0.373258 0.323875 
-0.394314 0.3106 
-0.351809 0.33647 
-0.329818 0.348531 
-0.434918 0.281889 
-0.414874 0.29663 
-0.261636 0.381341 
-0.238029 0.391301 
-0.214192 0.400702 
-0.18989 0.409639 
-0.165376 0.418015 
-0.0894559 0.440025 
0.592182 0.237636 
0.647649 0.010851 
0.493602 0.363435 
0.529806 0.329182 
0.645414 0.0817615 
0.408433 0.417346 
0.377524 0.430726 
0.61436 0.189009 
0.438472 0.401582 
0.130501 0.470369 
0.190293 0.469267 
0.0169658 0.461055 
0.314424 0.45084 
0.540706 0.316826 
0.622717 0.167529 
-0.0370504 0.451818 
-0.010382 0.456752 
0.159878 0.470385 
0.34611 0.441832 
-0.610022 0.0466347 
-0.620627 0.000121456 
0.632316 0.139003 
0.648348 0.0532303 
0.573012 0.272088 
-0.508301 0.21558 
0.51236 0.346842 
0.0585917 0.466104 
0.236229 0.465221 
0.267342 0.460717 
0.0869504 0.468478 
-0.597878 0.0808738 
0.55527 0.298372 
-0.576325 0.124987 
0.564381 0.285468 
0.648788 0.0319034 
-0.296147 0.365534 
-0.127797 0.429643 
-0.550446 0.165019 
-0.523836 0.198418 
-0.480156 0.243576 
0.473953 0.378641 
-0.463905 0.258225 
-0.493677 0.230569 
-0.38384 0.317325 
-0.340856 0.342579 
-0.318706 0.354328 
-0.444732 0.274209 
-0.249862 0.386391 
-0.202067 0.405241 
-0.177657 0.413898 
-0.587843 0.103189 
-0.273203 0.376213 
-0.102337 0.436702 
-0.0765256 0.443192 
0.598878 0.223986 
-0.537873 0.181541 
-0.424967 0.289357 
-0.152898 0.422037 
0.487162 0.368645 
0.584875 0.251577 
0.648206 0.0178403 
0.64639 0.0746191 
-0.563408 0.146189 
-0.404656 0.303707 
0.393098 0.424313 
0.609898 0.199635 
0.524149 0.335173 
0.499977 0.358044 
0.115826 0.469975 
0.205483 0.468255 
0.0306941 0.462922 
-0.362581 0.330254 
-0.226138 0.396071 
0.298686 0.454581 
0.535325 0.323066 
0.545694 0.310778 
0.625293 0.160373 
0.618637 0.178307 
0.644279 0.0889312 
0.423606 0.409756 
-0.0237331 0.454372 
0.00327633 0.458998 
0.17509 0.469975 
-0.0503219 0.449093 
0.145189 0.470508 
0.330335 0.446574 
0.361908 0.436537 
-0.613267 0.0350985 
-0.606364 0.0581472 
-0.622281 -0.0115799 
-0.618571 0.0118286 
0.453021 0.392803 
0.639971 0.110443 
ZONE T="boundary5"
-0.561907 -0.271262 
-0.551692 -0.287646 
0.229423 -0.370951 
-0.624715 -0.0702897 
0.636783 -0.0434719 
0.643636 -0.016709 
-0.623027 -0.0937003 
-0.615237 -0.140296 
-0.609185 -0.163441 
0.599908 -0.11753 
0.582378 -0.140042 
-0.619857 -0.117058 
-0.582823 -0.231993 
-0.592936 -0.209296 
0.416351 -0.265435 
-0.216988 -0.502038 
-0.245096 -0.49718 
-0.272974 -0.490574 
-0.327988 -0.472015 
-0.354685 -0.46017 
-0.161055 -0.506517 
-0.13339 -0.506243 
-0.0788147 -0.500962 
-0.189012 -0.505129 
-0.623544 -0.023328 
-0.624898 -0.0468034 
-0.105908 -0.504365 
-0.497085 -0.356409 
-0.512378 -0.339612 
-0.465742 -0.386514 
-0.481738 -0.371811 
-0.52687 -0.322129 
-0.539673 -0.305162 
-0.380657 -0.446695 
-0.447269 -0.401983 
-0.428074 -0.416527 
-0.404797 -0.432295 
0.627138 -0.0692953 
-0.051961 -0.49608 
-0.025509 -0.489819 
0.000641808 -0.482237 
0.0264778 -0.473425 
0.0520257 -0.463478 
0.152821 -0.414315 
0.203473 -0.385843 
0.102575 -0.440536 
0.0774203 -0.452457 
0.127784 -0.427726 
0.178205 -0.400205 
0.255352 -0.356086 
0.281979 -0.340947 
0.308583 -0.325995 
0.389586 -0.280822 
0.362519 -0.296004 
0.44266 -0.249728 
0.493717 -0.216834 
0.468543 -0.233537 
-0.601737 -0.186446 
0.335612 -0.310948 
0.647649 0.010851 
0.614811 -0.0940028 
0.646005 -0.00297956 
-0.571432 -0.254457 
-0.30072 -0.48216 
0.541229 -0.180773 
0.562983 -0.160842 
0.518248 -0.199186 
-0.556886 -0.279508 
0.640566 -0.0301841 
-0.61238 -0.151914 
0.591405 -0.128995 
-0.621623 -0.105405 
-0.588021 -0.220709 
-0.617722 -0.128713 
-0.231079 -0.499825 
-0.259085 -0.494091 
-0.341426 -0.466298 
-0.147222 -0.506583 
-0.175045 -0.506033 
-0.624414 -0.0350555 
-0.504828 -0.348099 
-0.47382 -0.379251 
-0.489495 -0.364195 
-0.533366 -0.313717 
-0.545782 -0.296473 
-0.456598 -0.394362 
-0.437759 -0.409373 
-0.39283 -0.43967 
-0.416548 -0.424579 
-0.203024 -0.503796 
-0.065358 -0.498702 
-0.519726 -0.330956 
-0.0386989 -0.49312 
-0.0123917 -0.486187 
0.0392976 -0.468582 
0.0900393 -0.446594 
0.115217 -0.43421 
0.190851 -0.393045 
0.216452 -0.378401 
0.242386 -0.363509 
0.295275 -0.333453 
0.37607 -0.288435 
0.402999 -0.273173 
0.481195 -0.225284 
-0.597488 -0.19793 
0.429545 -0.257642 
0.322097 -0.318458 
-0.605622 -0.174996 
0.0647687 -0.458083 
0.644912 -0.00986053 
0.646917 0.00392458 
-0.566756 -0.262909 
-0.367772 -0.453631 
-0.57727 -0.243299 
-0.0923402 -0.502853 
-0.314431 -0.477298 
-0.119638 -0.505502 
0.0136045 -0.477977 
0.140333 -0.421079 
0.268661 -0.348498 
0.455649 -0.241706 
-0.286911 -0.486582 
0.165535 -0.4073 
0.349072 -0.303478 
0.632303 -0.0565143 
-0.624997 -0.0585489 
-0.624057 -0.0820093 
0.572894 -0.150647 
0.552286 -0.171011 
0.529871 -0.190151 
0.506081 -0.208148 
0.60765 -0.105955 
0.621294 -0.081812 
