ZONE T="boundary0"
-4 -0.212699 
-4 -0.14704 
-4 -0.365 
-4 -0.292076 
-4 0.277349 
-4 0.797349 
-4 0.594697 
-4 0.414443 
-4 0.324137 
-4 0.50457 
-4 1 
-4 0.00848539 
-4 0.140245 
-4 -0.0692775 
-4 -0.440258 
-4 -0.515517 
-4 0.23056 
-4 -0.605175 
-4 -0.847417 
-4 -1 
-4 -0.694833 
-4 -0.179869 
-4 -0.328538 
-4 0.696023 
-4 0.36929 
-4 0.459506 
-4 -0.252387 
-4 0.898674 
-4 0.0743653 
-4 -0.108159 
-4 -0.477888 
-4 0.253954 
-4 0.300743 
-4 0.549634 
-4 0.185403 
-4 -0.560346 
-4 -0.0303961 
-4 -0.923708 
-4 -0.402629 
-4 -0.650004 
-4 -0.771125 
ZONE T="boundary1"
-3.18677 1 
-3.56645 1 
1.41015 1 
-0.251278 1 
1.1492 1 
0.106066 1 
0.0453789 1 
-4 1 
-0.307728 1 
-1.14856 1 
-0.652941 1 
-0.542604 1 
0.938623 1 
3.82754 1 
2.85814 1 
-1.50689 1 
-1.66594 1 
2.02781 1 
-2.00807 1 
-2.19114 1 
-2.87687 1 
2.22948 1 
2.43114 1 
1.64682 1 
3.48261 1 
3.31015 1 
3.08414 1 
3.65507 1 
1.04391 1 
0.606178 1 
0.671637 1 
0.409801 1 
0.202911 1 
0.154489 1 
-0.892383 1 
-0.364179 1 
-0.203094 1 
-0.453391 1 
-0.15491 1 
-0.0153085 1 
-0.085109 1 
-0.763278 1 
0.540719 1 
-1.02149 1 
0.47526 1 
-3.78322 1 
1.33126 1 
-1.27563 1 
4 1 
0.80513 1 
0.871876 1 
-2.56698 1 
-2.72193 1 
1.56793 1 
1.48904 1 
-1.39126 1 
-1.82499 1 
1.83732 1 
-2.37906 1 
2.64464 1 
0.358078 1 
0.306356 1 
-3.37661 1 
0.0757227 1 
-0.597772 1 
-1.58642 1 
-2.0996 1 
-3.03182 1 
2.33031 1 
3.39638 1 
3.19715 1 
3.56884 1 
0.991267 1 
0.638907 1 
0.130277 1 
-0.335953 1 
-0.408785 1 
-0.279503 1 
-0.497997 1 
-0.0502088 1 
-0.120009 1 
0.0150352 1 
-0.708109 1 
-0.956936 1 
0.44253 1 
-3.67484 1 
1.09656 1 
1.24023 1 
-1.21209 1 
3.74131 1 
3.91377 1 
0.838503 1 
-2.64445 1 
1.52848 1 
1.3707 1 
-1.44908 1 
0.738383 1 
1.93257 1 
1.74207 1 
-1.74547 1 
-2.2851 1 
-2.47302 1 
2.53789 1 
2.97114 1 
2.75139 1 
-1.91653 1 
-0.227186 1 
-0.179002 1 
0.332217 1 
0.1787 1 
0.254633 1 
0.905249 1 
0.507989 1 
0.383939 1 
-0.827831 1 
0.573448 1 
-2.7994 1 
-1.08502 1 
1.44959 1 
-1.33344 1 
2.12865 1 
1.60737 1 
-3.89161 1 
ZONE T="boundary2"
4 -0.237346 
4 -1 
4 0.360473 
4 0.0428439 
4 -0.0165865 
4 0.170378 
4 0.238481 
4 -0.811639 
4 -0.623277 
4 0.812727 
4 0.544564 
4 0.625454 
4 0.412073 
4 0.329975 
4 0.102274 
4 -0.125816 
4 -0.521668 
4 -0.420058 
4 -0.181581 
4 -0.328702 
4 0.719091 
4 1 
4 0.299477 
4 0.463674 
4 0.0131287 
4 0.204429 
4 -0.717458 
4 0.585009 
4 0.386273 
4 0.345224 
4 0.136326 
4 -0.470863 
4 -0.209463 
4 0.765909 
4 0.906364 
4 -0.905819 
4 -0.572472 
4 -0.153698 
4 0.314726 
4 0.437873 
4 0.504119 
4 0.268979 
4 0.072559 
4 -0.37438 
4 -0.283024 
4 0.672273 
4 -0.0712012 
ZONE T="boundary3"
-3.46134 -1 
-3.73067 -1 
-3.16373 -1 
-1.33692 -1 
-1.22735 -1 
3.6065 -1 
4 -1 
1.4985 -1 
-0.0490026 -1 
-0.115724 -1 
-0.886104 -1 
-1.11779 -1 
0.146473 -1 
0.0820958 -1 
0.429488 -1 
-0.452879 -1 
-0.558009 -1 
-2.86613 -1 
-3.86534 -1 
1.16981 -1 
-2.212 -1 
-1.00195 -1 
1.9836 -1 
1.79771 -1 
-2.64914 -1 
-2.43216 -1 
3.26468 -1 
3.43559 -1 
0.0177185 -1 
0.287093 -1 
-0.36121 -1 
0.88048 -1 
-0.774621 -1 
-0.663138 -1 
-0.269542 -1 
-0.192633 -1 
0.63129 -1 
0.755885 -1 
0.530389 -1 
-1.43583 -1 
1.07958 -1 
0.980027 -1 
1.26005 -1 
1.37928 -1 
1.64811 -1 
-1.6817 -1 
-4 -1 
2.34148 -1 
2.51348 -1 
2.85729 -1 
2.16949 -1 
2.68538 -1 
3.06098 -1 
-2.02033 -1 
-1.53474 -1 
-1.82867 -1 
-3.59601 -1 
-1.28213 -1 
3.80325 -1 
-0.0823632 -1 
0.114284 -1 
-0.505444 -1 
-3.01493 -1 
-3.798 -1 
1.89066 -1 
-2.54065 -1 
3.35013 -1 
-2.32208 -1 
-0.407045 -1 
0.358291 -1 
0.216783 -1 
-0.71888 -1 
-1.05987 -1 
-0.610574 -1 
0.693587 -1 
0.479939 -1 
0.818182 -1 
-0.944025 -1 
-1.17257 -1 
-1.38637 -1 
1.0298 -1 
0.930254 -1 
1.21493 -1 
1.12469 -1 
1.31966 -1 
1.57331 -1 
1.43889 -1 
1.72291 -1 
-3.93267 -1 
2.42748 -1 
2.25549 -1 
2.59943 -1 
3.16283 -1 
-3.31254 -1 
-2.75763 -1 
-2.11617 -1 
-1.60822 -1 
-1.75518 -1 
3.52104 -1 
-0.0156421 -1 
-0.231087 -1 
-0.315376 -1 
0.0499071 -1 
-0.154178 -1 
0.580839 -1 
2.77134 -1 
-0.830363 -1 
2.95914 -1 
-1.48528 -1 
-1.9245 -1 
2.07655 -1 
ZONE T="boundary4"
-0.294446 0.350237 
-0.250867 0.363794 
-0.228243 0.370315 
-0.468112 0.271102 
0.643253 0.0279371 
0.593513 0.226509 
0.644236 0.0616561 
0.643153 0.0785205 
0.537978 0.302736 
0.526739 0.313936 
-0.31543 0.343147 
-0.500276 0.247594 
-0.484842 0.259431 
-0.432935 0.292355 
-0.450905 0.282001 
-0.630658 0.0297889 
-0.632965 0.00835208 
-0.615062 0.0928351 
-0.621718 0.0721439 
0.577224 0.253366 
0.585574 0.240147 
0.600712 0.213154 
0.633908 0.12927 
0.629024 0.145893 
0.637957 0.11236 
-0.606971 0.113049 
-0.597515 0.132623 
-0.576623 0.166965 
-0.586743 0.151514 
-0.554131 0.19591 
-0.565736 0.181756 
0.619343 0.172689 
0.559001 0.278609 
0.548775 0.290921 
0.607489 0.199578 
-0.541772 0.209543 
-0.272695 0.357183 
-0.182031 0.382715 
-0.158443 0.388607 
0.641035 0.0955331 
-0.528817 0.222549 
0.515028 0.324583 
-0.515197 0.235057 
0.641166 0.0113403 
-0.414588 0.302005 
-0.395581 0.311174 
-0.37631 0.31974 
-0.356392 0.327944 
-0.336298 0.335652 
-0.205563 0.376547 
-0.133939 0.394425 
-0.109367 0.399946 
-0.0580691 0.410399 
-0.0312107 0.415246 
-0.626917 0.0510848 
0.42895 0.380708 
0.450226 0.369697 
0.407225 0.390474 
0.235484 0.430637 
0.382139 0.40013 
0.470037 0.357962 
0.023993 0.423676 
0.0819777 0.429994 
0.111714 0.432084 
0.20438 0.432719 
0.173259 0.433582 
0.142451 0.433335 
0.326704 0.416287 
0.297013 0.422451 
0.355195 0.408802 
0.56835 0.26624 
0.624418 0.159398 
0.644276 0.0447094 
-0.08376 0.405352 
0.493097 0.342176 
0.0523465 0.427115 
-0.00425122 0.419633 
0.266482 0.427234 
-0.633874 -0.0131337 
-0.239565 0.367092 
0.643822 0.0700961 
0.532423 0.308401 
-0.492625 0.253598 
-0.441972 0.287269 
-0.631988 0.0190892 
-0.61857 0.0825469 
0.581462 0.246797 
0.631568 0.137611 
0.636044 0.120842 
-0.602412 0.122917 
-0.581791 0.15931 
-0.560024 0.188906 
0.553961 0.284825 
0.613635 0.18623 
-0.548034 0.202801 
-0.283584 0.353753 
-0.170245 0.385695 
0.642219 0.0870419 
-0.522076 0.228877 
-0.405122 0.306668 
-0.304953 0.346739 
-0.366377 0.323907 
-0.423805 0.297264 
-0.193806 0.379666 
-0.146199 0.391553 
-0.121662 0.397223 
-0.0446503 0.412878 
-0.325883 0.339453 
-0.507807 0.241409 
-0.476543 0.265362 
-0.628967 0.0404681 
-0.346367 0.331855 
-0.385976 0.315527 
0.642343 0.0196214 
0.439666 0.375354 
0.418153 0.385736 
-0.535369 0.216119 
0.39475 0.39548 
0.520944 0.319326 
0.543446 0.296892 
0.460216 0.363972 
0.096838 0.431142 
0.188823 0.433296 
0.127077 0.43283 
0.311897 0.419558 
0.340999 0.412735 
0.563744 0.272477 
0.639613 0.103968 
0.626784 0.152667 
0.621938 0.166066 
0.604153 0.206393 
0.644389 0.0531826 
0.572855 0.25985 
0.589602 0.233362 
0.643898 0.0363146 
-0.096573 0.402692 
-0.070924 0.407922 
-0.216912 0.373465 
0.481712 0.350281 
-0.261792 0.360527 
0.504234 0.333593 
0.0381594 0.425475 
-0.0177413 0.4175 
0.0671522 0.428649 
0.219942 0.431837 
0.251001 0.429107 
0.368727 0.404653 
0.00985994 0.421727 
0.157853 0.43359 
0.281775 0.425025 
-0.571279 0.174433 
-0.459567 0.276645 
-0.611193 0.103012 
-0.624498 0.0616586 
-0.592289 0.142159 
-0.633591 -0.00238384 
0.597165 0.219859 
ZONE T="boundary5"
-0.261148 -0.485296 
-0.285556 -0.475773 
-0.568851 -0.234146 
-0.578529 -0.217039 
-0.484384 -0.34349 
-0.558606 -0.250919 
-0.631684 -0.0559582 
-0.63343 -0.0345812 
0.622432 -0.0526982 
0.62863 -0.0371043 
-0.619136 -0.119191 
-0.62869 -0.0771863 
-0.62449 -0.0982857 
-0.587873 -0.199087 
-0.236385 -0.493799 
-0.376056 -0.429365 
-0.30914 -0.465437 
-0.078135 -0.523078 
-0.132347 -0.517745 
-0.210925 -0.501378 
-0.452467 -0.373215 
-0.434657 -0.388011 
-0.158858 -0.51338 
-0.185202 -0.507883 
-0.612664 -0.139923 
-0.105518 -0.520987 
-0.536795 -0.28272 
-0.524828 -0.298263 
-0.54799 -0.267014 
-0.416286 -0.40211 
-0.468704 -0.358649 
-0.512297 -0.313365 
-0.396443 -0.416137 
-0.498617 -0.328679 
-0.596528 -0.180798 
0.641166 0.0113403 
-0.0507603 -0.523933 
0.0608107 -0.514012 
0.00482132 -0.521768 
-0.0232075 -0.523524 
0.0326159 -0.518646 
0.19857 -0.467216 
0.171314 -0.479988 
0.116543 -0.5002 
0.0886184 -0.507922 
0.143902 -0.490978 
0.22569 -0.452582 
0.252617 -0.436065 
0.396743 -0.315616 
0.37778 -0.333983 
0.279444 -0.417595 
0.414254 -0.298242 
-0.605111 -0.160469 
0.431596 -0.280721 
0.448837 -0.26307 
0.465981 -0.245427 
0.358539 -0.352031 
0.485773 -0.225193 
0.633829 -0.0212427 
0.505562 -0.205167 
0.548593 -0.160521 
0.569303 -0.136813 
0.607239 -0.0828876 
0.588653 -0.111732 
0.598299 -0.0975382 
0.615254 -0.0680259 
0.638027 -0.00503684 
0.527329 -0.183011 
-0.332288 -0.45414 
-0.354424 -0.442196 
0.332579 -0.375228 
0.305884 -0.397439 
-0.633874 -0.0131337 
-0.273401 -0.480661 
-0.573762 -0.225633 
-0.632717 -0.0452829 
0.625649 -0.0449488 
-0.626736 -0.0877652 
-0.621952 -0.108774 
-0.248809 -0.489675 
-0.297401 -0.470725 
-0.223694 -0.497721 
-0.443634 -0.3807 
-0.172059 -0.510771 
-0.616032 -0.129598 
-0.530883 -0.290547 
-0.5638 -0.242576 
-0.542465 -0.274918 
-0.42554 -0.395149 
-0.476616 -0.351143 
-0.460653 -0.366007 
-0.51863 -0.30587 
-0.386315 -0.422852 
-0.505527 -0.321085 
-0.59229 -0.189985 
-0.064452 -0.523661 
-0.00918217 -0.522817 
0.0467436 -0.516513 
-0.630339 -0.0665939 
0.185031 -0.473797 
0.102633 -0.504254 
0.130285 -0.495779 
0.239263 -0.444508 
0.266146 -0.427002 
0.387294 -0.324833 
0.405521 -0.306951 
-0.600937 -0.170683 
0.457409 -0.254247 
0.422943 -0.289498 
0.3682 -0.343051 
-0.609012 -0.150241 
-0.583283 -0.208106 
0.475864 -0.235294 
-0.55337 -0.259013 
0.495662 -0.215171 
0.559097 -0.148797 
0.593559 -0.104691 
0.631353 -0.0292145 
0.618955 -0.0604149 
0.639728 0.00312602 
0.538042 -0.171842 
0.602862 -0.0902721 
-0.491567 -0.336149 
0.636057 -0.0131739 
-0.320772 -0.459907 
-0.365305 -0.435891 
0.440228 -0.271905 
-0.406435 -0.409223 
-0.343416 -0.44828 
-0.0918375 -0.522186 
-0.118949 -0.519511 
0.0747547 -0.511152 
-0.198097 -0.504765 
0.345649 -0.36373 
0.31934 -0.386466 
0.516474 -0.194115 
-0.036981 -0.523889 
-0.145625 -0.515704 
0.0187381 -0.52038 
0.157685 -0.485677 
0.292777 -0.407669 
-0.633818 -0.0238611 
0.212231 -0.460091 
0.579201 -0.124446 
0.611348 -0.0755121 
