ZONE T="boundary0"
-4 -0.405139 
-4 -0.210033 
-4 -0.148952 
-4 -0.341515 
-4 -0.275774 
-4 0.25713 
-4 0.223454 
-4 0.290806 
-4 0.358158 
-4 0.425889 
-4 -0.468763 
-4 -0.0558965 
-4 0.873405 
-4 1 
-4 0.620215 
-4 0.200167 
-4 0.17688 
-4 0.10702 
-4 0.0371595 
-4 -0.00936851 
-4 -0.549928 
-4 -0.102424 
-4 -0.631094 
-4 -0.815547 
-4 -0.723321 
-4 -1 
-4 0.74681 
-4 0.49362 
-4 -0.179493 
-4 -0.308645 
-4 -0.242903 
-4 0.240292 
-4 0.392024 
-4 -0.436951 
-4 0.936702 
-4 0.188524 
-4 0.0720897 
-4 0.211811 
-4 0.273968 
-4 -0.373327 
-4 -0.0326325 
-4 0.14195 
-4 -0.509346 
-4 0.324482 
-4 -0.125688 
-4 0.0138955 
-4 -0.590511 
-4 -0.769434 
-4 -0.677208 
-4 -0.907774 
-4 0.810107 
-4 0.683512 
-4 -0.0791605 
-4 0.556917 
-4 0.459754 
ZONE T="boundary1"
-3.35133 1 
1.66281 1 
1.7912 1 
0.153464 1 
0.0912847 1 
-0.500226 1 
-0.628378 1 
1.34965 1 
1.44203 1 
2.30566 1 
2.12947 1 
0.695607 1 
-0.84229 1 
1.01774 1 
2.91421 1 
3.14368 1 
-1.26243 1 
-2.84831 1 
-3.1351 1 
-2.56152 1 
2.48186 1 
-3.78378 1 
-4 1 
3.84329 1 
3.68657 1 
1.53442 1 
-1.94203 1 
-2.13766 1 
-2.34959 1 
-0.75653 1 
-0.92805 1 
-0.420802 1 
-0.101755 1 
0.0291059 1 
-0.0363244 1 
0.214645 1 
-1.04719 1 
0.275825 1 
-0.341378 1 
0.368387 1 
0.460949 1 
-0.224008 1 
0.578278 1 
0.801244 1 
0.906881 1 
-0.162881 1 
-1.16633 1 
-1.35853 1 
1.1286 1 
-1.45463 1 
-1.55072 1 
4 1 
-3.56755 1 
1.23913 1 
3.37314 1 
-1.7464 1 
1.96034 1 
2.69804 1 
3.52986 1 
1.72701 1 
0.122374 1 
1.39584 1 
2.21757 1 
3.02894 1 
-2.99171 1 
-2.70492 1 
-3.89189 1 
3.76493 1 
-2.03984 1 
-2.45556 1 
-0.88517 1 
-0.460514 1 
-0.00360925 1 
-0.0690395 1 
0.0601953 1 
0.184054 1 
-0.564302 1 
-0.987621 1 
0.245235 1 
0.322106 1 
0.414668 1 
-0.282693 1 
0.854063 1 
-0.193445 1 
0.636942 1 
0.962312 1 
-0.79941 1 
0.519613 1 
1.07317 1 
-0.692454 1 
-1.50267 1 
-1.31048 1 
0.748425 1 
3.92164 1 
-3.45944 1 
-3.24321 1 
1.29439 1 
1.59861 1 
1.48823 1 
-1.64856 1 
-1.84421 1 
2.0449 1 
2.39376 1 
1.87577 1 
2.80612 1 
-3.67566 1 
2.58995 1 
3.25841 1 
-0.38109 1 
-0.132318 1 
3.60821 1 
3.4515 1 
-1.10676 1 
-1.21438 1 
1.18386 1 
-1.40658 1 
-2.24362 1 
ZONE T="boundary2"
4 -0.00204297 
4 -0.123525 
4 -0.642296 
4 -0.742435 
4 -0.230547 
4 -0.452201 
4 -0.497179 
4 -0.177036 
4 0.145523 
4 0.357996 
4 -0.407222 
4 -0.871217 
4 -1 
4 0.431101 
4 0.504206 
4 0.0717398 
4 0.108631 
4 0.283735 
4 0.308489 
4 0.202252 
4 0.258982 
4 0.600596 
4 0.696986 
4 0.848493 
4 1 
4 0.230617 
4 -0.263471 
4 -0.32932 
4 -0.296396 
4 -0.362244 
4 -0.542157 
4 -0.0627839 
4 -0.692365 
4 -0.47469 
4 -0.429712 
4 -0.806826 
4 -0.935609 
4 0.467654 
4 0.0901855 
4 0.296112 
4 0.0348484 
4 0.648791 
4 0.924247 
4 0.2448 
4 0.216435 
4 0.333242 
4 0.394549 
4 0.173887 
4 0.127077 
4 0.271359 
4 -0.203791 
4 -0.15028 
4 -0.312858 
4 -0.345782 
4 -0.279933 
4 -0.384733 
4 -0.519668 
4 -0.247009 
4 0.552401 
4 0.77274 
4 -0.592226 
ZONE T="boundary3"
-1.33079 -1 
-1.40241 -1 
-1.23944 -1 
-0.708131 -1 
-0.608268 -1 
0.27505 -1 
0.495618 -1 
0.650015 -1 
-0.508405 -1 
-3.76581 -1 
3.12601 -1 
-0.815955 -1 
-3.10439 -1 
-2.73147 -1 
3.84219 -1 
4 -1 
-1.67249 -1 
-3.318 -1 
2.18041 -1 
2.40371 -1 
2.88327 -1 
2.64349 -1 
-2.27698 -1 
-2.50422 -1 
-0.0707518 -1 
-0.140233 -1 
-0.427608 -1 
-0.346811 -1 
-0.278262 -1 
-0.209714 -1 
0.05316 -1 
-0.00879593 -1 
0.208879 -1 
0.131019 -1 
0.341221 -1 
-1.14809 -1 
-4 -1 
-3.53162 -1 
0.783415 -1 
1.14783 -1 
-1.47403 -1 
-1.03594 -1 
-0.923778 -1 
1.03232 -1 
1.25498 -1 
1.36214 -1 
1.48305 -1 
-1.86274 -1 
1.60397 -1 
1.78053 -1 
-2.053 -1 
3.68437 -1 
3.36875 -1 
3.52656 -1 
1.9571 -1 
0.418419 -1 
0.916816 -1 
0.716715 -1 
0.850116 -1 
-1.3666 -1 
-0.6582 -1 
0.572816 -1 
-0.558336 -1 
-0.762043 -1 
-2.91793 -1 
3.92109 -1 
-3.2112 -1 
2.29206 -1 
-2.3906 -1 
-0.105492 -1 
-0.387209 -1 
-0.312536 -1 
-0.174973 -1 
0.022182 -1 
-0.468006 -1 
-0.243988 -1 
0.0920896 -1 
0.308135 -1 
0.241964 -1 
-3.64872 -1 
-3.88291 -1 
-1.43822 -1 
-1.28512 -1 
-1.09201 -1 
-1.19377 -1 
1.30856 -1 
-0.979857 -1 
-1.57326 -1 
1.09008 -1 
-1.76762 -1 
1.69225 -1 
1.20141 -1 
-1.95787 -1 
1.54351 -1 
-0.869867 -1 
3.44766 -1 
3.60547 -1 
1.86882 -1 
3.24738 -1 
-2.16499 -1 
2.06875 -1 
2.5236 -1 
3.76328 -1 
-2.61785 -1 
0.37982 -1 
0.457018 -1 
-0.0397739 -1 
0.169949 -1 
0.683365 -1 
0.816765 -1 
0.750065 -1 
0.97457 -1 
0.883466 -1 
1.42259 -1 
2.76338 -1 
-3.42481 -1 
3.00464 -1 
ZONE T="boundary4"
-0.196561 0.456609 
-0.220207 0.451728 
-0.401421 0.382336 
0.659516 -0.0239238 
0.653892 0.0396074 
0.659123 0.00151302 
0.656262 0.0269065 
0.599671 0.158942 
0.586341 0.17712 
-0.640439 0.0562899 
-0.642748 0.038471 
-0.41818 0.372294 
-0.633173 0.091654 
-0.637237 0.0740592 
0.659626 -0.0112059 
-0.644661 0.00289194 
-0.628279 0.109025 
-0.616888 0.141114 
-0.622922 0.125203 
-0.604312 0.169257 
-0.588669 0.198375 
-0.493868 0.315439 
-0.570277 0.227489 
-0.265674 0.439965 
-0.243678 0.446061 
0.572275 0.194744 
-0.56021 0.241773 
-0.518084 0.291996 
-0.539348 0.268395 
-0.479863 0.327638 
-0.465426 0.339325 
-0.450201 0.350774 
-0.383859 0.392056 
-0.365977 0.401172 
-0.347182 0.409966 
0.542752 0.228296 
0.557756 0.211726 
-0.307904 0.425971 
-0.287455 0.433138 
-0.119409 0.467175 
-0.0926158 0.46905 
-0.00730264 0.469275 
-0.146124 0.464406 
-0.434581 0.361678 
-0.328103 0.418124 
0.495873 0.274596 
0.52865 0.243098 
-0.644157 0.0206423 
0.402552 0.344402 
0.376138 0.360142 
0.348742 0.375 
0.291914 0.401628 
0.320779 0.38877 
0.514161 0.257536 
0.45325 0.309636 
0.476924 0.290935 
0.0218051 0.46741 
-0.171407 0.460929 
0.0815255 0.460529 
0.111878 0.455446 
0.0517205 0.464477 
0.262585 0.413382 
0.611296 0.141428 
0.650926 0.0521541 
0.621324 0.12454 
0.643274 0.0767723 
0.633285 0.101086 
-0.0645444 0.470075 
-0.0364523 0.470161 
0.428343 0.327533 
0.142044 0.449312 
0.172477 0.442005 
0.20264 0.433619 
0.232794 0.424051 
-0.208404 0.454266 
0.658 0.0142444 
0.655153 0.0332712 
0.593107 0.168105 
-0.641705 0.0473948 
-0.409843 0.377387 
-0.635311 0.0828811 
-0.638947 0.0651941 
0.659452 -0.00484342 
-0.630828 0.100368 
-0.619988 0.13319 
-0.596754 0.183957 
-0.625688 0.117143 
-0.254701 0.443103 
0.57939 0.185997 
-0.565303 0.234673 
-0.528915 0.280375 
-0.472696 0.333546 
-0.457864 0.345117 
-0.486921 0.321603 
-0.374957 0.396689 
-0.356617 0.405649 
-0.392682 0.387272 
0.55031 0.220061 
-0.297709 0.429639 
-0.10602 0.468223 
-0.318036 0.422133 
-0.550009 0.255264 
-0.132778 0.465904 
0.535747 0.23574 
-0.610856 0.1553 
-0.643565 0.0295655 
-0.276593 0.436644 
0.362514 0.367708 
0.334827 0.382021 
-0.426427 0.367058 
0.521456 0.250367 
0.486479 0.282859 
0.505098 0.266153 
-0.337676 0.414124 
0.00725906 0.468464 
-0.15878 0.462772 
0.0967234 0.458119 
0.277304 0.407642 
-0.442438 0.356294 
0.60559 0.150256 
0.659648 -0.0175655 
-0.644521 0.0117702 
0.652483 0.0458982 
0.465196 0.300423 
0.63854 0.0890365 
0.616419 0.133048 
-0.184003 0.458875 
-0.231966 0.448994 
0.389426 0.352407 
0.0367754 0.466071 
0.0666397 0.46263 
0.647379 0.06455 
-0.0504989 0.470234 
0.306408 0.395337 
0.415538 0.336106 
-0.0218736 0.469841 
0.126987 0.45251 
0.157293 0.445793 
-0.0785845 0.469681 
0.187596 0.437946 
0.247739 0.418854 
0.217761 0.428972 
0.440897 0.318724 
0.627532 0.112929 
-0.579722 0.213089 
-0.506178 0.303926 
0.56508 0.203291 
ZONE T="boundary5"
-0.346179 -0.372173 
-0.327433 -0.378851 
-0.598426 -0.17101 
-0.605777 -0.157441 
-0.541497 -0.247981 
-0.642998 -0.0321298 
-0.644269 -0.0147089 
0.646457 -0.0991334 
-0.618807 -0.12922 
0.657481 -0.0492524 
-0.612549 -0.143578 
0.659516 -0.0239238 
-0.64087 -0.0492917 
0.627151 -0.147173 
0.637765 -0.123377 
-0.637903 -0.0662151 
-0.624422 -0.114602 
-0.245972 -0.402116 
-0.267825 -0.396688 
-0.363688 -0.365396 
-0.308522 -0.385036 
-0.127044 -0.423535 
0.034922 -0.434971 
-0.177028 -0.416046 
-0.224009 -0.407053 
-0.200563 -0.411794 
-0.152071 -0.420037 
-0.530443 -0.259414 
-0.508097 -0.280094 
-0.634128 -0.0828232 
-0.581418 -0.198192 
-0.590203 -0.184777 
-0.572127 -0.211217 
-0.381002 -0.358131 
-0.39743 -0.350666 
-0.457336 -0.317707 
-0.483857 -0.299444 
-0.413624 -0.342708 
0.615003 -0.170144 
-0.644661 0.00289194 
0.653075 -0.0744347 
0.444436 -0.346039 
0.422541 -0.358177 
0.586917 -0.213972 
0.571336 -0.234836 
-0.288242 -0.391109 
0.00727006 -0.434373 
-0.0203639 -0.43321 
-0.0474927 -0.431531 
-0.100841 -0.426682 
-0.0745863 -0.429326 
0.062866 -0.434982 
0.175376 -0.428333 
0.0908042 -0.43437 
0.147074 -0.4311 
0.118957 -0.433089 
0.203593 -0.424749 
0.231965 -0.420244 
0.260173 -0.414786 
0.288402 -0.408249 
0.316359 -0.400604 
0.397012 -0.370657 
0.370898 -0.381797 
0.465706 -0.332785 
0.502422 -0.305798 
0.4844 -0.319764 
-0.62957 -0.0991159 
0.52047 -0.290185 
0.53761 -0.27358 
0.60159 -0.192296 
0.554962 -0.254712 
0.642351 -0.11134 
-0.562344 -0.223877 
-0.435788 -0.330731 
0.343826 -0.391826 
-0.336828 -0.375575 
-0.602172 -0.164264 
-0.643744 -0.0234273 
-0.609237 -0.150545 
0.658798 -0.0366122 
-0.642042 -0.0407241 
0.632671 -0.13537 
-0.621696 -0.121943 
-0.256914 -0.399465 
-0.354956 -0.368844 
-0.317997 -0.382003 
-0.212298 -0.409486 
-0.639493 -0.057772 
-0.585879 -0.191529 
-0.536024 -0.25375 
-0.576836 -0.20475 
-0.389243 -0.354459 
-0.470754 -0.308805 
-0.405558 -0.34675 
-0.496151 -0.289987 
-0.139566 -0.421846 
0.621256 -0.158753 
-0.644576 -0.0059108 
-0.594387 -0.177937 
0.433564 -0.352244 
0.579246 -0.224493 
-0.372371 -0.361826 
-0.298401 -0.388136 
0.0210943 -0.434744 
-0.0339324 -0.432437 
-0.0610448 -0.430494 
-0.11395 -0.425172 
0.0768368 -0.434756 
0.104884 -0.433815 
0.217797 -0.422612 
-0.27805 -0.393958 
0.30242 -0.40457 
0.246093 -0.417638 
0.384024 -0.376389 
0.409859 -0.364586 
0.455158 -0.339551 
0.493501 -0.312898 
0.529158 -0.282004 
-0.16456 -0.418104 
0.546423 -0.264272 
0.608445 -0.18131 
0.563275 -0.244877 
0.640116 -0.117381 
0.644466 -0.105258 
0.65003 -0.0868549 
0.594383 -0.203222 
-0.631949 -0.0909977 
-0.235004 -0.404644 
-0.424776 -0.336848 
-0.627087 -0.106889 
-0.615757 -0.136433 
-0.188806 -0.413979 
0.475134 -0.326391 
0.511555 -0.298118 
0.0488939 -0.435053 
0.189498 -0.426647 
0.161235 -0.429815 
-0.0877199 -0.428066 
0.330141 -0.396366 
0.274319 -0.411651 
0.133021 -0.432185 
-0.00654993 -0.433861 
0.357421 -0.386971 
-0.636119 -0.0745426 
0.655565 -0.0618939 
-0.567295 -0.217593 
-0.552141 -0.23612 
-0.51946 -0.269959 
-0.446643 -0.324353 
