ZONE T="boundary0"
-4 -0.736524 
-4 -0.399461 
-4 0.319171 
-4 0.276825 
-4 0.361517 
-4 0.505942 
-4 0.433729 
-4 -0.223773 
-4 0.229371 
-4 -0.125801 
-4 0.0318472 
-4 -0.0469771 
-4 -0.868262 
-4 0.629456 
-4 0.752971 
-4 -0.308804 
-4 -0.266288 
-4 -0.61332 
-4 0.181917 
-4 0.106882 
-4 1 
-4 -1 
-4 -0.354132 
-4 -0.490117 
-4 0.297998 
-4 0.469836 
-4 -0.00756497 
-4 0.397623 
-4 0.691214 
-4 -0.287546 
-4 -0.674922 
-4 -0.245031 
-4 -0.174787 
-4 -0.0863892 
-4 0.205644 
-4 0.340344 
-4 0.253098 
-4 0.0693647 
-4 0.1444 
-4 0.567699 
-4 0.876485 
-4 -0.934131 
-4 -0.802393 
-4 -0.376796 
-4 -0.444789 
-4 -0.331468 
-4 -0.551719 
ZONE T="boundary1"
1.92831 1 
1.65519 1 
1.79175 1 
1.31077 1 
1.39654 1 
-1.3623 1 
1.48232 1 
-1.05667 1 
-1.16117 1 
-0.952181 1 
-0.85019 1 
-1.26173 1 
2.9341 1 
3.09251 1 
0.89085 1 
0.793862 1 
-3.80738 1 
-3.61476 1 
-1.85323 1 
2.29257 1 
2.46003 1 
3.25093 1 
-2.85905 1 
-3.0612 1 
4 1 
3.81273 1 
-2.44507 1 
-2.6569 1 
-3.33798 1 
-0.0558511 1 
-0.119102 1 
0.0108262 1 
0.0775035 1 
0.219428 1 
-0.481774 1 
-0.182354 1 
-0.645977 1 
0.148466 1 
0.320792 1 
0.422156 1 
-0.295834 1 
-0.239094 1 
-0.357814 1 
-0.419794 1 
-0.7482 1 
0.696874 1 
0.559515 1 
0.998406 1 
-3.47637 1 
-4 1 
-1.45871 1 
-1.55512 1 
-1.70417 1 
-2.23324 1 
1.20837 1 
1.10596 1 
3.4382 1 
-2.04323 1 
3.62547 1 
2.62748 1 
2.11044 1 
-0.543754 1 
1.72347 1 
1.35366 1 
1.56875 1 
-1.10892 1 
-0.901186 1 
3.01331 1 
0.842356 1 
-3.71107 1 
2.3763 1 
-2.96012 1 
3.90637 1 
-2.55098 1 
-0.0874767 1 
0.0441649 1 
-0.0225124 1 
0.112985 1 
0.371474 1 
-0.150728 1 
-0.267464 1 
-0.388804 1 
-0.697088 1 
0.628194 1 
0.944628 1 
-1.31202 1 
-1.50691 1 
-1.21145 1 
-1.7787 1 
-2.33915 1 
1.25957 1 
1.05218 1 
1.15716 1 
-0.799195 1 
-1.94823 1 
-2.75797 1 
-2.13823 1 
1.43943 1 
3.53183 1 
2.78079 1 
3.34457 1 
3.7191 1 
-3.19959 1 
2.2015 1 
2.54376 1 
1.86003 1 
3.17172 1 
0.183947 1 
0.27011 1 
-0.512764 1 
-0.450784 1 
-0.594865 1 
-0.210724 1 
-0.326824 1 
0.745368 1 
0.490835 1 
-1.4105 1 
-3.54557 1 
-1.00443 1 
-1.62965 1 
2.01937 1 
-3.40718 1 
-3.90369 1 
ZONE T="boundary2"
4 -0.577116 
4 -0.235369 
4 -0.155614 
4 -0.195491 
4 0.276983 
4 0.327284 
4 0.0994098 
4 -0.294155 
4 -1 
4 1 
4 -0.062439 
4 0.163046 
4 0.226682 
4 0.0184854 
4 -0.465028 
4 -0.35294 
4 -0.788558 
4 -0.408984 
4 0.749098 
4 0.412739 
4 0.498195 
4 0.623646 
4 -0.175553 
4 0.302133 
4 -0.264762 
4 -0.109026 
4 -0.21543 
4 0.131228 
4 0.194864 
4 0.0589476 
4 -0.682837 
4 -0.380962 
4 -0.437006 
4 -0.894279 
4 0.874549 
4 -0.0219768 
4 -0.323548 
4 0.251833 
4 0.370012 
4 0.455467 
4 0.560921 
4 0.686372 
4 -0.521072 
ZONE T="boundary3"
-1.87187 -1 
0.00180461 -1 
0.0769498 -1 
1.53301 -1 
-0.508865 -1 
-1.04229 -1 
-2.43342 -1 
-0.621399 -1 
1.28451 -1 
0.71932 -1 
-0.0733406 -1 
-1.15239 -1 
0.804564 -1 
-0.224843 -1 
-0.149092 -1 
-2.81558 -1 
-1.45701 -1 
-1.69482 -1 
2.85487 -1 
-3.875 -1 
3.68024 -1 
4 -1 
-2.04892 -1 
-2.24117 -1 
-3.27989 -1 
-3.48204 -1 
2.46106 -1 
3.36048 -1 
3.19194 -1 
-3.74102 -1 
0.612054 -1 
-0.396332 -1 
0.256725 -1 
0.31665 -1 
0.136875 -1 
0.1968 -1 
0.410718 -1 
-0.844696 -1 
-0.733047 -1 
0.889809 -1 
1.05895 -1 
1.40876 -1 
1.17173 -1 
1.61076 -1 
1.68852 -1 
-0.943494 -1 
-1.26249 -1 
1.84403 -1 
-1.35975 -1 
2.68633 -1 
3.0234 -1 
-4 -1 
2.0399 -1 
2.23578 -1 
-2.6245 -1 
-3.07774 -1 
0.504787 -1 
0.0393772 -1 
-0.565132 -1 
-0.186968 -1 
-1.57592 -1 
3.84012 -1 
-2.14505 -1 
3.27621 -1 
0.665687 -1 
-0.310588 -1 
-0.111216 -1 
-0.035768 -1 
0.166837 -1 
-0.788872 -1 
0.847186 -1 
0.761942 -1 
0.974379 -1 
1.34663 -1 
1.11534 -1 
1.22812 -1 
1.47088 -1 
1.64964 -1 
-1.09734 -1 
-0.894095 -1 
-1.20744 -1 
1.76627 -1 
-3.61153 -1 
3.52036 -1 
-1.31112 -1 
-3.80801 -1 
2.7706 -1 
-3.9375 -1 
2.93914 -1 
-2.3373 -1 
-1.78335 -1 
-1.9604 -1 
1.94196 -1 
2.13784 -1 
-2.72004 -1 
-2.52896 -1 
2.57369 -1 
2.34842 -1 
-2.94666 -1 
0.226762 -1 
0.286687 -1 
0.363684 -1 
0.106912 -1 
-0.677223 -1 
-0.452599 -1 
0.457753 -1 
0.55842 -1 
1.57189 -1 
-3.38097 -1 
3.10767 -1 
-0.992893 -1 
-1.40838 -1 
-3.17881 -1 
ZONE T="boundary4"
-0.367316 0.411525 
0.632643 0.0968015 
0.626926 0.108407 
0.65303 0.0363369 
0.637852 0.0849833 
0.64254 0.0729289 
0.650102 0.0487011 
-0.605244 0.175573 
-0.452579 0.360339 
-0.436561 0.371652 
0.496773 0.261672 
0.474693 0.279945 
0.65537 0.0238088 
-0.541055 0.277027 
-0.561685 0.249992 
-0.642523 0.0253406 
-0.617408 0.146992 
-0.636633 0.0791441 
-0.632883 0.0969123 
0.658203 -0.00126594 
-0.623194 0.130861 
-0.628287 0.114479 
-0.581359 0.220003 
-0.642661 0.0075078 
-0.590392 0.204497 
-0.571782 0.235176 
0.555043 0.205893 
-0.348771 0.420081 
-0.309393 0.435727 
-0.288298 0.442812 
0.658626 -0.0264231 
-0.509235 0.311949 
-0.530569 0.289331 
-0.496011 0.324599 
-0.482327 0.336748 
-0.467671 0.34882 
-0.403021 0.39265 
-0.385542 0.402304 
-0.641471 0.0432744 
-0.420137 0.382363 
-0.329222 0.428259 
-0.196616 0.464418 
-0.171925 0.467934 
-0.14574 0.470687 
0.541467 0.219915 
0.52754 0.233611 
-0.266961 0.449127 
-0.639506 0.0612226 
-0.221163 0.459998 
0.400305 0.331852 
0.290503 0.389745 
0.346855 0.362312 
0.318902 0.376471 
0.373851 0.347523 
0.512351 0.247841 
0.45089 0.29802 
0.42594 0.315407 
0.0226514 0.466618 
-0.0355466 0.472082 
-0.0642588 0.473237 
-0.00687903 0.469906 
0.111884 0.450392 
0.0820645 0.456855 
0.570776 0.188607 
0.261372 0.402268 
0.61074 0.136232 
0.620748 0.119759 
0.599091 0.153258 
0.585795 0.170704 
-0.244161 0.454981 
-0.119468 0.472481 
-0.091875 0.473358 
0.0520726 0.462305 
0.142077 0.44279 
0.172033 0.434197 
0.202104 0.424513 
0.231872 0.413871 
0.629844 0.102635 
0.635311 0.090921 
0.640264 0.078983 
0.6466 0.0609042 
-0.444623 0.366071 
0.485829 0.270921 
-0.551614 0.263697 
-0.611587 0.161394 
-0.634866 0.0880512 
0.657087 0.0113076 
-0.625829 0.122698 
-0.630689 0.105723 
-0.585946 0.212291 
-0.620386 0.138957 
-0.576637 0.227632 
-0.298878 0.439366 
-0.566799 0.242629 
-0.520088 0.300815 
-0.489225 0.330736 
-0.475055 0.342853 
-0.502682 0.318336 
-0.394325 0.397556 
-0.460178 0.354649 
-0.376471 0.406997 
-0.642111 0.0343146 
-0.411626 0.387585 
-0.598074 0.190167 
-0.319341 0.432082 
-0.184286 0.466288 
-0.158845 0.469432 
0.534543 0.226803 
-0.358081 0.415886 
-0.277658 0.446065 
-0.63818 0.0702015 
-0.535866 0.283225 
-0.20891 0.462322 
-0.642706 0.0164255 
-0.640601 0.0522612 
0.5483 0.212948 
0.304755 0.383218 
0.360415 0.355027 
-0.428398 0.377083 
0.519991 0.240773 
0.504611 0.25481 
0.4132 0.323746 
-0.0498982 0.472789 
0.00789935 0.468392 
-0.339033 0.424259 
0.0969996 0.453748 
0.562988 0.197322 
0.275987 0.39612 
0.623893 0.114114 
0.605028 0.144823 
0.59255 0.162063 
0.654275 0.0300875 
0.651639 0.0425369 
0.462888 0.289106 
0.578384 0.179739 
-0.232685 0.457594 
0.438503 0.306836 
-0.255588 0.45216 
-0.132613 0.471702 
-0.0780672 0.473421 
0.387148 0.339801 
0.0373789 0.464588 
0.0670903 0.459709 
0.332936 0.369503 
-0.0212045 0.471119 
0.127011 0.446716 
0.157089 0.438615 
-0.105676 0.473046 
0.187107 0.429476 
0.217029 0.41931 
0.246667 0.408185 
0.658713 -0.0138376 
0.615857 0.128065 
ZONE T="boundary5"
-0.592264 -0.166043 
-0.599922 -0.152668 
-0.574521 -0.193002 
-0.583672 -0.179701 
-0.335223 -0.367603 
-0.316396 -0.374654 
-0.619717 -0.109972 
-0.641895 -0.0101528 
-0.640242 -0.0276111 
-0.607112 -0.138788 
-0.613691 -0.124619 
-0.637728 -0.0447893 
0.64612 -0.101099 
0.642185 -0.113277 
-0.234777 -0.399974 
-0.256639 -0.393939 
-0.277092 -0.387824 
-0.297417 -0.38126 
-0.089847 -0.429004 
-0.115977 -0.425051 
-0.0636426 -0.432435 
-0.212807 -0.405556 
-0.140966 -0.420766 
-0.16587 -0.415994 
-0.189385 -0.411008 
0.0734804 -0.441481 
-0.51061 -0.264189 
-0.447383 -0.311904 
-0.53317 -0.242397 
-0.370259 -0.352987 
-0.386815 -0.345311 
-0.35283 -0.360517 
-0.474312 -0.293597 
-0.42556 -0.32503 
-0.403159 -0.337181 
-0.625247 -0.0945455 
-0.499003 -0.274281 
-0.642661 0.0075078 
-0.544139 -0.230639 
-0.554689 -0.218507 
0.603314 -0.194637 
0.658626 -0.0264231 
0.656691 -0.0515163 
-0.630201 -0.0782919 
0.472923 -0.338256 
0.45217 -0.351975 
0.0456064 -0.440905 
0.0180025 -0.439677 
-0.00955641 -0.437825 
0.101373 -0.44136 
-0.0366307 -0.435414 
0.129454 -0.440495 
0.242133 -0.428457 
0.213878 -0.432892 
0.157515 -0.438838 
0.185738 -0.436319 
0.270218 -0.422974 
0.298256 -0.41633 
0.430757 -0.364543 
0.491081 -0.324819 
0.542412 -0.27738 
0.525014 -0.295297 
0.50854 -0.310426 
0.405943 -0.377364 
0.558778 -0.258386 
0.616069 -0.172263 
0.574579 -0.237857 
0.637796 -0.125303 
0.589504 -0.216433 
0.627654 -0.149148 
0.652466 -0.0765167 
-0.634369 -0.0617078 
0.379967 -0.389037 
0.353196 -0.399431 
0.32602 -0.408479 
-0.521862 -0.253699 
-0.596162 -0.159395 
-0.579164 -0.186397 
-0.32583 -0.371186 
-0.64118 -0.0188921 
-0.610479 -0.131739 
-0.639094 -0.0362158 
-0.603592 -0.145766 
-0.266882 -0.390935 
-0.287273 -0.384599 
-0.102922 -0.427093 
-0.0767535 -0.430785 
-0.223806 -0.40282 
-0.15343 -0.418442 
-0.17764 -0.413558 
-0.588039 -0.172917 
-0.378562 -0.349205 
-0.414424 -0.331225 
-0.436547 -0.318593 
-0.616787 -0.117329 
-0.642391 -0.00132699 
-0.549468 -0.22462 
0.657948 -0.0389903 
-0.627824 -0.0864489 
0.46264 -0.345257 
0.059541 -0.441278 
0.00421726 -0.438828 
-0.0231002 -0.436691 
0.115416 -0.441023 
0.171636 -0.437688 
0.284271 -0.419798 
0.441545 -0.358399 
0.516879 -0.302972 
0.482088 -0.331654 
0.418439 -0.371127 
-0.361569 -0.356809 
0.550733 -0.268002 
0.609831 -0.183529 
0.566811 -0.248223 
0.596529 -0.205611 
0.632925 -0.137309 
0.58216 -0.227228 
-0.395015 -0.341304 
0.644211 -0.107206 
0.649546 -0.0888713 
0.640046 -0.11931 
-0.622573 -0.102291 
0.654855 -0.0640614 
-0.306925 -0.378011 
-0.344048 -0.364114 
-0.245724 -0.397015 
-0.632389 -0.0700256 
-0.636155 -0.0532695 
-0.128482 -0.422969 
0.393032 -0.383375 
0.499906 -0.317739 
0.533848 -0.28647 
-0.20111 -0.408341 
0.0874265 -0.44151 
0.256201 -0.42585 
0.228025 -0.430801 
-0.0501447 -0.433994 
0.339661 -0.404116 
0.14349 -0.439768 
0.312181 -0.412559 
0.199821 -0.434722 
0.0318004 -0.440371 
0.366647 -0.394404 
-0.516281 -0.258994 
-0.527566 -0.248098 
-0.504851 -0.269285 
-0.486822 -0.28415 
-0.460996 -0.30297 
-0.538706 -0.236565 
-0.564846 -0.205941 
0.622029 -0.160789 
