ZONE T="boundary0"
-4 -1 
-4 -0.385896 
-4 0.221357 
-4 0.164479 
-4 0.107601 
-4 0.294726 
-4 0.368095 
-4 0.732428 
-4 0.866214 
-4 0.43688 
-4 0.505666 
-4 -0.448475 
-4 0.0120261 
-4 -0.0357612 
-4 -0.717548 
-4 0.619047 
-4 -0.0835485 
-4 0.0598134 
-4 -0.269906 
-4 -0.323317 
-4 -0.583011 
-4 1 
-4 -0.183258 
-4 -0.150022 
-4 -0.216495 
-4 0.13604 
-4 0.33141 
-4 0.799321 
-4 0.402487 
-4 -0.0118676 
-4 -0.858774 
-4 0.258042 
-4 0.471273 
-4 0.562356 
-4 -0.0596549 
-4 0.0359197 
-4 -0.296611 
-4 -0.417185 
-4 -0.354606 
-4 -0.515743 
-4 -0.650279 
-4 0.933107 
-4 0.675737 
-4 -0.116785 
-4 -0.16664 
-4 -0.199877 
-4 0.192918 
-4 0.083707 
-4 -0.2432 
ZONE T="boundary1"
-3.75 1 
0.134025 1 
0.0760869 1 
-0.779696 1 
-0.244961 1 
-0.132157 1 
-0.439578 1 
-0.540083 1 
-0.056432 1 
-2.07759 1 
1.32426 1 
1.21162 1 
-1.13186 1 
-1.02625 1 
2.15681 1 
1.95277 1 
1.74872 1 
4 1 
3.62405 1 
-2.82954 1 
-2.64665 1 
3.43607 1 
3.05048 1 
1.59281 1 
-1.8747 1 
-3.05509 1 
2.85287 1 
2.66641 1 
0.433911 1 
0.619457 1 
0.716588 1 
0.522326 1 
-0.339073 1 
0.00982747 1 
0.191964 1 
0.26873 1 
-0.659889 1 
-0.902972 1 
0.345496 1 
0.837639 1 
-1.23747 1 
-1.41849 1 
-1.54515 1 
-1.67181 1 
1.4369 1 
2.47995 1 
2.31838 1 
-3.28065 1 
-3.51532 1 
3.2481 1 
-3.875 1 
-4 1 
-2.46375 1 
-2.27067 1 
0.95869 1 
1.08515 1 
0.105056 1 
-0.489831 1 
1.26794 1 
-1.07905 1 
2.05479 1 
3.81202 1 
-2.73809 1 
-1.97614 1 
-2.94232 1 
2.75964 1 
0.668022 1 
0.570891 1 
-0.292017 1 
-0.188559 1 
-0.0942947 1 
-0.0233023 1 
0.230347 1 
-0.599986 1 
-0.389326 1 
-0.96461 1 
0.389703 1 
-1.18466 1 
-1.32798 1 
-1.60848 1 
-1.77326 1 
1.51485 1 
2.57318 1 
2.2376 1 
2.39917 1 
2.95168 1 
-3.39798 1 
3.14929 1 
1.67077 1 
-3.9375 1 
-3.63266 1 
-2.5552 1 
-2.17413 1 
-3.8125 1 
-3.16787 1 
0.307113 1 
0.478118 1 
-0.719793 1 
0.162994 1 
0.0429572 1 
0.777113 1 
1.85075 1 
0.898164 1 
-1.48182 1 
1.38058 1 
-0.841334 1 
1.14839 1 
1.02192 1 
3.34208 1 
3.53006 1 
-2.36721 1 
ZONE T="boundary2"
4 -0.281422 
4 -0.346537 
4 -0.223876 
4 0.101761 
4 0.173948 
4 0.2416 
4 0.831658 
4 -0.156546 
4 -0.0847275 
4 -0.0129086 
4 0.0444262 
4 0.663316 
4 -0.846341 
4 -0.692682 
4 1 
4 0.331228 
4 0.400144 
4 0.469059 
4 -0.552167 
4 -0.411651 
4 0.566188 
4 -1 
4 -0.313979 
4 -0.252649 
4 0.137855 
4 -0.190211 
4 -0.0488181 
4 0.0730936 
4 0.747487 
4 0.207774 
4 0.0157588 
4 -0.120637 
4 0.286414 
4 0.434602 
4 -0.379094 
4 0.614752 
4 0.517624 
4 0.915829 
4 -0.923171 
4 -0.769512 
4 -0.622425 
4 0.365686 
4 -0.481909 
ZONE T="boundary3"
-3.70659 -1 
-4 -1 
-2.03239 -1 
-1.47031 -1 
2.87426 -1 
2.7289 -1 
2.38179 -1 
-0.638824 -1 
-3.41318 -1 
-1.5667 -1 
-1.81723 -1 
1.12525 -1 
1.1905 -1 
2.01014 -1 
3.48044 -1 
-2.45215 -1 
-2.24754 -1 
-2.65675 -1 
1.76148 -1 
-2.77474 -1 
-0.256744 -1 
0.0318187 -1 
-0.396312 -1 
-0.326528 -1 
-0.781181 -1 
-0.923537 -1 
-0.710003 -1 
-0.0428015 -1 
0.176027 -1 
0.103923 -1 
0.346367 -1 
0.261197 -1 
0.787027 -1 
-0.187083 -1 
-0.117422 -1 
0.556162 -1 
0.451264 -1 
0.671595 -1 
0.994753 -1 
-1.37393 -1 
-1.26273 -1 
-1.03753 -1 
-1.15153 -1 
0.89089 -1 
1.25575 -1 
1.38429 -1 
1.51283 -1 
1.63715 -1 
3.74022 -1 
4 -1 
3.36523 -1 
3.01963 -1 
3.25003 -1 
-3.12871 -1 
-2.89273 -1 
-0.517568 -1 
-3.8533 -1 
2.55534 -1 
-1.69196 -1 
-3.55989 -1 
1.15787 -1 
-2.34985 -1 
2.19596 -1 
-2.13997 -1 
-2.55445 -1 
-2.71575 -1 
-0.36142 -1 
-0.852359 -1 
0.139975 -1 
0.303782 -1 
-0.221914 -1 
-0.152252 -1 
0.398816 -1 
0.503713 -1 
0.613878 -1 
1.06 -1 
-1.31833 -1 
-1.09453 -1 
1.22312 -1 
0.942821 -1 
1.69932 -1 
3.61033 -1 
3.87011 -1 
3.42284 -1 
-1.42212 -1 
3.13483 -1 
-3.01072 -1 
-0.45694 -1 
-0.578196 -1 
1.88581 -1 
3.30763 -1 
2.94695 -1 
-3.27095 -1 
-1.92481 -1 
0.0678708 -1 
-0.291636 -1 
-0.00549141 -1 
-0.674414 -1 
0.218612 -1 
-0.0801115 -1 
-0.745592 -1 
0.838959 -1 
0.729311 -1 
2.80158 -1 
-1.20713 -1 
-0.980536 -1 
1.44856 -1 
1.32002 -1 
-1.5185 -1 
1.57499 -1 
-2.83374 -1 
ZONE T="boundary4"
0.65265 0.0481037 
-0.635804 -0.0141411 
-0.634675 0.00426872 
-0.378291 0.328747 
-0.361697 0.33656 
-0.61391 0.0942752 
-0.18359 0.398903 
-0.159256 0.405192 
-0.309173 0.358531 
-0.289953 0.365695 
-0.270616 0.372501 
-0.249793 0.379417 
-0.607245 0.110416 
0.602863 0.208527 
0.609631 0.195644 
-0.584122 0.153906 
-0.592263 0.140206 
-0.632539 0.0226499 
-0.629386 0.0409153 
-0.575731 0.166736 
-0.625212 0.0590185 
-0.620046 0.0768192 
0.58843 0.23361 
0.633305 0.141263 
0.640721 0.118303 
-0.599782 0.126147 
0.650539 0.0716308 
-0.552579 0.19724 
-0.537398 0.214425 
-0.566807 0.179234 
-0.466404 0.276913 
-0.438964 0.295338 
-0.491697 0.257426 
-0.515457 0.236476 
-0.34494 0.343993 
-0.327125 0.351444 
-0.394042 0.320864 
-0.409594 0.31258 
-0.20628 0.392628 
-0.228865 0.385972 
-0.134813 0.411064 
-0.0828059 0.422086 
-0.108864 0.416814 
0.646549 0.094922 
0.650861 0.00167315 
0.000911853 0.435506 
0.0297592 0.438815 
0.304979 0.426605 
0.334645 0.419003 
0.488257 0.345075 
0.50972 0.327805 
0.416874 0.388112 
0.465772 0.360744 
0.391126 0.399551 
0.151054 0.444309 
0.182155 0.44324 
0.0895871 0.443322 
0.120302 0.444306 
0.274697 0.432778 
0.0596327 0.441477 
0.244277 0.437526 
0.58076 0.245783 
0.621972 0.169636 
0.652765 0.0247664 
0.565288 0.268033 
0.548282 0.289237 
0.363427 0.409977 
0.529961 0.308966 
0.213212 0.441013 
-0.0553744 0.427085 
-0.0278305 0.431522 
0.442017 0.375063 
-0.635364 -0.0049286 
-0.370017 0.332702 
-0.171436 0.4021 
-0.29958 0.362159 
-0.26022 0.376005 
0.606289 0.202107 
-0.588268 0.147102 
-0.631089 0.0318045 
-0.622753 0.0679549 
-0.627426 0.0499961 
0.595808 0.221161 
0.637198 0.129843 
-0.596103 0.13322 
-0.617099 0.0855897 
0.651839 0.0598891 
-0.579993 0.160364 
-0.545102 0.205933 
-0.559821 0.188338 
-0.503749 0.247145 
-0.526609 0.225631 
-0.336052 0.347765 
-0.401846 0.316774 
-0.45283 0.286343 
-0.386191 0.324854 
-0.610682 0.102389 
-0.353338 0.340322 
-0.424403 0.30417 
-0.217587 0.389348 
-0.2803 0.369141 
-0.147047 0.40818 
-0.194948 0.395812 
-0.0958471 0.419511 
-0.571332 0.17303 
-0.121852 0.413998 
0.648769 0.083315 
-0.318166 0.355031 
0.0153255 0.437248 
0.319861 0.422995 
0.499141 0.336629 
0.477146 0.353099 
-0.239343 0.382738 
0.404084 0.39402 
0.166609 0.443914 
0.104941 0.443932 
0.259513 0.435321 
0.289875 0.429874 
-0.633733 0.013474 
0.584638 0.239724 
0.615984 0.182727 
0.652959 0.0364363 
0.643845 0.106665 
-0.603613 0.118329 
0.573201 0.257031 
0.627888 0.155549 
0.556975 0.278787 
0.349098 0.414686 
0.377352 0.404963 
0.520013 0.318571 
0.0446871 0.440245 
0.0746034 0.442505 
0.197694 0.442276 
-0.479212 0.267379 
-0.0416141 0.429376 
0.454011 0.368097 
0.5393 0.299267 
-0.0134708 0.433596 
0.135678 0.444434 
-0.0691027 0.424655 
0.228763 0.439432 
0.429548 0.381784 
0.652067 0.0131988 
ZONE T="boundary5"
0.584401 -0.145338 
-0.200724 -0.49038 
-0.567237 -0.247811 
-0.557148 -0.263409 
-0.627288 -0.104654 
-0.630768 -0.0868799 
-0.633396 -0.0688989 
-0.635804 -0.0141411 
-0.618067 -0.139051 
-0.599962 -0.186462 
-0.612438 -0.155661 
-0.622988 -0.122224 
-0.635947 -0.0324999 
-0.434488 -0.390269 
-0.150501 -0.49734 
-0.269462 -0.473453 
-0.290622 -0.466392 
-0.331112 -0.450227 
-0.311497 -0.458509 
-0.124527 -0.499242 
-0.0977983 -0.50002 
-0.247551 -0.47982 
-0.224237 -0.485584 
-0.368507 -0.431916 
-0.386262 -0.421965 
-0.47701 -0.355543 
-0.49005 -0.343326 
-0.54648 -0.278619 
-0.535311 -0.293319 
-0.635132 -0.0507779 
-0.585103 -0.216782 
-0.402925 -0.411823 
-0.449375 -0.378921 
-0.463389 -0.367465 
-0.350404 -0.44121 
-0.419221 -0.401097 
-0.576825 -0.231754 
-0.176395 -0.4943 
-0.514075 -0.318444 
-0.0699938 -0.499574 
-0.0142499 -0.494851 
-0.0422952 -0.497865 
0.0410112 -0.485125 
0.0135978 -0.49058 
0.120416 -0.462297 
0.0944996 -0.470896 
0.0681697 -0.478494 
0.51772 -0.213267 
0.146033 -0.452711 
0.553192 -0.179799 
0.171388 -0.442178 
0.435653 -0.281203 
0.221553 -0.418392 
0.196413 -0.430789 
0.29583 -0.376694 
0.271251 -0.391271 
0.320202 -0.361558 
0.344269 -0.345989 
0.24635 -0.405274 
0.478135 -0.247296 
0.498091 -0.230443 
0.457084 -0.264446 
0.391013 -0.314042 
0.367793 -0.330196 
0.598961 -0.126322 
0.646939 -0.0210658 
0.650861 0.00167315 
0.535715 -0.196796 
0.569393 -0.162744 
0.623446 -0.0862665 
0.633154 -0.065157 
0.641001 -0.0434385 
0.413505 -0.297815 
-0.592887 -0.201548 
0.611954 -0.106745 
-0.562264 -0.255656 
-0.629133 -0.0957874 
-0.632192 -0.0779054 
-0.615338 -0.147385 
-0.635997 -0.0233195 
-0.625239 -0.113463 
-0.620618 -0.130664 
-0.280076 -0.470025 
-0.321343 -0.45446 
-0.301098 -0.462553 
-0.111167 -0.499779 
-0.235924 -0.482822 
-0.37743 -0.427021 
-0.212505 -0.488102 
-0.483582 -0.34949 
-0.540965 -0.286022 
-0.551887 -0.271065 
-0.635657 -0.0416441 
-0.394638 -0.416967 
-0.45643 -0.373252 
-0.340801 -0.44581 
-0.44198 -0.384659 
-0.411121 -0.406532 
-0.47025 -0.361562 
-0.572102 -0.239825 
-0.18858 -0.492467 
-0.258538 -0.476745 
-0.634378 -0.0598493 
-0.50227 -0.331085 
-0.137524 -0.498433 
-0.0838935 -0.499956 
0.0273343 -0.488002 
0.0546257 -0.481954 
0.133268 -0.457622 
0.107499 -0.466722 
0.158756 -0.447554 
0.20903 -0.424684 
0.28358 -0.384049 
0.33227 -0.353826 
0.233996 -0.411917 
0.488148 -0.238911 
0.467651 -0.255921 
0.379437 -0.322168 
0.591833 -0.135947 
0.649152 -0.00973995 
0.507947 -0.221903 
0.446412 -0.272879 
-0.000302119 -0.492871 
0.52677 -0.205089 
0.577011 -0.154139 
0.561386 -0.17136 
0.628518 -0.075812 
0.644217 -0.0323179 
-0.426901 -0.395748 
-0.359498 -0.436645 
-0.163464 -0.495962 
0.544528 -0.188374 
-0.606484 -0.171176 
-0.0282554 -0.496518 
0.308053 -0.369185 
0.402295 -0.305978 
-0.0561348 -0.498876 
0.0813728 -0.474828 
0.183947 -0.436584 
0.42462 -0.289563 
0.258843 -0.398349 
0.356064 -0.338141 
-0.589058 -0.209198 
-0.581024 -0.2243 
0.637311 -0.0543822 
0.6179 -0.0966176 
0.605631 -0.116649 
-0.596489 -0.194035 
-0.5249 -0.306056 
