ZONE T="boundary0"
-4 0.263057 
-4 0.319686 
-4 0.291371 
-4 0.231077 
-4 0.199096 
-4 -0.0475557 
-4 -0.156099 
-4 0.0609877 
-4 -0.406177 
-4 0.883015 
-4 1 
-4 -0.792928 
-4 -1 
-4 0.649044 
-4 0.532058 
-4 0.130042 
-4 0.425872 
-4 0.372779 
-4 0.766029 
-4 -0.277241 
-4 -0.21667 
-4 -0.341709 
-4 -0.496017 
-4 -0.585856 
-4 0.305529 
-4 0.941507 
-4 -0.896464 
-4 0.590551 
-4 0.215086 
-4 0.164569 
-4 0.247067 
-4 0.0955148 
-4 0.006716 
-4 0.399326 
-4 0.346232 
-4 0.478965 
-4 0.707536 
-4 0.824522 
-4 -0.101827 
-4 -0.246956 
-4 -0.373943 
-4 -0.309475 
-4 -0.451097 
-4 -0.540936 
-4 -0.689392 
-4 0.277214 
-4 -0.186385 
ZONE T="boundary1"
1.86361 1 
1.61344 1 
2.0152 1 
3.49132 1 
1.20471 1 
1.5165 1 
1.41956 1 
1.31213 1 
-0.338766 1 
-0.575643 1 
0.129638 1 
-3.80604 1 
-4 1 
-0.789387 1 
-1.23552 1 
-3.61208 1 
-3.41627 1 
2.3776 1 
2.16679 1 
-2.60077 1 
-2.79226 1 
-3.22045 1 
2.95509 1 
2.58842 1 
3.66088 1 
-0.215319 1 
0.196196 1 
0.273758 1 
0.439002 1 
0.526684 1 
0.0630794 1 
-0.00190188 1 
-0.679352 1 
-0.471935 1 
0.728548 1 
0.844972 1 
-0.899423 1 
0.627616 1 
-1.0139 1 
-1.12838 1 
-0.141101 1 
0.35132 1 
0.961397 1 
1.08305 1 
-1.34267 1 
-1.46031 1 
-1.57796 1 
-1.74036 1 
-1.65916 1 
-1.90276 1 
-2.15602 1 
3.13842 1 
3.32176 1 
-2.40928 1 
-3.00636 1 
-0.0668831 1 
4 1 
3.83044 1 
1.73852 1 
1.93941 1 
1.36584 1 
-3.90302 1 
-3.51417 1 
2.2722 1 
-2.69652 1 
2.77175 1 
0.162917 1 
0.234977 1 
0.482843 1 
0.0305887 1 
-0.627498 1 
-0.523789 1 
0.78676 1 
-0.844405 1 
0.678082 1 
0.57715 1 
-0.73437 1 
-1.07114 1 
-0.277043 1 
-0.40535 1 
-0.17821 1 
0.395161 1 
-1.2891 1 
-1.18195 1 
-1.51914 1 
-1.40149 1 
-1.69976 1 
-1.82156 1 
-2.02939 1 
3.04676 1 
1.25842 1 
1.14388 1 
1.46803 1 
3.23009 1 
-2.28265 1 
3.40654 1 
-2.50503 1 
2.48301 1 
2.091 1 
3.5761 1 
-3.70906 1 
-2.89931 1 
-0.0343925 1 
-0.103992 1 
0.312539 1 
-0.956662 1 
0.903184 1 
0.0963586 1 
1.56497 1 
1.02222 1 
-1.61856 1 
-3.1134 1 
3.91522 1 
3.74566 1 
-3.31836 1 
ZONE T="boundary2"
4 -0.692682 
4 -1 
4 -0.342863 
4 -0.0685493 
4 -0.125093 
4 0.240216 
4 0.169485 
4 0.0987533 
4 0.285283 
4 0.330351 
4 0.863401 
4 -0.583547 
4 0.726801 
4 0.391977 
4 0.590202 
4 0.015102 
4 -0.153365 
4 -0.302556 
4 -0.408638 
4 -0.474413 
4 -0.26225 
4 -0.181637 
4 -0.221943 
4 0.453603 
4 1 
4 -0.846341 
4 -0.0968211 
4 0.20485 
4 0.134119 
4 0.307817 
4 0.795101 
4 0.658502 
4 0.0569277 
4 -0.52898 
4 -0.638115 
4 -0.0267236 
4 -0.20179 
4 -0.37575 
4 -0.322709 
4 -0.441525 
4 0.26275 
4 0.42279 
4 0.361164 
4 0.521902 
4 0.9317 
4 -0.242096 
4 -0.139229 
4 -0.167501 
4 -0.282403 
ZONE T="boundary3"
-3.8007 -1 
-3.60139 -1 
-1.399 -1 
-1.9953 -1 
-1.68693 -1 
-1.52384 -1 
4 -1 
3.39785 -1 
0.778918 -1 
0.8865 -1 
0.671336 -1 
0.567053 -1 
0.0567775 -1 
1.09088 -1 
1.4046 -1 
0.116943 -1 
-0.184686 -1 
-0.114069 -1 
-2.45735 -1 
0.988692 -1 
-4 -1 
-3.09205 -1 
-2.93797 -1 
2.8571 -1 
-1.85002 -1 
2.11233 -1 
2.30573 -1 
2.58142 -1 
2.44357 -1 
-2.78389 -1 
-2.62062 -1 
3.12748 -1 
3.75 -1 
3.57393 -1 
-0.255304 -1 
-0.0587286 -1 
-0.00338848 -1 
0.239681 -1 
0.280594 -1 
0.157856 -1 
0.198769 -1 
0.322352 -1 
-0.83501 -1 
-0.719384 -1 
-0.603757 -1 
-0.464907 -1 
0.46277 -1 
-1.16727 -1 
-1.06038 -1 
-3.34672 -1 
-0.307705 -1 
-0.947696 -1 
1.19271 -1 
1.29453 -1 
1.51468 -1 
1.7168 -1 
1.91893 -1 
-2.14058 -1 
-0.360105 -1 
-0.412506 -1 
0.36411 -1 
-1.27415 -1 
-3.70104 -1 
-1.60539 -1 
0.832709 -1 
-0.149378 -1 
-3.90035 -1 
2.20903 -1 
2.71926 -1 
-2.70226 -1 
2.99229 -1 
3.66196 -1 
-0.0863987 -1 
-0.0310586 -1 
0.0868604 -1 
0.0266945 -1 
0.260138 -1 
0.178312 -1 
-0.777197 -1 
0.619194 -1 
-0.534332 -1 
-0.661571 -1 
0.514911 -1 
-1.11383 -1 
1.03979 -1 
-3.47406 -1 
-0.281504 -1 
-1.00404 -1 
-0.891353 -1 
1.24362 -1 
0.937596 -1 
0.725127 -1 
3.875 -1 
1.45964 -1 
1.34957 -1 
1.61574 -1 
3.48589 -1 
3.26266 -1 
1.81787 -1 
2.01563 -1 
-2.86093 -1 
-3.21939 -1 
-3.01501 -1 
-2.53899 -1 
-1.76848 -1 
2.5125 -1 
2.37465 -1 
-2.29897 -1 
-1.92266 -1 
-2.06794 -1 
-0.219995 -1 
-0.386306 -1 
0.343231 -1 
0.301473 -1 
0.41344 -1 
0.219225 -1 
0.1374 -1 
-0.438706 -1 
-0.333905 -1 
-1.46142 -1 
-1.33658 -1 
-1.22071 -1 
1.1418 -1 
ZONE T="boundary4"
-0.292073 0.430694 
-0.271423 0.439508 
-0.227945 0.455767 
-0.205135 0.463132 
-0.311202 0.421857 
-0.639726 0.0111077 
-0.536797 0.244453 
-0.40024 0.370913 
-0.382979 0.3822 
-0.623538 0.0850625 
-0.628907 0.0667693 
-0.641495 -0.00745427 
-0.63703 0.029711 
-0.617343 0.103125 
-0.60352 0.1365 
-0.610765 0.119947 
0.634486 0.0709479 
0.625146 0.0940454 
-0.180608 0.470207 
-0.588614 0.166103 
-0.572439 0.193679 
-0.560409 0.212076 
-0.250519 0.447701 
-0.547715 0.230023 
-0.525455 0.258554 
-0.454928 0.329541 
-0.436593 0.344461 
-0.633419 0.048277 
-0.418647 0.358003 
-0.365382 0.392957 
-0.347865 0.402967 
-0.330068 0.41247 
-0.15587 0.476491 
-0.12948 0.482282 
-0.102919 0.487186 
0.256931 0.459939 
0.286122 0.448369 
0.314385 0.43529 
0.496177 0.289895 
0.513771 0.26807 
0.476933 0.311837 
0.414314 0.370948 
0.436153 0.352279 
0.456922 0.33265 
0.367333 0.405099 
0.391158 0.38874 
-0.0172178 0.49687 
-0.0466765 0.49459 
0.0427758 0.49809 
0.0732089 0.496904 
0.103953 0.494417 
0.530629 0.245645 
0.614298 0.11661 
0.573994 0.183649 
0.586885 0.163872 
0.598805 0.144477 
0.652489 -0.0231935 
0.651066 0.000483357 
0.545817 0.224514 
0.560712 0.203208 
0.647544 0.0241549 
0.341501 0.420821 
0.0122895 0.49805 
-0.0748566 0.491382 
0.134876 0.490543 
0.165826 0.485207 
0.196643 0.478343 
0.227271 0.469864 
-0.51477 0.271047 
-0.503719 0.283218 
0.641954 0.0477761 
-0.480396 0.306711 
-0.281781 0.435179 
-0.216568 0.459537 
-0.391652 0.376623 
-0.626327 0.0759465 
-0.640725 0.00183762 
-0.638491 0.0204257 
-0.607223 0.128259 
-0.614139 0.11157 
-0.62054 0.0941281 
0.630015 0.0825769 
-0.1929 0.466768 
-0.580733 0.180013 
-0.566511 0.202935 
-0.542308 0.237278 
-0.445832 0.337088 
-0.53118 0.251547 
-0.631271 0.0575495 
-0.409498 0.364537 
-0.374221 0.387645 
-0.35666 0.398025 
-0.301669 0.426344 
-0.32067 0.417232 
-0.142699 0.479497 
-0.11622 0.484845 
-0.42768 0.351311 
-0.261001 0.443682 
-0.339001 0.407782 
-0.168264 0.473447 
0.300346 0.442029 
0.505079 0.279067 
0.425352 0.361752 
-0.635335 0.0390155 
0.46705 0.322361 
0.379355 0.397079 
-0.0319577 0.495866 
0.0579984 0.497653 
0.52228 0.256917 
-0.239264 0.451822 
0.580495 0.173797 
0.592919 0.15422 
0.606755 0.130657 
0.65204 -0.0113392 
-0.596318 0.151428 
0.538263 0.235108 
0.553297 0.213884 
0.446657 0.342591 
0.649561 0.0123571 
0.56739 0.193454 
0.328046 0.428248 
0.354528 0.413142 
-0.00246968 0.497598 
0.0275324 0.498221 
-0.0607806 0.49311 
0.271607 0.454357 
0.402854 0.379998 
0.0885943 0.495825 
0.119436 0.492654 
-0.0889062 0.489407 
0.486677 0.300973 
0.150383 0.488058 
0.181277 0.481966 
0.242167 0.465099 
-0.50929 0.277173 
0.619888 0.105407 
0.63844 0.0594329 
0.644993 0.0360232 
-0.554141 0.221106 
-0.49223 0.295136 
-0.520158 0.26484 
-0.467826 0.318309 
0.212012 0.474303 
ZONE T="boundary5"
-0.22541 -0.395074 
0.628838 -0.138019 
0.63745 -0.115859 
-0.587972 -0.22056 
-0.596526 -0.206462 
-0.623342 -0.147797 
-0.628512 -0.131616 
-0.642249 -0.0442082 
-0.510479 -0.305715 
-0.642334 -0.0259017 
-0.604424 -0.191955 
-0.405965 -0.361727 
-0.422881 -0.355317 
-0.497567 -0.315198 
-0.483637 -0.324441 
-0.611453 -0.177459 
-0.617738 -0.162785 
-0.556978 -0.262001 
-0.632889 -0.115116 
-0.636556 -0.0977909 
-0.270469 -0.391006 
-0.292197 -0.388296 
-0.312618 -0.3852 
-0.370921 -0.37265 
-0.332921 -0.38151 
-0.352007 -0.377405 
-0.388557 -0.367522 
-0.152249 -0.398644 
-0.177177 -0.397739 
-0.202117 -0.396537 
-0.248685 -0.393205 
-0.522924 -0.295627 
-0.545256 -0.274723 
-0.534328 -0.285445 
-0.568055 -0.248632 
-0.469285 -0.333018 
-0.454472 -0.340973 
-0.438845 -0.348483 
-0.578542 -0.234574 
-0.641495 -0.00745427 
-0.639347 -0.0801833 
-0.64125 -0.0622982 
0.644206 -0.0932432 
0.618631 -0.159391 
-0.125736 -0.399354 
-0.0156056 -0.400554 
-0.0438813 -0.400459 
-0.0715497 -0.400233 
0.0126391 -0.400502 
0.153045 -0.396684 
0.344836 -0.36826 
0.0409268 -0.400278 
0.0972168 -0.399137 
0.0691861 -0.399838 
0.125236 -0.398107 
0.180833 -0.394783 
0.208516 -0.392321 
0.263631 -0.385334 
0.236142 -0.389201 
0.469229 -0.3171 
0.371236 -0.360429 
0.397048 -0.351416 
0.446009 -0.329847 
0.422158 -0.341163 
0.291009 -0.380608 
0.511687 -0.28822 
0.531089 -0.271943 
0.491306 -0.303099 
0.549045 -0.254681 
0.594357 -0.19947 
0.580637 -0.218223 
0.56555 -0.236676 
0.606817 -0.180292 
0.649013 -0.0702222 
0.651802 -0.0467678 
0.652489 -0.0231935 
0.318031 -0.374963 
-0.0992511 -0.399865 
0.63336 -0.127023 
-0.592331 -0.213561 
-0.626028 -0.139739 
-0.642407 -0.0350555 
-0.600561 -0.199255 
-0.414456 -0.35861 
-0.490658 -0.319903 
-0.620628 -0.155324 
-0.608023 -0.184748 
-0.634834 -0.106477 
-0.281342 -0.38972 
-0.302418 -0.386818 
-0.342481 -0.379536 
-0.379763 -0.370168 
-0.164714 -0.398224 
-0.213766 -0.395852 
-0.237052 -0.394195 
-0.630804 -0.123393 
-0.516762 -0.300746 
-0.504079 -0.310533 
-0.39729 -0.364711 
-0.539855 -0.280149 
-0.551201 -0.26844 
-0.528685 -0.290603 
-0.562603 -0.255388 
-0.476511 -0.328813 
-0.461923 -0.337079 
-0.430899 -0.351985 
-0.573387 -0.241669 
-0.642029 -0.0166728 
-0.640413 -0.0712529 
-0.361486 -0.375113 
-0.641864 -0.0532595 
-0.58334 -0.227622 
-0.259583 -0.392164 
-0.138994 -0.399027 
-0.0297437 -0.400524 
-0.0577158 -0.400362 
0.0832023 -0.399525 
0.026783 -0.400414 
0.2499 -0.387368 
0.194682 -0.393628 
0.384198 -0.356083 
0.457717 -0.323651 
0.434164 -0.335675 
0.277339 -0.383084 
0.521527 -0.280248 
0.501619 -0.295828 
-0.638064 -0.0890049 
0.587624 -0.208939 
0.573219 -0.227552 
-0.614681 -0.170159 
0.54021 -0.263461 
0.612897 -0.169939 
0.623926 -0.148797 
0.641061 -0.104621 
0.480381 -0.310278 
-0.322784 -0.383434 
0.650668 -0.058526 
0.557432 -0.245802 
-0.189649 -0.39718 
-0.00148319 -0.400548 
0.166944 -0.395798 
0.139143 -0.39745 
0.358081 -0.364495 
0.331468 -0.37175 
0.409672 -0.346459 
-0.112494 -0.399631 
0.0550568 -0.400088 
0.222339 -0.390849 
0.111228 -0.398668 
-0.0854007 -0.400068 
0.304546 -0.37791 
-0.4467 -0.344815 
0.600724 -0.18997 
0.652409 -0.0349884 
0.646857 -0.0817845 
