ZONE T="boundary0"
-4 -0.703881 
-4 0.301888 
-4 0.259122 
-4 0.344654 
-4 0.209526 
-4 -0.0168968 
-4 -0.151551 
-4 -0.317548 
-4 -0.276049 
-4 -0.23455 
-4 0.447449 
-4 0.159931 
-4 0.0715172 
-4 -0.393812 
-4 -0.851941 
-4 -1 
-4 0.550245 
-4 0.775122 
-4 1 
-4 -0.19305 
-4 -0.470077 
-4 -0.528528 
-4 -0.586979 
-4 0.280505 
-4 0.323271 
-4 -0.084224 
-4 -0.296798 
-4 -0.255299 
-4 0.184729 
-4 0.115724 
-4 0.234324 
-4 0.0273102 
-4 -0.35568 
-4 -0.92597 
-4 0.498847 
-4 0.662683 
-4 0.887561 
-4 0.396052 
-4 -0.2138 
-4 -0.431944 
-4 -0.172301 
-4 -0.557753 
-4 -0.64543 
-4 -0.499302 
-4 -0.777911 
ZONE T="boundary1"
1.0351 1 
0.482136 1 
0.853311 1 
1.31256 1 
-0.0133587 1 
0.756754 1 
0.660197 1 
-0.112377 1 
-0.175935 1 
-0.346121 1 
-0.239493 1 
3.68719 1 
1.56669 1 
1.43963 1 
-2.07772 1 
-1.88101 1 
-2.49383 1 
2.68613 1 
1.73174 1 
2.27708 1 
2.48161 1 
-2.7231 1 
-3.20695 1 
4 1 
3.8436 1 
0.214726 1 
0.15758 1 
0.0435375 1 
0.100434 1 
0.275887 1 
-0.458873 1 
-0.571624 1 
0.337048 1 
0.409592 1 
-0.689602 1 
-0.807579 1 
-0.922094 1 
-1.03661 1 
1.17383 1 
-1.26991 1 
-1.15326 1 
-1.36567 1 
-1.46143 1 
-3.46152 1 
-3.73076 1 
-1.6843 1 
-4 1 
1.64921 1 
3.37439 1 
3.03026 1 
-2.95237 1 
3.53079 1 
-3.86538 1 
2.08694 1 
1.8968 1 
0.805033 1 
0.571167 1 
-0.144156 1 
-0.207714 1 
1.50316 1 
-1.97936 1 
-2.28577 1 
2.37934 1 
-2.60847 1 
3.9218 1 
0.186153 1 
0.0719857 1 
0.0150894 1 
-0.0628678 1 
0.129007 1 
0.245307 1 
-0.292807 1 
-0.402497 1 
-0.515249 1 
-0.74859 1 
-0.630613 1 
-0.979351 1 
-0.864837 1 
0.708476 1 
0.944208 1 
-1.21158 1 
1.2432 1 
-1.41355 1 
-1.09493 1 
-3.59614 1 
-1.78266 1 
-1.57287 1 
1.60795 1 
3.20232 1 
2.8582 1 
1.10447 1 
-3.33424 1 
2.58387 1 
-3.07966 1 
-3.79807 1 
-2.83774 1 
-3.93269 1 
2.18201 1 
1.81427 1 
1.99187 1 
3.7654 1 
0.306467 1 
0.37332 1 
0.445864 1 
-1.31779 1 
3.60899 1 
1.37609 1 
1.69048 1 
3.45259 1 
ZONE T="boundary2"
4 -0.394888 
4 -0.532877 
4 -0.347547 
4 -0.300206 
4 -0.835433 
4 -0.670866 
4 -0.237351 
4 -0.268778 
4 0.0916217 
4 0.014321 
4 0.155178 
4 -1 
4 1 
4 -0.19041 
4 0.339394 
4 0.279064 
4 0.425772 
4 0.51215 
4 0.218735 
4 0.712937 
4 0.856468 
4 0.612543 
4 -0.143468 
4 -0.0629797 
4 -0.463883 
4 -0.323876 
4 -0.75315 
4 -0.253065 
4 0.0529714 
4 -0.917717 
4 -0.284492 
4 -0.21388 
4 -0.371218 
4 -0.601872 
4 0.309229 
4 0.468961 
4 0.2489 
4 0.784703 
4 0.1234 
4 0.562347 
4 -0.166939 
4 0.382583 
4 0.186957 
4 -0.103224 
4 -0.0243294 
4 0.66274 
4 0.928234 
ZONE T="boundary3"
-3.54029 -1 
-1.72569 -1 
3.65374 -1 
3.32663 -1 
-0.494554 -1 
-0.812572 -1 
0.288964 -1 
0.244516 -1 
1.81879 -1 
-0.184544 -1 
-0.117624 -1 
0.361601 -1 
0.971438 -1 
0.538688 -1 
0.643137 -1 
-0.934392 -1 
1.48885 -1 
2.19512 -1 
3.82687 -1 
4 -1 
-1.96541 -1 
-2.20512 -1 
-2.38501 -1 
2.71155 -1 
-2.5649 -1 
-2.75026 -1 
-3.16134 -1 
-0.608485 -1 
-0.0507039 -1 
0.0139741 -1 
0.13936 -1 
-0.710528 -1 
0.755547 -1 
0.434238 -1 
0.200068 -1 
0.0786521 -1 
-0.330055 -1 
-0.257299 -1 
-1.14432 -1 
-1.05621 -1 
0.867956 -1 
-4 -1 
-3.69352 -1 
-1.23243 -1 
-1.45702 -1 
-1.34472 -1 
-1.59136 -1 
1.07492 -1 
1.25198 -1 
1.16345 -1 
1.57989 -1 
1.37042 -1 
1.67093 -1 
1.96666 -1 
-2.93563 -1 
2.42358 -1 
2.99952 -1 
3.16308 -1 
-3.38705 -1 
3.49018 -1 
0.26674 -1 
-0.151084 -1 
3.91343 -1 
-2.29507 -1 
-2.65758 -1 
-2.08527 -1 
-0.0183649 -1 
0.699342 -1 
0.39792 -1 
0.222292 -1 
0.169714 -1 
0.109006 -1 
0.590912 -1 
-0.412304 -1 
-0.220921 -1 
0.0463131 -1 
-0.659507 -1 
-0.873482 -1 
-1.10027 -1 
-0.551519 -1 
0.486463 -1 
-3.84676 -1 
0.811751 -1 
-1.40087 -1 
-1.65852 -1 
-1.52419 -1 
-1.84555 -1 
1.02318 -1 
0.919697 -1 
1.20772 -1 
1.11919 -1 
1.42964 -1 
1.3112 -1 
1.89272 -1 
1.74486 -1 
-3.04848 -1 
2.30935 -1 
2.08089 -1 
3.0813 -1 
3.24485 -1 
-3.27419 -1 
-2.84295 -1 
-2.47495 -1 
-3.46367 -1 
-3.6169 -1 
3.7403 -1 
0.325283 -1 
-0.0841638 -1 
-0.293677 -1 
-0.995303 -1 
-1.18837 -1 
1.62541 -1 
1.53437 -1 
-0.76155 -1 
-1.28858 -1 
2.85554 -1 
2.56757 -1 
ZONE T="boundary4"
-0.232151 0.458282 
-0.2088 0.466904 
-0.376301 0.384101 
-0.254446 0.449259 
-0.637718 -0.0115589 
-0.635026 0.0101283 
0.6323 0.0508009 
0.640634 0.0158203 
0.643199 -0.0017388 
0.53157 0.249897 
-0.357614 0.396072 
0.611429 0.10546 
0.601316 0.126418 
-0.612455 0.0965687 
0.513288 0.279469 
0.493658 0.308206 
0.626615 0.0682435 
-0.631138 0.0318493 
-0.619824 0.0751477 
-0.594539 0.138539 
-0.603999 0.117742 
-0.574596 0.175934 
-0.584118 0.158964 
-0.553893 0.208832 
-0.564494 0.192574 
-0.542805 0.224765 
0.426739 0.384247 
0.444184 0.367277 
-0.492361 0.286576 
-0.50607 0.271359 
-0.477505 0.30193 
-0.462107 0.316753 
-0.446016 0.331206 
-0.429445 0.345112 
-0.394601 0.371551 
-0.531245 0.240396 
-0.519232 0.255683 
-0.412238 0.358612 
-0.276452 0.439556 
-0.297508 0.429488 
-0.185193 0.474799 
-0.160413 0.482234 
-0.135415 0.488884 
-0.109093 0.494991 
-0.318241 0.418779 
-0.626065 0.0535421 
0.577403 0.170768 
0.339856 0.447086 
0.365083 0.431992 
0.388138 0.416116 
0.407782 0.4008 
0.283821 0.473518 
0.312676 0.461025 
0.483407 0.321939 
0.46431 0.345359 
-0.338105 0.40773 
-0.0265565 0.508396 
0.00307188 0.511116 
0.0327522 0.512723 
0.0949542 0.512328 
0.253647 0.484353 
0.222535 0.493414 
0.563938 0.194342 
0.547855 0.222132 
0.636967 0.0334171 
0.620087 0.0854365 
0.59051 0.147075 
0.644648 -0.0192712 
-0.0546369 0.504799 
-0.0825955 0.500233 
0.063887 0.513177 
0.127068 0.510013 
0.190912 0.500662 
0.158928 0.506178 
-0.220509 0.462684 
-0.636519 -0.000698056 
0.642052 0.00706087 
0.606472 0.115985 
0.503662 0.293969 
0.629568 0.0595583 
-0.633226 0.0210138 
-0.616272 0.0859031 
-0.599389 0.128194 
-0.608354 0.107205 
-0.579432 0.167491 
-0.559257 0.200744 
-0.569615 0.184296 
-0.589441 0.148808 
-0.548407 0.216839 
0.43557 0.375877 
-0.499283 0.279028 
-0.46987 0.309409 
-0.454123 0.324048 
-0.485002 0.29432 
-0.525297 0.248085 
-0.420897 0.351932 
-0.403471 0.365152 
-0.512719 0.263577 
-0.265487 0.444493 
-0.287018 0.434602 
-0.197027 0.470942 
-0.243333 0.453855 
-0.14794 0.485658 
-0.122278 0.492045 
-0.537081 0.232622 
-0.307916 0.424214 
-0.628742 0.0427279 
-0.172832 0.478615 
0.352591 0.439744 
0.398065 0.408596 
0.298349 0.467506 
-0.437789 0.338228 
0.488583 0.315111 
0.417374 0.392656 
0.454411 0.356472 
-0.367004 0.390159 
-0.328215 0.41333 
0.0179056 0.512061 
-0.623082 0.0643838 
0.23816 0.489116 
0.268819 0.479172 
-0.385501 0.377898 
0.555911 0.208241 
0.63893 0.024646 
0.623448 0.0768764 
0.595984 0.136782 
0.615871 0.0954962 
0.644063 -0.010493 
0.634753 0.042141 
0.584014 0.158951 
0.570697 0.182568 
-0.0686351 0.502636 
0.376734 0.424236 
-0.347905 0.401977 
-0.0406115 0.506719 
-0.0117539 0.509894 
-0.0958649 0.49772 
0.539752 0.236035 
0.522564 0.264768 
0.0483186 0.51311 
0.0794265 0.512919 
0.111026 0.511358 
0.174958 0.503631 
0.206776 0.49726 
0.143023 0.508291 
0.326379 0.454279 
0.474023 0.333786 
ZONE T="boundary5"
0.422991 -0.333513 
0.44532 -0.323488 
0.180872 -0.379389 
0.212538 -0.377564 
0.27693 -0.371086 
0.244193 -0.374912 
-0.581568 -0.244095 
-0.571339 -0.25854 
0.354238 -0.356247 
0.331966 -0.3615 
0.377358 -0.349795 
0.400264 -0.342264 
-0.522027 -0.309996 
-0.633109 -0.117694 
-0.636444 -0.0969077 
-0.638572 -0.0758484 
0.616393 -0.153978 
0.623518 -0.138167 
-0.637718 -0.0115589 
-0.600109 -0.212767 
-0.608407 -0.195741 
-0.628559 -0.138194 
-0.622786 -0.158374 
-0.591231 -0.228727 
-0.283776 -0.387405 
-0.307532 -0.386076 
-0.375313 -0.377043 
-0.330559 -0.383983 
-0.353346 -0.380976 
-0.396967 -0.372016 
-0.235334 -0.388162 
-0.259951 -0.388053 
-0.210721 -0.387856 
-0.456492 -0.350852 
-0.437711 -0.358852 
-0.615801 -0.178152 
-0.159813 -0.386464 
-0.133465 -0.385591 
-0.185249 -0.387244 
-0.639206 -0.0331427 
0.592849 -0.194897 
-0.535902 -0.297908 
-0.507496 -0.321148 
0.601218 -0.181781 
0.609113 -0.168102 
-0.56038 -0.272283 
-0.54849 -0.285504 
-0.417548 -0.366026 
0.629755 -0.121863 
-0.491422 -0.331951 
-0.474747 -0.341688 
0.642189 -0.071405 
0.639118 -0.0884795 
0.309561 -0.36594 
-0.0249759 -0.382799 
-0.0530795 -0.383316 
0.00303558 -0.382429 
0.0319903 -0.382157 
0.0608583 -0.381934 
0.0904124 -0.381666 
0.119907 -0.381252 
0.150388 -0.380538 
-0.639491 -0.0545969 
0.465938 -0.312774 
0.485976 -0.300791 
0.634941 -0.105383 
0.506326 -0.286739 
0.64414 -0.0541794 
0.545355 -0.252944 
0.55558 -0.242256 
0.565384 -0.231176 
0.583994 -0.207578 
0.644965 -0.0367365 
0.644648 -0.0192712 
0.525788 -0.271161 
-0.107183 -0.384743 
-0.0800879 -0.383962 
0.434226 -0.328659 
0.196709 -0.378568 
0.260577 -0.373149 
-0.576554 -0.251389 
0.343126 -0.358979 
0.388854 -0.346166 
-0.63493 -0.107326 
-0.637661 -0.0863945 
0.620067 -0.146122 
-0.625825 -0.148329 
-0.295661 -0.386835 
-0.319057 -0.385137 
-0.364355 -0.379142 
-0.247643 -0.388169 
-0.223026 -0.388052 
-0.447164 -0.354995 
-0.146637 -0.386029 
-0.17253 -0.386868 
-0.638611 -0.0223416 
-0.529059 -0.30406 
0.605244 -0.174987 
-0.554535 -0.278983 
-0.56596 -0.265491 
-0.586503 -0.236477 
-0.595776 -0.220806 
-0.407302 -0.369165 
0.626758 -0.130061 
-0.483162 -0.336949 
-0.499547 -0.326678 
-0.197983 -0.387579 
0.320781 -0.363816 
-0.386176 -0.374674 
-0.0390253 -0.383038 
-0.0109684 -0.382598 
0.0464255 -0.382045 
0.0756361 -0.381812 
0.135149 -0.38094 
0.165632 -0.380027 
-0.639499 -0.0438689 
-0.612226 -0.186999 
0.365832 -0.353147 
0.293271 -0.368691 
0.411684 -0.338037 
-0.427686 -0.362591 
0.476049 -0.306937 
-0.639183 -0.0652303 
0.455706 -0.31828 
0.643306 -0.0628075 
0.550521 -0.24765 
0.574911 -0.219554 
0.637164 -0.096964 
-0.630987 -0.127979 
0.597104 -0.188384 
0.588486 -0.201282 
0.61284 -0.161085 
0.632474 -0.113663 
0.640792 -0.0799665 
0.496272 -0.293941 
-0.619445 -0.168317 
-0.465694 -0.346415 
-0.604375 -0.204312 
0.644948 -0.0280008 
-0.542289 -0.2918 
-0.271866 -0.387805 
0.535746 -0.262239 
-0.341971 -0.382604 
0.017515 -0.382282 
-0.120321 -0.385159 
-0.0665813 -0.383621 
-0.0936338 -0.384338 
0.105159 -0.381485 
0.228373 -0.376353 
-0.514848 -0.315683 
0.644696 -0.0454641 
0.516198 -0.279125 
0.560533 -0.236763 
