ZONE T="boundary0"
-4 -0.281431 
-4 0.174147 
-4 0.565357 
-4 0.468872 
-4 0.661842 
-4 0.346515 
-4 -0.242874 
-4 0.124894 
-4 0.0756401 
-4 -0.172703 
-4 -0.0134454 
-4 1 
-4 0.830921 
-4 -0.319989 
-4 -0.102531 
-4 0.214921 
-4 0.407694 
-4 0.255695 
-4 0.301105 
-4 -0.691833 
-4 -0.595579 
-4 -0.845917 
-4 -1 
-4 -0.409657 
-4 -0.499325 
-4 0.517115 
-4 -0.207788 
-4 -0.30071 
-4 -0.262153 
-4 -0.137617 
-4 0.194534 
-4 0.100267 
-4 0.0310973 
-4 0.149521 
-4 -0.0579882 
-4 0.235308 
-4 0.32381 
-4 0.438283 
-4 0.377104 
-4 0.613599 
-4 0.91546 
-4 0.746381 
-4 -0.643706 
-4 -0.768875 
-4 -0.922958 
-4 0.2784 
-4 -0.364823 
-4 -0.547452 
-4 -0.454491 
ZONE T="boundary1"
3.75148 1 
3.50296 1 
0.102132 1 
-0.284065 1 
-0.0369365 1 
-1.0216 1 
-0.482076 1 
-1.90228 1 
-1.71726 1 
0.536289 1 
0.429092 1 
-0.662047 1 
-4 1 
-3.62481 1 
-2.11675 1 
-2.23237 1 
-1.62475 1 
-3.332 1 
-3.0706 1 
4 1 
3.30946 1 
2.15349 1 
2.39051 1 
3.11596 1 
2.62753 1 
1.73856 1 
1.55828 1 
1.378 1 
-2.34798 1 
-0.391041 1 
-0.177089 1 
-0.573111 1 
-0.107013 1 
0.0325975 1 
0.332535 1 
0.235979 1 
0.169055 1 
0.643486 1 
-0.750983 1 
-0.932983 1 
-0.841983 1 
0.983865 1 
1.10247 1 
0.865262 1 
0.754374 1 
-1.11021 1 
-1.28525 1 
-1.19773 1 
-1.53224 1 
1.94602 1 
1.24024 1 
1.30912 1 
-2.8092 1 
-2.57859 1 
-1.40875 1 
3.62722 1 
-1.80977 1 
0.482691 1 
-3.8124 1 
-2.00952 1 
-1.67101 1 
-3.4784 1 
-3.2013 1 
3.40621 1 
2.272 1 
2.87175 1 
1.46814 1 
-0.337553 1 
-0.230577 1 
-0.527594 1 
-0.142051 1 
0.0673645 1 
-0.0021695 1 
0.380814 1 
-0.436558 1 
-0.0719746 1 
0.135593 1 
0.589887 1 
0.284257 1 
0.202517 1 
-0.617579 1 
-0.706515 1 
-0.887483 1 
1.04317 1 
0.809818 1 
0.924563 1 
0.69893 1 
-1.0659 1 
-1.24149 1 
-0.977289 1 
-1.5785 1 
1.64842 1 
1.84229 1 
2.04975 1 
1.27468 1 
-2.29017 1 
2.50902 1 
-2.9399 1 
-2.46329 1 
-2.17456 1 
3.87574 1 
3.21271 1 
-1.15397 1 
-0.796483 1 
-1.4705 1 
-1.347 1 
1.34356 1 
1.17135 1 
-2.6939 1 
ZONE T="boundary2"
4 -0.381116 
4 -0.239343 
4 -0.269649 
4 -0.299955 
4 -0.340536 
4 0.0982698 
4 -0.763328 
4 -1 
4 -0.644992 
4 -0.526656 
4 0.783845 
4 1 
4 -0.209416 
4 -0.179489 
4 -0.0620571 
4 -0.120773 
4 -0.453886 
4 0.0181063 
4 0.225766 
4 0.28889 
4 0.162018 
4 0.675768 
4 0.352014 
4 0.56769 
4 0.459852 
4 -0.254496 
4 -0.284802 
4 -0.320245 
4 -0.881664 
4 -0.70416 
4 -0.585824 
4 0.891923 
4 -0.194453 
4 -0.0914152 
4 -0.22438 
4 -0.360826 
4 0.0581881 
4 0.257328 
4 0.130144 
4 -0.417501 
4 -0.150131 
4 -0.490271 
4 0.320452 
4 0.193892 
4 0.513771 
4 0.621729 
4 0.729806 
4 0.405933 
4 -0.0219754 
ZONE T="boundary3"
-0.216333 -1 
3.81576 -1 
4 -1 
-0.0463456 -1 
-0.0997239 -1 
-1.18272 -1 
1.30841 -1 
1.23659 -1 
-0.372202 -1 
1.45205 -1 
0.579656 -1 
1.5806 -1 
1.87378 -1 
-0.764484 -1 
-0.629818 -1 
2.03841 -1 
2.20303 -1 
-1.31561 -1 
-1.43084 -1 
-2.15511 -1 
3.26305 -1 
-2.38256 -1 
-3.46809 -1 
-3.17602 -1 
-2.88394 -1 
2.87117 -1 
2.36766 -1 
2.61941 -1 
3.44729 -1 
-3.73405 -1 
-0.444725 -1 
-0.537271 -1 
-0.29968 -1 
0.00703281 -1 
0.0756006 -1 
0.144168 -1 
0.20455 -1 
0.264932 -1 
0.37457 -1 
0.477113 -1 
0.7883 -1 
0.683978 -1 
0.924884 -1 
1.16477 -1 
1.04483 -1 
-0.970044 -1 
-0.899151 -1 
-1.04094 -1 
1.70915 -1 
-1.54607 -1 
-1.66131 -1 
3.06711 -1 
3.63153 -1 
-2.61 -1 
-1.96582 -1 
-1.77654 -1 
-4 -1 
3.90788 -1 
-0.0730348 -1 
1.2725 -1 
1.38023 -1 
-0.697151 -1 
2.12072 -1 
-1.37323 -1 
-3.32205 -1 
2.49354 -1 
-3.60107 -1 
-0.490998 -1 
-0.335941 -1 
-0.0196564 -1 
0.109885 -1 
0.234741 -1 
0.319751 -1 
0.425842 -1 
0.736139 -1 
-0.583545 -1 
0.631817 -1 
0.856592 -1 
1.1048 -1 
-0.258007 -1 
-0.408463 -1 
0.528385 -1 
-0.934598 -1 
-1.11183 -1 
1.64488 -1 
1.20068 -1 
1.51632 -1 
-0.831818 -1 
-1.00549 -1 
-1.24917 -1 
-1.48846 -1 
-1.60369 -1 
3.16508 -1 
3.53941 -1 
1.79146 -1 
3.72364 -1 
2.74529 -1 
2.96914 -1 
3.35517 -1 
1.95609 -1 
-2.74697 -1 
2.28535 -1 
-2.26883 -1 
-2.06047 -1 
-1.87118 -1 
-3.86702 -1 
-1.71892 -1 
-3.02998 -1 
0.0413167 -1 
-0.158029 -1 
0.174359 -1 
0.984856 -1 
-2.49628 -1 
ZONE T="boundary4"
0.42552 0.26011 
-0.479369 0.376838 
-0.460782 0.393594 
-0.355931 0.461868 
0.446025 0.24832 
-0.608959 0.165412 
0.582893 0.143384 
-0.623504 0.0236213 
-0.624833 0.0467858 
0.651146 -0.0303451 
0.643749 0.0282573 
0.646809 0.0138432 
-0.259937 0.495081 
-0.234697 0.499991 
-0.624682 0.0702392 
-0.623024 0.0939238 
0.598892 0.123502 
0.399415 0.274525 
0.37299 0.288645 
0.308998 0.322252 
-0.583957 0.231498 
-0.209303 0.503438 
-0.183504 0.505444 
-0.619845 0.117746 
0.520615 0.199815 
0.493828 0.218598 
0.650505 -0.0155632 
-0.61515 0.141604 
-0.592354 0.212397 
-0.601338 0.189026 
-0.574238 0.251275 
-0.563641 0.270569 
-0.33271 0.472147 
-0.309019 0.481106 
-0.552684 0.288491 
-0.540919 0.305901 
-0.527797 0.323527 
-0.513873 0.340541 
-0.497067 0.359153 
-0.441382 0.409355 
-0.421134 0.424129 
-0.400165 0.437809 
-0.378352 0.450443 
-0.284633 0.488799 
-0.0794723 0.49873 
-0.0535416 0.493455 
-0.105684 0.50262 
-0.157727 0.505971 
-0.131617 0.505022 
0.543635 0.181637 
0.565437 0.161842 
-0.00140712 0.478668 
-0.027643 0.486795 
0.246472 0.355936 
0.216668 0.372435 
0.33041 0.310987 
0.351761 0.299805 
0.277761 0.338909 
0.466267 0.236178 
0.0509676 0.458549 
0.0245462 0.46932 
0.0771607 0.446742 
0.104195 0.433539 
0.635147 0.0565798 
0.629601 0.0704221 
0.612213 0.103747 
0.649068 -0.000833755 
0.639838 0.0425943 
0.623314 0.0838442 
0.131021 0.419621 
0.158998 0.404487 
0.186852 0.389061 
-0.470182 0.385336 
0.435799 0.254258 
0.645381 0.0210725 
-0.247352 0.497717 
-0.624039 0.0820955 
0.591099 0.133613 
0.386225 0.281618 
-0.196418 0.504627 
-0.62162 0.10586 
0.507341 0.209381 
-0.61223 0.153555 
-0.617679 0.129711 
-0.597001 0.200772 
-0.579206 0.24144 
0.650924 -0.0229495 
-0.588255 0.221992 
-0.605315 0.177274 
-0.569052 0.260985 
-0.320925 0.476791 
-0.546899 0.297262 
-0.520931 0.332114 
-0.48833 0.36811 
-0.431353 0.416875 
-0.451183 0.4016 
-0.505589 0.349956 
-0.389342 0.444273 
-0.410738 0.431108 
-0.296879 0.485125 
-0.367217 0.456307 
-0.222025 0.501896 
-0.0664761 0.496262 
-0.0925548 0.500854 
-0.144667 0.505682 
0.554721 0.171948 
-0.0144811 0.482889 
-0.53446 0.31479 
-0.118636 0.504 
-0.624944 0.0585146 
-0.17062 0.505891 
-0.34439 0.467168 
0.231563 0.364162 
0.341088 0.305394 
0.29337 0.330546 
0.319703 0.316609 
-0.558264 0.279593 
0.456177 0.2423 
0.480126 0.227514 
0.0378055 0.464066 
0.0116151 0.474136 
0.0907205 0.440237 
0.362383 0.294233 
0.262104 0.347386 
0.574338 0.15278 
0.632473 0.0635415 
0.648042 0.00652109 
0.641897 0.0354545 
0.626552 0.0771782 
0.637592 0.0496213 
0.649888 -0.0081882 
0.412499 0.267372 
-0.272328 0.492115 
0.0641098 0.452757 
0.117641 0.42665 
0.145034 0.412103 
-0.0405552 0.490287 
0.172937 0.396796 
0.201761 0.380745 
0.617973 0.093915 
-0.624354 0.0351938 
0.605759 0.113767 
0.532262 0.190905 
ZONE T="boundary5"
0.587735 -0.249069 
0.571733 -0.276385 
-0.620728 0.000810582 
-0.623504 0.0236213 
-0.616536 -0.0216297 
-0.595844 -0.0863206 
-0.604062 -0.0652101 
-0.586337 -0.106987 
0.651014 -0.0451493 
0.651146 -0.0303451 
-0.610974 -0.0436264 
0.643364 -0.104419 
0.639856 -0.119144 
-0.218527 -0.399007 
-0.243741 -0.389058 
-0.31693 -0.355784 
-0.268606 -0.378523 
-0.293197 -0.367347 
-0.340341 -0.343549 
-0.0891956 -0.439535 
-0.0626495 -0.445788 
-0.115465 -0.432665 
-0.141547 -0.425168 
-0.193071 -0.408342 
-0.167415 -0.41706 
-0.498613 -0.226912 
-0.48466 -0.240626 
-0.512125 -0.212748 
-0.524396 -0.198998 
0.562958 -0.289534 
-0.383515 -0.318465 
-0.362114 -0.331345 
0.620739 -0.177438 
-0.421261 -0.293184 
-0.437997 -0.280706 
-0.402589 -0.306141 
-0.469707 -0.254398 
-0.454303 -0.267647 
0.631235 -0.148392 
0.611714 -0.199324 
0.595025 -0.235072 
-0.575582 -0.127174 
-0.563615 -0.146871 
-0.536187 -0.184826 
-0.55046 -0.166098 
0.54374 -0.314704 
0.130372 -0.469728 
0.102045 -0.468706 
0.0737836 -0.466789 
0.0460167 -0.464065 
-0.00885821 -0.456322 
0.0183608 -0.460548 
-0.0359312 -0.451379 
0.159215 -0.469804 
0.188057 -0.468853 
0.474786 -0.378688 
0.246378 -0.463517 
0.217261 -0.466779 
0.275775 -0.458914 
0.334855 -0.44515 
0.305331 -0.452835 
0.448486 -0.396078 
0.421153 -0.411311 
0.499454 -0.359382 
0.511246 -0.348914 
0.533414 -0.326555 
0.522587 -0.337954 
0.392917 -0.424522 
0.553631 -0.30231 
0.650133 -0.0600375 
0.648544 -0.0748429 
0.646272 -0.0896612 
0.601948 -0.220885 
0.364143 -0.43574 
0.579984 -0.262874 
-0.622298 0.0121945 
-0.600113 -0.0758272 
-0.591244 -0.0967239 
-0.61881 -0.0104419 
0.651175 -0.0377477 
-0.613928 -0.032671 
0.64168 -0.111798 
-0.231165 -0.39411 
-0.256207 -0.383869 
-0.305102 -0.361646 
-0.328679 -0.349752 
-0.0759425 -0.442743 
-0.128529 -0.428994 
-0.180269 -0.412777 
-0.491691 -0.233824 
-0.518317 -0.205925 
-0.351272 -0.337528 
-0.429682 -0.287016 
-0.41198 -0.299743 
-0.3931 -0.312379 
-0.462062 -0.261089 
0.635787 -0.133839 
0.626184 -0.162986 
0.616323 -0.188421 
0.59143 -0.242095 
-0.607685 -0.0544712 
-0.569734 -0.137105 
-0.54344 -0.175551 
-0.505427 -0.219886 
0.116204 -0.469332 
0.0598896 -0.465529 
0.0321757 -0.462404 
-0.0224116 -0.453939 
0.17364 -0.46946 
0.202669 -0.467959 
-0.477241 -0.247575 
0.261103 -0.461383 
0.320145 -0.449192 
0.434959 -0.403945 
0.505405 -0.35421 
0.487316 -0.369286 
0.528062 -0.332312 
0.516975 -0.343494 
0.407148 -0.418158 
0.538641 -0.320685 
0.647489 -0.0822643 
-0.446208 -0.274249 
0.558362 -0.295972 
0.567413 -0.283005 
0.606921 -0.210146 
0.349568 -0.44066 
0.644893 -0.0970546 
0.548752 -0.308561 
0.461806 -0.38764 
0.649425 -0.0674492 
0.650665 -0.0525985 
-0.372866 -0.324991 
-0.205827 -0.403751 
-0.0493087 -0.448668 
0.144793 -0.469891 
0.290591 -0.456058 
-0.154505 -0.421191 
-0.102352 -0.436179 
0.00473637 -0.458527 
0.231836 -0.4653 
0.378619 -0.430359 
-0.280938 -0.373016 
0.0879064 -0.467857 
-0.530355 -0.191965 
-0.557164 -0.156572 
0.598529 -0.228001 
-0.581105 -0.117158 
