ZONE T="boundary0"
-4 -1 
-4 -0.412855 
-4 -0.475147 
-4 -0.300534 
-4 -0.350562 
-4 -0.238352 
-4 -0.17617 
-4 0.343786 
-4 0.405254 
-4 1 
-4 0.850015 
-4 0.700031 
-4 0.0203555 
-4 -0.0732948 
-4 -0.124732 
-4 0.583376 
-4 -0.698818 
-4 0.0671807 
-4 0.28237 
-4 0.525049 
-4 0.114006 
-4 0.251663 
-4 0.220955 
-4 0.16748 
-4 0.466722 
-4 -0.444001 
-4 -0.325548 
-4 -0.269443 
-4 -0.207261 
-4 0.37452 
-4 0.925008 
-4 -0.381709 
-4 -0.0264696 
-4 -0.150451 
-4 0.641704 
-4 -0.849409 
-4 -0.0990136 
-4 -0.586983 
-4 0.313078 
-4 0.554213 
-4 0.0905933 
-4 0.236309 
-4 0.267017 
-4 0.194218 
-4 0.495885 
-4 0.435988 
-4 0.0437681 
-4 0.775023 
-4 0.140743 
ZONE T="boundary1"
-2.88961 1 
-4 1 
1.38923 1 
3.78203 1 
4 1 
0.0251376 1 
0.195054 1 
-3.6788 1 
-0.307523 1 
-0.631722 1 
-0.032061 1 
-0.44911 1 
-1.44441 1 
-3.3576 1 
-3.5182 1 
-2.58501 1 
-1.23174 1 
-2.28042 1 
-1.89991 1 
-1.76989 1 
3.12811 1 
0.933782 1 
1.55533 1 
2.65053 1 
1.8346 1 
2.04572 1 
-2.43271 1 
-1.54214 1 
-0.202167 1 
-0.145713 1 
-0.0892596 1 
0.382029 1 
0.444417 1 
-0.924404 1 
0.132856 1 
-0.540416 1 
0.257252 1 
-0.727758 1 
-0.823793 1 
0.606164 1 
0.506806 1 
0.31964 1 
-0.378316 1 
0.705522 1 
-1.02501 1 
1.052 1 
-1.12838 1 
-1.33807 1 
1.27972 1 
1.17021 1 
1.69496 1 
-1.63988 1 
2.25685 1 
2.88932 1 
2.45369 1 
3.34608 1 
3.56405 1 
-3.12361 1 
-3.8394 1 
0.819652 1 
3.89101 1 
-0.00346171 1 
-3.4379 1 
-3.5985 1 
-2.73731 1 
-2.09016 1 
1.94016 1 
-2.35657 1 
-0.254845 1 
-0.17394 1 
-0.117486 1 
0.413223 1 
0.078997 1 
-0.0606603 1 
0.163955 1 
-0.494763 1 
0.226153 1 
-0.775775 1 
0.556485 1 
0.475612 1 
-0.586069 1 
0.655843 1 
-0.974709 1 
0.99289 1 
-1.18006 1 
-1.28491 1 
1.33448 1 
1.47228 1 
1.22497 1 
1.76478 1 
-1.39124 1 
-1.59101 1 
-1.8349 1 
-1.49327 1 
2.15128 1 
3.00872 1 
2.55211 1 
2.35527 1 
3.67304 1 
3.45507 1 
-3.00661 1 
-3.7591 1 
2.76993 1 
0.762587 1 
0.876717 1 
-0.413713 1 
-0.34292 1 
0.350835 1 
0.288446 1 
-0.67974 1 
-0.874098 1 
1.11111 1 
-1.70488 1 
1.62515 1 
-3.9197 1 
-1.0767 1 
-2.50886 1 
-3.2406 1 
3.2371 1 
ZONE T="boundary2"
4 -1 
4 -0.689645 
4 -0.374618 
4 -0.311353 
4 -0.252093 
4 0.232499 
4 1 
4 0.300339 
4 0.266419 
4 0.0951761 
4 0.157218 
4 -0.437883 
4 0.75 
4 0.583313 
4 -0.178082 
4 -0.125278 
4 -0.0724739 
4 0.0331346 
4 0.351152 
4 0.401966 
4 0.492639 
4 -0.563764 
4 -0.500823 
4 -0.844822 
4 -0.342985 
4 -0.281723 
4 0.283379 
4 0.126197 
4 0.875 
4 0.666657 
4 -0.215088 
4 -0.098876 
4 -0.15168 
4 -0.0196696 
4 0.249459 
4 0.376559 
4 0.325746 
4 0.194858 
4 0.537976 
4 0.447303 
4 0.0641554 
4 -0.40625 
4 -0.469353 
4 -0.532294 
4 -0.626704 
ZONE T="boundary3"
-3.58453 -1 
-4 -1 
4 -1 
3.00153 -1 
2.82098 -1 
-0.202684 -1 
-0.124565 -1 
-0.0464459 -1 
0.0198751 -1 
0.146017 -1 
0.0861962 -1 
0.45347 -1 
-1.38972 -1 
0.546446 -1 
1.66159 -1 
1.8448 -1 
0.847019 -1 
-3.09269 -1 
-2.74628 -1 
-1.83624 -1 
-2.56751 -1 
3.64742 -1 
-3.21565 -1 
2.42551 -1 
2.64043 -1 
2.0277 -1 
2.21059 -1 
3.1706 -1 
-0.256218 -1 
-0.690744 -1 
0.360494 -1 
0.283166 -1 
1.06359 -1 
0.953193 -1 
0.205838 -1 
0.643645 -1 
-0.803494 -1 
-0.916243 -1 
-1.03216 -1 
0.740844 -1 
1.17398 -1 
1.38235 -1 
1.27816 -1 
-1.14809 -1 
-1.52607 -1 
3.75 -1 
-3.33861 -1 
-1.66242 -1 
-2.38873 -1 
-2.1994 -1 
-2.01006 -1 
1.52197 -1 
1.59178 -1 
-0.309753 -1 
-0.363287 -1 
-0.416822 -1 
-0.553783 -1 
3.54484 -1 
3.33967 -1 
-1.2689 -1 
-3.79227 -1 
2.91125 -1 
-0.163624 -1 
-0.0132854 -1 
0.116107 -1 
0.499958 -1 
1.7532 -1 
-2.91949 -1 
-2.65689 -1 
-3.15417 -1 
2.53297 -1 
2.11914 -1 
3.08606 -1 
-0.229451 -1 
0.32183 -1 
1.00839 -1 
0.175927 -1 
0.0530357 -1 
0.595046 -1 
0.406982 -1 
-0.747119 -1 
-0.974203 -1 
0.900106 -1 
0.692245 -1 
0.793932 -1 
1.11878 -1 
1.33025 -1 
-0.859868 -1 
3.875 -1 
-3.46157 -1 
2.31805 -1 
2.73071 -1 
-1.74933 -1 
-2.47812 -1 
-2.10473 -1 
-2.29407 -1 
1.93625 -1 
1.45216 -1 
1.62668 -1 
-1.4579 -1 
-1.92315 -1 
-0.33652 -1 
-0.282986 -1 
-0.485303 -1 
-0.390055 -1 
-0.622264 -1 
-0.0855054 -1 
0.244502 -1 
1.22607 -1 
3.69871 -1 
3.44226 -1 
3.59613 -1 
-1.32931 -1 
-1.20849 -1 
-1.59425 -1 
-1.09012 -1 
3.25514 -1 
1.55687 -1 
-3.27713 -1 
ZONE T="boundary4"
-0.0683998 0.450403 
-0.0956548 0.449789 
-0.311131 0.414236 
-0.19894 0.440273 
-0.331043 0.407474 
-0.645217 0.00390259 
-0.645071 0.0215743 
0.658836 0.0313474 
0.660966 0.0056361 
-0.607688 0.169828 
-0.620416 0.140604 
0.647136 0.0819375 
-0.642082 0.0570567 
-0.574647 0.226501 
-0.644027 0.0393218 
-0.635519 0.0922343 
-0.630954 0.109499 
-0.625889 0.125563 
-0.592556 0.198227 
-0.422273 0.365631 
-0.268696 0.426331 
-0.246027 0.431618 
-0.484588 0.323397 
-0.469765 0.334746 
-0.174564 0.443623 
-0.148758 0.446396 
-0.510878 0.300758 
-0.533592 0.278019 
-0.454513 0.345512 
-0.438581 0.355872 
-0.387701 0.383825 
-0.36935 0.392257 
-0.405152 0.37504 
-0.350713 0.400042 
-0.290014 0.42063 
-0.122877 0.448425 
0.578656 0.200737 
0.660582 -0.0200739 
-0.639237 0.074736 
0.624677 0.133293 
0.616492 0.147558 
0.431323 0.329174 
0.457121 0.312734 
0.404581 0.344392 
0.377189 0.358339 
0.289937 0.393969 
0.319531 0.383204 
0.592085 0.18359 
0.348686 0.371327 
0.564582 0.217352 
0.550137 0.233257 
0.53516 0.248662 
0.481577 0.295255 
0.518457 0.264576 
0.501074 0.279755 
0.0774731 0.44194 
0.107533 0.437833 
0.0179276 0.447707 
0.0473174 0.445253 
0.138101 0.432818 
0.259906 0.403702 
0.168517 0.426962 
0.637698 0.106627 
0.632191 0.118655 
0.661086 -0.0072253 
0.656813 0.0442213 
0.654178 0.0569479 
0.604786 0.165815 
-0.223199 0.43619 
-0.0399514 0.450276 
-0.0115137 0.449394 
0.199149 0.420151 
0.229558 0.412431 
-0.554822 0.25332 
-0.0820295 0.450188 
-0.645255 0.0127396 
0.660215 0.0185181 
-0.321115 0.410937 
-0.614347 0.155345 
-0.644661 0.0304549 
-0.633342 0.100895 
-0.623232 0.133112 
-0.628512 0.11756 
-0.583861 0.212529 
-0.257383 0.429066 
-0.477232 0.329144 
-0.161672 0.445105 
-0.522445 0.289598 
-0.46219 0.340202 
-0.446596 0.350767 
-0.643166 0.0482017 
-0.378563 0.388123 
-0.360065 0.39623 
-0.34091 0.403843 
-0.396466 0.37951 
-0.279378 0.423566 
-0.135825 0.447501 
-0.186765 0.442038 
-0.300599 0.417521 
-0.637486 0.0835083 
-0.600393 0.184173 
0.620664 0.140471 
0.444328 0.321121 
0.390963 0.351519 
0.304784 0.388722 
0.363006 0.364983 
0.571694 0.209108 
0.542716 0.241025 
0.50985 0.272262 
0.0925168 0.439986 
0.0326304 0.446575 
-0.109271 0.449202 
0.122835 0.43543 
0.274964 0.398964 
0.491418 0.287621 
-0.413756 0.370414 
0.585458 0.192232 
0.642689 0.0943869 
-0.64077 0.0659143 
0.628522 0.126019 
0.635007 0.11267 
0.661104 -0.000793912 
0.657903 0.0377967 
0.655572 0.0506004 
0.610761 0.156765 
0.557425 0.225365 
0.526892 0.256707 
-0.430472 0.360826 
0.660912 -0.0136524 
0.59854 0.174778 
-0.211085 0.438325 
-0.234631 0.433992 
0.418044 0.336944 
0.0624062 0.443696 
-0.0257297 0.449928 
0.15333 0.429996 
0.183858 0.423668 
0.00321241 0.448648 
-0.0541754 0.450435 
0.469468 0.304162 
0.244768 0.408189 
-0.564975 0.240088 
0.214383 0.416407 
-0.497948 0.312327 
0.334167 0.377409 
0.650946 0.0695245 
-0.544439 0.265869 
ZONE T="boundary5"
-0.530076 -0.259232 
-0.508061 -0.280902 
-0.367038 -0.37291 
-0.604179 -0.156038 
-0.611051 -0.142042 
-0.570716 -0.210241 
-0.588543 -0.183639 
-0.644479 -0.0136211 
-0.645217 0.00390259 
-0.623093 -0.113173 
-0.458676 -0.32057 
-0.617352 -0.127778 
-0.642879 -0.0309678 
-0.637199 -0.0649177 
-0.640445 -0.0480594 
-0.250555 -0.415023 
-0.349313 -0.380782 
-0.272122 -0.408775 
-0.292264 -0.402362 
-0.330871 -0.388353 
-0.0810186 -0.445612 
-0.107023 -0.442819 
-0.132952 -0.439393 
-0.20567 -0.426149 
-0.228838 -0.42071 
-0.157715 -0.435502 
-0.628408 -0.0977168 
-0.633178 -0.0814696 
-0.551158 -0.235465 
-0.437712 -0.334577 
-0.402031 -0.355451 
-0.312231 -0.395413 
-0.419233 -0.345815 
-0.484469 -0.301181 
0.645012 -0.0958183 
0.652484 -0.0709861 
0.611064 -0.167099 
0.596914 -0.189363 
0.513568 -0.288973 
0.495349 -0.305171 
-0.384528 -0.364521 
0.548626 -0.252528 
0.458469 -0.333438 
0.477236 -0.319739 
0.027883 -0.450553 
0.000333045 -0.450325 
-0.0272013 -0.449405 
-0.0541338 -0.447838 
0.0558271 -0.450067 
0.0837489 -0.448846 
0.196681 -0.435786 
0.168448 -0.440353 
0.111952 -0.44684 
0.140089 -0.444034 
0.225054 -0.430231 
0.253218 -0.423685 
0.389768 -0.373981 
0.415261 -0.360484 
0.309124 -0.407295 
0.281331 -0.416042 
0.437183 -0.34748 
0.363649 -0.38621 
0.530919 -0.271877 
0.657733 -0.045627 
0.660582 -0.0200739 
-0.182376 -0.431002 
0.565428 -0.23232 
0.581591 -0.211184 
0.624013 -0.144039 
0.640478 -0.108077 
0.635468 -0.12016 
0.336609 -0.397363 
-0.519253 -0.270254 
-0.607685 -0.149074 
-0.57987 -0.197101 
-0.644958 -0.00486372 
-0.614274 -0.134942 
-0.643787 -0.0223042 
-0.638925 -0.0565081 
-0.282214 -0.405634 
-0.340119 -0.384633 
-0.119998 -0.441186 
-0.217271 -0.423504 
-0.145345 -0.437523 
-0.239714 -0.417935 
-0.630889 -0.0896211 
-0.561146 -0.223015 
-0.596629 -0.16999 
-0.448276 -0.327697 
-0.302271 -0.398955 
-0.410672 -0.350705 
-0.471729 -0.311083 
0.649012 -0.0834812 
-0.620299 -0.120506 
0.604128 -0.178319 
-0.635288 -0.0732175 
0.504562 -0.297189 
0.467931 -0.326697 
0.0141072 -0.450525 
-0.0406723 -0.448704 
-0.0940293 -0.444294 
0.069792 -0.44955 
-0.358204 -0.37691 
0.182583 -0.438182 
0.12603 -0.445539 
-0.375814 -0.368781 
0.239165 -0.427085 
-0.261359 -0.411971 
0.295272 -0.411809 
0.402599 -0.367393 
-0.428526 -0.340284 
0.486379 -0.312563 
-0.321575 -0.391946 
0.447911 -0.340589 
0.376781 -0.380251 
-0.393315 -0.360056 
0.426298 -0.35411 
0.522353 -0.280536 
0.655398 -0.0583662 
0.659461 -0.0328839 
-0.194038 -0.428647 
0.573614 -0.221831 
0.539897 -0.262316 
0.557136 -0.242515 
0.61771 -0.155665 
-0.641767 -0.0395284 
0.63803 -0.114143 
0.629947 -0.132199 
-0.496433 -0.291238 
0.642807 -0.10197 
-0.625837 -0.105474 
-0.540816 -0.247524 
-0.067583 -0.446808 
-0.170059 -0.433329 
0.0418566 -0.450401 
0.210891 -0.433129 
0.32292 -0.402477 
-0.013437 -0.449951 
0.0978572 -0.447941 
0.154283 -0.442302 
0.267311 -0.419998 
0.589369 -0.200355 
0.350192 -0.391941 
