ZONE T="boundary0"
-4 -1 
-4 0.396779 
-4 0.457177 
-4 0.191173 
-4 0.21663 
-4 0.14026 
-4 0.348039 
-4 0.2993 
-4 0.242086 
-4 0.638181 
-4 0.517574 
-4 1 
-4 0.758787 
-4 0.0900491 
-4 0.0398381 
-4 -0.00991889 
-4 -0.246771 
-4 -0.20298 
-4 -0.0596759 
-4 -0.15919 
-4 -0.298269 
-4 -0.349768 
-4 -0.463736 
-4 -0.406752 
-4 -0.588973 
-4 -0.71421 
-4 -0.181085 
-4 0.426978 
-4 0.203901 
-4 0.32367 
-4 0.577878 
-4 0.879394 
-4 0.0649436 
-4 -0.224876 
-4 0.165717 
-4 0.229358 
-4 0.270693 
-4 0.372409 
-4 0.487376 
-4 -0.109433 
-4 -0.0347974 
-4 0.115155 
-4 0.0149596 
-4 -0.324019 
-4 -0.435244 
-4 -0.651592 
-4 -0.526355 
-4 -0.857105 
-4 0.698484 
-4 -0.192033 
-4 -0.27252 
-4 -0.170138 
-4 -0.37826 
ZONE T="boundary1"
-4 1 
3.84568 1 
3.69135 1 
3.38271 1 
0.504481 1 
0.390083 1 
0.0246565 1 
1.01805 1 
0.949091 1 
-0.766387 1 
0.761741 1 
0.699291 1 
1.08701 1 
0.553184 1 
-0.556367 1 
-0.0498947 1 
-0.124446 1 
-0.871155 1 
-0.361238 1 
-3.29248 1 
-1.09054 1 
-1.21053 1 
-3.76014 1 
-1.5483 1 
-2.20917 1 
-2.62513 1 
-2.41715 1 
2.07079 1 
1.86709 1 
3.15606 1 
2.92941 1 
-3.06469 1 
1.71462 1 
1.56214 1 
0.133992 1 
0.204838 1 
0.332883 1 
0.275684 1 
-0.451115 1 
0.601886 1 
-0.197904 1 
-0.271362 1 
-0.661618 1 
-0.980849 1 
-1.33052 1 
0.886641 1 
0.824191 1 
1.20931 1 
1.33161 1 
1.44688 1 
-2.01536 1 
-3.52027 1 
-1.82155 1 
-2.84491 1 
2.76568 1 
2.60195 1 
2.27449 1 
2.43822 1 
4 1 
3.76851 1 
0.447282 1 
0.983571 1 
0.730516 1 
1.05253 1 
0.528833 1 
-0.0871703 1 
-1.15054 1 
-3.88007 1 
-2.31316 1 
1.96894 1 
3.04274 1 
1.63838 1 
0.169415 1 
-0.0126191 1 
0.0793241 1 
-0.234633 1 
-0.161175 1 
-0.406177 1 
-0.3163 1 
0.240261 1 
0.304284 1 
-0.503741 1 
-0.818771 1 
-0.714002 1 
-0.926002 1 
-1.0357 1 
-1.27053 1 
-0.608992 1 
0.855416 1 
0.917866 1 
-1.43941 1 
1.14816 1 
-2.11227 1 
-2.52114 1 
-3.6402 1 
-1.68493 1 
1.79085 1 
-1.91845 1 
-2.73502 1 
-2.9548 1 
2.68381 1 
3.26938 1 
2.84755 1 
2.17264 1 
3.53703 1 
2.52008 1 
2.35635 1 
3.92284 1 
0.361483 1 
0.650589 1 
0.577535 1 
0.792966 1 
-3.17858 1 
-3.40638 1 
1.38925 1 
1.27046 1 
1.50451 1 
ZONE T="boundary2"
4 -1 
4 -0.604954 
4 -0.234832 
4 -0.299951 
4 -0.36507 
4 -0.20601 
4 0.452113 
4 0.374261 
4 -0.177188 
4 -0.1287 
4 -0.0802116 
4 0.124987 
4 0.258179 
4 0.296408 
4 -0.0250941 
4 0.0300234 
4 0.652924 
4 1 
4 -0.485012 
4 0.21995 
4 0.172469 
4 0.0775052 
4 0.552519 
4 0.826462 
4 -0.802477 
4 -0.33251 
4 -0.267391 
4 0.413187 
4 -0.104456 
4 0.277293 
4 -0.152944 
4 0.335334 
4 0.239065 
4 0.196209 
4 0.148728 
4 0.101246 
4 -0.191599 
4 -0.220421 
4 -0.425041 
4 -0.0526529 
4 0.00246466 
4 0.0537643 
4 0.502316 
4 -0.544983 
4 0.602721 
4 0.739693 
4 0.913231 
ZONE T="boundary3"
-3.81736 -1 
-4 -1 
-1.74415 -1 
-1.88754 -1 
4 -1 
-0.704232 -1 
-0.808426 -1 
-0.409069 -1 
-0.575819 -1 
-0.876291 -1 
-1.26109 -1 
-1.14174 -1 
0.115124 -1 
0.207988 -1 
-0.492444 -1 
-1.49059 -1 
-1.38043 -1 
1.36106 -1 
1.79767 -1 
1.9704 -1 
2.14314 -1 
2.28841 -1 
-2.32177 -1 
-2.10466 -1 
-2.68254 -1 
2.94923 -1 
3.17422 -1 
3.36102 -1 
3.54782 -1 
3.77391 -1 
-3.16936 -1 
-3.33163 -1 
-0.185222 -1 
0.441272 -1 
0.0222599 -1 
-1.04295 -1 
-0.944156 -1 
-0.254092 -1 
-0.331581 -1 
-0.116353 -1 
0.554869 -1 
0.668466 -1 
0.785101 -1 
0.901735 -1 
-1.60076 -1 
0.32463 -1 
-3.63472 -1 
1.24844 -1 
1.13582 -1 
1.45982 -1 
1.55858 -1 
1.01878 -1 
2.57897 -1 
2.72425 -1 
-3.00709 -1 
2.43369 -1 
-2.50216 -1 
-3.48318 -1 
-0.0470464 -1 
-3.90868 -1 
-0.756329 -1 
-0.640026 -1 
-1.20141 -1 
0.161556 -1 
-0.450757 -1 
-1.43551 -1 
2.05677 -1 
-2.21322 -1 
3.06172 -1 
3.26762 -1 
3.45442 -1 
3.88695 -1 
-0.534132 -1 
0.068692 -1 
-0.842358 -1 
-0.910223 -1 
-0.150787 -1 
0.49807 -1 
0.843418 -1 
-0.219657 -1 
-1.09235 -1 
0.611667 -1 
-1.32076 -1 
-1.54567 -1 
-1.67245 -1 
-0.993553 -1 
0.266309 -1 
1.30475 -1 
1.5092 -1 
1.19213 -1 
1.0773 -1 
-1.81584 -1 
1.67813 -1 
2.65161 -1 
-1.9961 -1 
2.36105 -1 
2.21578 -1 
2.50633 -1 
-2.59235 -1 
-2.41197 -1 
-3.55895 -1 
-3.40741 -1 
-3.08822 -1 
-3.2505 -1 
-2.84481 -1 
1.88404 -1 
-0.0123932 -1 
-0.0816995 -1 
0.726783 -1 
-0.370325 -1 
-0.292836 -1 
3.66086 -1 
1.41044 -1 
0.382951 -1 
0.960256 -1 
2.83674 -1 
-3.72604 -1 
ZONE T="boundary4"
0.645021 0.0551023 
0.639194 0.0775027 
0.474287 0.355921 
0.492564 0.337356 
-0.38292 0.356407 
-0.367096 0.366558 
-0.428047 0.323977 
0.556433 0.251266 
0.538721 0.279068 
0.571079 0.226111 
-0.504348 0.252995 
-0.59803 0.113663 
-0.526247 0.227355 
-0.634253 -0.0179489 
-0.628502 0.0204141 
-0.631858 0.00123853 
-0.618953 0.058471 
-0.60581 0.0956379 
-0.350393 0.376672 
-0.333437 0.386352 
-0.624198 0.0395031 
-0.143539 0.462685 
-0.118269 0.469127 
-0.590349 0.129623 
-0.541489 0.207787 
-0.555962 0.187567 
-0.573815 0.159668 
-0.455298 0.301397 
-0.236568 0.431922 
-0.215084 0.440061 
-0.41341 0.335112 
-0.398477 0.345843 
-0.315411 0.396038 
-0.297143 0.405256 
-0.277602 0.41449 
-0.257825 0.423212 
-0.168607 0.455512 
-0.0913119 0.47515 
-0.0641833 0.480346 
-0.480641 0.277819 
0.649281 0.0324408 
0.360772 0.435094 
0.386391 0.421474 
-0.0354884 0.484909 
0.273882 0.468484 
0.332722 0.447857 
0.511554 0.315585 
0.41132 0.406153 
0.43436 0.389897 
0.454743 0.373571 
0.0849673 0.493585 
0.0537344 0.492988 
0.242706 0.476538 
0.211169 0.482929 
0.179439 0.487739 
-0.00666604 0.488533 
-0.612814 0.0771907 
0.631842 0.0999949 
0.623273 0.122151 
0.585149 0.200629 
0.598438 0.175353 
0.611023 0.149765 
-0.191955 0.448109 
0.529373 0.292429 
0.651801 0.00986909 
0.303512 0.459054 
0.0235008 0.491294 
0.116181 0.492967 
0.14772 0.491052 
0.652527 -0.0125887 
0.64229 0.0663496 
0.483559 0.346772 
-0.375041 0.361533 
0.547759 0.265285 
0.563844 0.238739 
-0.515465 0.240318 
-0.630297 0.0108463 
-0.633173 -0.008341 
-0.341946 0.381566 
-0.626465 0.0299841 
-0.602019 0.104693 
-0.130927 0.465997 
-0.594266 0.121679 
-0.548832 0.197754 
-0.565105 0.173756 
-0.621688 0.0490179 
-0.225853 0.436063 
-0.533963 0.217646 
-0.405979 0.340528 
-0.420767 0.329595 
-0.358777 0.37167 
-0.390734 0.351177 
-0.306306 0.400705 
-0.267741 0.418915 
-0.247226 0.427639 
-0.156099 0.45919 
-0.104813 0.472242 
-0.0777673 0.477852 
-0.582346 0.14479 
0.647355 0.0438099 
0.373685 0.42848 
0.502228 0.32662 
0.422967 0.398206 
0.346846 0.441693 
0.444671 0.381884 
0.0693487 0.493435 
0.195333 0.485524 
0.25835 0.472724 
-0.0210919 0.486839 
-0.609417 0.0864538 
0.627692 0.111124 
0.604834 0.162608 
0.578177 0.213403 
-0.180306 0.451891 
0.635681 0.0888014 
-0.287403 0.409938 
-0.324456 0.391254 
0.464645 0.364892 
0.534099 0.285785 
0.650758 0.0211793 
-0.492676 0.265581 
-0.203548 0.444166 
0.288764 0.463977 
0.00840583 0.490045 
0.0386106 0.492276 
-0.0498541 0.482743 
0.398976 0.414012 
0.100578 0.493431 
0.131962 0.492176 
0.591866 0.188027 
0.318201 0.453674 
0.226979 0.479935 
0.163599 0.489573 
-0.615993 0.0678662 
0.65239 -0.00135226 
-0.468142 0.289794 
0.520636 0.304142 
0.617313 0.136029 
-0.441831 0.312878 
ZONE T="boundary5"
0.607653 -0.159227 
0.619062 -0.140001 
-0.577415 -0.260831 
-0.587149 -0.244168 
-0.595351 -0.228473 
-0.544633 -0.305617 
-0.521971 -0.329567 
-0.624938 -0.148199 
-0.628864 -0.130636 
-0.632047 -0.112306 
-0.620207 -0.165502 
-0.615001 -0.181644 
-0.323919 -0.425107 
-0.343933 -0.42153 
-0.435686 -0.390304 
-0.259527 -0.430502 
-0.28179 -0.429599 
-0.302938 -0.427829 
-0.363713 -0.416973 
-0.382505 -0.411623 
-0.236556 -0.430504 
-0.189146 -0.427984 
-0.213521 -0.429667 
-0.634335 -0.0937633 
-0.138736 -0.422441 
-0.164775 -0.425608 
-0.400994 -0.405307 
-0.112724 -0.418773 
-0.509343 -0.341126 
-0.49592 -0.35224 
-0.567175 -0.276464 
-0.556169 -0.291487 
-0.609114 -0.197517 
-0.418528 -0.398267 
-0.467082 -0.372629 
-0.451706 -0.381819 
-0.48199 -0.36264 
-0.634253 -0.0179489 
0.51665 -0.25609 
0.496639 -0.270386 
-0.635687 -0.0370768 
-0.635716 -0.0750103 
-0.636171 -0.0561217 
-0.0575965 -0.409928 
-0.0851395 -0.414481 
-0.0290204 -0.405052 
0.0571785 -0.390375 
0.0283714 -0.395209 
0.0854791 -0.38573 
0.141288 -0.376795 
0.16878 -0.372404 
0.113708 -0.381186 
0.250551 -0.358372 
0.223248 -0.363325 
0.277725 -0.353005 
0.408039 -0.31597 
0.595032 -0.177449 
0.383227 -0.32504 
0.43175 -0.306036 
0.454107 -0.295319 
0.475882 -0.283387 
0.552824 -0.225074 
0.357547 -0.333231 
0.569132 -0.208498 
0.637161 -0.0996148 
0.628877 -0.120226 
0.58246 -0.193384 
0.535103 -0.241164 
0.643706 -0.0784911 
0.648469 -0.0569134 
0.651424 -0.0348486 
-0.000497589 -0.400141 
0.196064 -0.367952 
0.331609 -0.340477 
0.304751 -0.347088 
0.652527 -0.0125887 
0.613533 -0.149718 
-0.582387 -0.252562 
-0.533584 -0.31786 
-0.591336 -0.236366 
-0.627004 -0.139441 
-0.630568 -0.121491 
-0.622673 -0.156879 
-0.333949 -0.423439 
-0.617692 -0.173602 
-0.270666 -0.430167 
-0.292376 -0.42883 
-0.313447 -0.426591 
-0.373145 -0.414418 
-0.248044 -0.430614 
-0.633305 -0.103049 
-0.151748 -0.424096 
-0.125723 -0.42066 
-0.502701 -0.346767 
-0.561771 -0.284048 
-0.612142 -0.189613 
-0.459453 -0.377323 
-0.515728 -0.335425 
-0.4746 -0.367731 
-0.443751 -0.386165 
-0.427161 -0.3944 
-0.48902 -0.357527 
0.506754 -0.263392 
-0.635088 -0.0275046 
-0.572396 -0.268715 
-0.636061 -0.0655695 
-0.0713632 -0.412229 
-0.0989251 -0.416668 
-0.391792 -0.408586 
-0.0433049 -0.407501 
0.0427751 -0.392779 
0.0713295 -0.38804 
0.155036 -0.374605 
0.1275 -0.378988 
-0.225037 -0.430184 
0.236908 -0.360893 
0.26415 -0.355749 
0.601496 -0.168445 
0.395682 -0.320643 
-0.409808 -0.401901 
0.486357 -0.277042 
0.442996 -0.300823 
0.370426 -0.329262 
0.419953 -0.311147 
0.633227 -0.110004 
0.465078 -0.289508 
0.544076 -0.233246 
0.561094 -0.216902 
0.588859 -0.185506 
-0.353853 -0.419377 
0.575895 -0.201029 
0.624159 -0.130207 
0.640652 -0.0891202 
0.646313 -0.0677518 
-0.550493 -0.298627 
-0.20133 -0.42892 
0.650179 -0.0459119 
-0.176955 -0.426874 
-0.636047 -0.0465969 
0.525983 -0.248761 
0.0139378 -0.397666 
0.209662 -0.365668 
0.318204 -0.343879 
0.0995947 -0.383449 
0.182426 -0.370194 
0.291255 -0.350125 
0.344608 -0.336963 
-0.0147569 -0.402596 
-0.635142 -0.084396 
0.652206 -0.0237296 
-0.602554 -0.21314 
