ZONE T="boundary0"
-4 -0.500647 
-4 -1 
-4 -0.40287 
-4 0.0130141 
-4 -0.0732948 
-4 0.244363 
-4 0.171843 
-4 -0.269443 
-4 -0.300534 
-4 -0.124732 
-4 1 
-4 0.572192 
-4 -0.599733 
-4 -0.698818 
-4 -0.17617 
-4 -0.238352 
-4 -0.207261 
-4 0.099323 
-4 0.302808 
-4 0.0561686 
-4 0.466722 
-4 0.361252 
-4 0.786096 
-4 -0.849409 
-4 -0.451759 
-4 -0.0301403 
-4 -0.284989 
-4 -0.351702 
-4 -0.0990136 
-4 -0.649275 
-4 -0.191716 
-4 0.135583 
-4 0.208103 
-4 0.0345914 
-4 0.519457 
-4 0.413987 
-4 0.679144 
-4 -0.55019 
-4 0.893048 
-4 -0.774114 
-4 -0.924705 
-4 -0.253898 
-4 -0.222807 
-4 0.33203 
-4 0.0777458 
-4 -0.150451 
-4 0.273585 
ZONE T="boundary1"
3.75089 1 
4 1 
0.025979 1 
0.240183 1 
0.81344 1 
0.506806 1 
0.291672 1 
0.416009 1 
-1.23359 1 
-1.12787 1 
-4 1 
-3.8394 1 
-1.43763 1 
-3.5182 1 
3.25267 1 
2.81839 1 
3.00355 1 
-3.3576 1 
-3.02664 1 
-1.7175 1 
2.03102 1 
1.79914 1 
-2.08231 1 
-2.28042 1 
-3.6788 1 
1.63817 1 
-2.88961 1 
-2.47852 1 
-2.75258 1 
0.0765699 1 
-0.0246119 1 
-0.0840394 1 
-0.143467 1 
-0.286411 1 
-0.214939 1 
-0.447358 1 
0.188694 1 
0.132632 1 
0.597604 1 
-0.628679 1 
-0.538018 1 
-0.725426 1 
-0.822174 1 
-0.92216 1 
-1.02215 1 
3.50178 1 
0.933782 1 
0.705522 1 
1.47721 1 
1.28631 1 
1.05412 1 
1.17021 1 
-1.33561 1 
-1.57757 1 
-1.89991 1 
2.63323 1 
2.2629 1 
3.87544 1 
0.35384 1 
-1.18073 1 
-3.9197 1 
-3.19212 1 
1.91508 1 
-2.18136 1 
-3.5985 1 
1.71866 1 
-2.61555 1 
0.00068357 1 
-0.113753 1 
0.0512744 1 
-0.250675 1 
-0.179203 1 
-0.366884 1 
0.160663 1 
0.552205 1 
0.461407 1 
-0.583349 1 
-0.677052 1 
-0.492688 1 
-0.872167 1 
-0.7738 1 
-0.972153 1 
3.62633 1 
0.873611 1 
-3.7591 1 
-3.4379 1 
3.12811 1 
1.38176 1 
1.11217 1 
-1.38662 1 
-1.07501 1 
-1.5076 1 
-1.64754 1 
-1.99111 1 
-1.80871 1 
3.37722 1 
2.91097 1 
2.72581 1 
1.55769 1 
1.22826 1 
2.14696 1 
-2.37947 1 
2.44806 1 
-2.95813 1 
-2.8211 1 
0.104601 1 
0.265927 1 
0.214438 1 
-0.0543256 1 
0.651563 1 
0.759481 1 
0.993952 1 
-1.2846 1 
ZONE T="boundary2"
4 -0.277091 
4 -0.317109 
4 -0.424115 
4 -0.357128 
4 -0.491102 
4 0.274609 
4 0.315361 
4 1 
4 -0.187077 
4 0.0331346 
4 0.575664 
4 0.839434 
4 0.678869 
4 -0.681284 
4 -1 
4 0.39391 
4 0.0927437 
4 0.152353 
4 0.233857 
4 0.193105 
4 0.47246 
4 -0.0264744 
4 -0.13658 
4 -0.0860835 
4 -0.586193 
4 -0.2971 
4 -0.390621 
4 0.294985 
4 0.919717 
4 -0.840642 
4 0.354636 
4 0.122548 
4 0.254233 
4 0.172729 
4 0.213481 
4 0.433185 
4 0.00333011 
4 0.0629392 
4 -0.232084 
4 -0.337118 
4 -0.111332 
4 -0.538648 
4 -0.161828 
4 -0.457609 
4 0.759152 
4 -0.056279 
4 -0.633738 
4 0.627267 
4 0.524062 
ZONE T="boundary3"
-3.73777 -1 
-4 -1 
1.17194 -1 
1.06164 -1 
-1.26323 -1 
-1.1498 -1 
-0.575948 -1 
0.208299 -1 
0.149214 -1 
0.267383 -1 
0.376171 -1 
0.45595 -1 
-2.72199 -1 
4 -1 
1.83887 -1 
2.01918 -1 
2.60451 -1 
-2.32401 -1 
-3.22784 -1 
-3.10137 -1 
-1.49964 -1 
-3.61028 -1 
-3.4828 -1 
3.57661 -1 
2.402 -1 
-2.523 -1 
3.15322 -1 
2.87887 -1 
3.36491 -1 
0.321777 -1 
0.535729 -1 
0.0849763 -1 
-0.0729474 -1 
-0.11979 -1 
-0.273099 -1 
-0.166633 -1 
0.951339 -1 
-0.422115 -1 
0.636942 -1 
0.738155 -1 
0.844747 -1 
1.4007 -1 
1.28632 -1 
-0.372443 -1 
-0.68011 -1 
1.502 -1 
-0.471787 -1 
1.6033 -1 
-0.797705 -1 
-1.79664 -1 
-1.97066 -1 
-1.62262 -1 
-1.37666 -1 
-2.14734 -1 
2.19949 -1 
0.0207387 -1 
-0.322771 -1 
-1.03255 -1 
-0.9153 -1 
-2.97491 -1 
-3.86888 -1 
1.11679 -1 
-1.20651 -1 
0.178756 -1 
0.416061 -1 
-3.1646 -1 
-3.54654 -1 
3.7883 -1 
3.01604 -1 
2.74169 -1 
0.348974 -1 
0.237841 -1 
0.49584 -1 
-0.0963689 -1 
-0.143212 -1 
0.586336 -1 
0.791451 -1 
1.34351 -1 
-0.397279 -1 
-0.628029 -1 
1.22913 -1 
-0.523867 -1 
-0.738907 -1 
1.72108 -1 
-3.35532 -1 
-1.88365 -1 
-1.43815 -1 
-2.62249 -1 
-2.42351 -1 
-2.23567 -1 
-2.059 -1 
-1.70963 -1 
2.10933 -1 
2.30075 -1 
1.92902 -1 
-3.67403 -1 
1.00649 -1 
0.898043 -1 
2.50326 -1 
0.29458 -1 
0.117095 -1 
0.0528575 -1 
-0.0261043 -1 
-0.347607 -1 
-0.297935 -1 
-0.219866 -1 
0.687548 -1 
-1.56113 -1 
1.55265 -1 
1.45135 -1 
-0.973925 -1 
-0.856503 -1 
-1.09118 -1 
-1.31994 -1 
-2.84845 -1 
-0.446951 -1 
3.25907 -1 
-3.03814 -1 
3.47076 -1 
ZONE T="boundary4"
-0.265217 0.428766 
-0.242656 0.434872 
0.658037 0.0308021 
0.602485 0.165639 
0.517048 0.266856 
0.533445 0.250345 
-0.417882 0.363406 
-0.400857 0.373218 
-0.604477 0.166016 
-0.588878 0.194318 
-0.641194 0.0536069 
-0.645005 0.0181646 
0.622567 0.132861 
0.614278 0.147215 
-0.145671 0.453178 
-0.119816 0.456095 
-0.63795 0.0712485 
-0.633846 0.0886997 
0.660568 0.00511058 
-0.645564 0.000493742 
-0.628912 0.10591 
-0.617745 0.136901 
-0.623516 0.121917 
0.660588 -0.0205784 
-0.570567 0.222527 
-0.219918 0.440279 
-0.195742 0.445252 
0.562432 0.218091 
0.548181 0.234431 
-0.479964 0.320034 
-0.465173 0.331604 
-0.506253 0.297081 
-0.529039 0.274152 
-0.449972 0.34263 
-0.434107 0.353297 
-0.383511 0.382451 
-0.365276 0.391392 
-0.346758 0.399729 
-0.327213 0.407777 
-0.171426 0.449487 
0.589762 0.183649 
-0.286425 0.422312 
-0.0653507 0.459788 
-0.0926111 0.458346 
-0.30742 0.415195 
-0.00843132 0.460261 
0.0210256 0.459186 
-0.643548 0.0358984 
0.660891 -0.00774032 
0.378394 0.366112 
0.292234 0.404527 
0.321495 0.392933 
0.350303 0.380109 
0.262463 0.414975 
0.576386 0.201096 
0.480889 0.298938 
0.500002 0.282682 
0.635856 0.106102 
0.456913 0.317388 
0.431604 0.334859 
0.0805987 0.454275 
0.0504384 0.457221 
0.141184 0.445439 
0.171537 0.439488 
0.645601 0.0813796 
0.630219 0.118162 
0.655818 0.0436678 
0.652993 0.0563885 
0.405339 0.35113 
0.110654 0.450387 
-0.0368954 0.460448 
0.202059 0.43242 
0.232317 0.42428 
-0.550442 0.249351 
-0.253961 0.431908 
0.525326 0.25868 
-0.409411 0.368385 
-0.596939 0.18031 
0.618498 0.140081 
-0.132754 0.454732 
-0.631481 0.0973342 
-0.620707 0.129439 
-0.626302 0.113943 
-0.57997 0.208583 
-0.207849 0.442859 
0.555365 0.226312 
-0.472622 0.325887 
-0.636004 0.0799992 
-0.517846 0.285815 
-0.457621 0.337185 
-0.442086 0.348034 
-0.374431 0.386997 
-0.356051 0.395635 
-0.337018 0.403832 
-0.392222 0.377907 
-0.275846 0.425621 
-0.0789862 0.459167 
-0.296951 0.418837 
0.00630116 0.459835 
-0.158562 0.45143 
-0.644388 0.0270405 
-0.183599 0.44746 
0.660817 -0.0141611 
-0.611396 0.151588 
-0.645396 0.00933275 
0.659615 0.0179875 
0.306923 0.398878 
0.364426 0.373267 
0.277399 0.409896 
0.569475 0.209648 
0.540875 0.242446 
0.508608 0.274858 
0.44437 0.326284 
0.0655299 0.455865 
-0.426038 0.358421 
-0.317346 0.411564 
0.156385 0.44259 
0.583152 0.192432 
0.640991 0.0938445 
0.633097 0.112159 
0.608494 0.156499 
-0.642482 0.0447674 
0.626477 0.125555 
0.654481 0.0500448 
0.657005 0.0372482 
0.490537 0.290918 
0.660808 -0.00131296 
-0.106222 0.457323 
0.596219 0.174711 
-0.231308 0.437662 
0.391952 0.358775 
0.41857 0.343153 
0.0956417 0.452449 
0.125939 0.448037 
-0.0226627 0.460459 
0.0357393 0.458315 
0.186828 0.436086 
0.247433 0.419768 
-0.0511256 0.460224 
0.469022 0.30832 
-0.560729 0.236107 
0.217224 0.428485 
-0.493314 0.308793 
0.335967 0.386674 
-0.639681 0.062448 
0.649579 0.068968 
-0.539958 0.261939 
ZONE T="boundary5"
-0.334406 -0.387275 
-0.353015 -0.380337 
0.0539252 -0.438517 
-0.584204 -0.201062 
-0.592696 -0.18758 
-0.641998 -0.0515397 
-0.64404 -0.034413 
-0.645237 -0.0170419 
0.64171 -0.108445 
-0.160046 -0.428325 
-0.184833 -0.42463 
-0.607911 -0.159897 
-0.614542 -0.145849 
-0.620583 -0.13153 
0.6461 -0.0962215 
-0.231571 -0.415953 
-0.208253 -0.420574 
-0.275166 -0.405587 
-0.253434 -0.41105 
-0.3709 -0.373052 
-0.295467 -0.399907 
-0.083086 -0.436262 
-0.0561373 -0.437872 
-0.109159 -0.434142 
-0.135183 -0.431454 
-0.463301 -0.323229 
-0.423559 -0.347515 
-0.534918 -0.263025 
-0.545605 -0.251415 
-0.512908 -0.284438 
-0.38855 -0.365216 
-0.315605 -0.393675 
-0.442187 -0.336753 
-0.406209 -0.35667 
0.362499 -0.37854 
-0.645564 0.000493742 
-0.626042 -0.116868 
-0.631044 -0.101352 
-0.565723 -0.227035 
0.660588 -0.0205784 
-0.639131 -0.0684429 
-0.489239 -0.304346 
0.458371 -0.328869 
0.4368 -0.342179 
0.531924 -0.26977 
0.514301 -0.286293 
-0.0291638 -0.438908 
-0.00159653 -0.439379 
0.0259717 -0.439255 
0.0818551 -0.437147 
0.110061 -0.435098 
0.166579 -0.428847 
0.138208 -0.432356 
0.194842 -0.424555 
0.223253 -0.41938 
0.251489 -0.413308 
0.279688 -0.406234 
0.335261 -0.388918 
0.307613 -0.398132 
0.414615 -0.354445 
-0.635472 -0.0850473 
0.477408 -0.315819 
0.495795 -0.301875 
0.388853 -0.367114 
0.65813 -0.0461087 
0.653247 -0.0714373 
0.549903 -0.250981 
0.566933 -0.231275 
0.636827 -0.120484 
0.625578 -0.144236 
0.583251 -0.210575 
0.612754 -0.167105 
0.598636 -0.189107 
-0.343736 -0.383874 
-0.588515 -0.194362 
-0.643125 -0.042989 
-0.644747 -0.025735 
-0.17245 -0.42655 
-0.611299 -0.152907 
-0.600583 -0.173893 
-0.219926 -0.418336 
-0.264318 -0.40839 
-0.361985 -0.376762 
-0.285335 -0.402814 
-0.0961282 -0.435272 
-0.122179 -0.43287 
-0.540315 -0.257269 
-0.325028 -0.390541 
-0.432928 -0.342229 
-0.397416 -0.361018 
-0.452829 -0.330125 
-0.645511 -0.00827594 
-0.623392 -0.124228 
-0.575201 -0.214218 
-0.242518 -0.41357 
-0.640668 -0.0600089 
-0.414925 -0.35217 
-0.50125 -0.294602 
-0.379756 -0.369204 
0.447667 -0.335656 
-0.147623 -0.429959 
0.523223 -0.278149 
-0.0153814 -0.439217 
-0.0696159 -0.43714 
0.0959642 -0.436207 
0.152405 -0.430697 
0.265619 -0.409896 
0.293689 -0.402315 
0.425779 -0.348441 
0.505152 -0.294206 
0.467966 -0.322456 
0.401812 -0.360939 
0.655983 -0.0588293 
0.541041 -0.260497 
0.486687 -0.308959 
0.558534 -0.241228 
0.631421 -0.132463 
0.575207 -0.221015 
0.643969 -0.102356 
0.649945 -0.0839072 
0.639328 -0.114489 
-0.617638 -0.138722 
0.659665 -0.0333725 
0.605846 -0.178203 
-0.305558 -0.396862 
0.348937 -0.383878 
-0.628632 -0.109139 
-0.55588 -0.239403 
-0.633356 -0.0932264 
-0.476433 -0.314011 
-0.196555 -0.422671 
0.0678941 -0.437912 
0.0399505 -0.438964 
0.237395 -0.41646 
0.209067 -0.422076 
0.591072 -0.199933 
-0.0426532 -0.438462 
0.124143 -0.433816 
0.0121878 -0.439392 
0.180726 -0.426801 
0.321484 -0.393666 
-0.637402 -0.0767673 
0.619349 -0.155773 
-0.524109 -0.273933 
0.375742 -0.372979 
