ZONE T="boundary0"
-4 -1 
-4 -0.145044 
-4 -0.226583 
-4 0.00801197 
-4 0.242734 
-4 0.286136 
-4 0.352951 
-4 0.199332 
-4 0.516803 
-4 0.140659 
-4 0.0819863 
-4 -0.0659624 
-4 0.61384 
-4 -0.316971 
-4 -0.347101 
-4 1 
-4 -0.256713 
-4 -0.286842 
-4 -0.416946 
-4 -0.486792 
-4 -0.615094 
-4 -0.743396 
-4 0.419765 
-4 -0.185814 
-4 0.319544 
-4 0.221033 
-4 0.111323 
-4 -0.105503 
-4 0.565322 
-4 0.80692 
-4 -0.271777 
-4 -0.382023 
-4 -0.451869 
-4 -0.550943 
-4 0.169996 
-4 -0.0289752 
-4 0.0449992 
-4 -0.679245 
-4 -0.871698 
-4 0.468284 
-4 0.386358 
-4 -0.241648 
-4 -0.332036 
-4 -0.301907 
-4 0.264435 
ZONE T="boundary1"
-3.29169 1 
-3.46877 1 
1.43269 1 
1.31637 1 
1.20005 1 
1.08964 1 
2.0161 1 
-0.724083 1 
-0.835248 1 
-0.612918 1 
3.67455 1 
-0.171085 1 
-0.23426 1 
1.71592 1 
-2.67927 1 
0.478158 1 
-1.34949 1 
4 1 
-4 1 
-3.82292 1 
0.979223 1 
-1.27599 1 
0.612626 1 
2.90568 1 
2.53719 1 
3.34911 1 
-3.01551 1 
2.27664 1 
0.0767913 1 
0.00438034 1 
-0.10791 1 
0.382076 1 
-0.325691 1 
-0.417122 1 
-0.51502 1 
0.747094 1 
0.863159 1 
0.285994 1 
0.217598 1 
0.149202 1 
-1.05548 1 
-1.20249 1 
-0.945366 1 
-1.46164 1 
-1.57379 1 
-1.77007 1 
-3.64585 1 
-1.96636 1 
-2.15469 1 
-2.34303 1 
1.86601 1 
-2.84739 1 
3.12739 1 
1.37453 1 
1.14484 1 
-0.779665 1 
-0.202672 1 
3.83728 1 
-3.91146 1 
2.72143 1 
3.51183 1 
2.40692 1 
0.545392 1 
0.0405858 1 
0.430117 1 
-0.139497 1 
-0.0517648 1 
-0.279975 1 
-0.371406 1 
-0.466071 1 
0.805126 1 
0.67986 1 
0.334035 1 
0.1834 1 
0.921191 1 
1.03443 1 
-0.6685 1 
-0.563969 1 
1.25821 1 
-3.38023 1 
-1.51771 1 
1.5743 1 
-3.55731 1 
-1.86821 1 
-2.06053 1 
-2.24886 1 
1.79097 1 
-3.1536 1 
-1.40557 1 
-1.67193 1 
-2.51115 1 
3.23825 1 
1.94106 1 
2.14637 1 
0.251796 1 
0.112997 1 
-1.00043 1 
-0.890307 1 
-1.31274 1 
-1.12899 1 
-1.23924 1 
-2.76333 1 
-2.93145 1 
3.01654 1 
-3.73438 1 
ZONE T="boundary2"
4 -0.258427 
4 -0.157682 
4 -0.0973676 
4 0.0304133 
4 0.0978794 
4 0.166679 
4 0.235478 
4 0.501685 
4 0.425493 
4 0.3493 
4 0.29846 
4 0.750843 
4 0.626264 
4 -0.0370528 
4 1 
4 -0.824232 
4 -0.648464 
4 -0.208055 
4 -0.415072 
4 -0.531768 
4 -0.33675 
4 -1 
4 0.0641463 
4 0.201079 
4 0.463589 
4 0.266969 
4 0.688553 
4 -0.00331978 
4 -0.736348 
4 0.32388 
4 0.387396 
4 0.132279 
4 -0.0672102 
4 0.875421 
4 -0.47342 
4 -0.590116 
4 -0.182869 
4 -0.233241 
4 -0.127525 
4 -0.375911 
4 -0.297589 
4 0.563975 
4 -0.912116 
ZONE T="boundary3"
-4 -1 
-3.75176 -1 
-1.59884 -1 
3.37533 -1 
-0.17881 -1 
-0.117413 -1 
0.0127696 -1 
-0.0560156 -1 
-0.275408 -1 
-1.25547 -1 
-1.34131 -1 
0.0815547 -1 
-3.50351 -1 
-0.476502 -1 
-0.372006 -1 
-1.42715 -1 
-3.23896 -1 
-2.97441 -1 
3.84383 -1 
3.68767 -1 
-1.01828 -1 
-2.30246 -1 
-2.06006 -1 
-1.82945 -1 
0.143822 -1 
0.206089 -1 
0.281014 -1 
-0.691787 -1 
-0.580999 -1 
0.721986 -1 
0.832177 -1 
0.942367 -1 
1.14882 -1 
0.777081 -1 
-0.802576 -1 
1.34404 -1 
1.24643 -1 
1.62264 -1 
1.48334 -1 
1.79541 -1 
1.04559 -1 
-1.13687 -1 
-1.513 -1 
1.96819 -1 
2.29253 -1 
2.13036 -1 
-3.10669 -1 
-2.75964 -1 
2.46886 -1 
2.6452 -1 
3.20264 -1 
-2.54486 -1 
2.83757 -1 
3.02994 -1 
-0.910427 -1 
0.430864 -1 
0.355939 -1 
0.505789 -1 
0.613888 -1 
4 -1 
-3.87588 -1 
-0.148112 -1 
-0.021623 -1 
-1.29839 -1 
-3.62764 -1 
-0.424254 -1 
3.76575 -1 
-2.18126 -1 
-1.94476 -1 
-0.0867143 -1 
0.0471621 -1 
0.174955 -1 
-0.323707 -1 
-0.227109 -1 
-0.636393 -1 
-0.528751 -1 
0.887272 -1 
1.29523 -1 
1.55299 -1 
1.70903 -1 
-1.19617 -1 
-1.47007 -1 
1.8818 -1 
-1.71415 -1 
2.21144 -1 
-3.04055 -1 
-2.86702 -1 
-3.37124 -1 
2.04927 -1 
2.38069 -1 
3.5315 -1 
3.28898 -1 
-2.65225 -1 
-2.42366 -1 
2.74138 -1 
3.11629 -1 
2.93375 -1 
0.243551 -1 
0.112688 -1 
-0.747181 -1 
-0.856501 -1 
-0.964352 -1 
0.393401 -1 
0.468327 -1 
0.559838 -1 
0.667937 -1 
0.804629 -1 
0.749534 -1 
0.318476 -1 
0.99398 -1 
1.09721 -1 
1.19762 -1 
1.41369 -1 
-3.17282 -1 
-1.07758 -1 
-1.38423 -1 
-1.55592 -1 
3.92192 -1 
2.55703 -1 
ZONE T="boundary4"
-0.315136 0.408719 
0.564814 0.215657 
-0.606111 0.103039 
-0.459572 0.308257 
-0.625484 0.0444405 
-0.333672 0.398603 
-0.431181 0.332623 
-0.445556 0.320649 
-0.498553 0.269304 
-0.633549 0.00463185 
-0.636065 -0.0152958 
-0.619961 0.0642082 
-0.613492 0.0837542 
-0.589796 0.138678 
-0.597904 0.121925 
-0.538105 0.221228 
0.531254 0.272318 
0.548636 0.243841 
-0.572326 0.170299 
-0.521936 0.242039 
-0.188973 0.461999 
-0.165255 0.469368 
-0.48603 0.282626 
-0.473 0.295645 
0.634851 0.0670993 
-0.40085 0.355758 
-0.41618 0.344405 
-0.553431 0.199786 
-0.384789 0.366972 
-0.368424 0.377739 
-0.296328 0.418324 
-0.351192 0.388409 
-0.114214 0.482711 
-0.139836 0.476433 
-0.0593271 0.493405 
-0.0301539 0.497595 
0.644867 0.0252587 
-0.212462 0.453933 
-0.25605 0.436821 
-0.234379 0.445688 
-0.630017 0.0245686 
-0.276319 0.427852 
0.640545 0.0463078 
0.412419 0.402811 
0.434042 0.385558 
0.388887 0.419277 
0.280826 0.471603 
0.309544 0.460816 
0.363655 0.434619 
0.647662 0.00426628 
0.502012 0.313994 
0.516858 0.293821 
0.470287 0.351152 
0.453456 0.368069 
0.486392 0.333224 
0.0605703 0.50401 
0.0298325 0.502971 
0.250401 0.481029 
0.627801 0.0879639 
0.619659 0.108535 
0.594706 0.160894 
0.608092 0.134162 
0.648889 -0.0166605 
0.580576 0.187312 
0.337738 0.448209 
-0.000868411 0.500766 
-0.0868536 0.488505 
0.0922974 0.503819 
0.155823 0.499337 
0.123941 0.502296 
0.187779 0.494837 
0.219248 0.488776 
-0.324439 0.403726 
-0.438412 0.326688 
-0.634932 -0.00531692 
-0.62284 0.0543567 
-0.609911 0.0934379 
-0.59393 0.13034 
-0.602111 0.112527 
0.540083 0.258164 
-0.530122 0.231713 
-0.177141 0.46577 
-0.61684 0.0740184 
-0.479566 0.289186 
-0.492344 0.276014 
-0.408555 0.350135 
-0.563103 0.185186 
-0.466334 0.302002 
-0.376644 0.372411 
-0.305765 0.413586 
-0.359845 0.383133 
-0.392859 0.361421 
-0.127049 0.47967 
-0.152573 0.472999 
-0.044758 0.495626 
-0.510444 0.255842 
-0.200747 0.458053 
-0.581335 0.154639 
-0.423723 0.338568 
-0.245246 0.441332 
-0.286357 0.423158 
0.637858 0.0567474 
-0.45261 0.314505 
0.423362 0.394352 
0.400783 0.411233 
0.295265 0.466423 
-0.631906 0.0146213 
0.509551 0.303994 
0.46198 0.35972 
0.494319 0.323706 
0.0451974 0.503638 
0.646453 0.0147879 
-0.266215 0.432407 
0.52417 0.283146 
0.63147 0.0775799 
-0.627872 0.0345314 
0.601513 0.147583 
0.623851 0.0982964 
-0.342466 0.393565 
0.648472 -0.00618517 
0.642885 0.0358202 
0.443874 0.376955 
-0.223449 0.449888 
0.572742 0.201508 
-0.545878 0.210587 
0.478451 0.34229 
0.32374 0.454734 
0.350802 0.441615 
-0.0155243 0.499309 
0.0144726 0.502012 
-0.0731099 0.491067 
0.265682 0.476538 
0.376394 0.427152 
0.076436 0.504078 
0.1399 0.500999 
-0.100557 0.485719 
0.17183 0.497283 
0.203554 0.49201 
0.556784 0.229781 
0.108129 0.503227 
0.234879 0.485118 
0.58771 0.174137 
0.614025 0.121415 
ZONE T="boundary5"
-0.12542 -0.399484 
-0.151001 -0.40193 
-0.375589 -0.396237 
-0.59382 -0.230988 
-0.583767 -0.248526 
-0.448739 -0.370802 
-0.601387 -0.216115 
-0.625588 -0.150743 
-0.638052 -0.054901 
-0.637565 -0.0351494 
-0.637535 -0.0744729 
-0.270822 -0.407987 
-0.292679 -0.407315 
0.41841 -0.323816 
0.394559 -0.332713 
-0.535858 -0.30945 
-0.608292 -0.200905 
-0.614792 -0.184644 
-0.481139 -0.352948 
-0.620541 -0.16801 
-0.630041 -0.132036 
-0.547419 -0.297324 
-0.314373 -0.405834 
-0.63602 -0.0938984 
-0.394764 -0.391252 
-0.335215 -0.403537 
-0.413641 -0.385251 
-0.247949 -0.407933 
-0.225044 -0.407229 
-0.63352 -0.113085 
-0.200834 -0.405914 
-0.572792 -0.26536 
-0.510215 -0.332312 
-0.523323 -0.321253 
-0.495947 -0.343054 
0.500446 -0.280072 
0.51863 -0.266581 
-0.465497 -0.36217 
-0.558373 -0.28454 
-0.431536 -0.378457 
0.592498 -0.189083 
-0.636065 -0.0152958 
-0.355839 -0.400313 
0.642969 -0.0784701 
0.603101 -0.173442 
0.61368 -0.155664 
0.637835 -0.0984728 
0.631166 -0.118118 
-0.0983665 -0.396776 
-0.0713584 -0.394053 
-0.0426517 -0.391227 
-0.0140005 -0.388539 
0.0459064 -0.38343 
0.369734 -0.340631 
0.0159947 -0.385896 
0.188093 -0.372016 
0.161619 -0.374389 
0.214529 -0.369333 
0.0757305 -0.381101 
0.13358 -0.376674 
0.105472 -0.378839 
0.240554 -0.366275 
0.266532 -0.362694 
0.461384 -0.303871 
0.481218 -0.292578 
0.440133 -0.314431 
0.344306 -0.347522 
0.646538 -0.058147 
-0.176614 -0.404148 
0.581165 -0.204051 
0.567772 -0.219963 
0.552557 -0.236182 
0.623137 -0.137076 
0.536073 -0.251874 
0.648521 -0.0374601 
0.648889 -0.0166605 
0.318673 -0.353401 
0.292656 -0.358435 
-0.138208 -0.400728 
-0.588915 -0.239828 
-0.597686 -0.223594 
-0.637934 -0.0450229 
-0.281755 -0.407747 
0.406539 -0.328415 
-0.611638 -0.192814 
-0.604924 -0.208549 
-0.541719 -0.303464 
-0.303535 -0.406682 
-0.636903 -0.0841963 
-0.324809 -0.404797 
-0.404245 -0.388381 
-0.259387 -0.408049 
-0.236495 -0.407654 
-0.212936 -0.406636 
-0.578404 -0.257025 
-0.617766 -0.176362 
-0.516844 -0.326872 
-0.62317 -0.159408 
-0.503157 -0.337784 
-0.529671 -0.315437 
0.509642 -0.273468 
-0.627936 -0.14142 
-0.473384 -0.357669 
-0.457181 -0.366606 
-0.552981 -0.291005 
-0.422637 -0.381977 
-0.488613 -0.348104 
-0.440192 -0.37475 
-0.365741 -0.398397 
0.608532 -0.164637 
-0.385211 -0.393869 
0.634685 -0.108357 
-0.11189 -0.398139 
-0.0570039 -0.392626 
0.382191 -0.336816 
0.174859 -0.373235 
0.119528 -0.377766 
0.0608194 -0.382252 
0.253552 -0.364557 
-0.631903 -0.122584 
0.490927 -0.286472 
0.471381 -0.298367 
0.42933 -0.319263 
0.357054 -0.344209 
0.644952 -0.0683427 
-0.163805 -0.403075 
0.574573 -0.212096 
0.597906 -0.181335 
0.560275 -0.228178 
0.627321 -0.127668 
0.640595 -0.0885202 
-0.637919 -0.0646911 
-0.634894 -0.103509 
-0.345548 -0.402047 
0.544429 -0.244149 
-0.56576 -0.275085 
0.647732 -0.0478223 
0.648906 -0.0270633 
-0.63694 -0.0252139 
0.331515 -0.350579 
0.279608 -0.360653 
-0.188721 -0.405079 
0.527465 -0.259363 
0.450831 -0.309299 
0.0309515 -0.384643 
0.000998342 -0.387195 
0.227548 -0.367862 
0.201315 -0.37072 
-0.0848604 -0.395411 
0.090603 -0.379968 
-0.0283248 -0.389864 
0.147601 -0.375554 
0.305683 -0.356022 
0.618568 -0.146451 
0.586926 -0.196639 
