ZONE T="boundary0"
-4 0.50796 
-4 0.75398 
-4 1 
-4 -0.222894 
-4 -0.187522 
-4 -0.0839117 
-4 -0.0156741 
-4 0.305732 
-4 0.353869 
-4 0.257595 
-4 -0.152149 
-4 -0.654297 
-4 -0.769531 
-4 0.192385 
-4 0.430914 
-4 -0.539062 
-4 -0.292789 
-4 0.0557508 
-4 -0.884766 
-4 -1 
-4 -0.257841 
-4 0.127176 
-4 -0.362684 
-4 -0.450873 
-4 0.63097 
-4 0.87699 
-4 -0.205208 
-4 -0.0497929 
-4 0.3298 
-4 -0.711914 
-4 0.22499 
-4 0.392392 
-4 -0.59668 
-4 -0.827148 
-4 -0.942383 
-4 -0.169835 
-4 -0.275315 
-4 -0.118031 
-4 0.0200384 
-4 0.281663 
-4 0.15978 
-4 0.0914632 
-4 -0.327736 
-4 -0.494968 
-4 0.469437 
-4 -0.240368 
-4 -0.406778 
ZONE T="boundary1"
-4 1 
-0.241071 1 
-0.110502 1 
0.154826 1 
0.221505 1 
-0.58405 1 
-3.16745 1 
0.647849 1 
0.756662 1 
-1.14857 1 
-1.03522 1 
-1.25048 1 
2.41032 1 
4 1 
3.5953 1 
3.22322 1 
2.93024 1 
-3.46886 1 
2.02573 1 
-2.31348 1 
-2.06501 1 
-2.56195 1 
-0.175787 1 
-0.295277 1 
-0.349483 1 
0.0887097 1 
0.0225935 1 
-0.477127 1 
-0.690972 1 
0.449223 1 
0.288184 1 
0.548536 1 
0.368704 1 
-0.0439545 1 
-0.806422 1 
-0.413305 1 
-0.921872 1 
-1.44392 1 
-1.53544 1 
0.865474 1 
-1.3524 1 
-1.71849 1 
0.971301 1 
1.07713 1 
1.69848 1 
1.86808 1 
1.52887 1 
1.33909 1 
1.20811 1 
-3.73443 1 
2.63726 1 
1.43398 1 
2.18338 1 
-1.89175 1 
-2.8647 1 
-2.71333 1 
3.79765 1 
0.188165 1 
0.702255 1 
3.40926 1 
-2.18925 1 
-0.208429 1 
-0.143144 1 
-0.32238 1 
0.0556516 1 
-0.637511 1 
-0.530589 1 
0.408963 1 
0.49888 1 
0.598192 1 
-0.864147 1 
-0.748697 1 
-1.48968 1 
-0.978547 1 
-1.30144 1 
-1.19953 1 
-1.62697 1 
1.02421 1 
0.918388 1 
-1.0919 1 
0.811068 1 
1.78328 1 
1.61368 1 
1.2736 1 
-3.60164 1 
2.78375 1 
1.48143 1 
2.52379 1 
-3.31816 1 
-3.86721 1 
1.9469 1 
3.07673 1 
-2.43772 1 
-1.97838 1 
-1.80512 1 
-3.01608 1 
-2.63764 1 
2.10455 1 
-0.381394 1 
-0.0106805 1 
0.328444 1 
0.254844 1 
0.121768 1 
-0.268174 1 
-0.445216 1 
-0.0772285 1 
1.38654 1 
3.69647 1 
-1.39816 1 
1.14262 1 
-2.78902 1 
3.89882 1 
2.29685 1 
ZONE T="boundary2"
4 -0.674872 
4 -0.566496 
4 -0.0561891 
4 -0.205525 
4 0.264522 
4 0.205879 
4 0.334322 
4 0.463905 
4 0.399113 
4 -0.173073 
4 -0.108169 
4 0.0997496 
4 -0.00420955 
4 0.152814 
4 -0.376944 
4 1 
4 0.731952 
4 0.597929 
4 -0.47172 
4 -0.783248 
4 -1 
4 -0.272719 
4 -0.237977 
4 -0.342202 
4 -0.307461 
4 -0.620684 
4 0.2352 
4 0.299422 
4 0.431509 
4 -0.140621 
4 0.04777 
4 0.179347 
4 0.865976 
4 0.366718 
4 0.530917 
4 0.126282 
4 -0.72906 
4 -0.519108 
4 -0.891624 
4 -0.255348 
4 -0.189299 
4 -0.221751 
4 -0.0301993 
4 -0.0821789 
4 -0.424332 
4 0.664941 
4 -0.359573 
4 -0.29009 
4 -0.324832 
ZONE T="boundary3"
-3.77014 -1 
-3.54029 -1 
-1.39904 -1 
3.3737 -1 
3.1637 -1 
0.143242 -1 
0.0915637 -1 
-1.65342 -1 
-0.930908 -1 
0.0148639 -1 
0.78076 -1 
0.904568 -1 
-2.85678 -1 
-0.808206 -1 
1.03163 -1 
1.38999 -1 
-2.43068 -1 
-2.64373 -1 
-1.97679 -1 
2.07727 -1 
-3.15563 -1 
3.84343 -1 
-0.241181 -1 
-0.200668 -1 
0.19492 -1 
-0.0618359 -1 
-0.415121 -1 
-0.281694 -1 
-0.348407 -1 
-0.131252 -1 
0.26361 -1 
0.3323 -1 
0.396129 -1 
0.459958 -1 
0.558455 -1 
0.656952 -1 
-0.550312 -1 
-0.685504 -1 
1.1587 -1 
1.27435 -1 
4 -1 
1.52163 -1 
1.65327 -1 
-3.875 -1 
3.68685 -1 
-3.34796 -1 
-4 -1 
-2.20374 -1 
-1.76121 -1 
-1.54562 -1 
2.9537 -1 
2.74937 -1 
-1.19204 -1 
-1.29554 -1 
-1.06147 -1 
1.86527 -1 
2.31116 -1 
2.54505 -1 
-3.65521 -1 
3.2687 -1 
0.117403 -1 
0.842664 -1 
0.9681 -1 
-0.220925 -1 
0.169081 -1 
-0.261438 -1 
-0.315051 -1 
-0.096544 -1 
0.297955 -1 
0.229265 -1 
0.364214 -1 
0.509207 -1 
-0.482716 -1 
-0.381764 -1 
-0.746855 -1 
0.718856 -1 
-0.617908 -1 
1.09517 -1 
1.33217 -1 
-0.869557 -1 
1.58745 -1 
1.21652 -1 
3.53028 -1 
3.92171 -1 
3.76514 -1 
-3.44412 -1 
-3.25179 -1 
-3.82257 -1 
-3.9375 -1 
-1.869 -1 
-2.09027 -1 
3.0587 -1 
2.85153 -1 
-1.24379 -1 
-2.5372 -1 
-2.75025 -1 
-3.0062 -1 
-1.47233 -1 
-1.12676 -1 
1.97127 -1 
2.42811 -1 
1.75927 -1 
-2.31721 -1 
-0.16596 -1 
0.428044 -1 
0.607704 -1 
0.0532138 -1 
-0.023486 -1 
-1.34729 -1 
1.45581 -1 
2.64721 -1 
-0.996191 -1 
2.19422 -1 
-1.59952 -1 
-1.70731 -1 
ZONE T="boundary4"
-0.130541 0.489681 
-0.105046 0.485818 
-0.436845 0.413882 
-0.625874 0.0662532 
0.638152 0.0595112 
0.643322 0.0421454 
-0.275848 0.484452 
-0.253076 0.488529 
-0.625614 0.0448562 
-0.570887 0.263655 
-0.624902 0.0878179 
-0.622684 0.109486 
-0.619227 0.131143 
-0.61455 0.152715 
-0.595038 0.212734 
-0.587642 0.230035 
-0.579594 0.247021 
0.651486 -0.0112762 
0.649969 0.00672012 
-0.0785463 0.480422 
-0.540075 0.31199 
-0.527725 0.328091 
-0.561506 0.279894 
-0.500564 0.358953 
-0.514687 0.343604 
-0.453909 0.401133 
-0.419221 0.425778 
-0.48578 0.373619 
-0.400709 0.437 
-0.381707 0.447263 
-0.608709 0.174048 
-0.602313 0.19355 
-0.320053 0.472747 
-0.229371 0.491431 
-0.624143 0.0236981 
-0.551133 0.296183 
-0.156182 0.492198 
-0.470151 0.387758 
0.611946 0.114966 
0.598419 0.134795 
-0.341383 0.465203 
-0.361746 0.456768 
-0.298432 0.479115 
0.343848 0.305294 
0.318433 0.316291 
0.264107 0.339783 
0.292852 0.327305 
0.36749 0.294869 
0.418591 0.270856 
0.390901 0.284192 
0.445777 0.256722 
0.468394 0.243968 
0.490557 0.230418 
0.00226584 0.456102 
-0.025534 0.465699 
-0.0522388 0.47374 
0.0585197 0.433538 
0.0874459 0.420737 
0.175576 0.379792 
0.205429 0.366016 
0.235283 0.352522 
0.564018 0.173672 
0.583432 0.153319 
0.647239 0.0246241 
0.63183 0.0763596 
0.622947 0.0955358 
0.651832 -0.0293489 
-0.205579 0.493011 
-0.180856 0.493282 
0.51744 0.212228 
0.543148 0.192358 
0.030472 0.445249 
0.116291 0.407492 
0.145942 0.393641 
-0.117773 0.487913 
0.640888 0.0508745 
-0.26449 0.486646 
-0.623946 0.0986686 
-0.621106 0.12034 
-0.625542 0.0770436 
-0.617035 0.141962 
-0.591423 0.221421 
-0.5837 0.238568 
0.650877 -0.00226471 
-0.575325 0.255383 
-0.0917684 0.483286 
-0.533989 0.320111 
-0.566282 0.271825 
-0.507712 0.35136 
-0.521291 0.335921 
-0.428104 0.419937 
-0.445452 0.40761 
-0.493255 0.366371 
-0.410034 0.431504 
-0.391271 0.442251 
-0.605625 0.183837 
-0.241244 0.490145 
-0.625029 0.0342676 
-0.598781 0.203183 
-0.545689 0.304147 
-0.625897 0.0555539 
-0.143349 0.491113 
-0.462107 0.394541 
0.60539 0.125026 
-0.351618 0.461118 
-0.330768 0.469118 
-0.61177 0.163421 
-0.309285 0.476076 
-0.371787 0.452145 
0.331152 0.310804 
0.27848 0.333521 
-0.556408 0.288096 
0.305646 0.321794 
0.355685 0.300109 
0.404793 0.277615 
0.479538 0.237297 
-0.0115954 0.461035 
-0.0653617 0.477233 
0.0730077 0.427203 
-0.478047 0.38078 
0.190497 0.372876 
0.220348 0.359234 
0.249688 0.346121 
0.573936 0.163704 
-0.287176 0.481939 
0.645431 0.0334194 
0.635136 0.0679913 
0.591105 0.144207 
0.617646 0.105366 
0.62758 0.0860385 
0.651803 -0.0203091 
0.379219 0.289575 
-0.193222 0.493319 
-0.168515 0.492907 
0.457139 0.250439 
0.504122 0.221515 
0.553751 0.183209 
-0.217487 0.492384 
0.016405 0.450791 
0.0445265 0.439482 
-0.0388509 0.469861 
0.101884 0.414151 
0.160757 0.386705 
0.530464 0.202523 
0.131123 0.400578 
0.648757 0.0156963 
0.432246 0.263905 
ZONE T="boundary5"
-0.333151 -0.354519 
-0.313272 -0.365092 
-0.423847 -0.296387 
-0.582727 -0.114559 
-0.541876 -0.179123 
-0.53074 -0.193374 
-0.606801 -0.0576256 
-0.612788 -0.0378371 
-0.552497 -0.16448 
-0.599779 -0.0769995 
0.637829 -0.119791 
0.642518 -0.101748 
-0.562945 -0.148839 
-0.572775 -0.132709 
-0.482178 -0.246409 
-0.468579 -0.25925 
-0.227769 -0.403987 
-0.205039 -0.412746 
-0.271522 -0.385327 
-0.292517 -0.375468 
-0.352759 -0.343425 
-0.10981 -0.443095 
-0.134514 -0.43617 
-0.0849248 -0.449419 
-0.158404 -0.428852 
-0.182105 -0.420972 
-0.494937 -0.233633 
-0.519245 -0.207117 
-0.617693 -0.0176908 
-0.621492 0.00284205 
-0.507339 -0.220491 
-0.371408 -0.3322 
-0.454597 -0.271656 
-0.439417 -0.284273 
-0.389745 -0.320448 
-0.406974 -0.308682 
0.567957 -0.277427 
0.576224 -0.263777 
0.375959 -0.434444 
0.353253 -0.44302 
-0.624143 0.0236981 
-0.591745 -0.0959773 
0.107452 -0.476299 
0.077785 -0.474762 
0.0210461 -0.469109 
-0.00612258 -0.465181 
0.049363 -0.472367 
-0.0331496 -0.460504 
0.168101 -0.476217 
0.137167 -0.476817 
0.330267 -0.450484 
0.198993 -0.47439 
-0.05912 -0.455293 
0.296689 -0.459423 
0.399375 -0.424199 
0.422359 -0.412576 
0.466724 -0.384827 
0.444896 -0.399447 
0.486555 -0.369626 
0.505487 -0.353077 
0.559172 -0.290745 
0.541939 -0.313869 
0.619577 -0.173029 
0.606129 -0.204749 
0.524332 -0.334201 
-0.249757 -0.394915 
0.591652 -0.235167 
0.649191 -0.0656308 
0.651053 -0.0474506 
0.646327 -0.0836969 
0.626277 -0.155406 
0.632415 -0.137584 
0.651832 -0.0293489 
0.262953 -0.466313 
0.230397 -0.471187 
-0.323245 -0.359868 
-0.53637 -0.186297 
-0.60993 -0.0477716 
-0.547254 -0.171851 
0.640273 -0.110795 
-0.603419 -0.0673589 
-0.567946 -0.140827 
-0.475427 -0.252882 
-0.21643 -0.408433 
-0.282049 -0.380461 
-0.302927 -0.370345 
-0.342992 -0.349038 
-0.122184 -0.439708 
-0.170278 -0.424982 
-0.193596 -0.416926 
-0.0973875 -0.446333 
-0.488603 -0.240066 
-0.525048 -0.200291 
-0.619737 -0.00745028 
-0.501185 -0.227106 
-0.362121 -0.337876 
-0.43168 -0.290392 
-0.447059 -0.278027 
-0.398402 -0.314629 
-0.461637 -0.265508 
-0.5578 -0.156713 
0.364659 -0.43887 
-0.595885 -0.0865404 
0.0926114 -0.475655 
0.00744729 -0.46724 
0.0351916 -0.470844 
-0.622965 0.0132521 
-0.577862 -0.123695 
0.152636 -0.476666 
0.183556 -0.475461 
-0.0461524 -0.457983 
0.313547 -0.455211 
-0.0720419 -0.452438 
0.387736 -0.429479 
0.41095 -0.418552 
0.455927 -0.392313 
0.476759 -0.377384 
0.496156 -0.361506 
0.550771 -0.30247 
0.613032 -0.188965 
0.533316 -0.324193 
-0.23879 -0.399515 
0.599055 -0.220037 
0.650252 -0.0565534 
0.56363 -0.28413 
0.572153 -0.270641 
0.584151 -0.249588 
0.629422 -0.146521 
-0.380618 -0.326391 
0.635208 -0.128713 
0.647879 -0.0746822 
-0.415459 -0.302601 
-0.61538 -0.0277972 
-0.513342 -0.213848 
0.644532 -0.0927451 
0.622992 -0.164242 
0.341803 -0.446883 
0.65158 -0.038405 
0.27987 -0.463104 
0.433727 -0.406184 
0.515075 -0.343806 
-0.260668 -0.390186 
-0.146481 -0.432581 
0.122307 -0.476688 
-0.0196529 -0.462935 
0.214713 -0.472963 
0.0635642 -0.473675 
0.246706 -0.468952 
-0.587354 -0.105325 
