ZONE T="boundary0"
-4 -0.181709 
-4 -0.122577 
-4 -0.393843 
-4 -0.24084 
-4 -0.342842 
-4 0.294627 
-4 0.770747 
-4 1 
-4 0.409724 
-4 0.541494 
-4 0.159427 
-4 0.0409051 
-4 -0.86166 
-4 -1 
-4 -0.454153 
-4 -0.514464 
-4 -0.291841 
-4 -0.26634 
-4 -0.0408361 
-4 -0.723321 
-4 0.352175 
-4 0.227027 
-4 -0.152143 
-4 -0.211274 
-4 -0.368343 
-4 0.885374 
-4 0.475609 
-4 0.656121 
-4 -0.93083 
-4 -0.484308 
-4 -0.279091 
-4 -0.25359 
-4 -0.317342 
-4 3.45201e-05 
-4 -0.618892 
-4 -0.423998 
-4 -0.792491 
-4 0.260827 
-4 0.100166 
-4 0.323401 
-4 0.193227 
-4 -0.0817067 
-4 0.38095 
ZONE T="boundary1"
-4 1 
1.83877 1 
1.68459 1 
-1.25972 1 
-3.75675 1 
0.585466 1 
-0.180683 1 
-0.544748 1 
-0.634813 1 
0.319322 1 
0.69193 1 
-0.839953 1 
-1.75303 1 
-1.65854 1 
3.6459 1 
2.97194 1 
2.13498 1 
2.27701 1 
-3.22557 1 
-3.49116 1 
-2.84269 1 
-1.94203 1 
-2.57901 1 
-2.12867 1 
-2.31532 1 
2.7665 1 
0.118678 1 
0.179137 1 
0.239596 1 
0.0498937 1 
-0.737383 1 
-0.222571 1 
-0.279634 1 
-0.454682 1 
-0.138796 1 
0.492257 1 
0.399049 1 
-0.914908 1 
-0.395689 1 
0.798393 1 
1.01802 1 
0.908204 1 
3.52787 1 
3.2499 1 
-1.13977 1 
-0.989862 1 
1.19974 1 
1.42728 1 
1.31351 1 
1.55593 1 
1.10888 1 
-3.03413 1 
-1.37967 1 
-1.56404 1 
1.99296 1 
-0.0188909 1 
-0.0788433 1 
-0.336696 1 
3.76393 1 
4 1 
2.56106 1 
1.76168 1 
-3.87837 1 
-0.58978 1 
0.638698 1 
-1.70579 1 
-3.35837 1 
-1.84753 1 
-2.222 1 
-2.44716 1 
0.148908 1 
-0.686098 1 
-0.201627 1 
-0.499715 1 
0.209366 1 
-0.15974 1 
0.359185 1 
0.445653 1 
-0.251102 1 
0.538862 1 
-0.425186 1 
0.745161 1 
-0.788668 1 
0.96311 1 
0.853299 1 
3.38889 1 
-1.06482 1 
1.37039 1 
1.25663 1 
1.62026 1 
1.4916 1 
1.15431 1 
1.06345 1 
-2.93841 1 
-2.71085 1 
-3.12985 1 
-2.03535 1 
-1.19975 1 
-3.62395 1 
-1.47186 1 
-1.3197 1 
1.91587 1 
0.0155014 1 
0.0842861 1 
-0.10882 1 
-0.308165 1 
-0.366193 1 
-0.0488671 1 
0.279459 1 
3.70492 1 
-0.952385 1 
-0.87743 1 
2.66378 1 
3.88197 1 
-1.61129 1 
2.86922 1 
2.41903 1 
3.58688 1 
3.11092 1 
2.06397 1 
2.206 1 
ZONE T="boundary2"
4 -0.410342 
4 -0.325139 
4 -0.242088 
4 -0.181117 
4 0.236054 
4 0.293102 
4 0.55469 
4 0.35015 
4 0.647221 
4 0.406154 
4 0.462158 
4 -0.107181 
4 -0.0413152 
4 0.171523 
4 0.098037 
4 -0.503555 
4 -0.798383 
4 -0.596767 
4 -1 
4 -0.367741 
4 0.0245509 
4 0.82361 
4 1 
4 -0.283614 
4 -0.211603 
4 0.264578 
4 0.434156 
4 -0.144149 
4 -0.456949 
4 -0.697575 
4 -0.899192 
4 0.321626 
4 -0.34644 
4 -0.0742482 
4 0.203788 
4 0.061294 
4 0.13478 
4 0.600955 
4 0.378152 
4 0.508424 
4 0.735416 
4 -0.00838213 
4 -0.389042 
4 0.911805 
4 -0.550161 
ZONE T="boundary3"
-3.8295 -1 
-3.659 -1 
-2.09172 -1 
1.34552 -1 
1.43939 -1 
-0.695272 -1 
-0.582883 -1 
-1.91969 -1 
-1.74766 -1 
0.906472 -1 
0.671867 -1 
0.565089 -1 
-2.31454 -1 
-4 -1 
-3.5283 -1 
2.8371 -1 
3.23753 -1 
3.4492 -1 
3.7246 -1 
4 -1 
-2.53736 -1 
-0.072189 -1 
-0.377289 -1 
0.0636398 -1 
-0.00427456 -1 
-0.206433 -1 
-0.139311 -1 
0.133472 -1 
-0.291861 -1 
0.458311 -1 
1.02376 -1 
-0.480086 -1 
-0.92708 -1 
0.360069 -1 
0.281687 -1 
0.78917 -1 
-0.807662 -1 
-1.1611 -1 
-1.0465 -1 
-1.27571 -1 
-1.38468 -1 
1.24329 -1 
-1.49365 -1 
-1.62066 -1 
1.14105 -1 
-3.39759 -1 
-3.13618 -1 
-2.96186 -1 
3.02586 -1 
2.00117 -1 
2.19621 -1 
1.80613 -1 
1.66969 -1 
1.53325 -1 
2.64835 -1 
-2.78755 -1 
0.203305 -1 
2.42228 -1 
-3.74425 -1 
1.39246 -1 
-0.639078 -1 
-1.83367 -1 
0.618478 -1 
-2.20313 -1 
-3.91475 -1 
-3.59365 -1 
3.34337 -1 
3.5869 -1 
-2.42595 -1 
-0.0382318 -1 
0.0296826 -1 
-0.172872 -1 
-0.10575 -1 
-0.334575 -1 
0.5117 -1 
-0.428688 -1 
0.098556 -1 
-0.249147 -1 
0.40919 -1 
0.730518 -1 
-0.531485 -1 
-0.751467 -1 
-1.1038 -1 
-0.867371 -1 
-0.986789 -1 
0.847821 -1 
-1.21841 -1 
1.29441 -1 
-1.43917 -1 
-1.33019 -1 
-1.55715 -1 
0.965116 -1 
-3.46294 -1 
-3.26688 -1 
-3.04902 -1 
-2.00571 -1 
3.1317 -1 
2.09869 -1 
1.90365 -1 
1.48632 -1 
1.60147 -1 
2.74273 -1 
-2.66246 -1 
1.19217 -1 
2.93148 -1 
1.0824 -1 
1.73791 -1 
3.8623 -1 
0.168388 -1 
0.320878 -1 
0.242496 -1 
-1.68416 -1 
-2.87471 -1 
2.53531 -1 
2.30924 -1 
ZONE T="boundary4"
-0.346071 0.385766 
0.510769 0.286271 
-0.645094 0.0027057 
0.557645 0.240995 
0.585019 0.208016 
0.598112 0.190093 
-0.645158 0.020455 
-0.644319 0.0382678 
0.644964 0.0999985 
0.648929 0.0875041 
0.658817 -0.0142043 
-0.24109 0.412233 
-0.263269 0.407932 
-0.532952 0.274445 
-0.626893 0.124588 
-0.326622 0.391955 
-0.306056 0.397801 
-0.467654 0.327585 
-0.482521 0.317331 
-0.116504 0.427 
-0.0897463 0.428475 
-0.631879 0.108549 
0.571655 0.224783 
-0.609013 0.168011 
-0.621173 0.14032 
-0.584635 0.210658 
-0.564915 0.238149 
-0.554528 0.250931 
0.65504 0.0624752 
-0.543632 0.263283 
-0.575118 0.224512 
-0.601594 0.182382 
-0.45198 0.337473 
-0.435912 0.346735 
-0.193735 0.41956 
-0.168512 0.422552 
-0.593573 0.196426 
-0.521838 0.285177 
-0.496941 0.306465 
-0.401629 0.363934 
-0.418937 0.355658 
-0.639896 0.0737704 
-0.365302 0.37895 
-0.636327 0.0912877 
0.610381 0.171523 
-0.217457 0.416186 
-0.28532 0.403033 
-0.143234 0.424988 
-0.00438777 0.429906 
-0.0335915 0.429956 
-0.383601 0.37176 
-0.0616708 0.429481 
-0.642567 0.0560542 
0.659737 -0.00145876 
0.640456 0.11231 
0.46735 0.318189 
0.441681 0.333757 
0.387531 0.360572 
0.35888 0.372099 
0.414967 0.347898 
0.491566 0.301373 
0.52907 0.270146 
0.543668 0.255893 
0.0849286 0.426304 
0.11562 0.423805 
0.0548839 0.428107 
0.024799 0.429306 
0.329726 0.382277 
0.146238 0.420606 
0.26961 0.399143 
0.29983 0.391299 
0.635441 0.12441 
0.629946 0.136301 
0.620953 0.153594 
0.658787 0.0369132 
0.660041 0.0113175 
0.657217 0.0497582 
0.238945 0.405943 
0.177218 0.416591 
0.208075 0.41174 
0.591665 0.199128 
-0.644852 0.029367 
0.647016 0.0937733 
-0.252193 0.410155 
-0.316362 0.394957 
-0.47514 0.322535 
-0.103128 0.427802 
-0.629481 0.116599 
0.57842 0.216466 
-0.61538 0.154292 
-0.624125 0.132488 
-0.559785 0.244592 
0.652272 0.075059 
-0.549144 0.257163 
-0.579947 0.217633 
-0.443992 0.342183 
-0.181132 0.421128 
-0.597658 0.189444 
-0.509606 0.296073 
-0.527448 0.279866 
-0.459867 0.332609 
-0.489789 0.311975 
-0.410321 0.359876 
-0.634213 0.0999468 
-0.355715 0.382438 
0.604363 0.180885 
-0.427468 0.351279 
-0.205606 0.417943 
-0.295707 0.400491 
-0.155879 0.423837 
-0.129874 0.426063 
-0.0189893 0.43 
-0.374483 0.375433 
-0.538347 0.268917 
-0.0476318 0.429784 
-0.336371 0.388937 
-0.570085 0.231382 
0.659354 -0.00783735 
-0.229286 0.414285 
-0.641346 0.0649297 
0.454632 0.326167 
-0.643557 0.0471725 
0.373275 0.36651 
0.428423 0.341015 
0.564731 0.23296 
0.501271 0.293955 
0.520032 0.278337 
0.53645 0.263103 
0.100281 0.42514 
0.0398447 0.428781 
-0.274312 0.40556 
0.130939 0.422296 
0.284756 0.395362 
0.550734 0.248518 
0.642776 0.106178 
0.632751 0.130382 
0.625566 0.145008 
0.63801 0.118386 
0.65808 0.0433449 
0.656204 0.0561295 
-0.645238 0.0115802 
0.479591 0.309973 
-0.392651 0.367928 
0.659967 0.0049273 
0.615784 0.162628 
0.314824 0.386941 
0.344359 0.37735 
0.0699111 0.427283 
0.254307 0.402674 
0.161741 0.418699 
0.192663 0.414274 
0.0102075 0.429675 
-0.0757106 0.429046 
0.223532 0.408961 
-0.638224 0.0825521 
0.659725 0.0241297 
0.401331 0.354413 
-0.589179 0.203589 
-0.605379 0.175238 
ZONE T="boundary5"
-0.350232 -0.395418 
-0.52916 -0.265288 
-0.507374 -0.288017 
-0.251645 -0.43321 
-0.229866 -0.439456 
-0.645094 0.0027057 
-0.644147 -0.0149082 
0.655163 -0.0395033 
0.658817 -0.0142043 
-0.636298 -0.0665549 
-0.615972 -0.130124 
-0.621793 -0.115317 
-0.627217 -0.0996728 
-0.632121 -0.0832555 
-0.642343 -0.0323569 
-0.639719 -0.0495645 
-0.587154 -0.186943 
-0.158368 -0.455408 
-0.273231 -0.426322 
-0.293379 -0.419231 
-0.31331 -0.411551 
-0.331889 -0.403756 
-0.107284 -0.462884 
-0.133416 -0.459448 
-0.20661 -0.445387 
-0.183191 -0.450625 
0.000810179 -0.468842 
-0.401999 -0.368019 
-0.384319 -0.378068 
-0.437681 -0.345222 
-0.602709 -0.158861 
-0.56936 -0.214418 
-0.549906 -0.240649 
-0.458465 -0.330155 
-0.367402 -0.386994 
-0.419338 -0.357389 
0.636044 -0.101089 
0.649141 -0.0645492 
0.640935 -0.0890226 
-0.48402 -0.309461 
-0.0268548 -0.468558 
0.0284693 -0.468278 
-0.0810636 -0.465535 
-0.0539801 -0.467455 
0.0564426 -0.466839 
0.196497 -0.445747 
0.16857 -0.451909 
0.112463 -0.461266 
0.084356 -0.464517 
0.140449 -0.457089 
0.224496 -0.438495 
0.252208 -0.430194 
0.385431 -0.371772 
0.410186 -0.356778 
0.307056 -0.410159 
0.27975 -0.420761 
0.452128 -0.327499 
0.431436 -0.342601 
0.488087 -0.297705 
0.523122 -0.263392 
0.505958 -0.280931 
0.47039 -0.312978 
0.360101 -0.38559 
0.540832 -0.243765 
0.590252 -0.181024 
0.604982 -0.159111 
0.630687 -0.112975 
0.61856 -0.136447 
0.574419 -0.202555 
0.557837 -0.22355 
0.333802 -0.398465 
-0.518451 -0.276828 
-0.240778 -0.436412 
-0.64473 -0.00610692 
0.657288 -0.0268977 
-0.618956 -0.122749 
-0.629761 -0.0914914 
-0.643352 -0.0236434 
-0.638108 -0.0580797 
-0.262464 -0.429847 
-0.303373 -0.415465 
-0.322628 -0.40772 
-0.120363 -0.461265 
-0.21826 -0.442509 
-0.170797 -0.45311 
-0.3932 -0.373116 
-0.609612 -0.144618 
-0.559834 -0.227682 
-0.595182 -0.173041 
-0.641134 -0.0409762 
-0.375894 -0.382594 
-0.428567 -0.351392 
-0.410714 -0.362777 
-0.358848 -0.391268 
0.645296 -0.0768729 
-0.145907 -0.45752 
-0.471402 -0.320004 
-0.0130233 -0.468806 
-0.067529 -0.466598 
0.0424616 -0.467668 
0.182561 -0.448952 
0.098423 -0.463007 
0.126474 -0.459294 
0.238391 -0.434477 
0.293457 -0.415601 
-0.283331 -0.42285 
0.397894 -0.364417 
0.441862 -0.33516 
0.514631 -0.27225 
0.497113 -0.289414 
0.461331 -0.320329 
0.372843 -0.378822 
0.532073 -0.253664 
0.597745 -0.170153 
0.624823 -0.124814 
0.611934 -0.147876 
0.566211 -0.213117 
0.633421 -0.107057 
0.638549 -0.0950802 
-0.495865 -0.298922 
-0.634305 -0.0749289 
-0.448159 -0.337807 
-0.624588 -0.107523 
0.420885 -0.3498 
-0.194919 -0.448092 
-0.341091 -0.399655 
0.479316 -0.305431 
0.014642 -0.468666 
0.21053 -0.442251 
-0.0941836 -0.464307 
0.320491 -0.404454 
0.549414 -0.233723 
-0.0404215 -0.468109 
0.0704084 -0.465789 
0.266025 -0.425614 
0.582438 -0.191863 
0.347022 -0.392172 
0.154532 -0.454621 
-0.578485 -0.200828 
-0.539728 -0.253133 
0.652436 -0.0520951 
