ZONE T="boundary0"
-4 -1 
-4 -0.353426 
-4 0.283959 
-4 0.32329 
-4 0.362621 
-4 1 
-4 0.739905 
-4 0.47981 
-4 -0.689392 
-4 0.609857 
-4 0.220412 
-4 0.156865 
-4 0.106137 
-4 -0.491129 
-4 -0.422278 
-4 -0.29854 
-4 -0.243655 
-4 -0.103663 
-4 -0.173659 
-4 -0.0241268 
-4 0.0554091 
-4 -0.590261 
-4 0.188638 
-4 -0.844696 
-4 0.303625 
-4 0.869952 
-4 0.421216 
-4 0.544834 
-4 0.342956 
-4 0.131501 
-4 -0.456704 
-4 -0.271098 
-4 -0.138661 
-4 -0.208657 
-4 0.0156412 
-4 0.674881 
-4 0.252186 
-4 0.204525 
-4 0.172752 
-4 0.0807731 
-4 -0.325983 
-4 -0.387852 
-4 -0.540695 
-4 -0.639826 
-4 -0.767044 
-4 -0.0638948 
-4 -0.922348 
ZONE T="boundary1"
-4 1 
3.5043 1 
1.78183 1 
1.6473 1 
-0.199101 1 
-1.70407 1 
0.141061 1 
0.210281 1 
-0.299606 1 
-0.400111 1 
3.87608 1 
3.75215 1 
-1.88844 1 
-2.0728 1 
1.41157 1 
1.31036 1 
-3.64211 1 
-1.07601 1 
-1.18825 1 
0.865486 1 
0.975882 1 
-2.43144 1 
2.22363 1 
2.10894 1 
-3.36374 1 
-3.15073 1 
1.94538 1 
-2.93772 1 
-2.68458 1 
3.13367 1 
3.01012 1 
2.7889 1 
2.56768 1 
3.25721 1 
2.33831 1 
-0.138718 1 
-0.504143 1 
-0.0783351 1 
0.0718408 1 
-0.00324715 1 
-0.608176 1 
-0.73417 1 
-0.860164 1 
0.434891 1 
0.542428 1 
0.649964 1 
0.322586 1 
-0.968087 1 
-1.30049 1 
1.19832 1 
1.51278 1 
-3.04422 1 
1.08628 1 
-1.56101 1 
-1.43075 1 
4 1 
-0.249353 1 
0.266433 1 
0.378739 1 
1.71456 1 
0.175671 1 
-0.349858 1 
3.81411 1 
-1.98062 1 
1.36097 1 
-1.13213 1 
0.920684 1 
-2.25212 1 
-3.82106 1 
2.16629 1 
-3.25723 1 
3.07189 1 
2.67829 1 
3.19544 1 
2.28097 1 
-0.16891 1 
0.0342968 1 
0.106451 1 
-0.452127 1 
-0.55616 1 
-0.797167 1 
-0.671173 1 
0.596196 1 
3.38076 1 
-1.02205 1 
-1.24437 1 
-0.914126 1 
0.757725 1 
1.1423 1 
-1.49588 1 
-3.50292 1 
2.89951 1 
3.93804 1 
3.62823 1 
-1.79626 1 
-1.63254 1 
1.58004 1 
-0.224227 1 
0.488659 1 
-0.0407911 1 
-0.108527 1 
0.238357 1 
-0.27448 1 
0.406815 1 
0.29451 1 
0.350662 1 
1.03108 1 
-2.81115 1 
-3.09747 1 
-2.99097 1 
1.46218 1 
1.25434 1 
-1.36562 1 
1.86361 1 
2.02716 1 
2.45299 1 
-2.55801 1 
ZONE T="boundary2"
4 0.0026559 
4 0.106066 
4 -0.824903 
4 -0.649806 
4 0.218591 
4 0.162328 
4 0.347265 
4 -0.443672 
4 -1 
4 0.297769 
4 0.25818 
4 0.39676 
4 0.475591 
4 0.554422 
4 0.777211 
4 -0.077102 
4 -0.15686 
4 -0.363645 
4 -0.283618 
4 -0.546739 
4 0.888606 
4 1 
4 -0.220239 
4 -0.251929 
4 -0.188549 
4 0.0543607 
4 -0.737354 
4 0.190459 
4 -0.912451 
4 0.277975 
4 0.372012 
4 0.238385 
4 0.436176 
4 0.322517 
4 0.515007 
4 0.665817 
4 -0.037223 
4 -0.495205 
4 0.944303 
4 0.832908 
4 0.134197 
4 -0.236084 
4 -0.204394 
4 -0.267773 
4 -0.403659 
4 -0.598272 
4 -0.116981 
4 -0.323632 
4 -0.172705 
ZONE T="boundary3"
-4 -1 
-3.75502 -1 
-1.58366 -1 
-1.44042 -1 
-0.852956 -1 
-0.27046 -1 
0.101737 -1 
-1.29718 -1 
-1.17896 -1 
-0.77795 -1 
0.753966 -1 
0.224785 -1 
0.29355 -1 
-0.208278 -1 
-0.143106 -1 
-0.0779339 -1 
-0.0152404 -1 
1.96074 -1 
3.8303 -1 
3.66061 -1 
1.38575 -1 
4 -1 
-3.51004 -1 
3.32122 -1 
-3.03662 -1 
-3.27333 -1 
-1.99927 -1 
-2.81984 -1 
-2.60305 -1 
-2.38627 -1 
2.17271 -1 
2.38468 -1 
2.85828 -1 
-0.399953 -1 
-0.332641 -1 
-0.467266 -1 
0.393981 -1 
0.047453 -1 
0.494411 -1 
0.624189 -1 
-0.585105 -1 
0.15602 -1 
-0.702944 -1 
1.20753 -1 
1.10547 -1 
-1.06074 -1 
-0.95685 -1 
1.00341 -1 
0.878687 -1 
3.49091 -1 
-1.82905 -1 
0.343766 -1 
1.29664 -1 
1.50182 -1 
1.6179 -1 
1.78932 -1 
2.62148 -1 
3.08975 -1 
-2.27787 -1 
-2.16948 -1 
-3.87751 -1 
-1.51204 -1 
-1.23807 -1 
0.259168 -1 
-0.175692 -1 
-0.0465871 -1 
3.74546 -1 
-3.15498 -1 
-2.71145 -1 
-3.39169 -1 
-2.49466 -1 
2.06673 -1 
-0.239369 -1 
-0.366297 -1 
-0.11052 -1 
-0.43361 -1 
-0.30155 -1 
0.0161063 -1 
0.5593 -1 
0.128878 -1 
0.190403 -1 
0.0745948 -1 
1.1565 -1 
-0.740447 -1 
-0.526185 -1 
-0.644024 -1 
-1.0088 -1 
-0.815453 -1 
0.941047 -1 
0.816327 -1 
-1.11985 -1 
-1.3688 -1 
-1.70636 -1 
1.34119 -1 
1.55986 -1 
1.25209 -1 
1.70361 -1 
-0.904903 -1 
3.40607 -1 
2.50308 -1 
2.97402 -1 
2.73988 -1 
-2.92823 -1 
3.20549 -1 
2.2787 -1 
-1.91416 -1 
-2.08437 -1 
3.91515 -1 
1.87503 -1 
0.368873 -1 
0.444196 -1 
0.318658 -1 
1.05444 -1 
3.57576 -1 
0.689077 -1 
-3.63253 -1 
-2.22368 -1 
-2.33207 -1 
1.44379 -1 
ZONE T="boundary4"
-0.181271 0.407587 
0.545987 0.285798 
0.558683 0.270431 
-0.631847 0.0410619 
-0.627812 0.0588468 
-0.638168 -0.0129612 
-0.637022 0.00509142 
-0.489545 0.265759 
-0.501264 0.255737 
-0.307714 0.367438 
-0.288243 0.37472 
-0.41534 0.31683 
-0.397671 0.326625 
-0.156558 0.413698 
-0.622842 0.0763513 
-0.24772 0.388494 
-0.61696 0.0935301 
-0.596334 0.138822 
0.570674 0.254399 
-0.610594 0.109426 
-0.603478 0.12495 
-0.572186 0.177508 
-0.588593 0.152391 
-0.560412 0.193284 
-0.548233 0.208134 
0.640628 0.119152 
0.597253 0.213187 
0.608774 0.192643 
0.619104 0.172323 
-0.536477 0.22133 
-0.524238 0.234083 
-0.512657 0.245347 
-0.451608 0.294182 
-0.43368 0.305846 
-0.464692 0.285005 
-0.477273 0.275582 
-0.362092 0.344377 
-0.379726 0.335882 
-0.344261 0.352425 
-0.326065 0.360133 
-0.634917 0.023128 
-0.268639 0.381605 
-0.226681 0.394981 
-0.204033 0.401498 
-0.13173 0.419328 
-0.105376 0.424758 
0.654595 -0.0026562 
0.396544 0.394339 
0.369302 0.405566 
0.340371 0.41563 
0.311077 0.424101 
0.537138 0.295638 
0.472679 0.351525 
0.495759 0.33418 
0.517128 0.315652 
0.448544 0.367226 
-0.0234308 0.438053 
0.0645805 0.446013 
0.0946387 0.447104 
0.0345837 0.444074 
0.249957 0.436997 
0.218789 0.441407 
0.125481 0.447288 
0.280615 0.431279 
0.647546 0.0948354 
0.584345 0.234194 
0.656086 0.0215525 
0.655369 0.0459814 
0.632027 0.142964 
-0.0789098 0.429647 
-0.0512239 0.434157 
0.00552969 0.441423 
0.423193 0.381473 
0.156331 0.446464 
0.1876 0.444528 
0.652474 0.0705592 
0.55243 0.278193 
-0.629949 0.0499813 
-0.637714 -0.00392754 
-0.495445 0.260795 
-0.297997 0.37113 
-0.406544 0.321796 
-0.16893 0.410703 
-0.625444 0.0676321 
0.564771 0.262485 
-0.613875 0.101517 
-0.599981 0.131925 
-0.60713 0.117231 
-0.580633 0.165108 
-0.592535 0.145648 
-0.554404 0.200776 
0.603115 0.202972 
0.614047 0.182538 
-0.566393 0.185466 
-0.530415 0.227762 
-0.518493 0.239763 
-0.4427 0.300101 
-0.458185 0.289644 
-0.370936 0.340187 
-0.388732 0.331318 
-0.335185 0.356331 
-0.636089 0.0141236 
-0.353201 0.348455 
-0.424559 0.31142 
-0.237215 0.391787 
-0.215372 0.398294 
-0.192666 0.404595 
-0.316908 0.363834 
-0.118566 0.42211 
-0.542418 0.214788 
-0.278458 0.37821 
-0.258196 0.385101 
-0.144158 0.416573 
0.383003 0.400146 
0.354906 0.410798 
0.325778 0.420053 
0.541604 0.290755 
0.506607 0.325104 
0.484369 0.343053 
0.460741 0.359575 
0.0796053 0.446668 
0.234396 0.439367 
0.265318 0.434311 
-0.620015 0.0849794 
0.644311 0.107057 
0.590907 0.223757 
-0.633502 0.0321153 
0.656001 0.0337744 
0.636522 0.131128 
0.625823 0.157757 
0.57763 0.244378 
-0.0650794 0.431978 
-0.0921554 0.427271 
-0.0089611 0.439826 
0.409966 0.388109 
0.020048 0.442841 
0.0495751 0.445147 
-0.0373386 0.436183 
0.29589 0.427877 
0.110059 0.447318 
0.140909 0.447006 
0.435981 0.37455 
0.171974 0.445639 
0.20321 0.44312 
-0.471021 0.280342 
-0.507001 0.250588 
-0.483448 0.270721 
0.655618 0.00943044 
0.654186 0.058301 
0.650252 0.082746 
0.527313 0.305825 
ZONE T="boundary5"
-0.173754 -0.482182 
-0.198887 -0.478959 
0.615067 -0.116394 
0.627005 -0.0949367 
0.553389 -0.192826 
0.535412 -0.210122 
-0.597579 -0.196058 
-0.589973 -0.211138 
-0.636068 -0.0665926 
-0.637662 -0.0488579 
-0.638373 -0.0309544 
-0.610627 -0.166367 
-0.60437 -0.18133 
-0.638168 -0.0129612 
-0.630345 -0.101546 
-0.626284 -0.118701 
-0.621623 -0.135112 
-0.633616 -0.0841796 
-0.267814 -0.46439 
-0.289483 -0.45795 
-0.32978 -0.443366 
-0.309769 -0.451047 
-0.34851 -0.435348 
-0.366932 -0.426632 
-0.122002 -0.485547 
-0.148511 -0.484362 
-0.0408591 -0.482448 
-0.222486 -0.474942 
-0.245912 -0.469968 
-0.532926 -0.296776 
-0.51133 -0.320947 
-0.460863 -0.366999 
-0.581721 -0.226193 
-0.400916 -0.408211 
-0.384089 -0.41773 
-0.446667 -0.377902 
-0.416683 -0.398534 
-0.432104 -0.388307 
-0.487354 -0.344395 
-0.0681407 -0.484594 
-0.0133716 -0.479185 
0.0139969 -0.47486 
0.601532 -0.136848 
0.0412151 -0.469515 
0.0682583 -0.463192 
0.148296 -0.438807 
0.121731 -0.447814 
0.174617 -0.429028 
0.227129 -0.407108 
0.305138 -0.369081 
0.279202 -0.382418 
0.253305 -0.395051 
0.20101 -0.418401 
0.330762 -0.355231 
0.356134 -0.340831 
0.429069 -0.294965 
0.405326 -0.310729 
0.44627 -0.282926 
0.463173 -0.270516 
0.381145 -0.325916 
0.570625 -0.174818 
0.650896 -0.0265177 
0.654595 -0.0026562 
0.495426 -0.245068 
0.479451 -0.257969 
0.51568 -0.227872 
0.586638 -0.156303 
0.644996 -0.0500033 
-0.0954624 -0.485631 
0.0950997 -0.455942 
-0.572972 -0.240965 
-0.553761 -0.269881 
0.63701 -0.0728003 
-0.186337 -0.480702 
0.621252 -0.105787 
0.544479 -0.201556 
-0.593842 -0.203631 
-0.636975 -0.0577352 
-0.638131 -0.0399108 
-0.607567 -0.173878 
-0.638387 -0.0219566 
-0.628413 -0.110146 
-0.624042 -0.126931 
-0.634948 -0.075401 
-0.278681 -0.461278 
-0.299659 -0.454595 
-0.339182 -0.439444 
-0.357762 -0.431077 
-0.135263 -0.485093 
-0.234225 -0.472575 
-0.522331 -0.309043 
-0.58591 -0.218702 
-0.392545 -0.413047 
-0.453812 -0.372512 
-0.424438 -0.393489 
-0.319812 -0.447303 
-0.408842 -0.403441 
-0.43943 -0.383167 
-0.25689 -0.467287 
-0.161144 -0.483401 
-0.474302 -0.355924 
-0.632082 -0.092882 
0.000332597 -0.477153 
0.0276298 -0.472312 
0.16149 -0.434009 
0.292205 -0.375817 
0.240252 -0.401154 
0.214104 -0.412834 
0.343486 -0.348097 
0.417251 -0.302926 
-0.37555 -0.422258 
0.454758 -0.27677 
0.393282 -0.318394 
0.653021 -0.0146305 
0.487475 -0.251562 
0.578758 -0.165671 
0.56211 -0.183921 
0.594241 -0.146696 
-0.49954 -0.332873 
0.648216 -0.0383291 
0.437703 -0.288992 
0.471349 -0.26429 
-0.210707 -0.477069 
-0.108733 -0.485725 
0.525614 -0.219073 
0.505612 -0.236539 
-0.0270999 -0.480952 
-0.0544897 -0.483658 
0.135046 -0.44341 
0.108447 -0.451983 
0.317986 -0.362221 
-0.0817967 -0.485253 
0.187848 -0.423801 
0.0547635 -0.466472 
0.368682 -0.333442 
0.0817084 -0.459679 
0.266288 -0.388804 
-0.543588 -0.283518 
0.641257 -0.0614918 
0.632244 -0.0839762 
0.608486 -0.126746 
-0.616436 -0.150849 
-0.60104 -0.188722 
-0.563624 -0.255594 
-0.577409 -0.233614 
