ZONE T="boundary0"
-4 -0.419738 
-4 -0.374597 
-4 -0.156791 
-4 0.305977 
-4 -0.116622 
-4 -0.036162 
-4 1 
-4 0.770272 
-4 0.655407 
-4 -0.816257 
-4 -1 
-4 -0.196961 
-4 -0.329456 
-4 -0.526126 
-4 -0.632515 
-4 0.24988 
-4 0.464916 
-4 0.38929 
-4 0.1046 
-4 0.0442978 
-4 0.540543 
-4 -0.230084 
-4 -0.263208 
-4 0.221554 
-4 0.164903 
-4 0.333748 
-4 0.278206 
-4 -0.397167 
-4 -0.0763919 
-4 0.885136 
-4 0.71284 
-4 -0.908129 
-4 -0.176876 
-4 -0.136706 
-4 -0.579321 
-4 -0.352026 
-4 0.427103 
-4 0.00406793 
-4 0.597975 
-4 -0.724386 
-4 -0.246646 
-4 -0.213522 
-4 -0.296332 
-4 0.193228 
-4 0.134751 
-4 0.235717 
-4 0.319862 
-4 0.292091 
-4 0.264043 
-4 0.361519 
-4 0.074449 
-4 -0.472932 
-4 0.50273 
ZONE T="boundary1"
-2.90181 1 
1.50408 1 
1.7023 1 
4 1 
3.63179 1 
-0.00322481 1 
-0.229165 1 
-0.158964 1 
-0.362603 1 
-0.0887634 1 
0.131484 1 
0.176509 1 
0.457301 1 
0.369869 1 
-0.90099 1 
0.0641298 1 
-0.630749 1 
-0.729495 1 
-3.46272 1 
-3.1168 1 
1.06342 1 
-1.32368 1 
1.40497 1 
1.30586 1 
-4 1 
3.37347 1 
2.68959 1 
3.11516 1 
2.90237 1 
-2.46203 1 
-2.68683 1 
-1.99785 1 
-2.23724 1 
-0.447303 1 
-0.0459941 1 
0.221533 1 
-0.295884 1 
0.295701 1 
-0.539026 1 
0.66926 1 
0.544732 1 
0.928603 1 
0.793788 1 
-1.09548 1 
-1.20958 1 
-0.998233 1 
-1.54107 1 
-1.43237 1 
-0.815243 1 
1.18464 1 
-1.64976 1 
-3.73136 1 
-1.75846 1 
2.48067 1 
2.27175 1 
1.98702 1 
1.84466 1 
2.12939 1 
1.60319 1 
3.81589 1 
0.153997 1 
0.413585 1 
0.0304525 1 
-0.680122 1 
-3.28976 1 
1.35541 1 
3.50263 1 
3.00877 1 
-2.57443 1 
-2.11754 1 
-0.404953 1 
-0.0673788 1 
-0.194065 1 
-0.0246095 1 
-0.123864 1 
-0.329243 1 
0.258617 1 
0.0978072 1 
0.199021 1 
0.332785 1 
-0.493165 1 
0.606996 1 
0.501017 1 
0.731524 1 
-1.15253 1 
-1.04685 1 
-1.26663 1 
-1.48672 1 
1.12403 1 
-2.79432 1 
-1.37803 1 
-3.86568 1 
-3.00931 1 
2.79598 1 
2.37621 1 
2.58513 1 
1.77348 1 
3.24431 1 
1.45452 1 
1.91584 1 
2.20057 1 
-1.87815 1 
-0.584888 1 
-0.772369 1 
-0.262525 1 
-0.858116 1 
-0.949611 1 
2.0582 1 
0.861196 1 
0.996011 1 
-1.70411 1 
-1.59541 1 
-2.34964 1 
-3.59704 1 
1.24525 1 
ZONE T="boundary2"
4 0.0253441 
4 -0.22876 
4 0.161408 
4 0.0933761 
4 0.296688 
4 1 
4 -0.557623 
4 -0.455192 
4 0.229048 
4 -0.289403 
4 0.616293 
4 -0.830027 
4 -0.660054 
4 -1 
4 0.344614 
4 -0.0713864 
4 -0.168117 
4 0.504416 
4 0.39254 
4 -0.372297 
4 0.127392 
4 -0.506407 
4 0.262868 
4 0.195228 
4 0.808147 
4 -0.745041 
4 0.0593601 
4 -0.0230212 
4 0.560355 
4 -0.198439 
4 0.368577 
4 0.320651 
4 -0.119752 
4 0.448478 
4 -0.33085 
4 -0.259082 
4 -0.413745 
4 -0.608839 
4 -0.915014 
ZONE T="boundary3"
-3.58433 -1 
2.00856 -1 
-0.00954493 -1 
-0.31811 -1 
-1.05374 -1 
-0.465736 -1 
-0.570725 -1 
-0.86077 -1 
0.704834 -1 
-0.768243 -1 
-0.675715 -1 
-1.16842 -1 
1.80814 -1 
1.60772 -1 
2.99783 -1 
3.17281 -1 
2.40187 -1 
1.3908 -1 
-4 -1 
-3.02814 -1 
-2.83516 -1 
-2.13784 -1 
-1.93853 -1 
-3.40273 -1 
-3.22113 -1 
-2.58616 -1 
-2.33716 -1 
3.5864 -1 
4 -1 
2.61236 -1 
3.37961 -1 
0.0536899 -1 
0.126332 -1 
0.338633 -1 
0.268804 -1 
0.198974 -1 
-0.137068 -1 
-0.0727798 -1 
-0.201356 -1 
0.515099 -1 
0.609966 -1 
0.426866 -1 
-0.957255 -1 
0.806136 -1 
1.11393 -1 
0.907439 -1 
1.01068 -1 
-1.2831 -1 
1.3185 -1 
1.21621 -1 
-1.39236 -1 
2.82285 -1 
-1.72008 -1 
-1.50162 -1 
-1.61085 -1 
1.46311 -1 
-0.518231 -1 
-0.391923 -1 
-0.62322 -1 
1.70793 -1 
3.08532 -1 
2.20521 -1 
-3.79216 -1 
-2.93165 -1 
-2.03819 -1 
-3.31193 -1 
-2.46166 -1 
3.7932 -1 
2.50711 -1 
3.48301 -1 
0.090011 -1 
0.303718 -1 
-0.104924 -1 
-0.169212 -1 
-0.0411623 -1 
-0.259733 -1 
0.562533 -1 
0.470983 -1 
-0.721979 -1 
-0.814507 -1 
-1.0055 -1 
-0.909013 -1 
0.6574 -1 
0.755485 -1 
0.959061 -1 
-1.11108 -1 
1.06231 -1 
-1.33773 -1 
0.856788 -1 
-1.22576 -1 
2.91034 -1 
3.27621 -1 
-3.12464 -1 
-2.71066 -1 
-1.55624 -1 
-1.44699 -1 
2.7176 -1 
1.90835 -1 
-3.49353 -1 
-1.8293 -1 
-2.2375 -1 
0.0220725 -1 
0.162653 -1 
0.233889 -1 
1.42696 -1 
1.35465 -1 
-1.66546 -1 
1.26735 -1 
1.16507 -1 
1.53542 -1 
0.38275 -1 
ZONE T="boundary4"
-0.311095 0.437275 
-0.33103 0.431543 
-0.638772 0.0139844 
0.64163 0.0856386 
0.652242 0.0497647 
0.654639 0.0375396 
-0.619704 0.155881 
-0.608427 0.185413 
-0.423251 0.391945 
-0.525408 0.312477 
-0.440294 0.381823 
-0.268358 0.446733 
-0.245321 0.450363 
-0.456879 0.370949 
0.547739 0.218996 
0.565052 0.201966 
-0.289832 0.442443 
0.645763 0.0737234 
-0.638143 0.0684366 
-0.63609 0.08666 
-0.633131 0.104753 
-0.629287 0.122667 
0.65646 0.0251562 
0.657881 -0.0244624 
-0.624864 0.139394 
-0.602209 0.199281 
-0.576661 0.246154 
-0.586349 0.229882 
-0.566299 0.261978 
-0.197309 0.454966 
-0.17241 0.455913 
-0.222126 0.453065 
-0.639271 0.0502154 
-0.50284 0.334556 
-0.488158 0.3473 
-0.472776 0.35948 
-0.405748 0.401328 
-0.369439 0.417858 
-0.350702 0.424989 
-0.387862 0.40994 
-0.146014 0.45594 
-0.0642103 0.45042 
-0.0354336 0.446736 
-0.119597 0.455034 
-0.545893 0.289209 
0.527624 0.236981 
-0.639478 0.0320357 
0.353312 0.340122 
0.265792 0.372724 
0.295732 0.362346 
0.324688 0.351592 
0.380869 0.328121 
0.506701 0.253964 
0.433991 0.30151 
0.407968 0.3152 
-0.0067201 0.442292 
0.0227724 0.437008 
0.0825047 0.424377 
0.112731 0.417129 
0.2356 0.382544 
0.204951 0.391939 
0.0521543 0.431095 
0.658323 0.000381895 
0.636967 0.0973201 
0.6077 0.150296 
0.618306 0.133795 
0.626136 0.119964 
0.596196 0.16611 
0.581518 0.184034 
-0.0918879 0.453159 
0.483463 0.270945 
0.143494 0.409228 
0.174108 0.400866 
0.459339 0.286696 
0.653513 0.0436665 
-0.614353 0.170758 
-0.431829 0.386978 
-0.256859 0.448667 
0.556496 0.210584 
-0.300491 0.43997 
0.643765 0.0797051 
-0.637231 0.0775616 
-0.634723 0.0957252 
0.649282 0.0618202 
-0.631318 0.113734 
-0.622375 0.147667 
-0.60538 0.192375 
-0.58159 0.238069 
-0.594573 0.214735 
-0.571566 0.254123 
-0.184865 0.455555 
-0.209728 0.454138 
-0.638822 0.0593335 
-0.495571 0.341011 
-0.464891 0.365303 
-0.414551 0.396732 
-0.448647 0.376478 
-0.480535 0.353477 
-0.360108 0.421521 
-0.340901 0.42837 
-0.378693 0.413997 
-0.396851 0.40573 
-0.279118 0.444696 
-0.159213 0.456048 
-0.0498102 0.448678 
-0.132803 0.455599 
-0.514329 0.323726 
-0.535867 0.301035 
0.537788 0.22811 
-0.321092 0.434512 
-0.233737 0.451828 
-0.639489 0.0411273 
-0.62717 0.131056 
-0.639238 0.023006 
0.28079 0.367612 
-0.556377 0.275805 
0.310242 0.357053 
0.33904 0.345955 
0.517264 0.245599 
0.421051 0.308491 
0.00804042 0.439733 
0.0976334 0.420816 
0.220296 0.387303 
0.658386 -0.0120449 
0.639364 0.0915059 
0.613126 0.142125 
0.62231 0.12693 
0.631797 0.10876 
0.655623 0.0313589 
0.657683 0.0127914 
0.588988 0.175181 
0.367139 0.33423 
0.394479 0.321785 
0.037478 0.434125 
0.0673454 0.427806 
-0.0780403 0.451892 
-0.0210638 0.444603 
0.128129 0.413239 
0.189548 0.396461 
-0.105736 0.454209 
0.471502 0.278976 
0.25072 0.377701 
0.158818 0.405104 
0.602056 0.158283 
0.495195 0.262609 
0.573406 0.193113 
0.446753 0.294253 
ZONE T="boundary5"
-0.43439 -0.314406 
-0.223815 -0.416012 
-0.201959 -0.4228 
0.464292 -0.354751 
-0.610645 -0.104587 
-0.604068 -0.119385 
-0.581263 -0.161383 
-0.461304 -0.294415 
-0.48605 -0.273655 
-0.542327 -0.215234 
-0.55282 -0.202176 
0.639577 -0.110397 
-0.634708 -0.0215013 
-0.637174 -0.00386961 
-0.638772 0.0139844 
-0.631408 -0.0388354 
-0.627296 -0.0558984 
-0.622414 -0.0726216 
0.643647 -0.0983027 
-0.616785 -0.0890162 
-0.589337 -0.147789 
-0.245507 -0.408712 
-0.265893 -0.401314 
-0.2861 -0.393439 
0.496656 -0.327984 
0.511584 -0.313766 
-0.130013 -0.441397 
-0.305004 -0.385551 
-0.32372 -0.377213 
-0.104853 -0.446614 
-0.15503 -0.435561 
-0.178571 -0.429461 
-0.562792 -0.188896 
0.480754 -0.341771 
-0.341102 -0.368964 
-0.358284 -0.360294 
-0.374397 -0.351659 
-0.390292 -0.342621 
0.657881 -0.0244624 
-0.41262 -0.328959 
-0.0784859 -0.451389 
0.0583208 -0.464908 
0.0304729 -0.463707 
0.0863584 -0.465283 
0.00267594 -0.461706 
-0.0247062 -0.458965 
-0.0519977 -0.455483 
0.198895 -0.457634 
0.170669 -0.461023 
0.114397 -0.464789 
0.142564 -0.463383 
0.337975 -0.42316 
0.226973 -0.453181 
0.282951 -0.440743 
0.254987 -0.447582 
0.310631 -0.432627 
0.364892 -0.412274 
0.391237 -0.399925 
0.440986 -0.371175 
0.416825 -0.38611 
0.525882 -0.298818 
0.650401 -0.0739563 
0.65521 -0.0492448 
0.543352 -0.27849 
0.574303 -0.235924 
0.55976 -0.257008 
0.613579 -0.169393 
0.601251 -0.192039 
0.588139 -0.214198 
0.624952 -0.146172 
0.635105 -0.122361 
-0.50906 -0.251843 
-0.53143 -0.227957 
-0.212907 -0.419469 
-0.607433 -0.11202 
-0.473833 -0.284222 
-0.547625 -0.208748 
-0.63605 -0.0127003 
-0.638084 0.00504783 
-0.633164 -0.0301881 
-0.624953 -0.0642886 
-0.619694 -0.0808513 
-0.585363 -0.154623 
-0.6138 -0.0968349 
-0.234683 -0.412426 
0.504202 -0.320962 
-0.255721 -0.405072 
-0.314387 -0.381439 
-0.190285 -0.426201 
-0.557862 -0.195578 
-0.34972 -0.364682 
-0.366367 -0.356026 
-0.14254 -0.438557 
-0.42358 -0.321796 
-0.332435 -0.37314 
-0.0916852 -0.449086 
0.0443924 -0.464409 
-0.0110248 -0.460429 
-0.0383638 -0.457316 
0.184798 -0.459458 
0.10038 -0.465147 
0.128487 -0.464203 
-0.295575 -0.38955 
0.269007 -0.444316 
0.241009 -0.450526 
0.37815 -0.406282 
0.452764 -0.363142 
0.488786 -0.334971 
0.472598 -0.348356 
0.429015 -0.378822 
-0.447991 -0.304605 
0.51882 -0.306376 
0.65306 -0.0616495 
0.534768 -0.288784 
-0.27602 -0.397437 
0.567141 -0.246541 
0.607526 -0.180776 
0.581311 -0.225118 
0.630199 -0.134339 
0.619404 -0.157849 
0.637389 -0.116397 
0.641664 -0.104367 
-0.382373 -0.347191 
0.647251 -0.0861921 
-0.166819 -0.432581 
-0.629455 -0.0473913 
-0.596981 -0.133731 
-0.401522 -0.335899 
-0.117449 -0.444083 
0.594787 -0.203173 
0.0723382 -0.465202 
0.212956 -0.455544 
0.351505 -0.417894 
0.324361 -0.428063 
0.404131 -0.393204 
0.551704 -0.267862 
-0.0652553 -0.453522 
0.156627 -0.462325 
0.296838 -0.436847 
0.0165674 -0.462805 
-0.497719 -0.262923 
0.656816 -0.0368824 
-0.572278 -0.175308 
-0.52042 -0.240065 
-0.536928 -0.221636 
