ZONE T="boundary0"
-4 -1 
-4 -0.244387 
-4 0.761526 
-4 1 
-4 -0.212363 
-4 0.642289 
-4 0.523052 
-4 0.358348 
-4 0.290901 
-4 0.257177 
-4 0.4407 
-4 -0.0558965 
-4 -0.408995 
-4 -0.340457 
-4 -0.477534 
-4 -0.723321 
-4 -0.600427 
-4 -0.27641 
-4 -0.13413 
-4 -0.0950132 
-4 0.223454 
-4 0.10702 
-4 0.165237 
-4 -0.86166 
-4 0.0255617 
-4 0.880763 
-4 0.58267 
-4 0.324624 
-4 0.399524 
-4 0.701907 
-4 -0.443264 
-4 -0.374726 
-4 -0.308433 
-4 -0.228375 
-4 -0.173247 
-4 -0.260398 
-4 -0.114572 
-4 -0.0754548 
-4 0.240316 
-4 0.274039 
-4 0.136128 
-4 -0.538981 
-4 0.481876 
-4 -0.661874 
-4 -0.792491 
-4 -0.93083 
-4 0.194345 
-4 0.0662908 
-4 -0.0151674 
ZONE T="boundary1"
-4 1 
2.52184 1 
2.12947 1 
4 1 
3.84329 1 
0.391528 1 
0.153464 1 
-0.322405 1 
0.0912847 1 
-1.26243 1 
1.52933 1 
1.34058 1 
1.7912 1 
1.96034 1 
-0.944741 1 
-1.60051 1 
3.52986 1 
3.37314 1 
2.91421 1 
-1.94203 1 
-3.35133 1 
-3.67566 1 
-2.13766 1 
-2.31532 1 
-3.09982 1 
3.14368 1 
-2.67065 1 
0.575355 1 
0.460949 1 
-0.242643 1 
-0.420802 1 
-0.735334 1 
0.322106 1 
0.0291059 1 
0.237785 1 
-0.0188909 1 
-0.0668878 1 
-0.84229 1 
-1.04719 1 
-0.52459 1 
-0.628378 1 
-1.15481 1 
-1.35853 1 
-1.45463 1 
1.23451 1 
0.909493 1 
0.689761 1 
-1.7464 1 
1.12843 1 
1.01896 1 
0.799627 1 
-2.84831 1 
-2.49298 1 
3.68657 1 
-0.162881 1 
-0.114885 1 
2.32565 1 
3.92164 1 
1.43495 1 
1.87577 1 
3.4515 1 
-3.51349 1 
1.66026 1 
-2.22649 1 
2.71803 1 
0.518152 1 
-0.282524 1 
0.0601953 1 
0.195624 1 
0.122374 1 
-0.0428894 1 
-0.995967 1 
-0.472696 1 
-0.576484 1 
0.356817 1 
0.426238 1 
-0.788812 1 
-0.893515 1 
-1.101 1 
-1.20862 1 
-0.681856 1 
-1.40658 1 
0.632558 1 
1.0737 1 
1.28754 1 
0.744694 1 
0.85456 1 
1.18147 1 
-3.22557 1 
-1.67346 1 
3.25841 1 
-2.75948 1 
-2.40415 1 
-2.58182 1 
3.76493 1 
-2.97407 1 
-3.83783 1 
-2.03984 1 
-1.84421 1 
3.60821 1 
2.0449 1 
0.279946 1 
-0.371603 1 
-0.202762 1 
0.00510747 1 
-0.0908862 1 
-0.138883 1 
-1.31048 1 
3.02894 1 
-1.52757 1 
0.964228 1 
ZONE T="boundary2"
4 -0.742435 
4 -1 
4 -0.206876 
4 -0.177036 
4 1 
4 0.814077 
4 0.145369 
4 0.18807 
4 -0.597318 
4 0.431101 
4 0.0383882 
4 0.102669 
4 0.283735 
4 0.357418 
4 0.529628 
4 0.628155 
4 -0.0258925 
4 -0.452201 
4 -0.374298 
4 -0.335347 
4 -0.296396 
4 0.235903 
4 -0.236716 
4 -0.266556 
4 -0.101464 
4 -0.524759 
4 -0.871217 
4 -0.191956 
4 0.907039 
4 0.16672 
4 -0.669876 
4 0.0705285 
4 0.39426 
4 0.320577 
4 0.480364 
4 0.578891 
4 0.721116 
4 0.00624782 
4 -0.413249 
4 -0.315871 
4 0.124019 
4 0.211986 
4 0.259819 
4 -0.251636 
4 -0.13925 
4 -0.354822 
4 -0.221796 
4 -0.561038 
4 -0.0636784 
4 -0.48848 
4 -0.281476 
ZONE T="boundary3"
-3.76581 -1 
-4 -1 
-1.67249 -1 
4 -1 
-1.53745 -1 
0.0611117 -1 
-1.32093 -1 
0.658816 -1 
0.783415 -1 
-0.0745144 -1 
1.14365 -1 
1.25498 -1 
-0.209248 -1 
-0.141881 -1 
0.90787 -1 
-2.053 -1 
-2.24082 -1 
3.12601 -1 
3.2656 -1 
-3.53162 -1 
3.40519 -1 
1.78053 -1 
-2.61648 -1 
2.64349 -1 
2.18041 -1 
2.41195 -1 
-3.318 -1 
-3.10439 -1 
-2.95435 -1 
2.88475 -1 
-0.263838 -1 
0.346734 -1 
0.132073 -1 
-0.00670137 -1 
0.534217 -1 
0.440476 -1 
0.393605 -1 
0.203034 -1 
-0.498734 -1 
-0.427608 -1 
-0.56986 -1 
-0.712111 -1 
-0.373018 -1 
-0.318428 -1 
-1.03182 -1 
-0.925946 -1 
3.68437 -1 
-0.819028 -1 
1.03232 -1 
1.36902 -1 
-1.13769 -1 
-1.22931 -1 
1.63179 -1 
-1.86274 -1 
-2.42865 -1 
1.98047 -1 
-1.95787 -1 
0.274884 -1 
1.48305 -1 
-2.80431 -1 
-3.88291 -1 
-1.60497 -1 
-1.42919 -1 
0.721116 -1 
-0.175564 -1 
-2.14691 -1 
3.1958 -1 
-3.64872 -1 
2.29618 -1 
-3.2112 -1 
-3.02937 -1 
3.00538 -1 
-0.0406079 -1 
0.487346 -1 
0.41704 -1 
0.0272052 -1 
0.167554 -1 
-0.108198 -1 
0.0965924 -1 
-0.463171 -1 
-0.640986 -1 
-0.345723 -1 
-0.978881 -1 
0.596517 -1 
-0.76557 -1 
0.970097 -1 
3.84219 -1 
1.19932 -1 
1.08799 -1 
-1.08475 -1 
-1.27512 -1 
-1.1835 -1 
1.70616 -1 
3.3354 -1 
3.54478 -1 
-2.52257 -1 
1.8805 -1 
-2.33474 -1 
2.52772 -1 
2.76412 -1 
-2.00543 -1 
2.08044 -1 
0.238959 -1 
0.310809 -1 
0.37017 -1 
-0.291133 -1 
-0.236543 -1 
-0.400313 -1 
0.845642 -1 
-3.42481 -1 
-0.534297 -1 
-1.76762 -1 
-1.91031 -1 
1.312 -1 
-0.872487 -1 
1.42603 -1 
1.55742 -1 
-2.87933 -1 
-2.71039 -1 
ZONE T="boundary4"
0.64584 0.0778051 
0.652993 0.053151 
-0.224955 0.446601 
-0.248506 0.442122 
-0.630506 0.113728 
0.657785 0.0278484 
-0.270597 0.437113 
0.561353 0.211133 
-0.292492 0.431327 
-0.313063 0.425094 
0.546099 0.227045 
-0.63489 0.096288 
-0.638423 0.0786344 
-0.593187 0.203505 
-0.608154 0.17425 
-0.641078 0.0608197 
0.614872 0.142273 
0.624697 0.125498 
-0.643616 0.00738201 
0.660084 0.0023939 
-0.620008 0.145967 
-0.625608 0.129979 
0.659917 -0.0231034 
-0.575389 0.232718 
-0.545066 0.273591 
-0.471465 0.343634 
-0.485911 0.332201 
-0.565572 0.247019 
-0.150794 0.455467 
-0.124105 0.456893 
-0.524005 0.297041 
-0.499897 0.32021 
-0.456207 0.354771 
-0.440531 0.36531 
-0.643674 0.0251288 
-0.407198 0.385042 
-0.371524 0.402675 
-0.3526 0.41075 
-0.333392 0.418126 
-0.389526 0.394191 
-0.424052 0.375493 
-0.201257 0.450266 
-0.176074 0.453287 
0.603391 0.159596 
0.590127 0.17747 
0.576024 0.194676 
0.531668 0.241161 
0.660306 -0.0103556 
-0.097371 0.457468 
0.497967 0.270849 
-0.642829 0.0429708 
0.401708 0.334908 
0.374523 0.349066 
0.34638 0.362393 
0.317762 0.374736 
0.516797 0.254821 
0.478429 0.286063 
0.0762816 0.442892 
0.106646 0.437382 
0.0166865 0.451237 
0.0465368 0.447471 
-0.0413773 0.456089 
-0.0123185 0.454078 
0.136858 0.431068 
0.258467 0.39699 
0.288297 0.386316 
0.655691 0.0405781 
0.636297 0.102115 
0.454 0.303305 
-0.0693706 0.457201 
0.428297 0.319641 
0.167435 0.423829 
0.197805 0.415778 
0.228276 0.406808 
0.649704 0.0655624 
-0.236751 0.444466 
-0.302805 0.428302 
-0.636765 0.0874832 
-0.600948 0.18902 
0.553794 0.219154 
-0.639862 0.0697439 
0.619902 0.133955 
-0.632804 0.105035 
-0.622895 0.138003 
-0.628148 0.121881 
-0.478743 0.337988 
-0.55557 0.260499 
-0.570546 0.239913 
-0.137456 0.456289 
-0.512166 0.308849 
-0.492963 0.326275 
-0.46389 0.349277 
-0.448419 0.360116 
-0.3621 0.4068 
-0.343029 0.414525 
-0.380564 0.398516 
-0.398405 0.3897 
-0.41567 0.380347 
-0.281571 0.434319 
-0.163443 0.45448 
0.596874 0.168619 
-0.259573 0.439714 
0.583171 0.186152 
-0.432341 0.370481 
-0.323259 0.421703 
0.538937 0.234158 
0.660188 -0.0167316 
-0.110741 0.457284 
-0.642066 0.0519066 
-0.534747 0.285507 
0.360513 0.355857 
0.332124 0.368685 
0.568767 0.202975 
-0.643365 0.0340555 
0.524288 0.248052 
0.488281 0.278562 
0.507469 0.262936 
0.0914821 0.440239 
0.0316242 0.449457 
-0.0268411 0.45519 
0.121773 0.434324 
0.273423 0.391765 
-0.614349 0.160222 
0.60925 0.151014 
-0.643758 0.0162554 
0.660272 -0.00397933 
0.654418 0.046881 
0.656816 0.0342262 
-0.188679 0.451884 
0.466323 0.294836 
-0.213122 0.448534 
0.659244 0.0151499 
-0.0553705 0.456748 
0.388186 0.34212 
0.0614242 0.445281 
0.303077 0.380643 
0.415086 0.327417 
0.152171 0.42755 
0.182647 0.419905 
0.00219343 0.452759 
-0.0833704 0.457443 
0.243407 0.402006 
0.213072 0.411398 
0.630738 0.113928 
0.641341 0.0900682 
0.441245 0.311623 
-0.584554 0.218274 
ZONE T="boundary5"
-0.524028 -0.254537 
-0.512833 -0.265542 
-0.584212 -0.179662 
-0.565766 -0.206126 
-0.638204 -0.0446958 
-0.640856 -0.0275835 
-0.613942 -0.12428 
-0.64267 -0.0101985 
-0.220324 -0.415166 
-0.197123 -0.42093 
-0.600286 -0.152388 
-0.607353 -0.138576 
-0.630479 -0.0780975 
-0.634732 -0.0615585 
-0.09831 -0.439444 
-0.242076 -0.409222 
-0.464529 -0.305701 
-0.451266 -0.315052 
-0.263687 -0.402765 
-0.303915 -0.389148 
-0.322615 -0.382039 
-0.0722488 -0.44281 
-0.045327 -0.445649 
-0.173798 -0.426157 
-0.149094 -0.4311 
-0.489675 -0.286133 
-0.50153 -0.275935 
-0.411269 -0.339956 
-0.619918 -0.10973 
-0.555852 -0.218841 
-0.375648 -0.358729 
-0.283881 -0.396202 
-0.429994 -0.328862 
-0.393603 -0.349621 
0.641055 -0.110796 
0.64536 -0.0985318 
-0.643616 0.00738201 
0.659917 -0.0231034 
0.536495 -0.276249 
-0.341134 -0.374458 
-0.358492 -0.366823 
0.0367897 -0.450294 
0.00920721 -0.449415 
0.0647279 -0.450463 
-0.0183398 -0.447846 
0.0926641 -0.449881 
0.205568 -0.439143 
0.177336 -0.443185 
0.120853 -0.448503 
0.148993 -0.446296 
0.233935 -0.434065 
0.262099 -0.427934 
0.398091 -0.379267 
0.423334 -0.365747 
0.318008 -0.412147 
0.290146 -0.420653 
0.444938 -0.352689 
0.465887 -0.338524 
0.519681 -0.29357 
0.50197 -0.309952 
0.48427 -0.324695 
0.372214 -0.391423 
0.652427 -0.0737438 
0.65734 -0.0484929 
0.553521 -0.256682 
0.569619 -0.236172 
0.585009 -0.214756 
-0.625471 -0.0943162 
0.613075 -0.170118 
0.59961 -0.192624 
0.636293 -0.122903 
0.625396 -0.146885 
-0.534854 -0.243168 
-0.477492 -0.295938 
-0.124286 -0.435476 
0.345333 -0.402441 
-0.518477 -0.260085 
-0.575233 -0.193064 
-0.639636 -0.0361558 
-0.641872 -0.0189021 
-0.20874 -0.418116 
-0.603889 -0.145517 
-0.632705 -0.0698534 
-0.231217 -0.412257 
-0.457934 -0.310427 
-0.252901 -0.406058 
-0.313287 -0.385651 
-0.0587965 -0.44431 
-0.185475 -0.42361 
-0.16146 -0.4287 
-0.495644 -0.281084 
-0.560864 -0.212526 
-0.636571 -0.0531483 
-0.420682 -0.334495 
-0.402474 -0.344859 
-0.384659 -0.354243 
-0.440708 -0.322078 
-0.643254 -0.00141387 
-0.617007 -0.117037 
-0.29392 -0.392737 
-0.349838 -0.370696 
-0.367097 -0.362834 
0.0229954 -0.449942 
-0.03184 -0.446828 
0.0786977 -0.450267 
0.191469 -0.441283 
0.134931 -0.447505 
-0.331899 -0.378308 
0.248046 -0.431134 
0.304123 -0.416552 
0.410803 -0.372678 
0.493213 -0.317435 
-0.273804 -0.399543 
0.455504 -0.345743 
0.38523 -0.385511 
0.434217 -0.359353 
0.655164 -0.0611722 
0.528204 -0.285023 
0.545141 -0.266582 
0.510935 -0.30188 
0.561688 -0.24652 
-0.622781 -0.102054 
0.606476 -0.18145 
0.631042 -0.134983 
0.643266 -0.104685 
0.638729 -0.116871 
0.649148 -0.0862097 
0.658924 -0.0358273 
-0.628071 -0.0862363 
-0.529487 -0.248897 
-0.483624 -0.291084 
-0.610722 -0.131462 
-0.0852892 -0.441203 
-0.111309 -0.437535 
0.475162 -0.331722 
0.57742 -0.22554 
-0.136702 -0.433358 
0.0507581 -0.450471 
0.219774 -0.436732 
0.331727 -0.407452 
0.592423 -0.203765 
-0.00457129 -0.448716 
0.106763 -0.449293 
0.163177 -0.444854 
0.27616 -0.424437 
0.358841 -0.397097 
0.619399 -0.158588 
-0.471049 -0.300872 
-0.545551 -0.231176 
-0.592517 -0.166182 
-0.507225 -0.270785 
