ZONE T="boundary0"
-4 -0.231167 
-4 -0.354132 
-4 -0.288249 
-4 -0.160923 
-4 0.319171 
-4 0.629456 
-4 -0.10395 
-4 0.814728 
-4 -0.422125 
-4 -0.61332 
-4 0.531593 
-4 0.433729 
-4 1 
-4 -0.490117 
-4 0.0299526 
-4 -0.0469771 
-4 0.229371 
-4 0.168127 
-4 0.37645 
-4 0.106882 
-4 -0.736524 
-4 -1 
-4 0.274271 
-4 -0.321191 
-4 -0.196045 
-4 -0.259708 
-4 -0.132437 
-4 0.722092 
-4 0.482661 
-4 -0.456121 
-4 -0.388129 
-4 0.137505 
-4 0.198749 
-4 -0.674922 
-4 -0.551719 
-4 0.580525 
-4 0.0684174 
-4 0.907364 
-4 -0.868262 
-4 0.347811 
-4 0.296721 
-4 0.251821 
-4 0.40509 
-4 -0.0754636 
-4 -0.00851226 
ZONE T="boundary1"
-3.03865 1 
-0.298454 1 
-0.0541381 1 
0.380473 1 
-0.179098 1 
0.793862 1 
-0.645977 1 
-0.532885 1 
-1.72757 1 
-0.85019 1 
-0.748084 1 
-3.70825 1 
-4 1 
1.65519 1 
1.79175 1 
-1.8737 1 
-2.05893 1 
1.20837 1 
3.09251 1 
2.57629 1 
2.8344 1 
-2.65206 1 
2.2523 1 
-3.41651 1 
-2.24415 1 
2.0903 1 
1.92831 1 
3.4382 1 
0.157137 1 
-0.359124 1 
0.234629 1 
0.307551 1 
-0.419794 1 
-0.116618 1 
0.012754 1 
0.079646 1 
-1.05667 1 
-0.953432 1 
0.469994 1 
-1.26173 1 
0.998406 1 
0.896134 1 
1.10339 1 
0.559515 1 
0.676688 1 
1.52587 1 
1.39654 1 
1.30246 1 
-1.50151 1 
-1.1592 1 
4 1 
-1.42159 1 
3.7191 1 
-3.22758 1 
-1.58144 1 
-2.4481 1 
3.26536 1 
-3.56238 1 
-0.589431 1 
-0.799137 1 
-3.85413 1 
-1.96631 1 
2.96346 1 
2.41429 1 
-2.84535 1 
2.0093 1 
-0.328789 1 
0.27109 1 
-0.389459 1 
-0.147858 1 
-0.238776 1 
-0.0206921 1 
0.118392 1 
-0.476339 1 
0.0462 1 
-1.00505 1 
0.425233 1 
-0.901811 1 
0.344012 1 
0.94727 1 
1.0509 1 
0.618101 1 
1.3495 1 
-1.34166 1 
3.85955 1 
3.57865 1 
-1.80064 1 
-1.65451 1 
2.70534 1 
-2.34613 1 
2.1713 1 
-2.55008 1 
1.59053 1 
-2.15154 1 
1.86003 1 
1.72347 1 
1.46121 1 
3.17894 1 
3.35178 1 
-3.13311 1 
-0.0853781 1 
0.514754 1 
-0.69703 1 
0.735275 1 
0.195883 1 
1.25541 1 
-1.10794 1 
-1.21047 1 
0.844998 1 
-1.46155 1 
-1.54148 1 
1.15588 1 
-3.32204 1 
-3.48944 1 
-3.63532 1 
ZONE T="boundary2"
4 -0.38694 
4 -0.35157 
4 -0.310529 
4 -0.269489 
4 -0.42231 
4 -0.49305 
4 -0.587944 
4 -0.682837 
4 -0.841419 
4 0.749098 
4 -0.215859 
4 -0.162228 
4 -0.062439 
4 -0.112334 
4 0.0184854 
4 0.0994098 
4 0.327284 
4 0.276983 
4 0.163046 
4 0.226682 
4 -1 
4 1 
4 0.412739 
4 0.498195 
4 0.623646 
4 -0.331049 
4 -0.290009 
4 -0.45768 
4 -0.63539 
4 -0.762128 
4 -0.189044 
4 -0.0873863 
4 0.0589476 
4 -0.369255 
4 0.302133 
4 0.131228 
4 0.194864 
4 -0.540497 
4 -0.920709 
4 0.874549 
4 -0.242674 
4 -0.404625 
4 -0.137281 
4 -0.0219768 
4 0.251833 
4 0.370012 
4 0.455467 
4 0.560921 
4 0.686372 
ZONE T="boundary3"
-3.74102 -1 
-2.05652 -1 
2.85487 -1 
3.0234 -1 
-1.44352 -1 
-1.25607 -1 
-1.04794 -1 
0.13307 -1 
0.1968 -1 
-3.27989 -1 
-2.93166 -1 
0.804564 -1 
-1.89899 -1 
-1.74146 -1 
-0.729613 -1 
-0.620956 -1 
1.4 -1 
1.29024 -1 
1.50976 -1 
2.68633 -1 
3.5117 -1 
2.46106 -1 
3.26755 -1 
3.75585 -1 
-2.43284 -1 
-0.276318 -1 
-0.0736436 -1 
0.0693397 -1 
-0.00215198 -1 
0.422554 -1 
-0.43786 -1 
0.333721 -1 
0.265261 -1 
-0.529408 -1 
0.511386 -1 
-0.838271 -1 
1.03077 -1 
0.917667 -1 
4 -1 
0.657975 -1 
-0.22247 -1 
-0.384012 -1 
-0.330165 -1 
-0.148057 -1 
-4 -1 
-3.51046 -1 
1.67689 -1 
1.16051 -1 
1.84403 -1 
2.0399 -1 
-1.59249 -1 
2.23578 -1 
-2.68225 -1 
2.93914 -1 
-1.34979 -1 
0.164935 -1 
-3.10577 -1 
-1.82023 -1 
-0.675285 -1 
1.34512 -1 
3.63378 -1 
-2.24468 -1 
0.0335938 -1 
0.101205 -1 
0.23103 -1 
0.299491 -1 
-0.483634 -1 
-0.575182 -1 
0.46697 -1 
-0.783942 -1 
0.974218 -1 
0.73127 -1 
-0.943106 -1 
-1.15201 -1 
-0.249394 -1 
-0.357089 -1 
-0.185264 -1 
0.58468 -1 
-3.62574 -1 
0.861116 -1 
3.87793 -1 
-3.39517 -1 
3.38963 -1 
1.59333 -1 
1.45488 -1 
1.76046 -1 
1.94196 -1 
2.13784 -1 
-1.97776 -1 
-1.66698 -1 
2.7706 -1 
-2.80695 -1 
2.34842 -1 
-2.55754 -1 
2.57369 -1 
-3.87051 -1 
3.14548 -1 
-0.0378978 -1 
0.378138 -1 
-0.410936 -1 
-0.303241 -1 
-0.11085 -1 
1.09564 -1 
-1.518 -1 
1.22538 -1 
ZONE T="boundary4"
-0.29217 0.437728 
-0.312848 0.431841 
-0.441255 0.372766 
-0.424588 0.383042 
0.659139 -0.024345 
0.657148 0.0260967 
0.659347 0.000907826 
0.645532 0.0754785 
0.641128 0.0875967 
0.652504 0.0511181 
-0.333279 0.425162 
-0.608388 0.178957 
-0.619932 0.150289 
-0.641388 0.0462795 
-0.641968 0.0283204 
-0.641641 0.0104721 
-0.247922 0.447628 
-0.224214 0.45154 
0.636189 0.099473 
-0.639895 0.0642624 
-0.63749 0.0822273 
0.659541 -0.0117165 
-0.634196 0.100046 
-0.630039 0.117668 
-0.625342 0.134104 
-0.60151 0.193584 
-0.585332 0.223458 
-0.389732 0.401733 
-0.514078 0.314774 
-0.556169 0.267038 
-0.53532 0.292461 
-0.50087 0.32719 
-0.472491 0.350793 
-0.457094 0.362096 
-0.486917 0.339278 
-0.407522 0.392641 
-0.371594 0.410116 
-0.352584 0.418012 
-0.270144 0.443097 
-0.200366 0.454572 
-0.175018 0.456862 
-0.149589 0.45825 
0.546623 0.221703 
0.532145 0.235356 
0.561527 0.206675 
-0.566353 0.253024 
0.575855 0.191082 
0.603744 0.156025 
0.590694 0.173378 
0.289295 0.376706 
0.318648 0.365114 
0.347143 0.352911 
0.517248 0.248545 
0.454482 0.295429 
0.498389 0.264048 
0.478874 0.278753 
0.402312 0.326048 
0.0183049 0.447972 
-0.0107018 0.451888 
0.0778174 0.437537 
0.10812 0.43106 
0.0481209 0.443135 
0.259612 0.387537 
0.630727 0.111128 
0.615101 0.139019 
0.624788 0.122519 
0.655123 0.0386882 
-0.122761 0.458785 
-0.0959086 0.458422 
0.375209 0.339837 
-0.06783 0.457137 
-0.0397821 0.454984 
0.428835 0.311238 
0.138266 0.423874 
0.168795 0.415858 
0.199126 0.407158 
0.229498 0.397696 
-0.302537 0.434882 
-0.432974 0.377989 
0.65855 0.0135292 
0.6434 0.0815632 
-0.323096 0.428601 
-0.614432 0.164733 
-0.641918 0.0193944 
-0.236087 0.449696 
0.638725 0.0935626 
-0.638805 0.0732602 
0.659414 -0.018033 
-0.632224 0.108882 
-0.622725 0.142226 
0.649303 0.0633807 
-0.5937 0.208673 
-0.545989 0.279951 
-0.46485 0.356523 
-0.479762 0.345108 
-0.640755 0.0552807 
-0.493955 0.333305 
-0.398672 0.397276 
-0.362128 0.414158 
-0.380704 0.406013 
-0.449228 0.367511 
-0.281183 0.440519 
-0.641792 0.0373039 
-0.342966 0.42168 
-0.187703 0.455833 
-0.16231 0.457666 
0.539438 0.228587 
-0.56133 0.260082 
-0.212304 0.453164 
-0.635953 0.091157 
-0.507537 0.321049 
0.597337 0.164791 
-0.416103 0.387927 
0.332942 0.359117 
0.554142 0.214256 
-0.605018 0.186303 
0.524749 0.24201 
0.48871 0.271504 
0.507899 0.256394 
0.00381418 0.450029 
0.568769 0.198952 
0.0929878 0.434389 
0.274489 0.382215 
0.633521 0.10533 
0.609544 0.147604 
0.627817 0.116854 
0.620064 0.13084 
0.653888 0.044919 
0.656212 0.0324048 
0.46678 0.28724 
0.659519 -0.00540308 
0.583387 0.182325 
-0.259054 0.445466 
-0.136178 0.458633 
-0.109334 0.458712 
0.361231 0.346489 
0.388824 0.333066 
0.0332283 0.445651 
0.0629862 0.440428 
-0.0537987 0.456165 
0.304012 0.37101 
0.41565 0.318778 
-0.0252315 0.453542 
0.123213 0.427553 
0.153553 0.419952 
-0.081865 0.457891 
0.183985 0.411593 
0.244586 0.392706 
0.21434 0.402514 
-0.627782 0.125913 
0.441749 0.303479 
-0.524895 0.303805 
-0.57612 0.23842 
ZONE T="boundary5"
0.540121 -0.277998 
-0.587865 -0.163238 
-0.595656 -0.149794 
-0.333523 -0.373506 
-0.314957 -0.381357 
-0.539561 -0.228632 
0.651781 -0.0745865 
0.644898 -0.0992387 
-0.638336 -0.0246534 
-0.640423 -0.0071955 
0.65659 -0.049517 
0.659139 -0.024345 
-0.621868 -0.0915669 
-0.627144 -0.0753155 
-0.63541 -0.0418263 
0.625558 -0.147503 
0.613674 -0.170797 
-0.631667 -0.0587374 
-0.603016 -0.135865 
-0.141079 -0.433395 
-0.234256 -0.409866 
-0.255896 -0.403039 
-0.350886 -0.365657 
-0.296212 -0.388755 
0.556275 -0.258436 
-0.116183 -0.438202 
-0.165855 -0.428013 
-0.189228 -0.422371 
-0.21247 -0.416194 
0.0453877 -0.455232 
-0.517444 -0.252263 
-0.470496 -0.293714 
-0.569948 -0.190419 
-0.55008 -0.216273 
-0.368052 -0.357372 
-0.384361 -0.348975 
-0.443975 -0.313043 
-0.400446 -0.340145 
-0.422495 -0.327052 
-0.494845 -0.273545 
-0.641641 0.0104721 
0.636099 -0.123533 
0.600723 -0.19342 
0.586745 -0.215678 
-0.616059 -0.107 
-0.609796 -0.121664 
-0.276136 -0.396133 
-0.0901206 -0.442601 
0.0177372 -0.454064 
-0.00986673 -0.452167 
-0.0369506 -0.449609 
0.0733424 -0.455648 
-0.0639564 -0.446378 
0.185904 -0.448891 
0.157604 -0.451947 
0.101303 -0.455269 
0.129477 -0.454048 
0.214084 -0.444849 
0.242376 -0.439713 
0.270446 -0.433463 
0.298442 -0.42598 
0.326122 -0.417235 
0.405509 -0.383248 
0.379758 -0.395896 
0.43006 -0.36947 
0.451209 -0.356063 
0.471677 -0.341527 
0.506757 -0.312308 
0.489567 -0.327376 
0.522978 -0.296554 
0.57194 -0.237394 
0.640717 -0.111459 
0.353167 -0.407255 
-0.591825 -0.156553 
-0.324264 -0.377489 
0.648583 -0.0869803 
-0.639489 -0.0159372 
0.658151 -0.0369595 
-0.624602 -0.0834722 
-0.636979 -0.0332578 
0.61977 -0.159228 
-0.629505 -0.0670535 
-0.245096 -0.406516 
-0.342228 -0.369635 
-0.305606 -0.385111 
-0.200867 -0.41935 
-0.560237 -0.203517 
-0.54487 -0.222495 
-0.376234 -0.353226 
-0.457381 -0.30358 
-0.411536 -0.33371 
-0.506313 -0.263083 
0.631016 -0.1356 
-0.641143 0.00163092 
-0.599406 -0.142866 
0.593841 -0.204615 
-0.61905 -0.0993159 
-0.613006 -0.114365 
-0.633642 -0.0503045 
-0.266035 -0.399644 
-0.103165 -0.440479 
0.0315585 -0.454741 
-0.0234168 -0.450973 
-0.0504636 -0.448077 
0.171767 -0.450539 
0.0873241 -0.45556 
0.115395 -0.454766 
0.228255 -0.442417 
0.312332 -0.421768 
-0.286196 -0.392504 
0.256443 -0.436731 
0.392719 -0.389746 
0.41788 -0.37653 
0.46154 -0.348932 
0.498258 -0.319952 
0.440721 -0.362903 
-0.223381 -0.413091 
0.531681 -0.287398 
-0.153483 -0.430777 
0.579446 -0.226606 
0.548329 -0.268326 
0.607323 -0.182179 
-0.359496 -0.361569 
0.564229 -0.248005 
0.63846 -0.117516 
0.642863 -0.105368 
-0.392433 -0.344615 
-0.433311 -0.320165 
-0.606479 -0.128799 
-0.128645 -0.43587 
-0.177558 -0.425258 
0.48071 -0.334563 
0.514968 -0.304535 
0.0593634 -0.455538 
0.200012 -0.446997 
-0.0770499 -0.444568 
0.339705 -0.412409 
0.143549 -0.45311 
0.284485 -0.429874 
0.00392892 -0.453206 
0.366536 -0.401747 
-0.482829 -0.283822 
0.654455 -0.0621031 
-0.528688 -0.240621 
-0.579164 -0.176998 
