ZONE T="boundary0"
-4 -0.33493 
-4 -0.38333 
-4 0.34897 
-4 0.473148 
-4 1 
-4 0.831342 
-4 -0.0167282 
-4 -0.104974 
-4 0.567916 
-4 -0.764264 
-4 -0.28474 
-4 -0.169762 
-4 -0.23455 
-4 -0.528528 
-4 -0.431729 
-4 0.411059 
-4 0.244387 
-4 0.0715172 
-4 0.140522 
-4 0.209526 
-4 0.662683 
-4 0.279248 
-4 0.314109 
-4 -0.646396 
-4 -1 
-4 -0.35913 
-4 0.915671 
-4 -0.0608509 
-4 0.520532 
-4 -0.309835 
-4 -0.137368 
-4 -0.407529 
-4 0.380014 
-4 0.106019 
-4 0.175024 
-4 0.0273945 
-4 0.6153 
-4 0.747013 
-4 0.442104 
-4 0.331539 
-4 0.261818 
-4 0.226957 
-4 -0.259645 
-4 -0.202156 
-4 -0.480128 
-4 -0.587462 
-4 -0.70533 
-4 -0.882132 
-4 0.296678 
ZONE T="boundary1"
-3.73443 1 
-4 1 
0.278686 1 
0.216734 1 
-1.6843 1 
-0.053909 1 
-0.112377 1 
0.158646 1 
0.100559 1 
-0.350601 1 
0.436716 1 
0.340639 1 
3.46039 1 
3.28053 1 
4 1 
3.64026 1 
0.756754 1 
-1.87217 1 
-2.06004 1 
0.973507 1 
1.08686 1 
-2.58755 1 
1.64921 1 
-2.41171 1 
-3.21694 1 
-3.46886 1 
2.49002 1 
2.28848 1 
-0.239493 1 
-0.175935 1 
-0.575876 1 
-0.690043 1 
0.00455893 1 
-0.806068 1 
-0.922094 1 
-0.46171 1 
-0.295047 1 
-1.15326 1 
-1.03768 1 
0.644774 1 
0.532794 1 
1.33909 1 
1.20022 1 
-1.36567 1 
-1.25946 1 
-1.52499 1 
1.56359 1 
1.47797 1 
0.865131 1 
2.08694 1 
1.86808 1 
3.08681 1 
2.8931 1 
2.69156 1 
-2.76339 1 
-2.99017 1 
-3.86721 1 
0.24771 1 
-0.0831429 1 
0.129603 1 
0.388678 1 
3.37046 1 
3.82013 1 
-1.9661 1 
1.03018 1 
-2.23587 1 
-3.3429 1 
2.38925 1 
-0.207714 1 
-0.144156 1 
-0.632959 1 
0.0525589 1 
-0.864081 1 
-0.322824 1 
0.18769 1 
0.309663 1 
-0.406156 1 
-1.09547 1 
0.700764 1 
0.588784 1 
0.484755 1 
1.26966 1 
1.14354 1 
-1.20636 1 
-1.31257 1 
-1.44533 1 
1.52078 1 
0.919319 1 
0.810942 1 
1.40853 1 
1.97751 1 
-3.60164 1 
3.18367 1 
2.98995 1 
2.79233 1 
-2.67547 1 
2.18771 1 
-2.49963 1 
2.59079 1 
3.55033 1 
-2.87678 1 
-1.77824 1 
-0.024675 1 
-0.518793 1 
-0.26727 1 
-0.979885 1 
1.6064 1 
-1.60464 1 
1.75865 1 
-3.10355 1 
-0.748055 1 
ZONE T="boundary2"
4 -0.402504 
4 -0.347547 
4 -0.245308 
4 0.326337 
4 0.639368 
4 0.759579 
4 -0.0410946 
4 1 
4 -0.127492 
4 0.519158 
4 0.197395 
4 0.159372 
4 -0.675531 
4 -0.567374 
4 -1 
4 0.281917 
4 0.239656 
4 0.0453024 
4 0.370757 
4 0.444957 
4 0.121349 
4 -0.270868 
4 -0.1864 
4 -0.296427 
4 -0.457461 
4 -0.783687 
4 -0.321987 
4 -0.215854 
4 -0.375025 
4 0.699474 
4 0.178384 
4 0.879789 
4 -0.621453 
4 0.260787 
4 0.348547 
4 0.407857 
4 0.304127 
4 0.482057 
4 0.14036 
4 0.0833256 
4 -0.258088 
4 -0.156946 
4 -0.283647 
4 -0.0842931 
4 0.00210388 
4 -0.429982 
4 -0.512418 
4 -0.729609 
4 -0.891844 
4 0.579263 
4 -0.309207 
4 -0.201127 
4 -0.230581 
4 -0.334767 
4 0.218526 
ZONE T="boundary3"
-0.375926 -1 
0.13936 -1 
-0.685504 -1 
3.55631 -1 
0.306041 -1 
0.361601 -1 
1.8069 -1 
1.97951 -1 
2.7276 -1 
2.53467 -1 
3.77815 -1 
4 -1 
2.95023 -1 
3.17286 -1 
-3.75 -1 
-3.54029 -1 
-3.14527 -1 
-3.34278 -1 
-2.94777 -1 
-2.75026 -1 
-2.38501 -1 
-2.56764 -1 
-2.17521 -1 
-1.96541 -1 
0.19492 -1 
0.250481 -1 
0.633503 -1 
0.910658 -1 
-1.03936 -1 
-0.930908 -1 
0.538688 -1 
0.728318 -1 
-0.0518248 -1 
-0.119643 -1 
-0.00402862 -1 
0.0437676 -1 
-0.281694 -1 
-0.187461 -1 
-0.548547 -1 
0.849878 -1 
0.971438 -1 
1.16345 -1 
1.39723 -1 
1.28034 -1 
-0.82246 -1 
1.51576 -1 
1.63429 -1 
-1.46804 -1 
-1.34472 -1 
-1.59136 -1 
-1.77838 -1 
2.16062 -1 
0.450144 -1 
0.0915637 -1 
-4 -1 
0.789098 -1 
-1.19204 -1 
2.34174 -1 
0.333821 -1 
1.8932 -1 
2.63114 -1 
3.88908 -1 
3.66723 -1 
3.06155 -1 
-3.64514 -1 
-3.24403 -1 
-2.84902 -1 
-2.47632 -1 
-2.07031 -1 
0.2227 -1 
0.16714 -1 
-0.985132 -1 
-0.0857339 -1 
-0.32881 -1 
-0.462237 -1 
-0.153552 -1 
1.06745 -1 
1.33879 -1 
-0.617026 -1 
-0.876684 -1 
1.57502 -1 
1.72059 -1 
-1.40638 -1 
-3.44153 -1 
3.36458 -1 
-1.5297 -1 
-1.87189 -1 
-2.28011 -1 
-3.04652 -1 
-1.68487 -1 
-2.65895 -1 
2.07007 -1 
0.680911 -1 
0.405873 -1 
0.494416 -1 
-0.234578 -1 
0.0198695 -1 
-0.0279267 -1 
0.941048 -1 
0.278261 -1 
0.115462 -1 
0.880268 -1 
0.0676657 -1 
0.819488 -1 
0.758708 -1 
-0.753982 -1 
1.2219 -1 
1.45649 -1 
-1.26838 -1 
-3.875 -1 
-1.1157 -1 
2.83892 -1 
2.25118 -1 
2.43821 -1 
0.586095 -1 
ZONE T="boundary4"
-0.430811 0.381799 
0.633546 0.019674 
0.628201 0.0365947 
-0.636023 0.0290778 
-0.633721 0.0504536 
-0.630152 0.0719137 
0.604071 0.088695 
0.592102 0.108123 
-0.586037 0.194768 
-0.595357 0.176018 
-0.508701 0.308058 
-0.522174 0.292141 
-0.376367 0.420344 
-0.395214 0.407966 
-0.625339 0.0933866 
-0.619321 0.11477 
-0.612144 0.135996 
-0.603894 0.156928 
-0.272877 0.473451 
-0.249938 0.482294 
-0.576849 0.211671 
-0.556855 0.24456 
-0.567112 0.228269 
-0.637047 0.0078539 
-0.546076 0.260516 
0.424832 0.309328 
0.403792 0.331974 
0.445366 0.286236 
-0.494643 0.323472 
-0.479593 0.338806 
-0.357094 0.432053 
-0.463991 0.353587 
-0.447654 0.367987 
-0.413245 0.395195 
-0.534417 0.276542 
-0.316323 0.453954 
-0.226699 0.490296 
-0.294774 0.464091 
-0.177732 0.504181 
-0.0425171 0.523025 
-0.0138252 0.523416 
0.544113 0.171001 
0.562864 0.148181 
-0.336903 0.443364 
0.637778 0.00241059 
0.38612 0.350072 
0.367984 0.367672 
0.279736 0.437898 
0.253336 0.454021 
0.327857 0.402816 
0.348235 0.385638 
0.502528 0.219337 
0.480259 0.245449 
-0.071243 0.521358 
0.0459037 0.519987 
0.0154388 0.522469 
0.106918 0.5101 
0.137238 0.502533 
0.225628 0.468743 
0.196862 0.481822 
0.167369 0.493087 
0.0760496 0.515954 
0.614158 0.0698329 
0.621687 0.0534183 
0.577951 0.128471 
0.642676 -0.032351 
0.640818 -0.0149333 
-0.202339 0.497696 
-0.151919 0.509948 
-0.0986296 0.518597 
-0.12592 0.514711 
0.304625 0.420701 
0.462902 0.265896 
0.524853 0.193492 
0.63101 0.0281774 
-0.635028 0.0397825 
-0.632088 0.0612089 
0.598229 0.0984969 
-0.590789 0.185439 
-0.515513 0.300163 
-0.385845 0.414238 
-0.622471 0.104118 
-0.627892 0.0826832 
-0.608145 0.146512 
-0.261448 0.477977 
-0.562047 0.236455 
-0.572047 0.220008 
-0.581514 0.203258 
-0.551532 0.252583 
0.414381 0.320716 
0.435154 0.297831 
-0.487188 0.331208 
-0.599726 0.166518 
-0.501743 0.315829 
-0.471858 0.346267 
-0.455887 0.36086 
-0.404285 0.401659 
-0.528366 0.284397 
-0.238355 0.4864 
-0.422087 0.388575 
-0.366782 0.426283 
-0.305594 0.459119 
-0.0281734 0.523381 
-0.540319 0.268582 
0.553571 0.15966 
-0.32666 0.44875 
0.377116 0.358938 
0.266654 0.446152 
-0.636694 0.0184737 
0.395012 0.341077 
-0.439294 0.374967 
-0.283867 0.468869 
0.0306871 0.521422 
0.122133 0.506537 
0.239595 0.461593 
0.211347 0.475506 
0.152375 0.498037 
0.618043 0.0616808 
0.585159 0.118389 
0.635806 0.0110775 
0.609263 0.0793436 
0.625075 0.0450573 
0.641893 -0.0236266 
0.570504 0.1384 
-0.615867 0.125429 
-0.214554 0.49411 
-0.190066 0.501053 
0.358189 0.376742 
-0.347048 0.437798 
-0.164854 0.507189 
-0.112295 0.516792 
-0.0849505 0.520118 
-0.0568892 0.522349 
0.292297 0.429468 
0.061003 0.518168 
0.0915253 0.513244 
0.454163 0.276091 
-0.138943 0.512455 
0.00081226 0.523115 
0.338132 0.394328 
0.471589 0.25568 
0.316349 0.4119 
0.491369 0.232373 
0.513681 0.206407 
0.182203 0.487681 
0.639444 -0.0062358 
0.534516 0.182275 
ZONE T="boundary5"
-0.185373 -0.3772 
-0.161022 -0.382226 
-0.209705 -0.37196 
-0.23337 -0.366631 
-0.110972 -0.391911 
-0.136008 -0.387175 
-0.569471 -0.195101 
-0.558189 -0.208656 
-0.635242 -0.033865 
-0.632422 -0.0542422 
-0.546503 -0.221346 
-0.534274 -0.23342 
-0.580054 -0.180923 
-0.590172 -0.165664 
-0.616358 -0.113008 
-0.608503 -0.131659 
-0.478349 -0.276987 
-0.49335 -0.266892 
0.563587 -0.264746 
0.572542 -0.252597 
0.58928 -0.226863 
0.604663 -0.199094 
-0.62297 -0.0938644 
-0.257 -0.361041 
-0.279914 -0.355312 
-0.346712 -0.336192 
-0.302766 -0.349233 
-0.324795 -0.342949 
-0.367581 -0.329193 
-0.0853252 -0.396528 
-0.507887 -0.256082 
-0.599438 -0.149744 
-0.521315 -0.245079 
-0.461958 -0.286944 
-0.426861 -0.3052 
-0.445128 -0.296167 
-0.407705 -0.313744 
-0.388258 -0.3216 
0.630282 -0.136245 
0.638656 -0.102033 
-0.636786 -0.0131386 
-0.637047 0.0078539 
0.389885 -0.387139 
0.366749 -0.394896 
0.104833 -0.420255 
0.0764584 -0.418238 
0.0481728 -0.415599 
0.0206935 -0.412495 
-0.00669945 -0.408928 
0.535685 -0.296653 
-0.0331994 -0.405078 
0.163579 -0.422126 
0.134172 -0.421604 
0.194324 -0.42169 
0.344447 -0.401243 
-0.0596288 -0.400892 
0.321975 -0.406625 
0.412755 -0.378155 
0.517055 -0.314074 
0.497349 -0.329974 
0.477769 -0.343691 
0.457477 -0.356088 
0.435368 -0.367813 
0.642903 -0.0673129 
0.641322 -0.0847009 
0.526532 -0.305537 
0.554117 -0.276501 
0.624668 -0.153139 
0.581148 -0.239885 
0.634939 -0.119299 
0.61826 -0.169664 
-0.628326 -0.0742706 
0.643366 -0.0497982 
0.642676 -0.032351 
0.289295 -0.412823 
0.256581 -0.417297 
0.225073 -0.420148 
-0.173203 -0.379738 
-0.221544 -0.369325 
-0.123495 -0.38957 
-0.563918 -0.201951 
-0.633994 -0.044076 
-0.540458 -0.227454 
-0.574858 -0.188084 
-0.585223 -0.173366 
-0.612585 -0.122398 
-0.485908 -0.272026 
0.597214 -0.213113 
-0.245193 -0.36387 
-0.268467 -0.358216 
-0.313796 -0.346144 
-0.35717 -0.332761 
-0.0981542 -0.39425 
-0.14852 -0.384726 
-0.197545 -0.374607 
-0.500683 -0.261574 
-0.60412 -0.140776 
-0.552423 -0.215072 
-0.527862 -0.239325 
-0.470211 -0.28206 
-0.436041 -0.300778 
-0.637077 -0.00264447 
-0.398015 -0.317753 
0.378364 -0.391159 
-0.453593 -0.291646 
-0.335773 -0.339634 
0.0906395 -0.41933 
0.0344262 -0.414109 
0.00698996 -0.410766 
0.148874 -0.421974 
0.178953 -0.422039 
-0.619822 -0.103491 
-0.0464204 -0.403025 
0.355633 -0.398191 
0.333238 -0.404049 
0.401379 -0.382797 
-0.377948 -0.325475 
0.507344 -0.3222 
0.467717 -0.350044 
0.446511 -0.362118 
-0.636177 -0.0235139 
0.64225 -0.0760193 
0.521834 -0.309849 
0.558917 -0.270675 
0.576907 -0.246281 
0.568128 -0.258718 
0.632726 -0.127803 
0.621561 -0.161439 
0.611746 -0.18451 
0.640121 -0.0933874 
0.636923 -0.110693 
-0.0724825 -0.398743 
-0.417324 -0.309563 
-0.630536 -0.0642896 
0.643277 -0.0585593 
0.643166 -0.0410689 
-0.514665 -0.250658 
0.627583 -0.144728 
-0.594923 -0.157773 
0.305677 -0.409946 
0.272965 -0.41526 
0.424135 -0.373144 
-0.291352 -0.35232 
0.487669 -0.33699 
0.119498 -0.421028 
-0.019956 -0.407048 
0.209706 -0.421064 
0.0623087 -0.416992 
0.240842 -0.41889 
-0.625808 -0.0841113 
0.585271 -0.233411 
0.531149 -0.301139 
0.545106 -0.286765 
