ZONE T="boundary0"
-4 -0.529339 
-4 -0.613856 
-4 -0.806928 
-4 0.222186 
-4 0.17028 
-4 0.274093 
-4 0.401005 
-4 0.567022 
-4 0.484013 
-4 -0.186718 
-4 -0.144034 
-4 0.113043 
-4 1 
-4 0.783511 
-4 -0.258759 
-4 -0.229402 
-4 -0.058666 
-4 -0.00142954 
-4 0.0558069 
-4 -1 
-4 -0.10135 
-4 -0.288117 
-4 -0.346833 
-4 -0.317475 
-4 -0.395827 
-4 -0.444822 
-4 -0.571598 
-4 0.196233 
-4 0.337549 
-4 0.442509 
-4 0.141662 
-4 0.891755 
-4 -0.710392 
-4 -0.165376 
-4 -0.20806 
-4 -0.0300478 
-4 0.248139 
-4 -0.903464 
-4 0.525517 
-4 0.675266 
-4 -0.122692 
-4 -0.0800079 
-4 -0.273438 
-4 -0.24408 
-4 -0.332154 
-4 -0.37133 
-4 -0.302796 
-4 -0.420325 
-4 -0.487081 
-4 0.0271887 
-4 0.0844251 
ZONE T="boundary1"
-2.96077 1 
-3.22758 1 
4 1 
-0.386401 1 
-0.348776 1 
-4 1 
3.255 1 
3.48698 1 
-1.17495 1 
1.41416 1 
-1.28645 1 
-1.40922 1 
1.94102 1 
-1.97747 1 
-2.13414 1 
-3.39498 1 
-2.31334 1 
2.54335 1 
-2.49254 1 
-2.72666 1 
3.02303 1 
2.78319 1 
0.477108 1 
0.380875 1 
-0.49012 1 
-0.593839 1 
-0.31115 1 
-0.235367 1 
-0.66973 1 
-0.745621 1 
0.0875759 1 
0.156388 1 
-0.159583 1 
0.679876 1 
0.573341 1 
-0.0302102 1 
0.0286828 1 
-0.0948967 1 
0.893086 1 
0.99976 1 
0.786411 1 
1.10134 1 
-1.06345 1 
-0.98399 1 
-0.904534 1 
-3.56238 1 
-3.78119 1 
-1.53198 1 
-1.8208 1 
1.60295 1 
1.30854 1 
1.20292 1 
3.74349 1 
1.79175 1 
2.31682 1 
2.0903 1 
0.303038 1 
0.225201 1 
-0.825077 1 
-3.09417 1 
-0.367589 1 
3.37099 1 
-1.34783 1 
-2.05581 1 
-3.31128 1 
-2.22374 1 
-2.6096 1 
3.13902 1 
0.428992 1 
-0.541979 1 
-0.329963 1 
-0.273258 1 
-0.438261 1 
-0.707675 1 
0.121982 1 
-0.197475 1 
0.525224 1 
-0.000763688 1 
0.0581293 1 
-0.12724 1 
0.733144 1 
1.05055 1 
0.626608 1 
0.839748 1 
-0.631784 1 
-1.02372 1 
-0.944262 1 
-3.67178 1 
-1.1192 1 
-1.2307 1 
-1.4706 1 
0.946423 1 
-1.67639 1 
-3.89059 1 
1.15213 1 
1.36135 1 
3.87174 1 
-3.47868 1 
1.50856 1 
1.69735 1 
2.66327 1 
2.90311 1 
1.86639 1 
2.01566 1 
3.61523 1 
-2.84371 1 
-2.40294 1 
-1.89913 1 
0.264119 1 
0.190794 1 
0.341956 1 
-0.785349 1 
-0.864806 1 
-0.0625535 1 
1.25573 1 
2.20356 1 
2.43009 1 
ZONE T="boundary2"
4 -0.433667 
4 -0.364598 
4 -0.262841 
4 -0.502736 
4 -0.183764 
4 -0.690958 
4 0.392417 
4 0.439974 
4 0.719987 
4 1 
4 0.57998 
4 0.220015 
4 -0.121726 
4 0.126906 
4 0.17346 
4 0.282438 
4 -0.845479 
4 -1 
4 0.0336089 
4 0.344861 
4 -0.0596882 
4 -0.223303 
4 -0.399132 
4 -0.596847 
4 0.416196 
4 0.859993 
4 0.150183 
4 0.251226 
4 -0.768218 
4 0.0802574 
4 -0.31372 
4 -0.468201 
4 0.649983 
4 0.31365 
4 0.509977 
4 -0.0130397 
4 -0.922739 
4 -0.243072 
4 -0.0907072 
4 -0.152745 
4 0.196737 
4 0.368639 
4 -0.203534 
ZONE T="boundary3"
-1.031 -1 
-0.207411 -1 
-0.143646 -1 
-0.0742344 -1 
-0.00482281 -1 
-0.737389 -1 
-0.82581 -1 
0.86628 -1 
0.958605 -1 
0.132312 -1 
-0.928404 -1 
3.72533 -1 
0.650814 -1 
-1.25976 -1 
-3.22728 -1 
-3.0125 -1 
1.16467 -1 
4 -1 
2.05444 -1 
1.68408 -1 
1.59692 -1 
3.15513 -1 
2.85959 -1 
3.45067 -1 
-2.81246 -1 
-3.44205 -1 
-2.39464 -1 
-2.17687 -1 
0.773956 -1 
0.271536 -1 
0.33557 -1 
-0.271176 -1 
0.201924 -1 
0.0637446 -1 
-0.363943 -1 
-0.45671 -1 
0.399604 -1 
-0.552839 -1 
0.527672 -1 
-0.648968 -1 
1.06164 -1 
-1.14538 -1 
-4 -1 
1.25094 -1 
1.33721 -1 
1.50976 -1 
1.42349 -1 
-1.63395 -1 
-1.37336 -1 
-1.78093 -1 
1.8584 -1 
2.40276 -1 
-1.9789 -1 
-2.61242 -1 
2.25048 -1 
2.70731 -1 
2.55503 -1 
-1.48697 -1 
-3.72103 -1 
-0.175528 -1 
-0.0395286 -1 
-0.781599 -1 
0.912443 -1 
-0.10894 -1 
-3.11989 -1 
3.86267 -1 
1.6405 -1 
3.00736 -1 
3.3029 -1 
-2.91248 -1 
-2.28575 -1 
0.712385 -1 
0.303553 -1 
0.23673 -1 
0.0980283 -1 
-0.410327 -1 
0.367587 -1 
0.167118 -1 
-0.239294 -1 
0.589243 -1 
-0.504775 -1 
0.463638 -1 
-0.877107 -1 
-0.693178 -1 
1.11315 -1 
-0.979701 -1 
0.820118 -1 
-1.08819 -1 
1.29408 -1 
1.46662 -1 
-1.31656 -1 
1.77124 -1 
-3.33467 -1 
-1.87992 -1 
1.95642 -1 
-2.71244 -1 
2.15246 -1 
-2.50353 -1 
2.63117 -1 
2.78345 -1 
2.47889 -1 
0.0294609 -1 
-0.31756 -1 
-0.600903 -1 
1.01012 -1 
-2.07788 -1 
1.2078 -1 
-1.20257 -1 
-1.43017 -1 
-1.70744 -1 
-1.56046 -1 
3.588 -1 
2.32662 -1 
1.38035 -1 
1.55334 -1 
-3.86051 -1 
-3.58154 -1 
ZONE T="boundary4"
0.573682 0.226153 
-0.260283 0.40231 
0.658799 0.0129955 
0.64079 0.113278 
-0.639831 0.0742391 
-0.642408 0.0564339 
-0.644596 0.00280888 
0.6221 0.154398 
0.546663 0.256655 
0.560047 0.242194 
-0.433823 0.345247 
-0.416665 0.353745 
-0.466133 0.326735 
-0.450178 0.336318 
-0.644781 0.0206515 
-0.644056 0.0385561 
-0.631953 0.109183 
-0.627006 0.125292 
0.648818 0.0886045 
0.645069 0.101042 
-0.615515 0.155104 
-0.621308 0.141084 
-0.601861 0.182917 
-0.609131 0.168861 
-0.574918 0.225413 
0.654516 0.0637389 
-0.531776 0.275331 
-0.543008 0.263924 
-0.19042 0.412935 
-0.165004 0.4157 
-0.139546 0.417978 
-0.564537 0.239056 
-0.553747 0.252051 
-0.323796 0.387685 
-0.495684 0.306315 
-0.481135 0.31684 
-0.509495 0.295359 
-0.399187 0.361581 
-0.593594 0.197315 
-0.584708 0.21134 
-0.381008 0.368943 
-0.362576 0.375666 
-0.343284 0.381981 
-0.303181 0.393052 
-0.282418 0.397833 
-0.0856213 0.421366 
-0.112593 0.419902 
-0.0290337 0.423058 
0.0003826 0.423231 
-0.520833 0.285564 
-0.238041 0.406229 
-0.214265 0.409844 
0.586698 0.209498 
0.657282 -0.0122862 
0.657883 0.0383703 
-0.63634 0.0918404 
0.42007 0.347198 
0.335699 0.380393 
0.364527 0.370663 
0.53267 0.270481 
0.495782 0.301423 
0.514681 0.28648 
0.471891 0.318028 
0.446519 0.333345 
0.0600409 0.422082 
0.0297844 0.422921 
0.151875 0.415924 
0.121099 0.418644 
0.244918 0.402747 
0.0902676 0.420686 
0.275669 0.396406 
0.636 0.125334 
0.630743 0.137166 
0.656499 0.051116 
0.658343 0.000337158 
0.611902 0.172275 
0.60013 0.190645 
0.392865 0.359547 
-0.0573282 0.422438 
0.305838 0.389013 
0.182979 0.41241 
0.21398 0.408052 
-0.641235 0.0653533 
0.553432 0.249496 
-0.425286 0.34958 
-0.458206 0.331611 
-0.644801 0.0117291 
-0.629578 0.117267 
0.647012 0.0948439 
-0.618486 0.148125 
-0.605572 0.175928 
-0.612396 0.162016 
-0.537454 0.269686 
-0.177719 0.414381 
-0.15228 0.416897 
-0.559211 0.245611 
-0.488467 0.311657 
-0.502651 0.300914 
-0.407963 0.357745 
-0.589227 0.204373 
-0.473686 0.321867 
-0.371821 0.372382 
-0.352956 0.378903 
-0.292816 0.395513 
-0.644533 0.0296085 
-0.0991098 0.420689 
-0.0143258 0.423204 
-0.515213 0.290516 
-0.333562 0.384907 
-0.226164 0.408105 
0.580276 0.217893 
-0.271365 0.400145 
-0.249174 0.404336 
-0.634259 0.10054 
0.350169 0.375694 
-0.442046 0.340865 
0.539747 0.263649 
0.505338 0.294086 
0.483973 0.309922 
0.523792 0.278611 
0.459325 0.325886 
0.0449146 0.422569 
0.136494 0.417373 
-0.126074 0.418999 
0.260321 0.399712 
-0.390131 0.365344 
0.566948 0.234245 
0.642995 0.107183 
0.633429 0.131276 
0.638457 0.119331 
0.657888 -0.00598093 
0.658647 0.00666343 
0.657267 0.0447514 
0.651951 0.0762363 
0.655582 0.057439 
0.658646 0.0256935 
-0.624252 0.133222 
0.617119 0.163404 
0.593528 0.200152 
-0.313509 0.390445 
-0.643347 0.0475058 
-0.202351 0.411452 
0.378766 0.365284 
0.406551 0.353557 
0.0751575 0.421456 
0.105688 0.419747 
-0.0431819 0.422804 
0.320814 0.384863 
0.433396 0.340466 
0.0150842 0.423137 
0.167438 0.414267 
-0.0714768 0.42196 
0.22947 0.405522 
0.198495 0.410341 
-0.6382 0.0830625 
-0.569801 0.232288 
-0.597806 0.190164 
-0.579888 0.21843 
0.626538 0.14584 
0.290789 0.392856 
0.606132 0.181534 
-0.548438 0.258045 
-0.526354 0.280503 
ZONE T="boundary5"
-0.593655 -0.173891 
-0.547828 -0.242713 
-0.638852 -0.049751 
-0.641599 -0.0324445 
-0.643527 -0.0148994 
-0.62047 -0.115934 
-0.625998 -0.10018 
-0.644596 0.00280888 
-0.63531 -0.0668423 
-0.631016 -0.0836495 
-0.601062 -0.159946 
-0.154422 -0.462919 
-0.248336 -0.439918 
-0.270038 -0.43278 
-0.310338 -0.417478 
-0.290302 -0.425431 
-0.329006 -0.409416 
-0.347427 -0.400804 
-0.129263 -0.467084 
-0.102923 -0.4706 
-0.0764892 -0.473281 
-0.226429 -0.446395 
-0.203023 -0.452544 
-0.179442 -0.457971 
-0.557802 -0.229575 
-0.576641 -0.202286 
-0.526768 -0.267958 
-0.364621 -0.392139 
-0.381552 -0.382972 
-0.397607 -0.373656 
-0.413379 -0.363867 
-0.434935 -0.349367 
0.638804 -0.086328 
0.647161 -0.0621141 
-0.61451 -0.130958 
0.61626 -0.133279 
0.602661 -0.155753 
-0.455853 -0.333913 
-0.0219137 -0.476189 
-0.0492224 -0.475173 
0.00586972 -0.476323 
0.0616367 -0.473832 
0.033639 -0.475547 
0.201168 -0.450432 
0.173441 -0.457176 
0.117596 -0.467519 
0.089558 -0.471171 
0.145487 -0.462878 
0.228905 -0.442543 
0.256315 -0.433555 
0.387457 -0.371239 
0.411369 -0.355712 
0.310454 -0.412003 
0.283573 -0.423365 
0.452237 -0.325367 
0.470046 -0.310419 
0.504738 -0.27771 
0.487279 -0.294807 
0.432065 -0.340988 
0.362459 -0.385925 
0.572181 -0.198955 
0.555723 -0.219919 
0.653382 -0.0373301 
0.521517 -0.259956 
0.657282 -0.0122862 
0.538923 -0.240178 
0.587956 -0.17751 
0.633854 -0.0982709 
0.62845 -0.110034 
-0.48157 -0.312734 
-0.505074 -0.290844 
0.336679 -0.399566 
-0.640328 -0.041114 
-0.64267 -0.0236836 
-0.623316 -0.108086 
-0.644171 -0.00605181 
-0.63718 -0.0583172 
-0.628598 -0.091942 
-0.597418 -0.166951 
-0.259214 -0.436432 
-0.30035 -0.42153 
-0.338249 -0.405179 
-0.116107 -0.468947 
-0.0897167 -0.472045 
-0.214749 -0.44956 
-0.552864 -0.236181 
-0.567431 -0.216075 
-0.37312 -0.387619 
-0.40553 -0.368821 
-0.424236 -0.356734 
0.643234 -0.0743081 
-0.608053 -0.145576 
-0.166951 -0.460543 
0.609617 -0.144611 
-0.445481 -0.341758 
-0.0355721 -0.475791 
-0.141858 -0.465099 
0.0476451 -0.474807 
0.0197576 -0.476049 
0.187336 -0.453935 
0.103593 -0.469468 
0.131562 -0.465323 
-0.319701 -0.413515 
0.242655 -0.438187 
0.297074 -0.417827 
-0.280198 -0.42918 
0.399499 -0.363609 
0.461212 -0.317977 
0.496093 -0.286345 
0.442231 -0.333281 
0.37504 -0.378722 
0.421791 -0.348454 
-0.237406 -0.443238 
0.564026 -0.209494 
0.650549 -0.049792 
0.51321 -0.268911 
0.655624 -0.0248539 
0.530302 -0.250139 
0.580163 -0.188302 
0.59543 -0.166713 
0.631206 -0.104177 
0.622549 -0.121758 
0.636387 -0.0923236 
-0.617564 -0.123475 
-0.356055 -0.396534 
-0.389614 -0.378373 
-0.633258 -0.0752701 
-0.191253 -0.455347 
-0.468872 -0.323518 
-0.493491 -0.30197 
0.478737 -0.302695 
-0.00802249 -0.47637 
0.215075 -0.446624 
0.323634 -0.405927 
0.54739 -0.230104 
-0.0628633 -0.474337 
0.0756087 -0.47262 
0.269996 -0.428602 
0.349645 -0.392888 
-0.516101 -0.279571 
0.15949 -0.460156 
-0.537497 -0.255501 
-0.585388 -0.188233 
