ZONE T="boundary0"
-4 -0.125479 
-4 0.235943 
-4 0.184081 
-4 0.524316 
-4 0.321932 
-4 0.287805 
-4 0.356059 
-4 0.718239 
-4 -0.086966 
-4 -0.0484531 
-4 0.859119 
-4 -0.275179 
-4 -0.525947 
-4 -0.623397 
-4 -0.811698 
-4 0.125247 
-4 0.066412 
-4 0.00897944 
-4 0.440188 
-4 -0.216168 
-4 -0.33419 
-4 -0.428496 
-4 1 
-4 -1 
-4 0.210012 
-4 0.304868 
-4 -0.106222 
-4 -0.574672 
-4 0.0958293 
-4 0.261874 
-4 -0.0197368 
-4 0.482252 
-4 -0.170824 
-4 -0.0677096 
-4 -0.304685 
-4 -0.245674 
-4 -0.381343 
-4 -0.477222 
-4 0.154664 
-4 0.621278 
-4 0.92956 
-4 -0.717548 
-4 0.788679 
-4 0.338996 
-4 0.0376957 
-4 0.398124 
-4 -0.905849 
ZONE T="boundary1"
-3.52631 1 
-3.3547 1 
4 1 
3.67841 1 
-0.127632 1 
-0.0543123 1 
0.172862 1 
0.256873 1 
-1.24071 1 
-1.42898 1 
-1.51261 1 
-3.76315 1 
-0.347743 1 
-0.274348 1 
-0.497923 1 
-0.849012 1 
3.35682 1 
3.18243 1 
-1.03947 1 
0.447991 1 
0.340885 1 
-1.63821 1 
1.33673 1 
2.8125 1 
2.61697 1 
1.78818 1 
1.01579 1 
1.1025 1 
3.51761 1 
3.00803 1 
-2.43765 1 
-2.21454 1 
-2.66075 1 
2.18238 1 
-1.76381 1 
-3.04526 1 
-3.1831 1 
-0.626533 1 
-0.690838 1 
-0.422833 1 
0.698735 1 
0.13288 1 
0.0928992 1 
0.0192935 1 
-0.200952 1 
-0.942882 1 
-0.755143 1 
-0.23765 1 
-4 1 
-1.13605 1 
0.555096 1 
0.842374 1 
0.929082 1 
1.18921 1 
1.63622 1 
-1.34536 1 
1.48426 1 
1.98528 1 
-1.98918 1 
-2.90743 1 
2.39967 1 
-3.4405 1 
3.8392 1 
-0.0909723 1 
0.214867 1 
-1.47079 1 
-0.311045 1 
3.26962 1 
0.394438 1 
2.71473 1 
1.05915 1 
-2.3261 1 
-3.11418 1 
-0.658685 1 
-0.460378 1 
-0.562228 1 
0.11289 1 
0.0560963 1 
-0.164292 1 
0.152871 1 
-0.895947 1 
-0.0175094 1 
0.298879 1 
-0.72299 1 
-0.385288 1 
-3.88158 1 
-0.255999 1 
-0.802077 1 
0.626916 1 
0.501544 1 
0.770555 1 
0.885728 1 
1.26297 1 
-1.08776 1 
-0.991175 1 
-1.18838 1 
-1.29303 1 
-3.2689 1 
1.56024 1 
3.59801 1 
3.43722 1 
-1.70101 1 
3.09523 1 
-3.64473 1 
2.91027 1 
-1.8765 1 
-1.57541 1 
-2.10186 1 
1.88673 1 
2.08383 1 
-2.5492 1 
-0.219301 1 
-2.78409 1 
-2.97635 1 
1.14585 1 
0.972437 1 
-1.38717 1 
1.4105 1 
1.7122 1 
2.50832 1 
2.29102 1 
ZONE T="boundary2"
4 -0.327675 
4 -0.26305 
4 -0.414886 
4 -0.191941 
4 0.452202 
4 1 
4 0.340772 
4 0.298501 
4 -0.106351 
4 0.0145746 
4 -0.0458882 
4 -0.846341 
4 0.608899 
4 0.804449 
4 -0.692682 
4 -0.553784 
4 0.25623 
4 0.144842 
4 0.200536 
4 0.0797081 
4 -1 
4 -0.295363 
4 -0.371281 
4 -0.227496 
4 0.319636 
4 -0.149146 
4 -0.0156568 
4 0.53055 
4 0.902225 
4 0.706674 
4 -0.0761196 
4 0.396487 
4 0.277365 
4 0.172689 
4 0.228383 
4 0.112275 
4 0.0471414 
4 -0.484335 
4 -0.923171 
4 -0.623233 
4 -0.769512 
ZONE T="boundary3"
-3.61238 -1 
-3.80619 -1 
-2.23028 -1 
-0.368076 -1 
-0.472273 -1 
-0.269712 -1 
0.184414 -1 
0.258199 -1 
-0.80559 -1 
-0.923034 -1 
-0.57647 -1 
-0.178806 -1 
-0.113751 -1 
0.31036 -1 
0.362521 -1 
0.4584 -1 
-0.0486955 -1 
0.0309665 -1 
-3.17821 -1 
-3.3953 -1 
0.943972 -1 
-2.92535 -1 
1.25023 -1 
3.34592 -1 
3.56395 -1 
-1.69726 -1 
-1.59075 -1 
1.8307 -1 
1.66863 -1 
-1.267 -1 
3.78197 -1 
2.68111 -1 
3.12789 -1 
-2.67248 -1 
-2.45138 -1 
2.4549 -1 
0.110629 -1 
0.55428 -1 
0.693926 -1 
-0.69103 -1 
0.842644 -1 
-4 -1 
1.14777 -1 
1.0453 -1 
4 -1 
1.3784 -1 
1.50656 -1 
-1.15374 -1 
-1.04048 -1 
2.02969 -1 
-1.37562 -1 
-1.48424 -1 
2.22868 -1 
-1.85714 -1 
-2.01703 -1 
2.9045 -1 
-3.70929 -1 
-0.420174 -1 
-0.318894 -1 
0.221306 -1 
-0.864312 -1 
-0.146278 -1 
-0.0812231 -1 
-0.00886447 -1 
-3.28675 -1 
-3.05178 -1 
3.45493 -1 
-1.64401 -1 
1.74967 -1 
3.67296 -1 
-2.56193 -1 
-2.79891 -1 
2.56801 -1 
0.147521 -1 
0.33644 -1 
0.41046 -1 
0.284279 -1 
0.50634 -1 
0.0707975 -1 
0.624103 -1 
-0.224259 -1 
-0.524371 -1 
-0.63375 -1 
0.768285 -1 
-3.9031 -1 
1.199 -1 
1.09653 -1 
3.89099 -1 
0.994636 -1 
1.31432 -1 
0.893308 -1 
1.5876 -1 
-1.09711 -1 
1.9302 -1 
-0.74831 -1 
-1.32131 -1 
-1.53749 -1 
-3.50384 -1 
2.12919 -1 
2.34179 -1 
-2.12365 -1 
-1.93708 -1 
-2.34083 -1 
-0.981756 -1 
-1.21037 -1 
-1.42993 -1 
-1.7772 -1 
1.44248 -1 
3.23691 -1 
2.79281 -1 
3.0162 -1 
ZONE T="boundary4"
-0.242671 0.424794 
-0.218226 0.424554 
-0.167866 0.421764 
-0.141995 0.419397 
-0.193735 0.42354 
-0.584496 0.246035 
-0.595885 0.225236 
-0.629681 0.13028 
-0.633181 0.111415 
-0.636108 0.0160387 
-0.637443 0.0349874 
-0.480652 0.357778 
-0.385263 0.404027 
-0.402528 0.398087 
-0.635711 0.0923804 
-0.637263 0.0732195 
-0.308289 0.420652 
-0.287454 0.422819 
-0.26511 0.42423 
-0.366891 0.40938 
-0.637835 0.0540749 
-0.625493 0.147907 
-0.620475 0.16527 
-0.61516 0.180942 
-0.609181 0.196358 
-0.0289807 0.405095 
-0.0578965 0.409108 
0.639414 0.0974471 
0.631104 0.119107 
-0.531126 0.315661 
-0.507126 0.337721 
0.603814 0.168699 
-0.466123 0.36721 
0.587394 0.191075 
0.569498 0.21201 
0.489678 0.279687 
-0.494129 0.348066 
0.61818 0.145312 
0.551301 0.230669 
0.478385 0.286734 
-0.45117 0.375901 
-0.435513 0.383999 
0.511585 0.264464 
0.531887 0.248273 
-0.419486 0.39132 
-0.328378 0.417701 
-0.114409 0.416369 
-0.348259 0.413869 
-0.552823 0.291585 
-0.571899 0.266001 
0.393119 0.326894 
0.367005 0.335773 
0.281039 0.357843 
0.31016 0.351371 
0.339077 0.343998 
0.466881 0.293416 
0.44336 0.305698 
0.418825 0.316809 
0.00118965 0.400831 
0.0312991 0.396567 
0.0624716 0.392179 
-0.0868547 0.412963 
0.188411 0.374176 
0.219851 0.369167 
0.560535 0.221488 
0.624952 0.132403 
0.651716 -0.0169902 
0.653228 0.00615903 
0.645883 0.0750349 
0.650322 0.0524192 
0.652784 0.0293139 
0.250504 0.363814 
0.0935796 0.387828 
0.125265 0.383387 
0.156863 0.378873 
-0.230449 0.424778 
-0.154925 0.420646 
-0.180795 0.422734 
-0.590346 0.235721 
-0.631552 0.120871 
-0.636893 0.0255051 
-0.393931 0.40116 
-0.636609 0.0828102 
-0.27629 0.423636 
-0.637671 0.0636512 
-0.627693 0.13912 
-0.617902 0.173135 
-0.623088 0.156619 
-0.612252 0.188683 
-0.0434362 0.407115 
0.635486 0.108363 
-0.519386 0.326974 
-0.473446 0.362584 
0.578629 0.2017 
-0.487451 0.353001 
0.48406 0.283256 
-0.443392 0.380046 
0.500758 0.272259 
-0.37611 0.406814 
-0.427544 0.387756 
-0.4587 0.371647 
-0.253894 0.424612 
-0.128196 0.417939 
-0.205978 0.424136 
-0.634568 0.101914 
-0.338341 0.4159 
-0.542256 0.303877 
-0.31835 0.419285 
-0.357602 0.411732 
-0.297883 0.421843 
-0.562653 0.279012 
-0.637759 0.044529 
0.38011 0.331475 
0.295622 0.354709 
0.324649 0.347808 
-0.411049 0.394807 
0.541729 0.239622 
0.521866 0.256533 
0.455209 0.299729 
-0.578357 0.256119 
0.472659 0.29012 
0.431167 0.311418 
0.016245 0.398697 
0.0468866 0.394369 
-0.100627 0.414705 
0.204139 0.37172 
0.555953 0.226114 
0.595824 0.180049 
0.628112 0.125794 
0.611248 0.15716 
0.621644 0.138899 
0.652711 -0.00543131 
0.64835 0.0637752 
0.565053 0.216784 
-0.602821 0.210931 
0.651807 0.0408933 
0.353081 0.340023 
-0.0138938 0.402967 
-0.0723714 0.411062 
0.406033 0.322009 
0.265789 0.360917 
0.0780261 0.390002 
0.109424 0.385612 
0.172643 0.376555 
0.141068 0.381146 
-0.500688 0.342973 
0.642893 0.0863111 
0.653254 0.017741 
0.23519 0.366557 
ZONE T="boundary5"
0.548616 -0.257183 
-0.580251 -0.154794 
-0.571638 -0.169277 
-0.616443 -0.0750184 
-0.636108 0.0160387 
-0.595948 -0.125011 
-0.603367 -0.108834 
-0.610151 -0.0923373 
-0.626771 -0.0394364 
-0.630735 -0.0212163 
-0.351494 -0.379271 
-0.368538 -0.369065 
-0.257401 -0.425758 
-0.236231 -0.43422 
-0.277491 -0.417097 
-0.315889 -0.398705 
-0.297342 -0.407901 
-0.334187 -0.389022 
-0.119429 -0.469873 
-0.0928575 -0.475585 
-0.168972 -0.456917 
-0.192009 -0.449831 
-0.21484 -0.44211 
-0.505636 -0.256526 
-0.517834 -0.242647 
-0.457327 -0.30393 
-0.552555 -0.198084 
-0.529624 -0.228415 
-0.541321 -0.213427 
-0.400588 -0.348078 
-0.384703 -0.358788 
-0.144294 -0.463752 
-0.429901 -0.326533 
-0.443774 -0.315426 
-0.41539 -0.337505 
-0.621992 -0.0573892 
-0.48275 -0.280373 
0.0478067 -0.492007 
0.0189232 -0.490527 
-0.0099037 -0.488069 
-0.0380734 -0.484729 
-0.0661264 -0.480486 
0.189092 -0.483996 
0.161487 -0.487705 
0.105303 -0.491927 
0.0765626 -0.492481 
0.133443 -0.490349 
-0.633862 -0.00270286 
0.350132 -0.435375 
0.216497 -0.479155 
0.243857 -0.47308 
0.297815 -0.457025 
0.270893 -0.465753 
0.324351 -0.446875 
0.375371 -0.42236 
0.39966 -0.407973 
0.444426 -0.375747 
0.422749 -0.392365 
0.501643 -0.320275 
0.483675 -0.339797 
0.518666 -0.299611 
0.643168 -0.0630287 
0.648334 -0.0400422 
0.596866 -0.174498 
0.618676 -0.130565 
0.534111 -0.278762 
0.562352 -0.23509 
0.584969 -0.196204 
0.573814 -0.215728 
0.608218 -0.152532 
0.636408 -0.0857084 
0.628188 -0.108202 
0.651716 -0.0169902 
0.464488 -0.35841 
-0.576004 -0.162071 
-0.599737 -0.116958 
-0.628859 -0.0303492 
-0.588362 -0.14004 
-0.36005 -0.374225 
-0.267475 -0.421494 
-0.306645 -0.403363 
-0.287447 -0.412566 
-0.106165 -0.47283 
-0.246845 -0.430061 
-0.203451 -0.44605 
-0.511787 -0.249633 
-0.52378 -0.235574 
-0.546998 -0.2058 
-0.392682 -0.353487 
-0.436876 -0.321028 
-0.422684 -0.332069 
-0.408024 -0.342841 
-0.624483 -0.0484397 
-0.225562 -0.438237 
-0.61339 -0.0837115 
-0.494364 -0.268614 
-0.376654 -0.36398 
0.0333589 -0.491391 
-0.0240019 -0.486513 
-0.0521166 -0.48272 
-0.131883 -0.466902 
0.175309 -0.48599 
0.0909359 -0.492334 
0.119381 -0.491268 
0.230211 -0.476271 
-0.342872 -0.384203 
0.284409 -0.461559 
0.337321 -0.441303 
-0.562323 -0.183831 
-0.635099 0.0066546 
0.387622 -0.415347 
0.43371 -0.384217 
0.492794 -0.330161 
-0.180514 -0.453453 
0.645959 -0.0515822 
0.510293 -0.310058 
-0.156657 -0.460424 
0.526515 -0.289281 
0.541476 -0.268049 
0.590974 -0.185382 
0.568123 -0.225433 
0.555564 -0.246186 
0.60262 -0.163555 
0.632457 -0.0970127 
0.639972 -0.0744231 
-0.32507 -0.393924 
-0.632409 -0.011978 
-0.619315 -0.0662343 
0.65025 -0.0285492 
-0.450592 -0.309727 
-0.606843 -0.10062 
-0.535528 -0.220965 
-0.470213 -0.292339 
0.613549 -0.141597 
0.623564 -0.119439 
0.579429 -0.205987 
0.0621829 -0.49237 
0.202821 -0.481721 
0.362845 -0.42905 
-0.0795106 -0.478137 
0.454581 -0.367224 
0.147478 -0.489163 
0.257419 -0.469577 
0.311151 -0.452127 
0.411321 -0.400342 
0.00449969 -0.489419 
0.474215 -0.349242 
