ZONE T="boundary0"
-4 -0.837665 
-4 0.250987 
-4 0.192546 
-4 0.315977 
-4 0.380425 
-4 0.57377 
-4 0.444873 
-4 -0.149588 
-4 0.680327 
-4 -1 
-4 0.130774 
-4 0.0690014 
-4 -0.347577 
-4 -0.323599 
-4 -0.41793 
-4 -0.488283 
-4 -0.200628 
-4 -0.251668 
-4 -0.299622 
-4 -0.0402933 
-4 0.786885 
-4 1 
-4 -0.67533 
-4 -0.581806 
-4 0.221767 
-4 0.283482 
-4 0.348201 
-4 0.627049 
-4 0.0998876 
-4 0.412649 
-4 -0.335588 
-4 -0.453106 
-4 -0.226148 
-4 -0.175108 
-4 -0.275645 
-4 0.0143541 
-4 -0.0949406 
-4 0.733606 
-4 0.509322 
-4 0.893442 
-4 -0.918832 
-4 -0.756497 
-4 -0.382753 
-4 0.16166 
-4 -0.535044 
-4 -0.628568 
-4 -0.311611 
ZONE T="boundary1"
3.83669 1 
3.06228 1 
0.622473 1 
0.508809 1 
0.395146 1 
-0.263087 1 
-0.0474885 1 
0.0237234 1 
-0.173574 1 
-0.21833 1 
0.242261 1 
0.168598 1 
0.807845 1 
-0.353639 1 
-0.44419 1 
1.10556 1 
1.20391 1 
0.0949353 1 
0.715159 1 
3.67339 1 
3.34678 1 
-1.73327 1 
-1.97082 1 
2.6893 1 
2.56497 1 
-2.99768 1 
2.81362 1 
2.45889 1 
1.82817 1 
-1.06062 1 
-0.523197 1 
-0.110531 1 
-0.602205 1 
0.318704 1 
-0.801476 1 
-0.701841 1 
-1.27499 1 
0.907526 1 
-3.75704 1 
-1.61449 1 
1.30937 1 
-3.51409 1 
-4 1 
1.41484 1 
1.00721 1 
-3.37585 1 
-1.38535 1 
-1.49571 1 
-1.16781 1 
1.64671 1 
1.56942 1 
-3.23761 1 
-2.75776 1 
-2.55457 1 
2.35282 1 
1.72401 1 
2.14066 1 
1.93234 1 
-0.652023 1 
-0.931049 1 
-0.866262 1 
4 1 
-2.1611 1 
-2.35138 1 
0.565641 1 
-0.0118825 1 
-0.195952 1 
0.20543 1 
-0.398914 1 
0.131767 1 
0.761502 1 
3.51008 1 
-1.85204 1 
2.62713 1 
2.75146 1 
-0.0790099 1 
-0.562701 1 
0.280483 1 
-0.751658 1 
0.451978 1 
0.668816 1 
0.857685 1 
1.25664 1 
-3.63557 1 
-3.87852 1 
1.15473 1 
1.05638 1 
-3.44497 1 
-1.44053 1 
1.60807 1 
3.20453 1 
-3.11765 1 
-2.87772 1 
-2.65616 1 
-1.67388 1 
2.93795 1 
1.77609 1 
2.0365 1 
-0.142053 1 
0.0593294 1 
-0.308363 1 
-0.240709 1 
0.356925 1 
-0.483694 1 
-0.627114 1 
-0.676932 1 
-0.995835 1 
-0.833869 1 
-0.898655 1 
3.91835 1 
2.24674 1 
3.75504 1 
-2.45298 1 
-2.06596 1 
-2.25624 1 
-1.33017 1 
-1.2214 1 
-3.30673 1 
-1.5551 1 
1.36211 1 
1.88025 1 
0.957366 1 
1.49213 1 
1.68536 1 
-1.11421 1 
2.40585 1 
2.51193 1 
ZONE T="boundary2"
4 -0.60075 
4 -0.49975 
4 -0.701751 
4 -1 
4 -0.272122 
4 0.325367 
4 0.273015 
4 0.895514 
4 -0.100226 
4 0.408221 
4 0.143155 
4 0.198813 
4 0.582056 
4 0.495138 
4 -0.297439 
4 0.0874976 
4 -0.0460692 
4 -0.154383 
4 0.0207142 
4 -0.436571 
4 -0.373391 
4 0.791028 
4 -0.213253 
4 -0.242687 
4 -0.183818 
4 -0.348074 
4 1 
4 -0.322757 
4 -0.55025 
4 -0.850875 
4 0.299191 
4 0.366794 
4 0.170984 
4 0.538597 
4 -0.284781 
4 0.115326 
4 -0.0731477 
4 -0.127305 
4 -0.0126775 
4 0.0541059 
4 -0.404981 
4 0.686542 
4 -0.651251 
4 -0.22797 
4 -0.257405 
4 -0.169101 
4 -0.198535 
4 -0.46816 
4 0.235914 
4 0.45168 
4 0.947757 
4 0.843271 
4 -0.360733 
4 -0.310098 
4 -0.335415 
ZONE T="boundary3"
-1.83447 -1 
-1.11371 -1 
-1.0039 -1 
2.89465 -1 
3.06929 -1 
4 -1 
0.0242763 -1 
-0.0326237 -1 
-0.167292 -1 
-0.890052 -1 
-0.776201 -1 
-0.128408 -1 
-0.0895237 -1 
0.290097 -1 
0.339011 -1 
1.25231 -1 
1.15133 -1 
-1.6768 -1 
-1.43486 -1 
1.68503 -1 
1.55471 -1 
-0.662264 -1 
3.65098 -1 
3.4183 -1 
1.454 -1 
2.27198 -1 
-2.18093 -1 
-1.99214 -1 
2.41733 -1 
3.2438 -1 
2.72001 -1 
-4 -1 
-3.58716 -1 
-2.78673 -1 
-3.00605 -1 
-3.40627 -1 
-3.22537 -1 
0.42549 -1 
0.241183 -1 
0.192269 -1 
0.511969 -1 
0.614473 -1 
0.716976 -1 
-0.548328 -1 
-0.421335 -1 
0.143355 -1 
0.0838158 -1 
0.879653 -1 
1.0426 -1 
-0.294343 -1 
-0.230817 -1 
0.825428 -1 
1.35329 -1 
-1.22352 -1 
-1.32919 -1 
1.81535 -1 
2.12663 -1 
1.97099 -1 
-2.57822 -1 
-2.68247 -1 
2.56867 -1 
-2.36971 -1 
0.933879 -1 
-1.05881 -1 
2.98197 -1 
-0.00417373 -1 
-0.833126 -1 
-0.108966 -1 
0.314554 -1 
1.20182 -1 
-1.55583 -1 
1.61987 -1 
3.53464 -1 
3.82549 -1 
-2.08653 -1 
3.33105 -1 
-3.79358 -1 
-2.89639 -1 
-3.31582 -1 
0.38225 -1 
0.26564 -1 
0.216726 -1 
0.468729 -1 
0.665724 -1 
-0.14785 -1 
-0.484832 -1 
0.563221 -1 
-0.0610737 -1 
0.113586 -1 
-0.357839 -1 
1.3028 -1 
1.50435 -1 
-1.27636 -1 
-1.16862 -1 
1.40364 -1 
1.75019 -1 
-0.605296 -1 
-0.946977 -1 
-3.49671 -1 
-3.11571 -1 
3.15654 -1 
2.04881 -1 
-2.63035 -1 
1.89317 -1 
2.493 -1 
2.80733 -1 
2.64434 -1 
-2.27532 -1 
2.34466 -1 
2.1993 -1 
-1.75563 -1 
-1.9133 -1 
0.054046 -1 
0.167812 -1 
0.771202 -1 
1.09697 -1 
-2.7346 -1 
-2.47397 -1 
-0.719233 -1 
-1.38203 -1 
-0.26258 -1 
-0.199054 -1 
0.906766 -1 
0.988242 -1 
0.85254 -1 
ZONE T="boundary4"
0.502655 0.223891 
0.528105 0.205882 
-0.6255 0.068694 
-0.11176 0.483492 
-0.0858805 0.478072 
-0.136957 0.487469 
-0.187001 0.491344 
-0.161919 0.490088 
-0.613027 0.159551 
-0.623642 0.0240794 
0.644769 0.0375396 
0.640522 0.0534868 
0.651429 -0.0112746 
0.650204 0.00513956 
0.385725 0.286322 
0.406709 0.276816 
0.621922 0.0991352 
0.629064 0.0843455 
-0.621982 0.114081 
-0.618178 0.136849 
0.635314 0.0690104 
-0.606587 0.182021 
-0.591469 0.222866 
-0.598905 0.204247 
-0.574374 0.258951 
-0.583291 0.241104 
-0.564613 0.276502 
-0.485002 0.376077 
-0.468039 0.391207 
0.134831 0.393255 
0.164952 0.379579 
-0.211439 0.491197 
-0.542652 0.310288 
-0.529772 0.327373 
-0.283306 0.48249 
-0.516108 0.34381 
-0.500944 0.360345 
-0.624422 0.0913288 
-0.431848 0.418772 
-0.392693 0.44252 
-0.372149 0.452798 
-0.412709 0.4311 
-0.350727 0.462064 
-0.306234 0.476955 
-0.62523 0.0462575 
-0.328883 0.470083 
-0.25966 0.486765 
-0.235878 0.489653 
-0.060188 0.471429 
-0.450351 0.405423 
0.427444 0.266861 
-0.554067 0.293574 
0.476289 0.240417 
0.339392 0.305984 
0.362656 0.296284 
0.312103 0.317135 
0.284674 0.328298 
0.551301 0.187024 
0.452113 0.254098 
0.0201324 0.443698 
0.0474115 0.432414 
0.104705 0.407004 
0.255516 0.340305 
0.226299 0.352616 
0.615382 0.110938 
0.647977 0.0214959 
0.608307 0.122341 
0.651689 -0.0277445 
0.592036 0.144749 
0.573083 0.166283 
0.0761019 0.419895 
-0.0341977 0.463524 
-0.00732075 0.454221 
0.195625 0.365913 
0.515517 0.215084 
-0.0987892 0.48094 
-0.124335 0.485641 
-0.174453 0.490891 
0.642772 0.0455471 
0.650939 -0.00305818 
0.396241 0.281621 
0.625608 0.091796 
-0.620246 0.125493 
0.63804 0.0612899 
-0.609961 0.170831 
-0.615764 0.148237 
-0.595285 0.213596 
-0.578928 0.250076 
-0.587473 0.232027 
-0.569593 0.267783 
-0.476617 0.383751 
0.149885 0.386399 
-0.199222 0.491442 
-0.536314 0.318908 
-0.508629 0.352172 
-0.523037 0.335673 
-0.62337 0.102723 
-0.493071 0.368311 
-0.382491 0.4478 
-0.361503 0.457582 
-0.29481 0.479888 
-0.624601 0.0351571 
-0.42236 0.425063 
-0.317608 0.473683 
-0.22367 0.490601 
-0.0729997 0.474893 
-0.149422 0.488945 
0.417107 0.271903 
-0.548455 0.301997 
-0.24779 0.48838 
-0.271514 0.484801 
-0.459286 0.398429 
-0.339862 0.466228 
-0.625532 0.0574742 
-0.559438 0.285099 
0.374211 0.291347 
0.351037 0.301162 
0.298388 0.322711 
0.53987 0.196663 
0.439835 0.260588 
-0.402778 0.436946 
0.0338025 0.438133 
0.119772 0.400133 
-0.441187 0.412219 
0.270088 0.334277 
0.325756 0.311574 
0.618726 0.105078 
0.646498 0.0295429 
0.611914 0.116683 
0.632311 0.0767279 
0.651678 -0.0195075 
-0.602892 0.193185 
0.649217 0.0133351 
0.0617806 0.426212 
0.0904157 0.413479 
-0.0207197 0.458993 
0.489576 0.232322 
0.600439 0.133741 
0.00644297 0.449063 
-0.0471558 0.467607 
0.180275 0.372711 
0.240895 0.346425 
0.210947 0.359222 
-0.625129 0.0800199 
0.582804 0.155733 
0.56241 0.176885 
0.464267 0.247378 
ZONE T="boundary5"
-0.533344 -0.189409 
-0.545284 -0.173639 
-0.438729 -0.285316 
0.57286 -0.269402 
0.557642 -0.293245 
-0.62077 0.00223107 
-0.623642 0.0240794 
0.480727 -0.375643 
0.45987 -0.391144 
-0.588432 -0.101322 
-0.597181 -0.0814204 
-0.611324 -0.0403851 
-0.616649 -0.0192799 
-0.604819 -0.0611184 
-0.556598 -0.157407 
-0.366966 -0.336117 
-0.188526 -0.420945 
-0.212613 -0.412022 
0.377315 -0.435834 
0.408183 -0.421749 
-0.236144 -0.402629 
-0.304375 -0.371268 
-0.325831 -0.35999 
-0.0886076 -0.450969 
-0.114287 -0.444292 
-0.0362084 -0.462422 
-0.164217 -0.429266 
-0.139351 -0.437091 
-0.062752 -0.456982 
-0.567742 -0.139861 
-0.496269 -0.232052 
-0.483034 -0.245543 
-0.50911 -0.218174 
-0.521458 -0.203991 
-0.404768 -0.311069 
-0.386603 -0.323524 
-0.346973 -0.348114 
-0.454496 -0.272058 
-0.422535 -0.298035 
-0.468974 -0.259031 
0.635345 -0.126428 
0.624446 -0.15885 
-0.00951332 -0.467142 
-0.282039 -0.382253 
0.613119 -0.187525 
0.438202 -0.405189 
-0.578604 -0.120809 
0.131827 -0.479255 
0.102426 -0.478588 
0.0739382 -0.476986 
0.0455236 -0.474483 
0.0179462 -0.471211 
0.252051 -0.470417 
0.221353 -0.474596 
0.161236 -0.478877 
0.191083 -0.477365 
0.283161 -0.464647 
0.503863 -0.3557 
0.514898 -0.34497 
0.525493 -0.333795 
0.54216 -0.314185 
0.651019 -0.0442315 
0.649452 -0.0607934 
0.647051 -0.0772547 
0.643855 -0.0937131 
-0.259426 -0.392645 
0.651689 -0.0277445 
0.586771 -0.244192 
0.346117 -0.447516 
0.600396 -0.216326 
0.314538 -0.457093 
-0.539389 -0.181581 
0.565456 -0.281455 
-0.622367 0.0131344 
0.470425 -0.383564 
-0.59294 -0.0914299 
-0.614138 -0.0298704 
-0.60114 -0.0713218 
-0.200598 -0.416559 
0.392878 -0.429073 
-0.224408 -0.407399 
-0.315141 -0.365702 
-0.101469 -0.447713 
-0.126842 -0.44077 
-0.151809 -0.433257 
-0.0756995 -0.454059 
-0.489701 -0.238846 
-0.527462 -0.19675 
-0.502741 -0.225161 
-0.336444 -0.354127 
-0.376833 -0.329896 
-0.446669 -0.278754 
-0.413705 -0.304625 
-0.395733 -0.317367 
-0.476057 -0.252342 
0.630145 -0.142723 
-0.293244 -0.376835 
0.423356 -0.413765 
-0.583645 -0.11113 
-0.430684 -0.291742 
-0.562269 -0.148697 
-0.461788 -0.265604 
0.117124 -0.479049 
0.0881758 -0.477902 
0.0317227 -0.472948 
-0.176398 -0.425181 
0.236726 -0.472683 
0.176167 -0.478267 
-0.608217 -0.0507974 
0.267642 -0.467728 
-0.515339 -0.211131 
0.449146 -0.398336 
0.509435 -0.350391 
0.533993 -0.324132 
0.650344 -0.0525225 
0.550077 -0.303845 
-0.357013 -0.342188 
-0.551023 -0.16558 
0.648352 -0.0690386 
0.520252 -0.339436 
-0.573292 -0.130403 
0.63992 -0.110153 
0.618937 -0.173248 
-0.270766 -0.387522 
0.492492 -0.365901 
0.645546 -0.0855019 
0.651468 -0.0359925 
-0.247817 -0.397712 
0.146533 -0.4792 
0.00420172 -0.469275 
-0.0228772 -0.464873 
0.579995 -0.256897 
0.361813 -0.441935 
0.059721 -0.475845 
0.206233 -0.47614 
-0.0494987 -0.459791 
0.606893 -0.201986 
0.298901 -0.461087 
0.3304 -0.452546 
-0.618866 -0.00855413 
0.59373 -0.230331 
