ZONE T="boundary0"
-4 -0.459588 
-4 -0.110554 
-4 0.363338 
-4 -0.403041 
-4 0.404539 
-4 0.322136 
-4 0.615207 
-4 0.509873 
-4 0.807604 
-4 -0.317907 
-4 -0.201749 
-4 -0.232148 
-4 -0.614853 
-4 -1 
-4 1 
-4 0.0623576 
-4 -0.537221 
-4 -0.171351 
-4 -0.346494 
-4 -0.0410824 
-4 -0.289321 
-4 0.20373 
-4 0.164262 
-4 0.282668 
-4 0.243199 
-4 0.0963256 
-4 0.130294 
-4 0.0283896 
-4 0.342737 
-4 0.457206 
-4 0.711405 
-4 -0.216949 
-4 -0.807427 
-4 0.383939 
-4 -0.576037 
-4 -0.140953 
-4 -0.431315 
-4 -0.374768 
-4 0.903802 
-4 -0.332201 
-4 -0.303614 
-4 -0.260734 
-4 -0.18655 
-4 0.183996 
-4 0.302402 
-4 0.223465 
-4 0.56254 
-4 -0.498405 
-4 0.262933 
-4 0.147278 
-4 0.0453736 
-4 0.0793416 
-4 -0.0758184 
-4 -0.00634645 
-4 0.11331 
ZONE T="boundary1"
-2.71212 1 
1.46704 1 
1.39639 1 
1.53769 1 
1.654 1 
-0.278219 1 
-0.216439 1 
-0.408438 1 
1.1935 1 
1.07343 1 
1.29495 1 
0.287313 1 
0.210606 1 
4 1 
3.72487 1 
-0.523188 1 
3.44974 1 
-0.97631 1 
-1.68565 1 
-1.98109 1 
0.953353 1 
-1.11531 1 
-1.22438 1 
-3.15787 1 
-2.56673 1 
-2.34729 1 
1.93228 1 
-3.45823 1 
2.53788 1 
2.09424 1 
3.04395 1 
2.6644 1 
-3.72911 1 
-4 1 
-0.0105743 1 
-0.0826169 1 
0.379791 1 
0.0616627 1 
-0.15466 1 
0.472269 1 
0.1339 1 
0.710366 1 
0.831859 1 
-0.637938 1 
-0.837308 1 
-0.737623 1 
0.591317 1 
-1.43521 1 
-1.53696 1 
-1.33346 1 
1.77032 1 
-1.83433 1 
-2.12784 1 
2.79091 1 
2.91743 1 
-2.85751 1 
1.43171 1 
1.59585 1 
-0.247329 1 
1.13346 1 
1.34567 1 
0.248959 1 
3.86244 1 
3.58731 1 
1.01339 1 
-1.16985 1 
-2.45701 1 
-3.30805 1 
2.31606 1 
3.24684 1 
2.60114 1 
-3.86456 1 
-3.59367 1 
-0.0465956 1 
-0.465813 1 
-0.343329 1 
0.0255442 1 
0.333552 1 
0.42603 1 
-0.118638 1 
-0.580563 1 
0.892606 1 
-0.68778 1 
0.650841 1 
0.531793 1 
0.771112 1 
1.24422 1 
-1.48608 1 
1.50236 1 
-1.27892 1 
-1.6113 1 
-1.75999 1 
-2.05446 1 
-1.90771 1 
2.01326 1 
2.72765 1 
2.85417 1 
-2.23756 1 
1.71216 1 
1.8513 1 
-3.00769 1 
0.0977812 1 
-0.18555 1 
0.172253 1 
-0.787465 1 
-0.906809 1 
-1.38433 1 
-1.04581 1 
-2.63943 1 
-2.78482 1 
2.98069 1 
ZONE T="boundary2"
4 -0.313604 
4 -0.242642 
4 -0.369341 
4 0.230644 
4 0.180835 
4 0.294579 
4 0.00909905 
4 0.131026 
4 -0.0651478 
4 1 
4 -0.689432 
4 -1 
4 -0.844716 
4 0.769134 
4 -0.191018 
4 -0.139395 
4 -0.557255 
4 -0.491166 
4 0.358513 
4 0.44839 
4 0.403452 
4 0.538268 
4 -0.425078 
4 -0.278123 
4 -0.341473 
4 0.205739 
4 0.0700625 
4 -0.922358 
4 -0.165206 
4 -0.0280244 
4 -0.102271 
4 -0.623343 
4 0.326546 
4 0.262611 
4 0.425921 
4 0.15593 
4 0.653701 
4 0.884567 
4 -0.39721 
4 -0.524211 
4 -0.458122 
4 -0.21683 
4 0.380982 
4 0.493329 
4 -0.767074 
ZONE T="boundary3"
-3.73293 -1 
-1.14707 -1 
-1.38496 -1 
-1.26601 -1 
1.81614 -1 
1.64787 -1 
-0.322555 -1 
-0.237454 -1 
-0.534548 -1 
-0.407655 -1 
-0.928103 -1 
3.68016 -1 
3.36032 -1 
-4 -1 
-3.15904 -1 
-3.46585 -1 
2.45129 -1 
-2.12658 -1 
-2.2927 -1 
-1.96045 -1 
-1.81004 -1 
-2.94249 -1 
-2.72594 -1 
-2.50932 -1 
2.87251 -1 
4 -1 
0.152981 -1 
0.0902048 -1 
-0.035684 -1 
-1.03758 -1 
-0.0987966 -1 
0.0274285 -1 
0.259811 -1 
0.378208 -1 
0.496604 -1 
-0.168125 -1 
-0.728106 -1 
0.606723 -1 
0.716841 -1 
-0.861437 -1 
-0.794772 -1 
0.8209 -1 
0.924958 -1 
-0.661441 -1 
1.12577 -1 
1.02536 -1 
1.25539 -1 
1.38502 -1 
1.51644 -1 
1.98441 -1 
2.6619 -1 
2.21785 -1 
-1.5223 -1 
-1.59097 -1 
-1.65964 -1 
3.84008 -1 
-1.32549 -1 
1.732 -1 
-0.280004 -1 
-0.471102 -1 
3.52024 -1 
-3.31245 -1 
-2.20964 -1 
-1.88525 -1 
-3.59939 -1 
-2.83421 -1 
-2.61763 -1 
-3.86646 -1 
3.11642 -1 
0.121593 -1 
0.206396 -1 
0.437406 -1 
-0.20279 -1 
-0.365105 -1 
-1.09233 -1 
-0.982844 -1 
0.661782 -1 
-0.828105 -1 
0.872929 -1 
0.551664 -1 
-1.20654 -1 
-0.597995 -1 
1.07557 -1 
0.975161 -1 
1.19058 -1 
1.32021 -1 
1.58215 -1 
1.90027 -1 
-3.05076 -1 
2.33457 -1 
-1.45363 -1 
-1.55663 -1 
-2.04351 -1 
2.5566 -1 
-1.73484 -1 
-2.40101 -1 
2.7672 -1 
3.92004 -1 
3.76012 -1 
2.10113 -1 
0.319009 -1 
-0.133461 -1 
-0.00412775 -1 
-0.0672403 -1 
0.0588167 -1 
0.768871 -1 
-0.761439 -1 
-0.89477 -1 
-0.694774 -1 
-1.6253 -1 
1.45073 -1 
ZONE T="boundary4"
-0.378279 0.366139 
0.659796 -0.0133171 
-0.645345 -0.00220084 
-0.629225 0.102824 
0.571633 0.228143 
-0.596952 0.176049 
-0.604588 0.162116 
0.597369 0.193043 
-0.644914 0.0154657 
0.584825 0.210832 
-0.63413 0.0857485 
-0.638174 0.0684002 
-0.641331 0.0508328 
-0.61802 0.133474 
-0.623825 0.118673 
-0.588685 0.189781 
-0.611637 0.147875 
0.627839 0.141224 
0.620192 0.15585 
-0.476774 0.309559 
-0.461609 0.320222 
-0.503754 0.288185 
-0.549197 0.24292 
-0.44605 0.330305 
-0.395915 0.357912 
-0.429825 0.339996 
-0.359761 0.374074 
-0.341009 0.381441 
-0.321236 0.388544 
-0.258799 0.407106 
-0.280113 0.401375 
-0.13908 0.429835 
-0.0860873 0.435603 
-0.113262 0.432941 
0.0274902 0.440301 
-0.189138 0.422105 
-0.301272 0.395083 
-0.236138 0.41258 
-0.213353 0.417491 
-0.164827 0.426151 
-0.413269 0.349112 
0.492019 0.308391 
0.511028 0.292591 
-0.569912 0.217135 
0.558062 0.244671 
0.660575 -0.00051659 
0.52785 0.277032 
-0.643578 0.0331735 
0.660731 0.01232 
0.639974 0.114027 
0.415934 0.357508 
0.388602 0.370985 
0.330775 0.394141 
0.36006 0.383244 
0.543852 0.260643 
0.468003 0.326073 
0.442507 0.342515 
0.0872099 0.438598 
0.117418 0.43657 
0.0569593 0.439833 
0.148138 0.433647 
0.178764 0.429812 
0.20959 0.42495 
0.270787 0.41196 
0.301036 0.403674 
0.648702 0.0889915 
0.63485 0.126272 
0.609245 0.174651 
0.659166 0.038053 
0.657438 0.0509752 
0.655105 0.063775 
-0.52717 0.266557 
-0.0588651 0.437664 
0.240237 0.419035 
-0.0304367 0.439185 
-0.00198201 0.440067 
-0.600841 0.169121 
-0.636262 0.0771001 
-0.639865 0.0596367 
-0.631785 0.0943171 
-0.621004 0.126105 
-0.626618 0.11078 
-0.592888 0.182956 
-0.614905 0.140708 
0.624091 0.148576 
-0.469243 0.314964 
-0.453876 0.325336 
-0.38713 0.362096 
-0.437981 0.335224 
-0.369051 0.370179 
-0.350412 0.377827 
-0.331148 0.385065 
-0.269474 0.404309 
-0.0996816 0.434348 
-0.290714 0.398301 
-0.22476 0.415104 
-0.151964 0.428067 
-0.126179 0.431459 
0.501631 0.30062 
-0.559791 0.230217 
0.660263 -0.0069219 
-0.642568 0.0420174 
0.402358 0.36443 
0.374409 0.377297 
-0.579566 0.203641 
0.345482 0.388868 
-0.644359 0.024328 
0.578307 0.219547 
0.551042 0.252732 
0.519539 0.284919 
0.455379 0.334488 
0.564924 0.23647 
-0.247486 0.409915 
0.10232 0.437685 
0.0422261 0.440156 
-0.311277 0.391882 
0.132788 0.435219 
-0.404629 0.353585 
0.194197 0.427509 
0.315958 0.399073 
-0.176994 0.424197 
0.591182 0.201998 
-0.608187 0.155033 
0.644601 0.1016 
0.637472 0.120174 
0.614834 0.165317 
-0.421586 0.344625 
0.631429 0.133787 
-0.645242 0.00663528 
0.656346 0.0573885 
0.658379 0.0445242 
0.535954 0.268938 
0.660731 0.00590049 
0.603407 0.183911 
0.66026 0.0252044 
-0.538404 0.254943 
-0.515664 0.27759 
-0.201259 0.419871 
-0.0724817 0.436707 
0.429327 0.350202 
0.0720883 0.439312 
0.224939 0.422129 
0.255545 0.415644 
-0.0162118 0.439706 
0.0127533 0.440271 
-0.044655 0.438504 
0.48015 0.317421 
0.285954 0.407973 
0.652186 0.076454 
0.163465 0.431847 
-0.490468 0.29913 
ZONE T="boundary5"
0.426386 -0.333979 
0.404513 -0.347368 
-0.0880268 -0.459923 
-0.114142 -0.458233 
-0.619764 -0.134997 
-0.625216 -0.120153 
-0.607192 -0.163826 
-0.338956 -0.406587 
-0.35737 -0.398677 
0.656391 -0.0387043 
0.659796 -0.0133171 
-0.643567 -0.0371606 
-0.644889 -0.0197529 
-0.645345 -0.00220084 
0.620035 -0.13543 
0.606247 -0.157799 
-0.641414 -0.0543458 
-0.63024 -0.104479 
-0.638451 -0.07133 
-0.634717 -0.0880402 
-0.236611 -0.439254 
-0.258442 -0.43373 
-0.300301 -0.421035 
-0.320299 -0.413909 
-0.280089 -0.427525 
-0.0610633 -0.460874 
-0.535815 -0.270497 
-0.556149 -0.245866 
-0.213325 -0.444378 
-0.189891 -0.448779 
-0.165096 -0.452651 
-0.46586 -0.334949 
-0.4269 -0.361714 
-0.592206 -0.192133 
-0.575079 -0.219576 
-0.392457 -0.38154 
-0.445178 -0.349791 
-0.409853 -0.37193 
0.650561 -0.0638 
-0.491225 -0.314466 
-0.375054 -0.390396 
-0.0340806 -0.461038 
0.0209749 -0.458996 
-0.00654022 -0.460412 
0.0488371 -0.456763 
0.188547 -0.433174 
0.160639 -0.439596 
0.0766284 -0.453733 
0.104653 -0.449859 
0.132556 -0.445172 
0.21657 -0.425804 
0.244349 -0.41754 
0.379171 -0.361516 
0.299477 -0.398075 
0.272081 -0.40828 
0.447706 -0.319739 
0.466615 -0.305998 
0.503557 -0.275554 
0.484962 -0.291526 
0.353315 -0.374606 
0.521432 -0.258815 
-0.140193 -0.455767 
0.632248 -0.112138 
0.591174 -0.179283 
0.55765 -0.220552 
0.539905 -0.240018 
0.637606 -0.100304 
0.642471 -0.0882682 
0.574847 -0.200256 
0.326617 -0.386843 
-0.514338 -0.293152 
0.415514 -0.340779 
-0.101091 -0.459174 
-0.622565 -0.127603 
-0.613757 -0.149533 
-0.348195 -0.402707 
0.658399 -0.0260527 
-0.644335 -0.0284649 
-0.645227 -0.0109799 
0.613321 -0.146726 
-0.627813 -0.112343 
-0.642595 -0.0457664 
-0.640033 -0.0628556 
-0.632572 -0.0962849 
-0.247548 -0.436576 
-0.310329 -0.417552 
-0.26929 -0.430714 
-0.329656 -0.410321 
-0.0745485 -0.460498 
-0.546192 -0.258355 
-0.201625 -0.446668 
-0.177509 -0.450811 
-0.59996 -0.178118 
-0.583876 -0.206001 
-0.4361 -0.355845 
-0.401197 -0.376811 
-0.45561 -0.342496 
-0.366246 -0.394608 
-0.418422 -0.366898 
-0.0475728 -0.461053 
-0.383793 -0.38604 
0.174618 -0.436491 
0.118621 -0.447618 
0.0627434 -0.455347 
0.230493 -0.421784 
0.285824 -0.403297 
0.391916 -0.354573 
0.457227 -0.312959 
0.494346 -0.28364 
0.437118 -0.326966 
0.366308 -0.368188 
-0.127177 -0.457099 
0.598856 -0.168643 
0.548865 -0.230363 
0.634986 -0.106248 
0.640101 -0.0943119 
0.646786 -0.0761244 
0.58313 -0.189862 
0.512583 -0.267279 
0.626358 -0.123898 
-0.29022 -0.424359 
0.530764 -0.249509 
-0.636681 -0.0797069 
-0.224988 -0.441908 
-0.152656 -0.454302 
0.475861 -0.298854 
0.0349138 -0.457979 
0.00722216 -0.459802 
0.202588 -0.429599 
0.313099 -0.392583 
0.0906544 -0.451898 
-0.0203084 -0.460824 
0.146618 -0.442489 
0.258254 -0.413027 
0.566346 -0.210486 
0.340025 -0.380852 
-0.502957 -0.304 
-0.565827 -0.232874 
0.653769 -0.0513213 
-0.52527 -0.282008 
-0.478709 -0.324914 
