ZONE T="boundary0"
-4 -0.844696 
-4 -0.173659 
-4 0.47981 
-4 0.108433 
-4 0.00238516 
-4 0.0554091 
-4 -0.590261 
-4 -1 
-4 0.869952 
-4 -0.103663 
-4 0.181081 
-4 0.362621 
-4 0.32329 
-4 -0.243655 
-4 -0.353426 
-4 -0.29854 
-4 0.244628 
-4 0.205297 
-4 0.421216 
-4 0.283959 
-4 -0.491129 
-4 0.739905 
-4 0.609857 
-4 -0.689392 
-4 1 
-4 0.156865 
-4 -0.422278 
-4 0.0288971 
-4 -0.922348 
-4 -0.0506388 
-4 0.342956 
-4 0.0819211 
-4 -0.208657 
-4 -0.138661 
-4 -0.325983 
-4 0.224962 
-4 0.391919 
-4 0.303625 
-4 0.674881 
-4 -0.540695 
-4 -0.767044 
-4 -0.639826 
-4 0.934976 
-4 -0.271098 
-4 0.264294 
-4 0.168973 
-4 0.450513 
-4 -0.387852 
-4 -0.456704 
-4 0.544834 
-4 0.804929 
-4 0.193189 
-4 0.132649 
ZONE T="boundary1"
1.08399 1 
1.78183 1 
1.94538 1 
1.31127 1 
0.646236 1 
1.53492 1 
-0.0783351 1 
3.66953 1 
3.83477 1 
0.268092 1 
0.141061 1 
0.0718408 1 
3.33907 1 
0.441524 1 
0.54388 1 
-3.82106 1 
-1.88844 1 
2.10894 1 
2.56768 1 
-2.79007 1 
-2.0728 1 
-2.49478 1 
-1.32258 1 
2.33831 1 
2.7889 1 
-0.299606 1 
-0.608176 1 
-0.138718 1 
-0.199101 1 
0.210281 1 
0.325902 1 
-0.249353 1 
0.756048 1 
-0.349858 1 
-0.400111 1 
-0.504143 1 
-0.968991 1 
-1.04349 1 
0.86586 1 
0.974924 1 
-0.751337 1 
-0.679756 1 
1.19763 1 
-0.894497 1 
1.4231 1 
-1.18303 1 
-1.51332 1 
-1.41795 1 
-1.70407 1 
-3.22455 1 
-3.36374 1 
-3.50292 1 
-3.08536 1 
3.01012 1 
-2.93772 1 
3.17459 1 
-4 1 
-3.64211 1 
-0.00324715 1 
4 1 
1.86361 1 
3.75215 1 
0.106451 1 
0.492702 1 
-1.98062 1 
-2.28379 1 
-2.64243 1 
2.45299 1 
-0.16891 1 
0.175671 1 
0.239186 1 
0.296997 1 
0.383713 1 
-0.224227 1 
0.701142 1 
-0.27448 1 
-0.374984 1 
-0.55616 1 
0.595058 1 
-1.00624 1 
0.810954 1 
1.02946 1 
-0.715547 1 
-0.452127 1 
1.25445 1 
1.14081 1 
-0.931744 1 
1.47901 1 
-1.11326 1 
-1.2528 1 
-1.46564 1 
-1.37026 1 
-1.6087 1 
-3.29414 1 
-1.79626 1 
-3.15496 1 
3.5043 1 
1.65837 1 
-3.01154 1 
-2.86389 1 
2.89951 1 
3.25683 1 
2.67829 1 
-3.91053 1 
2.02716 1 
2.22363 1 
-3.73158 1 
0.0342968 1 
-0.0407911 1 
-0.324732 1 
0.920392 1 
-0.643966 1 
-0.822917 1 
-0.108527 1 
-3.43333 1 
3.09236 1 
1.36718 1 
-3.57252 1 
3.91738 1 
ZONE T="boundary2"
4 -0.649806 
4 -0.398971 
4 -0.35427 
4 -0.443672 
4 -0.546739 
4 0.0026559 
4 0.218591 
4 0.25818 
4 -0.824903 
4 0.297769 
4 0.347265 
4 0.39676 
4 0.475591 
4 0.554422 
4 -0.318944 
4 -0.248292 
4 -0.283618 
4 -0.100754 
4 -0.212966 
4 0.106066 
4 0.777211 
4 -1 
4 0.162328 
4 -0.15686 
4 1 
4 -0.376621 
4 -0.495205 
4 0.238385 
4 -0.737354 
4 0.277975 
4 0.372012 
4 0.436176 
4 0.322517 
4 0.515007 
4 -0.265955 
4 -0.421322 
4 -0.0490489 
4 0.665817 
4 -0.598272 
4 -0.912451 
4 0.190459 
4 0.0543607 
4 0.134197 
4 -0.184913 
4 -0.301281 
4 -0.336607 
4 -0.230629 
4 -0.128807 
4 0.888606 
ZONE T="boundary3"
-1.58366 -1 
-0.332641 -1 
-0.393442 -1 
-0.27184 -1 
3.0959 -1 
-1.40083 -1 
0.381118 -1 
0.506289 -1 
3.54654 -1 
-0.0783953 -1 
0.70912 -1 
-4 -1 
-1.19352 -1 
-3.75502 -1 
-0.54109 -1 
-1.99927 -1 
-1.82905 -1 
-3.51004 -1 
2.36936 -1 
-1.70636 -1 
-2.37589 -1 
-2.5823 -1 
-2.80946 -1 
-3.03662 -1 
-3.27333 -1 
3.77327 -1 
2.62067 -1 
2.87198 -1 
3.31981 -1 
-0.627937 -1 
0.0560936 -1 
-0.0111508 -1 
0.15602 -1 
0.106057 -1 
0.255947 -1 
0.205983 -1 
-0.211039 -1 
-0.144717 -1 
-0.454243 -1 
0.900229 -1 
-1.06074 -1 
0.607704 -1 
1.00341 -1 
-0.852956 -1 
-0.77795 -1 
1.10659 -1 
1.20753 -1 
-0.702944 -1 
-1.29718 -1 
4 -1 
-2.16948 -1 
1.61755 -1 
1.77279 -1 
1.92803 -1 
1.46301 -1 
2.14869 -1 
-0.927962 -1 
1.38575 -1 
1.30848 -1 
-0.363041 -1 
0.443703 -1 
-1.91416 -1 
-1.64501 -1 
-2.69588 -1 
-3.15498 -1 
2.74632 -1 
-2.47909 -1 
3.20785 -1 
2.49502 -1 
-0.584514 -1 
0.0224714 -1 
0.131039 -1 
0.0810753 -1 
0.230965 -1 
0.318532 -1 
0.181002 -1 
-0.241439 -1 
-0.177878 -1 
-0.30224 -1 
-0.111556 -1 
-0.0447731 -1 
-0.423842 -1 
0.804674 -1 
-1.12713 -1 
-0.497666 -1 
0.556996 -1 
0.658412 -1 
0.951818 -1 
-0.815453 -1 
1.15706 -1 
-0.740447 -1 
-1.24535 -1 
-3.39169 -1 
-1.49225 -1 
-1.7677 -1 
-3.87751 -1 
3.88664 -1 
2.98394 -1 
3.43318 -1 
-2.27269 -1 
-2.08437 -1 
1.85041 -1 
3.65991 -1 
-2.92304 -1 
2.03836 -1 
2.25903 -1 
-3.63253 -1 
-0.66544 -1 
-0.994353 -1 
1.055 -1 
1.42438 -1 
-0.890459 -1 
-1.349 -1 
1.54028 -1 
1.25801 -1 
1.34711 -1 
1.69517 -1 
ZONE T="boundary4"
0.59749 0.21147 
-0.567808 0.198751 
-0.496872 0.27002 
-0.385298 0.335735 
-0.638459 0.0279082 
-0.520179 0.250199 
-0.531799 0.239159 
-0.403171 0.327509 
0.640641 0.118755 
-0.251635 0.381743 
-0.579413 0.183005 
-0.635937 0.0459216 
-0.632428 0.0637988 
-0.627952 0.0814041 
-0.602938 0.144229 
-0.622529 0.0986867 
-0.542998 0.227694 
-0.555738 0.21352 
0.55824 0.267237 
0.545319 0.282113 
-0.616558 0.114678 
-0.609796 0.13029 
-0.587698 0.170589 
-0.595448 0.15785 
-0.107597 0.41282 
-0.133654 0.408228 
0.651806 0.0704867 
-0.640576 -0.00829004 
-0.458413 0.297161 
-0.439571 0.308474 
-0.421543 0.31832 
-0.640001 0.00980811 
-0.349199 0.350544 
-0.367202 0.343436 
-0.331045 0.357216 
-0.312016 0.363734 
-0.229714 0.38744 
-0.29287 0.369854 
-0.272299 0.37599 
-0.159643 0.403218 
-0.207717 0.392772 
-0.183714 0.398186 
0.632257 0.142346 
0.619464 0.171334 
0.652577 -0.00237942 
0.609117 0.19133 
-0.471696 0.288462 
0.394459 0.385346 
0.367179 0.39577 
0.309017 0.412801 
0.338257 0.405051 
0.536321 0.291612 
0.494356 0.32858 
0.471028 0.345078 
0.516005 0.310858 
0.0333855 0.43003 
0.0629846 0.431842 
0.093367 0.432956 
0.154862 0.432651 
0.185921 0.431045 
0.278643 0.41931 
0.248099 0.424438 
-0.02471 0.424565 
0.584382 0.231993 
0.570456 0.251669 
0.654535 0.0217218 
0.654275 0.0460356 
0.647251 0.0946178 
-0.0804341 0.417154 
-0.0532045 0.421028 
0.00384943 0.427554 
0.421199 0.373322 
0.446696 0.359926 
0.21706 0.428337 
0.123796 0.433256 
-0.52604 0.244734 
-0.394266 0.33169 
-0.573713 0.190953 
-0.634306 0.0548841 
-0.549449 0.220679 
0.551875 0.274758 
-0.619647 0.10672 
-0.606447 0.137299 
-0.59164 0.164261 
-0.561862 0.206207 
-0.613277 0.122526 
-0.59927 0.151082 
-0.583619 0.17684 
-0.120635 0.410576 
-0.430603 0.313482 
-0.640408 0.000762628 
-0.449054 0.302921 
-0.358222 0.347046 
-0.376276 0.339649 
-0.340141 0.353932 
-0.639352 0.0188683 
-0.321548 0.360527 
-0.412396 0.322994 
-0.240686 0.384638 
-0.282599 0.372971 
-0.302458 0.366841 
-0.195726 0.395527 
-0.218726 0.390149 
-0.146659 0.405775 
-0.261979 0.378912 
0.626141 0.156963 
0.603416 0.201465 
0.61441 0.181393 
-0.637321 0.0369319 
0.380891 0.390747 
0.323684 0.409106 
0.35278 0.400604 
0.482835 0.337032 
0.505338 0.319912 
0.048179 0.431022 
0.0781713 0.432497 
0.170398 0.431978 
0.263398 0.422038 
0.293867 0.416233 
-0.171688 0.400748 
0.540861 0.286901 
-0.625359 0.0900824 
0.577543 0.241919 
0.591053 0.221806 
0.654682 0.0338804 
0.644182 0.10675 
0.636657 0.130624 
-0.0940244 0.415044 
-0.0668277 0.419149 
-0.0104382 0.42613 
0.407919 0.379534 
0.458984 0.352702 
0.0186102 0.428872 
0.201503 0.429834 
-0.0389659 0.422863 
0.232599 0.426543 
0.13933 0.433073 
0.434052 0.366824 
0.52634 0.301422 
0.108579 0.433212 
-0.630311 0.072632 
0.564441 0.259526 
0.64978 0.0825984 
0.653311 0.0582872 
0.653834 0.00964717 
-0.508705 0.260321 
-0.484449 0.279466 
-0.537452 0.233479 
-0.465092 0.292868 
ZONE T="boundary5"
0.566614 -0.175545 
0.582528 -0.156494 
0.311849 -0.386351 
-0.505994 -0.315372 
0.633694 -0.072306 
-0.608402 -0.161374 
-0.594584 -0.190899 
-0.636773 -0.0619447 
-0.638927 -0.0442206 
-0.586608 -0.205892 
-0.633774 -0.0795035 
-0.629974 -0.0968264 
-0.625401 -0.113925 
-0.620264 -0.13027 
-0.167997 -0.485584 
-0.193217 -0.481141 
-0.283829 -0.456363 
-0.240297 -0.47006 
-0.262184 -0.463606 
-0.216857 -0.476042 
-0.115949 -0.491625 
-0.142636 -0.489044 
-0.0615899 -0.493597 
-0.0891883 -0.493141 
-0.361124 -0.422767 
0.462862 -0.277875 
-0.440875 -0.372694 
-0.455125 -0.361657 
-0.568921 -0.235555 
-0.549149 -0.264361 
-0.304075 -0.448774 
-0.324046 -0.440476 
-0.342735 -0.431939 
-0.426278 -0.383268 
-0.378254 -0.413489 
-0.410838 -0.393711 
-0.39507 -0.403648 
-0.640208 -0.0263099 
-0.640576 -0.00829004 
-0.481781 -0.338886 
0.407862 -0.322259 
0.430422 -0.304816 
0.611154 -0.116012 
-0.0339965 -0.492939 
-0.00617034 -0.491149 
0.0215624 -0.488237 
0.0491218 -0.484217 
0.18352 -0.448012 
0.157153 -0.457346 
0.103617 -0.472911 
0.130488 -0.465661 
0.0765107 -0.479098 
0.209761 -0.437606 
0.235645 -0.426239 
0.261365 -0.41385 
0.360923 -0.355558 
0.384806 -0.339101 
0.446794 -0.291509 
0.478386 -0.26413 
0.336573 -0.37134 
0.493614 -0.250103 
0.597459 -0.136679 
0.652577 -0.00237942 
0.648416 -0.0261444 
0.642076 -0.0495522 
0.513065 -0.231484 
0.549648 -0.194288 
0.623351 -0.0944562 
0.5321 -0.212545 
-0.527897 -0.291204 
0.286681 -0.400588 
0.574677 -0.166108 
-0.601749 -0.176257 
-0.637959 -0.0530959 
-0.590658 -0.19843 
-0.635378 -0.0707419 
-0.627783 -0.105401 
-0.622918 -0.122124 
-0.180629 -0.483485 
-0.25127 -0.466932 
-0.27304 -0.460083 
-0.0753913 -0.493509 
-0.20506 -0.478702 
-0.155333 -0.487436 
-0.448045 -0.367233 
-0.559273 -0.250121 
-0.293985 -0.452657 
-0.333427 -0.436287 
-0.369728 -0.418199 
-0.402994 -0.398743 
-0.386703 -0.408638 
-0.433618 -0.378039 
-0.63968 -0.0352736 
-0.228605 -0.473162 
-0.640508 -0.0173025 
-0.468635 -0.350485 
-0.631974 -0.0881869 
0.419203 -0.313614 
-0.0200746 -0.492185 
0.00771044 -0.489833 
0.0353616 -0.486365 
0.170379 -0.452803 
0.143859 -0.461632 
0.0900933 -0.476138 
0.062841 -0.481794 
0.196687 -0.44293 
0.222753 -0.432038 
0.248558 -0.420156 
0.372922 -0.347412 
0.438644 -0.298205 
0.47066 -0.271042 
0.454865 -0.284735 
0.324267 -0.378938 
-0.129305 -0.490468 
0.486033 -0.257151 
0.650769 -0.0143113 
0.503387 -0.24084 
-0.314097 -0.444714 
0.590131 -0.14669 
0.558212 -0.18499 
0.604476 -0.126459 
0.617453 -0.105349 
0.64551 -0.0379213 
0.540932 -0.203471 
-0.351969 -0.427432 
0.396392 -0.330758 
-0.418601 -0.388552 
-0.517139 -0.303463 
-0.0477901 -0.493407 
0.522631 -0.222061 
0.299321 -0.393569 
-0.102576 -0.492515 
0.117087 -0.469417 
0.274077 -0.407324 
0.348805 -0.363537 
0.63813 -0.0610211 
0.628747 -0.0834874 
-0.494074 -0.327322 
-0.538755 -0.277965 
-0.577999 -0.220864 
-0.614633 -0.145936 
