ZONE T="boundary0"
-4 -0.567106 
-4 -0.67533 
-4 -0.488283 
-4 0.315977 
-4 0.680327 
-4 0.57377 
-4 0.398683 
-4 1 
-4 0.786885 
-4 -0.217641 
-4 -0.149588 
-4 0.283482 
-4 0.442455 
-4 0.486226 
-4 0.00389737 
-4 -0.0728453 
-4 0.192546 
-4 -0.409459 
-4 -0.347577 
-4 -0.783553 
-4 -0.285695 
-4 -0.251668 
-4 -1 
-4 0.250987 
-4 0.221767 
-4 0.134106 
-4 0.163326 
-4 0.0690014 
-4 -0.621218 
-4 0.627049 
-4 0.893442 
-4 -0.183615 
-4 0.29973 
-4 0.35733 
-4 0.420569 
-4 0.464341 
-4 0.529998 
-4 -0.034474 
-4 -0.378518 
-4 0.733606 
-4 -0.527694 
-4 -0.448871 
-4 -0.316636 
-4 -0.111217 
-4 -0.729441 
-4 -0.891777 
-4 0.267235 
-4 0.207156 
-4 0.148716 
-4 0.236377 
-4 0.101553 
-4 0.177936 
-4 -0.268681 
-4 -0.234655 
-4 0.0364494 
ZONE T="boundary1"
1.51884 1 
1.72401 1 
0.698249 1 
0.587301 1 
1.09697 1 
1.02568 1 
-0.801476 1 
-0.9458 1 
-0.173574 1 
-1.27499 1 
-1.37455 1 
-4 1 
-1.17544 1 
1.31084 1 
0.809197 1 
0.91744 1 
1.41484 1 
3.52129 1 
3.76065 1 
3.34678 1 
3.17226 1 
-1.96966 1 
-2.14837 1 
-3.14057 1 
-3.51409 1 
2.77778 1 
-2.96113 1 
2.56497 1 
2.35215 1 
-3.75704 1 
-2.55439 1 
-2.78169 1 
0.0237234 1 
-0.0474885 1 
0.0949353 1 
-0.110531 1 
-0.3526 1 
-0.307843 1 
-0.263087 1 
-0.21833 1 
0.395146 1 
0.318704 1 
0.242261 1 
-0.398395 1 
-0.44419 1 
-0.535781 1 
-0.668629 1 
4 1 
1.16826 1 
-2.32709 1 
1.92918 1 
-1.49571 1 
-1.61688 1 
-1.79327 1 
2.14066 1 
-0.602205 1 
0.168598 1 
-1.06062 1 
1.62142 1 
0.642775 1 
1.06133 1 
-0.873638 1 
-1.32477 1 
0.863319 1 
1.36284 1 
3.64097 1 
3.25952 1 
-2.05902 1 
-3.32733 1 
2.97502 1 
-3.05085 1 
2.45856 1 
2.67137 1 
-3.63557 1 
-2.66804 1 
-0.0118825 1 
-0.142053 1 
-0.330221 1 
0.0593294 1 
-0.240709 1 
-0.285465 1 
0.280483 1 
-0.489986 1 
0.491223 1 
-0.735052 1 
-3.87852 1 
1.23955 1 
1.46684 1 
0.971562 1 
1.13262 1 
3.88032 1 
-2.23773 1 
-2.87141 1 
-1.5563 1 
-1.43513 1 
-1.70507 1 
1.82659 1 
2.24641 1 
-1.22522 1 
-1.88146 1 
2.03492 1 
0.356925 1 
-0.421293 1 
-0.635417 1 
-0.568993 1 
-0.0790099 1 
0.131767 1 
-0.195952 1 
-0.375497 1 
0.20543 1 
-1.00321 1 
-1.11803 1 
3.43403 1 
0.753723 1 
-2.44074 1 
ZONE T="boundary2"
4 -0.701751 
4 -0.432416 
4 0.348371 
4 0.696041 
4 0.0244982 
4 0.247128 
4 0.29775 
4 -0.0460692 
4 -0.850875 
4 -1 
4 -0.267624 
4 -0.314367 
4 0.468071 
4 0.408221 
4 0.174655 
4 0.150497 
4 0.118997 
4 0.582056 
4 -0.116637 
4 0.84802 
4 1 
4 -0.503723 
4 0.198813 
4 0.0874976 
4 -0.36111 
4 -0.154383 
4 -0.229877 
4 -0.19213 
4 0.272439 
4 -0.0107855 
4 -0.776313 
4 -0.290995 
4 0.438146 
4 0.162576 
4 0.134747 
4 0.525063 
4 -0.0813529 
4 0.77203 
4 0.639048 
4 0.92401 
4 -0.602737 
4 -0.925438 
4 0.186734 
4 0.222971 
4 0.0559979 
4 0.103247 
4 0.32306 
4 0.378296 
4 -0.337738 
4 -0.248751 
4 -0.13551 
4 -0.173257 
4 -0.468069 
4 -0.211004 
4 -0.396763 
ZONE T="boundary3"
-1.99214 -1 
-2.16717 -1 
2.54984 -1 
3.06929 -1 
3.24839 -1 
0.0242763 -1 
-1.1138 -1 
-1.22352 -1 
1.66227 -1 
0.143355 -1 
-0.438256 -1 
-0.6584 -1 
-0.783913 -1 
1.25943 -1 
0.414512 -1 
-0.343626 -1 
-2.78673 -1 
-3.72477 -1 
1.55471 -1 
2.72001 -1 
2.12663 -1 
2.41733 -1 
-1.63003 -1 
-1.53649 -1 
3.6242 -1 
4 -1 
-2.57226 -1 
-2.36971 -1 
-3.22537 -1 
-3.00119 -1 
0.26351 -1 
0.339011 -1 
-0.0895237 -1 
-0.0326237 -1 
0.0838158 -1 
-0.128408 -1 
0.511969 -1 
-0.24506 -1 
-0.294343 -1 
-0.894002 -1 
0.609426 -1 
-0.532887 -1 
0.933879 -1 
1.04323 -1 
0.716976 -1 
-4 -1 
-3.44955 -1 
-1.00409 -1 
0.824526 -1 
1.15133 -1 
1.35329 -1 
1.44714 -1 
1.81535 -1 
1.96843 -1 
-1.33324 -1 
-1.44295 -1 
2.28482 -1 
-1.8171 -1 
2.89018 -1 
-0.167292 -1 
-2.07966 -1 
3.15884 -1 
-1.16866 -1 
-0.721157 -1 
-0.390941 -1 
2.63493 -1 
2.48359 -1 
-1.58326 -1 
3.43629 -1 
3.8121 -1 
-2.47099 -1 
-3.11328 -1 
0.30126 -1 
0.203433 -1 
-0.0610737 -1 
0.113586 -1 
-0.00417373 -1 
-0.108966 -1 
-0.269701 -1 
0.560697 -1 
-0.595643 -1 
0.463241 -1 
0.988556 -1 
-0.838957 -1 
0.663201 -1 
-3.86239 -1 
0.770751 -1 
1.20538 -1 
1.40021 -1 
1.09728 -1 
1.60849 -1 
1.50093 -1 
1.73881 -1 
1.89189 -1 
-1.27838 -1 
-1.05895 -1 
-3.58716 -1 
-3.33746 -1 
2.04753 -1 
2.20572 -1 
-1.90462 -1 
-2.89396 -1 
-2.67949 -1 
-1.72357 -1 
2.8051 -1 
-2.26844 -1 
2.97974 -1 
2.35108 -1 
0.054046 -1 
-0.318984 -1 
-0.206176 -1 
-0.14785 -1 
-0.485571 -1 
0.376762 -1 
0.879203 -1 
1.30636 -1 
-0.949046 -1 
-1.48972 -1 
-1.38809 -1 
ZONE T="boundary4"
0.356048 0.303874 
-0.625715 0.0663547 
0.464819 0.233455 
0.441154 0.249302 
0.417232 0.264942 
-0.124032 0.513006 
-0.0979329 0.511924 
0.614116 0.0908306 
0.607092 0.102306 
-0.626091 0.0440608 
0.621881 0.0764527 
0.628792 0.0615365 
0.63468 0.0464222 
-0.273948 0.491738 
-0.297109 0.484064 
-0.54742 0.289778 
-0.200782 0.508064 
-0.175696 0.511022 
-0.149843 0.512702 
-0.616245 0.134026 
-0.620787 0.111429 
-0.610351 0.156548 
-0.603178 0.178836 
0.639635 0.0308747 
-0.586761 0.219365 
-0.594782 0.200885 
-0.578031 0.237484 
-0.568606 0.25524 
-0.558383 0.272732 
-0.535627 0.306505 
-0.522392 0.323658 
-0.319919 0.47525 
-0.476818 0.373038 
-0.249976 0.498382 
-0.22577 0.503798 
-0.459675 0.388614 
-0.341869 0.46553 
-0.492983 0.356983 
-0.50842 0.340225 
-0.423251 0.417487 
-0.625092 0.0220205 
-0.404041 0.430707 
-0.383969 0.443212 
-0.363366 0.454764 
-0.0711105 0.509354 
-0.0445351 0.505344 
0.0367594 0.483974 
-0.623949 0.0888387 
-0.441856 0.403405 
0.397468 0.277635 
0.377572 0.290272 
0.309545 0.333358 
0.33445 0.317532 
0.562736 0.156412 
0.491063 0.215236 
0.516711 0.196271 
0.540335 0.177065 
0.0646261 0.473506 
0.120207 0.44809 
0.148504 0.433057 
0.258359 0.366123 
0.284577 0.34932 
0.232037 0.382897 
0.582437 0.135258 
0.599561 0.1134 
0.643561 0.0152081 
0.648476 -0.0168726 
0.64652 -0.000790302 
0.64946 -0.0330335 
0.0920458 0.461695 
-0.0177838 0.499829 
0.00969636 0.492614 
0.176426 0.417081 
0.204341 0.400224 
0.429214 0.257151 
-0.110976 0.512639 
0.610673 0.0966107 
-0.626076 0.055211 
0.631853 0.0540258 
0.618106 0.0837006 
-0.285575 0.488043 
-0.162781 0.512034 
-0.618681 0.122761 
-0.613457 0.145329 
-0.606915 0.167741 
-0.590865 0.210166 
-0.573406 0.246409 
-0.563587 0.26404 
-0.529103 0.315154 
-0.308567 0.479796 
-0.237907 0.501242 
-0.468333 0.380922 
-0.484989 0.3651 
-0.500795 0.34869 
-0.625764 0.0330333 
-0.413721 0.424206 
-0.373734 0.449107 
-0.394077 0.437075 
-0.352681 0.460274 
-0.188258 0.509705 
-0.13694 0.513025 
-0.262003 0.49521 
-0.057797 0.507527 
-0.084505 0.510822 
-0.622537 0.100158 
-0.450848 0.396109 
-0.515495 0.332017 
-0.541612 0.298204 
0.407361 0.271304 
-0.432633 0.410551 
0.63728 0.0386882 
0.387527 0.283962 
0.366813 0.297074 
0.345248 0.310698 
0.477992 0.224419 
0.528651 0.186827 
0.0507554 0.478914 
-0.552993 0.281314 
0.134419 0.440699 
0.27147 0.357721 
0.245209 0.374526 
0.321993 0.325435 
0.591241 0.124521 
0.64172 0.0230725 
0.60339 0.107897 
0.647621 -0.00881619 
0.649088 -0.0249454 
0.645165 0.0072324 
-0.625004 0.0776106 
0.551717 0.166937 
-0.213303 0.506093 
-0.330951 0.47052 
-0.599121 0.189914 
0.0783996 0.467757 
0.106194 0.455039 
-0.00399725 0.496406 
0.297058 0.34133 
0.0232803 0.488467 
0.162518 0.425166 
-0.0311241 0.502765 
0.218215 0.391601 
0.503977 0.205876 
0.190424 0.408722 
-0.582483 0.228467 
0.5728 0.146036 
0.625452 0.0690488 
0.453012 0.241415 
ZONE T="boundary5"
-0.470159 -0.253939 
-0.523847 -0.202069 
-0.535996 -0.188118 
-0.619072 -0.0210505 
-0.622744 0.000311912 
0.480982 -0.370103 
0.504571 -0.351464 
0.52672 -0.330842 
-0.547709 -0.173545 
-0.559776 -0.157092 
-0.591809 -0.102214 
-0.581998 -0.121359 
0.459809 -0.384492 
-0.614116 -0.0419888 
-0.208569 -0.395335 
-0.232292 -0.386606 
-0.301533 -0.35769 
-0.255831 -0.377376 
-0.278789 -0.367794 
-0.323397 -0.34735 
-0.110202 -0.425823 
-0.0590073 -0.438172 
-0.0846841 -0.432279 
-0.135195 -0.418923 
-0.18438 -0.403669 
-0.160022 -0.411503 
-0.607895 -0.062526 
-0.484564 -0.241301 
-0.511199 -0.215568 
0.64093 -0.11415 
0.644298 -0.0979483 
0.626784 -0.162017 
0.636867 -0.130161 
-0.498084 -0.22865 
-0.345009 -0.336458 
-0.365537 -0.325413 
-0.422725 -0.290148 
-0.385757 -0.313776 
-0.404424 -0.302264 
0.559766 -0.292305 
0.646876 -0.081737 
-0.625092 0.0220205 
-0.571064 -0.14 
0.437898 -0.397443 
0.407674 -0.412593 
-0.43924 -0.2784 
-0.600454 -0.0825933 
0.133042 -0.461916 
0.104103 -0.46079 
0.0760164 -0.458816 
-0.0327326 -0.44357 
0.020793 -0.452536 
-0.00631221 -0.44834 
0.615916 -0.19009 
0.162023 -0.462075 
0.252206 -0.455699 
0.191959 -0.461163 
0.221853 -0.459088 
0.283017 -0.450822 
-0.455351 -0.266085 
0.314158 -0.444271 
0.575411 -0.269454 
0.515859 -0.341381 
0.543839 -0.31226 
0.649499 -0.0492363 
0.648622 -0.0655296 
0.58272 -0.257423 
0.376734 -0.425351 
0.64946 -0.0330335 
0.603368 -0.218154 
0.345585 -0.435813 
0.0480219 -0.456021 
0.589633 -0.245158 
-0.529987 -0.195151 
-0.621075 -0.0103976 
0.492961 -0.361018 
-0.553841 -0.16539 
-0.587042 -0.111857 
0.470512 -0.377469 
-0.616757 -0.0315577 
-0.220453 -0.391032 
-0.244086 -0.382054 
-0.29019 -0.362808 
-0.312496 -0.352586 
-0.0718626 -0.435298 
-0.122717 -0.422439 
-0.172221 -0.407649 
-0.0974609 -0.429121 
-0.477413 -0.247679 
-0.517582 -0.208874 
0.642706 -0.106068 
0.632115 -0.14618 
-0.491373 -0.235029 
-0.35531 -0.331006 
-0.395135 -0.308092 
-0.37569 -0.319671 
-0.541927 -0.180892 
0.645686 -0.0898582 
-0.334238 -0.341975 
0.638982 -0.122176 
-0.413625 -0.296283 
-0.576661 -0.130756 
0.422931 -0.405308 
-0.431031 -0.284343 
-0.604326 -0.0726157 
-0.565528 -0.148617 
0.118568 -0.46147 
0.090052 -0.459909 
0.00722648 -0.450526 
-0.0458862 -0.440948 
0.176995 -0.46176 
0.206916 -0.460275 
-0.462806 -0.260074 
0.298631 -0.447752 
0.448952 -0.391135 
0.567802 -0.281025 
0.510267 -0.34648 
0.535443 -0.321702 
0.521344 -0.336168 
0.62154 -0.176127 
0.55198 -0.302424 
0.649172 -0.0573887 
-0.196496 -0.399565 
0.579118 -0.263469 
0.647854 -0.0736444 
-0.147628 -0.415278 
0.392316 -0.419244 
-0.504695 -0.222163 
-0.267336 -0.372648 
0.649595 -0.0411343 
0.147531 -0.46212 
0.609814 -0.204199 
0.361243 -0.430831 
0.0343954 -0.45437 
0.237048 -0.457559 
-0.0195374 -0.446035 
0.0620087 -0.457519 
-0.624088 0.0111483 
-0.596277 -0.0924677 
-0.447349 -0.272313 
-0.611163 -0.0523049 
0.267641 -0.453445 
0.59668 -0.231748 
0.586223 -0.251319 
0.329934 -0.440272 
