ZONE T="boundary0"
-4 -0.313509 
-4 -0.371002 
-4 -0.811698 
-4 -1 
-4 -0.237754 
-4 0.0574848 
-4 0.296001 
-4 0.762158 
-4 -0.143648 
-4 0.524316 
-4 0.356059 
-4 -0.275631 
-4 -0.428496 
-4 -0.0769623 
-4 0.235943 
-4 0.440188 
-4 0.125247 
-4 -0.010277 
-4 1 
-4 -0.623397 
-4 -0.525947 
-4 -0.342256 
-4 -0.905849 
-4 -0.29457 
-4 -0.399749 
-4 -0.256693 
-4 -0.190701 
-4 0.482252 
-4 0.180595 
-4 0.0236039 
-4 -0.0436197 
-4 0.0913656 
-4 0.643237 
-4 0.881079 
-4 0.265972 
-4 -0.110305 
-4 0.32603 
-4 -0.477222 
-4 0.398124 
-4 -0.574672 
-4 -0.717548 
ZONE T="boundary1"
-0.785354 1 
-0.658039 1 
-3.3547 1 
-3.51603 1 
-3.83868 1 
1.56135 1 
1.44904 1 
0.698735 1 
0.813909 1 
-0.357765 1 
-0.896626 1 
-0.433186 1 
-0.508607 1 
-1.33484 1 
-2.21341 1 
-2.01355 1 
3.79561 1 
3.38682 1 
3.18243 1 
-3.04526 1 
-2.78998 1 
-2.43765 1 
2.39967 1 
2.8125 1 
1.81075 1 
2.10521 1 
0.573363 1 
-1.14009 1 
-1.24071 1 
-0.132157 1 
-0.237669 1 
-1.42898 1 
-1.62134 1 
0.0192935 1 
0.0760869 1 
0.290436 1 
0.510677 1 
4 1 
3.59121 1 
-1.03947 1 
1.1025 1 
0.958204 1 
1.21962 1 
-3.19998 1 
-1.81369 1 
1.33673 1 
-3.67735 1 
-4 1 
2.60608 1 
-2.61382 1 
0.447991 1 
0.369213 1 
0.251047 1 
0.211658 1 
0.13288 1 
-0.056432 1 
-0.721696 1 
-3.43536 1 
1.50519 1 
0.756322 1 
-0.470896 1 
-2.11348 1 
3.28462 1 
-2.91762 1 
-2.32553 1 
2.99746 1 
-0.395475 1 
-0.583323 1 
-1.1904 1 
-0.184913 1 
-0.297717 1 
-1.38191 1 
-1.52516 1 
-1.28777 1 
0.0476902 1 
0.54202 1 
0.636049 1 
3.69341 1 
-0.84099 1 
3.8978 1 
-0.968047 1 
0.886056 1 
-1.71752 1 
-1.91362 1 
3.48902 1 
1.39289 1 
-3.75801 1 
-3.91934 1 
-3.59669 1 
-3.27734 1 
2.25244 1 
2.70929 1 
-3.12262 1 
-2.7019 1 
-2.52573 1 
2.50288 1 
1.95798 1 
1.68605 1 
0.408602 1 
0.231352 1 
0.270741 1 
0.172269 1 
0.479334 1 
0.104484 1 
-0.0942947 1 
-1.08978 1 
-0.0185693 1 
0.329824 1 
1.16106 1 
1.03035 1 
1.27818 1 
ZONE T="boundary2"
4 -0.588509 
4 -0.484335 
4 -0.411651 
4 0.0145746 
4 -0.692682 
4 0.340772 
4 0.407803 
4 0.298501 
4 0.803063 
4 0.704595 
4 -1 
4 0.474835 
4 0.25623 
4 0.144842 
4 0.200536 
4 0.0797081 
4 -0.223876 
4 -0.165113 
4 -0.106351 
4 -0.281422 
4 0.606126 
4 0.540481 
4 -0.338968 
4 -0.846341 
4 1 
4 -0.536422 
4 0.374288 
4 0.319636 
4 0.753829 
4 0.441319 
4 0.277365 
4 0.172689 
4 0.228383 
4 0.112275 
4 -0.0458882 
4 -0.252649 
4 -0.135732 
4 -0.194494 
4 0.573304 
4 -0.310195 
4 -0.640595 
4 -0.923171 
4 -0.769512 
4 0.655361 
4 0.901532 
4 0.0471414 
4 -0.447993 
4 0.507658 
4 -0.37531 
ZONE T="boundary3"
-4 -1 
-1.85714 -1 
-1.59075 -1 
-1.37562 -1 
0.576163 -1 
-1.26468 -1 
-1.15374 -1 
0.177538 -1 
-0.472273 -1 
-0.583307 -1 
0.756438 -1 
0.666301 -1 
-3.05178 -1 
-3.3953 -1 
4 -1 
3.76801 -1 
1.15448 -1 
1.25575 -1 
1.81205 -1 
1.95546 -1 
3.33062 -1 
3.53602 -1 
-3.54647 -1 
2.6797 -1 
3.12521 -1 
-2.86213 -1 
2.461 -1 
-2.45138 -1 
-2.67248 -1 
-0.116562 -1 
0.315883 -1 
0.432326 -1 
0.033149 -1 
0.246711 -1 
-0.694342 -1 
-0.0417063 -1 
0.105344 -1 
-0.370992 -1 
-0.269712 -1 
-0.193137 -1 
0.911858 -1 
0.963665 -1 
1.05907 -1 
1.35702 -1 
-0.808688 -1 
-0.923034 -1 
1.66863 -1 
1.59073 -1 
-1.48318 -1 
-1.03839 -1 
2.90246 -1 
2.2423 -1 
-2.23028 -1 
-2.04371 -1 
-3.84882 -1 
-3.69765 -1 
1.51283 -1 
0.860051 -1 
-1.72395 -1 
-1.20921 -1 
-1.32015 -1 
-0.52779 -1 
0.711369 -1 
-3.22354 -1 
3.88401 -1 
1.20511 -1 
1.88376 -1 
3.43332 -1 
-3.47089 -1 
3.22791 -1 
-2.56193 -1 
-0.638824 -1 
-0.079134 -1 
0.141441 -1 
-0.320352 -1 
0.504245 -1 
0.374105 -1 
-0.231424 -1 
-0.154849 -1 
-0.421632 -1 
0.281297 -1 
1.10677 -1 
1.30638 -1 
1.01137 -1 
-0.865861 -1 
3.65202 -1 
0.621232 -1 
1.62968 -1 
-1.4294 -1 
-0.98071 -1 
2.79108 -1 
2.35165 -1 
2.09888 -1 
-2.95695 -1 
3.01383 -1 
-2.7673 -1 
-2.34083 -1 
-1.95043 -1 
-2.13699 -1 
2.57035 -1 
0.0692463 -1 
-0.00427868 -1 
0.212125 -1 
-0.751515 -1 
-3.92441 -1 
-1.53697 -1 
1.43492 -1 
1.55178 -1 
1.74034 -1 
-3.77324 -1 
-3.62206 -1 
-1.09606 -1 
0.937761 -1 
0.885955 -1 
0.808245 -1 
ZONE T="boundary4"
-0.271655 0.380407 
0.591925 0.20773 
-0.388003 0.356113 
-0.370149 0.361287 
-0.64225 0.0229956 
-0.641528 0.00422235 
-0.437448 0.33778 
-0.332846 0.370159 
-0.313452 0.373905 
0.639268 0.10984 
-0.641996 0.0418359 
-0.64074 0.0606561 
-0.421453 0.344434 
-0.520848 0.287195 
0.644938 0.0869929 
0.648611 0.0640921 
-0.544131 0.266127 
-0.635157 0.0979431 
-0.619931 0.149777 
-0.630834 0.116211 
-0.495459 0.30605 
-0.638459 0.0794081 
0.631801 0.132094 
0.606931 0.183883 
-0.613774 0.164655 
-0.599661 0.192803 
-0.60691 0.179183 
-0.578964 0.225156 
-0.591792 0.206072 
-0.201749 0.38793 
-0.226304 0.385649 
-0.564954 0.243261 
-0.554813 0.254939 
0.575547 0.230331 
0.567315 0.240634 
-0.481847 0.314747 
-0.467826 0.322836 
-0.452808 0.330632 
0.62622 0.145852 
-0.508383 0.29692 
-0.404849 0.350581 
-0.292592 0.37739 
-0.352114 0.365877 
-0.248996 0.383219 
-0.625821 0.133176 
0.431103 0.344708 
0.405772 0.355612 
0.352338 0.37354 
0.379972 0.365049 
0.323714 0.380804 
0.55879 0.250639 
0.540655 0.26983 
0.478175 0.319133 
0.500302 0.304104 
0.521373 0.28748 
0.647551 -0.00535924 
0.64993 0.0176706 
0.141164 0.401335 
0.110097 0.401809 
0.0793875 0.401741 
0.0486844 0.401239 
0.17224 0.400202 
0.203166 0.398298 
0.234056 0.395491 
0.264224 0.391738 
0.0187167 0.400413 
0.620051 0.159295 
-0.150943 0.391822 
-0.124719 0.393524 
-0.177198 0.389927 
0.650294 0.0408392 
-0.0969622 0.395162 
-0.0692491 0.396655 
-0.0402399 0.398072 
-0.0112668 0.399323 
0.455194 0.332582 
0.29427 0.386856 
-0.379099 0.358777 
-0.323162 0.372096 
-0.64201 0.0136048 
-0.641495 0.0512548 
-0.429485 0.341187 
0.647019 0.0755805 
-0.532748 0.276945 
-0.633124 0.107108 
0.635751 0.121039 
0.599631 0.195934 
-0.616944 0.157254 
-0.603365 0.186035 
-0.585539 0.215721 
-0.610431 0.171961 
-0.595803 0.199483 
-0.559951 0.249159 
0.571471 0.235515 
-0.488704 0.310477 
-0.46036 0.326817 
0.62909 0.139005 
-0.474882 0.318869 
0.583915 0.219161 
-0.514674 0.292132 
-0.413181 0.347587 
-0.396451 0.353422 
-0.445166 0.334286 
-0.282131 0.378953 
-0.342496 0.36809 
-0.549539 0.260596 
-0.303033 0.375711 
-0.501975 0.30156 
-0.622988 0.141516 
0.418516 0.350345 
0.366208 0.369473 
0.392934 0.360503 
0.549893 0.260396 
0.51099 0.295984 
0.648989 0.0061287 
-0.639728 0.0700481 
-0.642247 0.0324179 
0.125631 0.401647 
0.064035 0.401538 
-0.214029 0.386829 
-0.237654 0.384477 
0.187708 0.399355 
0.249155 0.393747 
-0.636937 0.0886989 
0.156704 0.400858 
0.563093 0.245671 
-0.36115 0.363652 
0.623208 0.152607 
0.613722 0.171712 
-0.260332 0.381866 
-0.137831 0.392694 
-0.628441 0.124727 
-0.189475 0.388959 
-0.164071 0.390902 
-0.0831053 0.395925 
-0.110841 0.394362 
-0.0257535 0.39872 
0.443241 0.33883 
0.27927 0.389446 
0.309024 0.383991 
0.00372437 0.399897 
0.0336996 0.400862 
-0.0547443 0.397382 
0.489369 0.31181 
0.338068 0.377343 
0.0947413 0.401835 
0.466793 0.326044 
0.21862 0.397016 
-0.572111 0.234325 
0.649708 0.0524827 
0.64234 0.0984738 
0.531175 0.278831 
0.650366 0.0292495 
ZONE T="boundary5"
-0.132576 -0.489358 
-0.157799 -0.483891 
-0.605601 -0.13745 
-0.612532 -0.121032 
-0.54262 -0.243517 
-0.633883 -0.051101 
-0.618825 -0.104336 
-0.624605 -0.0868566 
-0.637303 -0.0328733 
-0.629634 -0.0691153 
-0.458885 -0.333618 
-0.472234 -0.321667 
-0.639867 -0.014409 
-0.641528 0.00422235 
-0.331443 -0.4199 
-0.349824 -0.409968 
-0.553807 -0.22803 
-0.384212 -0.389365 
-0.367171 -0.39992 
-0.400335 -0.378709 
-0.182834 -0.477584 
-0.251027 -0.45569 
-0.272449 -0.447286 
-0.206205 -0.470878 
-0.229356 -0.463426 
-0.531291 -0.258227 
-0.590818 -0.1678 
-0.564519 -0.21221 
-0.582662 -0.182618 
-0.430826 -0.356588 
-0.416137 -0.367584 
-0.292748 -0.438591 
-0.497179 -0.29723 
-0.51949 -0.272567 
-0.445188 -0.345172 
0.00706536 -0.504227 
-0.0218759 -0.503263 
-0.105657 -0.494236 
-0.0502728 -0.501239 
-0.0785985 -0.498163 
-0.312772 -0.429279 
0.120996 -0.496726 
0.0646585 -0.502762 
0.0932001 -0.500298 
0.0359982 -0.504064 
0.280464 -0.449963 
0.148564 -0.491981 
0.175553 -0.486105 
0.228667 -0.470655 
0.202206 -0.479027 
0.254684 -0.461013 
0.305776 -0.437538 
0.330302 -0.423876 
0.354286 -0.408828 
0.420331 -0.357473 
0.399465 -0.375404 
0.526857 -0.236859 
0.43986 -0.339117 
0.377398 -0.392606 
0.629013 -0.0728583 
0.636978 -0.0507345 
0.458822 -0.319741 
0.542539 -0.215512 
0.568966 -0.178501 
0.555871 -0.197054 
0.510882 -0.258067 
0.596182 -0.137085 
0.582889 -0.157977 
0.608362 -0.116126 
0.619427 -0.0946352 
0.647551 -0.00535924 
0.643214 -0.0281539 
0.494229 -0.279168 
0.476923 -0.299734 
-0.145209 -0.486729 
-0.609145 -0.129274 
-0.621808 -0.0956265 
-0.6357 -0.0420068 
-0.465604 -0.327692 
-0.640814 -0.00510321 
-0.615762 -0.112715 
-0.340671 -0.415003 
-0.358534 -0.405007 
-0.392312 -0.384095 
-0.170342 -0.480842 
-0.26177 -0.451572 
-0.21781 -0.467245 
-0.537013 -0.250916 
-0.59847 -0.152751 
-0.586799 -0.175241 
-0.423521 -0.362138 
-0.408277 -0.373205 
-0.282632 -0.443015 
-0.50852 -0.285065 
-0.452079 -0.339445 
-0.52545 -0.265446 
-0.573815 -0.197551 
-0.548272 -0.235816 
-0.627217 -0.0780132 
-0.438049 -0.350932 
-0.484891 -0.309637 
-0.375731 -0.394706 
-0.00740903 -0.503884 
-0.119137 -0.491915 
-0.0644491 -0.499832 
0.0789427 -0.501678 
0.0503357 -0.503557 
-0.322142 -0.424658 
0.215486 -0.474999 
0.18892 -0.482719 
0.318126 -0.430867 
0.342391 -0.416509 
0.410001 -0.36656 
0.430193 -0.3484 
0.388536 -0.384141 
0.633197 -0.0618693 
0.449439 -0.329526 
0.534722 -0.2262 
0.562451 -0.187799 
0.549225 -0.206295 
0.518914 -0.247495 
0.589627 -0.147588 
-0.638697 -0.0236562 
0.602391 -0.126674 
0.624398 -0.0838249 
-0.302796 -0.434012 
-0.559224 -0.220161 
-0.631861 -0.0601319 
-0.240221 -0.459642 
-0.194546 -0.474324 
0.57599 -0.16828 
0.614046 -0.105458 
0.0215334 -0.504288 
0.162091 -0.489193 
0.134806 -0.494503 
0.293199 -0.443915 
0.267643 -0.455652 
-0.0921441 -0.496319 
0.485664 -0.289525 
-0.036083 -0.502384 
0.107117 -0.498657 
0.241734 -0.465994 
0.365944 -0.400866 
0.467966 -0.309823 
0.50263 -0.268675 
0.64562 -0.0168028 
0.64032 -0.0395068 
