ZONE T="boundary0"
-4 -0.348565 
-4 -0.136552 
-4 -0.0639563 
-4 -0.254401 
-4 -0.195476 
-4 0.27693 
-4 0.308396 
-4 0.622353 
-4 0.49647 
-4 0.748235 
-4 -0.304176 
-4 -0.279289 
-4 -0.481732 
-4 -0.392954 
-4 0.199466 
-4 0.153468 
-4 0.402433 
-4 0.00863932 
-4 0.0810539 
-4 -0.611299 
-4 1 
-4 -0.740866 
-4 -1 
-4 0.245464 
-4 -0.100254 
-4 0.559411 
-4 -0.291732 
-4 -0.266845 
-4 -0.224939 
-4 -0.166014 
-4 -0.437343 
-4 0.176467 
-4 0.355414 
-4 0.449452 
-4 0.0448466 
-4 -0.0276585 
-4 -0.546515 
-4 0.874118 
-4 0.685294 
-4 -0.870433 
-4 -0.37076 
-4 -0.326371 
-4 0.222465 
-4 0.292663 
-4 0.261197 
-4 0.117261 
-4 -0.676082 
ZONE T="boundary1"
3.69909 1 
4 1 
1.74978 1 
1.88746 1 
0.771764 1 
0.669938 1 
0.563625 1 
-0.657239 1 
-0.0431336 1 
0.0861547 1 
0.0215106 1 
-2.8227 1 
-2.60828 1 
-1.27483 1 
-1.84193 1 
-2.01284 1 
3.39817 1 
2.8831 1 
2.2263 1 
1.31367 1 
1.20034 1 
-3.45306 1 
-3.13788 1 
-3.29547 1 
2.56364 1 
-0.548337 1 
-0.429416 1 
0.340071 1 
0.457313 1 
0.154492 1 
-0.108513 1 
0.222829 1 
-0.310494 1 
-0.242193 1 
-0.369955 1 
0.28145 1 
-0.76614 1 
-0.979558 1 
-0.872849 1 
1.08701 1 
0.980301 1 
1.38828 1 
-4 1 
1.46289 1 
-3.72653 1 
-3.86327 1 
-1.57035 1 
-2.18376 1 
-1.08168 1 
-1.18381 1 
-1.36586 1 
-1.4681 1 
1.6121 1 
1.5375 1 
3.14063 1 
-2.39386 1 
2.72337 1 
2.05688 1 
-0.173892 1 
0.873589 1 
3.84954 1 
1.81862 1 
0.720851 1 
0.0538327 1 
-2.71549 1 
-1.92738 1 
3.54863 1 
1.25701 1 
-3.37427 1 
0.510469 1 
-0.488876 1 
0.120323 1 
-0.0108115 1 
0.18866 1 
-0.276343 1 
-0.399685 1 
0.616782 1 
0.252139 1 
-0.602788 1 
-0.71169 1 
0.398692 1 
-0.926204 1 
1.03366 1 
1.35097 1 
-3.5898 1 
-3.7949 1 
-3.93163 1 
-3.21668 1 
-1.70614 1 
-1.22932 1 
-1.32034 1 
-1.51922 1 
-1.13275 1 
-1.03062 1 
1.50019 1 
3.2694 1 
-2.28881 1 
-2.50107 1 
2.6435 1 
3.01187 1 
2.14159 1 
-2.98029 1 
-2.0983 1 
1.97217 1 
0.31076 1 
-0.0758231 1 
-0.141202 1 
-0.340224 1 
-0.208042 1 
0.926945 1 
0.822677 1 
-0.819495 1 
2.39497 1 
1.14368 1 
1.42558 1 
-1.41698 1 
1.68094 1 
1.5748 1 
2.80323 1 
ZONE T="boundary2"
4 -0.473272 
4 -0.560868 
4 -0.12626 
4 -0.168212 
4 0.234827 
4 0.334518 
4 1 
4 0.152982 
4 0.284672 
4 0.633191 
4 -0.238688 
4 -0.210164 
4 -1 
4 -0.824232 
4 -0.0528456 
4 0.0205686 
4 0.0867754 
4 0.193904 
4 0.394115 
4 0.453712 
4 0.543452 
4 -0.267212 
4 -0.324259 
4 -0.398765 
4 -0.648464 
4 -0.51707 
4 -0.147236 
4 0.816595 
4 -0.224426 
4 -0.912116 
4 -0.0161385 
4 0.119879 
4 0.309595 
4 0.364317 
4 0.423914 
4 0.498582 
4 0.588321 
4 -0.361512 
4 -0.436019 
4 -0.604666 
4 -0.736348 
4 -0.189188 
4 -0.25295 
4 -0.295735 
4 0.25975 
4 0.214366 
4 0.173443 
4 -0.0895527 
4 0.053672 
ZONE T="boundary3"
-3.75648 -1 
-1.34996 -1 
3.51711 -1 
-1.02559 -1 
0.77021 -1 
0.684076 -1 
-0.106348 -1 
0.0510663 -1 
0.841646 -1 
0.280151 -1 
-3.51297 -1 
-0.0380087 -1 
-0.599343 -1 
-0.703684 -1 
-0.916807 -1 
-0.808025 -1 
-1.24984 -1 
-3.32121 -1 
-3.12945 -1 
-2.7442 -1 
-1.95756 -1 
-2.19541 -1 
4 -1 
-1.71971 -1 
3.21164 -1 
2.90616 -1 
0.351534 -1 
-0.400676 -1 
-0.334454 -1 
0.129917 -1 
0.208768 -1 
0.0904917 -1 
0.43167 -1 
0.511807 -1 
-0.174686 -1 
0.984518 -1 
1.05595 -1 
-1.13772 -1 
-0.25457 -1 
-0.466898 -1 
0.913082 -1 
-4 -1 
1.25264 -1 
1.1543 -1 
-1.5849 -1 
-1.45009 -1 
1.36034 -1 
1.46804 -1 
1.59837 -1 
1.7287 -1 
-2.607 -1 
-2.4698 -1 
2.05666 -1 
-2.3326 -1 
1.89268 -1 
2.25558 -1 
2.4545 -1 
2.56741 -1 
2.68033 -1 
2.79325 -1 
0.727143 -1 
-0.651513 -1 
-0.971198 -1 
-1.2999 -1 
-3.22533 -1 
-2.93682 -1 
3.75856 -1 
3.0589 -1 
0.315842 -1 
-0.367565 -1 
0.244459 -1 
0.110204 -1 
0.471739 -1 
0.391602 -1 
0.070779 -1 
0.597941 -1 
0.00652877 -1 
-0.0721781 -1 
-0.862416 -1 
1.02024 -1 
-1.08165 -1 
-0.755855 -1 
-0.533121 -1 
0.877364 -1 
-1.19378 -1 
1.20347 -1 
-3.63472 -1 
-3.41709 -1 
-1.40003 -1 
-1.51749 -1 
-3.87824 -1 
1.41419 -1 
1.5332 -1 
1.66353 -1 
-2.6756 -1 
-2.5384 -1 
-2.264 -1 
-1.65231 -1 
3.36438 -1 
1.81069 -1 
2.15612 -1 
1.97467 -1 
-2.4012 -1 
-2.07648 -1 
-1.83864 -1 
2.35504 -1 
2.62387 -1 
0.169342 -1 
-0.433787 -1 
-0.294512 -1 
-0.214628 -1 
-0.140517 -1 
2.51095 -1 
2.8497 -1 
2.73679 -1 
0.9488 -1 
0.805928 -1 
1.10512 -1 
1.30649 -1 
ZONE T="boundary4"
-0.640652 0.0490663 
-0.639823 0.0687186 
-0.377099 0.374918 
-0.358273 0.379009 
-0.579095 0.242768 
-0.592208 0.22235 
-0.42936 0.358809 
-0.461186 0.344738 
-0.476178 0.336721 
-0.639221 0.00990874 
-0.231665 0.391164 
-0.20817 0.391561 
0.646967 0.0577176 
0.648305 0.0358935 
-0.339272 0.382381 
-0.298716 0.387442 
-0.276961 0.389176 
-0.412443 0.364878 
-0.634963 0.107794 
-0.637929 0.0883416 
-0.630923 0.127011 
-0.625847 0.14582 
0.64565 -0.00754909 
0.638965 0.100641 
0.643862 0.0792104 
-0.614291 0.178266 
-0.620377 0.16247 
0.632422 0.121525 
-0.607455 0.193688 
-0.564641 0.26205 
-0.53065 0.297726 
-0.600158 0.208217 
0.608604 0.172897 
0.600775 0.185893 
0.615565 0.160146 
-0.504607 0.318561 
-0.49075 0.327937 
-0.517981 0.308436 
0.621982 0.147059 
-0.445445 0.352163 
0.627488 0.134425 
-0.395237 0.370181 
-0.319048 0.385235 
-0.255145 0.39037 
-0.0454913 0.390096 
-0.0154021 0.38975 
-0.157315 0.39153 
-0.182727 0.391662 
-0.640441 0.0294353 
0.64785 0.014125 
0.449731 0.323624 
0.471215 0.311951 
0.427699 0.333999 
0.293104 0.372768 
0.377174 0.35283 
0.403216 0.343905 
0.592445 0.198522 
0.491631 0.299182 
0.108043 0.387995 
0.139467 0.387032 
0.0146134 0.389431 
0.0456184 0.389082 
0.202294 0.38359 
0.170897 0.385614 
0.0765863 0.388641 
0.26368 0.377249 
0.233016 0.380867 
0.35083 0.360399 
0.574568 0.222528 
-0.130064 0.391235 
-0.102868 0.390868 
0.513157 0.283595 
0.533608 0.266328 
-0.0741455 0.390468 
0.322378 0.36715 
-0.554027 0.274468 
0.554789 0.245379 
-0.542766 0.286302 
-0.640369 0.0588984 
-0.367707 0.377058 
-0.585832 0.232675 
-0.468733 0.340824 
-0.219918 0.391405 
0.647861 0.0468189 
-0.348789 0.380781 
-0.287845 0.388383 
-0.420938 0.361943 
-0.63901 0.0785434 
-0.633078 0.117431 
-0.628518 0.136452 
0.64163 0.0899748 
-0.617432 0.170405 
-0.623219 0.15418 
0.635895 0.111146 
-0.610968 0.186019 
-0.636581 0.0980885 
-0.603892 0.200996 
0.604758 0.179436 
0.612152 0.166559 
-0.49774 0.32334 
-0.511362 0.313588 
0.618847 0.153639 
-0.437443 0.355582 
0.624806 0.140773 
-0.483522 0.332424 
-0.308891 0.386415 
-0.386194 0.372646 
-0.243407 0.390824 
-0.0304458 0.389918 
-0.17002 0.391619 
-0.524388 0.303167 
-0.195448 0.391647 
-0.640675 0.0392497 
0.646964 0.00326583 
-0.639955 0.0196646 
0.46056 0.317948 
0.648299 0.0250041 
0.438786 0.328964 
-0.596265 0.21533 
0.415526 0.339122 
0.390254 0.34854 
0.481523 0.305726 
0.123756 0.387562 
0.0301175 0.389263 
0.1866 0.384687 
-0.266056 0.389834 
0.217663 0.38233 
0.248361 0.37918 
0.364046 0.356772 
0.596673 0.192248 
-0.40387 0.367624 
0.63003 0.128004 
-0.453363 0.348549 
0.645634 0.0684952 
0.583728 0.21069 
-0.116465 0.391056 
0.502536 0.291585 
0.523546 0.275155 
-0.143688 0.391397 
-0.0885058 0.390666 
0.0611029 0.388879 
0.092315 0.38835 
0.278411 0.37514 
0.307769 0.37011 
0.54441 0.256068 
-0.000393654 0.389589 
0.336642 0.363937 
-0.0598171 0.390277 
0.155185 0.386389 
-0.572048 0.252544 
-0.329173 0.383895 
-0.548478 0.280458 
-0.559414 0.268331 
-0.536786 0.292097 
0.56489 0.234138 
ZONE T="boundary5"
-0.357477 -0.396285 
-0.37489 -0.385463 
-0.423709 -0.351043 
-0.408013 -0.36282 
-0.564713 -0.197044 
-0.553406 -0.214021 
-0.598318 -0.136769 
-0.480054 -0.301897 
-0.629911 -0.0474703 
-0.633913 -0.0285881 
-0.612934 -0.102543 
-0.605963 -0.119795 
-0.625051 -0.0661194 
-0.619382 -0.0844722 
-0.259805 -0.445534 
-0.238509 -0.454032 
-0.280839 -0.436409 
-0.320484 -0.417084 
-0.300804 -0.427038 
-0.639221 0.00990874 
-0.339133 -0.406955 
-0.118621 -0.48939 
-0.144491 -0.483442 
0.629319 -0.0714981 
-0.215937 -0.462265 
-0.193128 -0.46981 
-0.168914 -0.477005 
-0.466806 -0.31456 
-0.637033 -0.00943836 
-0.517094 -0.261777 
-0.529572 -0.246395 
-0.541561 -0.230629 
-0.582106 -0.168126 
-0.391978 -0.374136 
-0.45318 -0.32682 
-0.438625 -0.339149 
0.611474 -0.113022 
0.60103 -0.133325 
-0.504368 -0.276439 
0.64565 -0.00754909 
0.500102 -0.293265 
0.515018 -0.27248 
0.0512797 -0.507177 
0.0213083 -0.506716 
-0.00799664 -0.505141 
-0.092579 -0.494497 
-0.0649732 -0.498965 
0.11036 -0.504528 
0.220172 -0.48544 
0.193938 -0.491868 
0.08122 -0.50644 
0.166773 -0.497227 
0.139338 -0.501395 
0.392241 -0.402922 
0.246015 -0.4778 
0.271672 -0.468817 
0.321779 -0.4467 
0.296856 -0.458509 
0.369592 -0.41887 
0.413614 -0.385968 
0.432755 -0.369026 
0.451214 -0.350933 
0.542483 -0.230688 
0.468243 -0.332552 
0.484638 -0.313176 
0.636272 -0.050448 
0.589687 -0.153664 
0.55547 -0.210078 
0.566742 -0.191946 
0.529288 -0.251213 
0.577839 -0.173754 
0.621009 -0.0923364 
0.345982 -0.433528 
-0.0372451 -0.502482 
0.641769 -0.0290592 
-0.415904 -0.356989 
-0.559129 -0.205579 
-0.632022 -0.0380523 
-0.602222 -0.128319 
-0.609534 -0.111204 
-0.627586 -0.0568221 
-0.622317 -0.0753267 
-0.310681 -0.422134 
-0.290856 -0.431796 
-0.348344 -0.401688 
-0.204561 -0.466123 
-0.156727 -0.480318 
-0.473478 -0.308279 
-0.635588 -0.0190317 
-0.523396 -0.254137 
-0.547548 -0.222371 
-0.573625 -0.182715 
-0.400036 -0.368536 
-0.460039 -0.32074 
-0.431211 -0.345151 
0.606349 -0.123223 
-0.492405 -0.289353 
-0.616254 -0.0935415 
0.507653 -0.282939 
-0.329845 -0.412087 
-0.383476 -0.379863 
0.0362923 -0.507093 
0.00664898 -0.506066 
-0.0787949 -0.496849 
0.207092 -0.488805 
0.0958006 -0.505635 
-0.535626 -0.238558 
0.124866 -0.503118 
0.23314 -0.481775 
-0.270356 -0.44105 
0.309399 -0.452776 
0.258901 -0.473471 
0.381031 -0.41106 
0.403046 -0.394596 
0.442097 -0.360096 
0.423293 -0.377621 
0.476546 -0.322954 
0.632964 -0.0610287 
0.492469 -0.303298 
-0.638247 0.000221959 
0.548993 -0.220392 
0.561121 -0.20102 
0.535919 -0.240971 
0.572316 -0.182864 
0.595432 -0.143535 
0.625311 -0.081976 
-0.366223 -0.390937 
-0.510793 -0.269162 
-0.445949 -0.333039 
-0.181049 -0.473503 
-0.10562 -0.492049 
-0.249188 -0.449861 
-0.13158 -0.486521 
0.616366 -0.102736 
0.522224 -0.261894 
-0.227254 -0.458234 
0.583812 -0.163737 
0.459834 -0.341841 
0.0662542 -0.506961 
0.180386 -0.494701 
0.333973 -0.440285 
-0.0511239 -0.500842 
0.153078 -0.499459 
0.284332 -0.463829 
0.357892 -0.42637 
-0.0226326 -0.503946 
0.643912 -0.0183411 
0.63921 -0.0398023 
-0.590482 -0.152586 
