ZONE T="boundary0"
-4 -0.323419 
-4 -0.118672 
-4 0.444888 
-4 0.616942 
-4 0.530915 
-4 0.0921376 
-4 -0.0132674 
-4 -0.848942 
-4 -1 
-4 -0.176786 
-4 -0.2349 
-4 0.302173 
-4 0.267669 
-4 0.1454 
-4 -0.697884 
-4 1 
-4 0.808471 
-4 -0.279159 
-4 -0.405581 
-4 -0.487743 
-4 0.233165 
-4 0.198662 
-4 0.336677 
-4 0.390782 
-4 -0.592813 
-4 0.487901 
-4 0.0394351 
-4 -0.924471 
-4 -0.147729 
-4 -0.0659698 
-4 0.284921 
-4 0.118769 
-4 0.573928 
-4 0.904235 
-4 -0.773413 
-4 0.712706 
-4 -0.257029 
-4 -0.301289 
-4 -0.205843 
-4 -0.3645 
-4 -0.446662 
-4 0.172031 
-4 0.319425 
-4 0.250417 
-4 0.36373 
-4 0.215913 
-4 0.417835 
-4 -0.540278 
-4 -0.645349 
ZONE T="boundary1"
1.9202 1 
1.73918 1 
-1.41558 1 
2.94478 1 
3.47239 1 
0.632381 1 
-0.339388 1 
-1.01088 1 
1.59709 1 
-2.48313 1 
-0.49505 1 
-1.20382 1 
3.8681 1 
3.73619 1 
1.33715 1 
-2.00383 1 
2.29175 1 
-2.32544 1 
-2.87754 1 
-3.25752 1 
-3.70039 1 
-3.47895 1 
0.441797 1 
0.355853 1 
-0.11245 1 
-0.191377 1 
0.537089 1 
-0.0335231 1 
0.120657 1 
-0.910897 1 
0.195283 1 
0.269909 1 
0.729896 1 
-0.589865 1 
-0.684681 1 
1.0048 1 
1.11205 1 
1.2193 1 
4 1 
-1.29677 1 
-1.53439 1 
-1.11086 1 
-1.83991 1 
-4 1 
-3.8502 1 
1.455 1 
-0.797789 1 
-1.61077 1 
-1.68715 1 
-2.16775 1 
2.10122 1 
2.71353 1 
2.48228 1 
-2.68033 1 
0.0435667 1 
0.916105 1 
0.827411 1 
1.82969 1 
3.20858 1 
1.66813 1 
3.80215 1 
-2.40428 1 
-3.06753 1 
-3.36824 1 
0.398825 1 
-0.151913 1 
0.489443 1 
-0.265383 1 
-0.0729865 1 
0.232596 1 
0.681138 1 
0.584735 1 
-0.417219 1 
0.312881 1 
-0.637273 1 
1.27822 1 
3.93405 1 
3.60429 1 
-1.35618 1 
-1.2503 1 
-1.15734 1 
-3.9251 1 
-3.77529 1 
-3.58967 1 
1.39607 1 
1.52604 1 
1.16567 1 
-1.06087 1 
-0.854343 1 
-1.47499 1 
-1.64896 1 
2.01071 1 
2.82915 1 
-1.92187 1 
-2.58173 1 
2.5979 1 
2.38701 1 
-2.24659 1 
-2.77893 1 
2.19648 1 
0.00502184 1 
0.15797 1 
-0.542458 1 
0.0821116 1 
0.960452 1 
0.871758 1 
0.778654 1 
1.05842 1 
-1.76353 1 
-0.741235 1 
-0.960889 1 
-2.08579 1 
-1.57258 1 
ZONE T="boundary2"
4 -0.522268 
4 -0.424757 
4 -0.25299 
4 -0.31261 
4 -0.368684 
4 -0.19337 
4 0.588371 
4 0.058273 
4 -0.117995 
4 0.26974 
4 0.243176 
4 0.841517 
4 -0.619779 
4 -1 
4 -0.0203762 
4 0.136922 
4 0.296303 
4 0.322867 
4 -0.80989 
4 0.163486 
4 0.190049 
4 0.3855 
4 0.421569 
4 0.683035 
4 0.493708 
4 1 
4 0.34943 
4 0.216613 
4 -0.473513 
4 -0.2828 
4 -0.340647 
4 -0.22318 
4 -0.155682 
4 0.256458 
4 -0.571024 
4 -0.0691855 
4 0.0975977 
4 0.0189484 
4 0.283022 
4 -0.396721 
4 -0.904945 
4 -0.714834 
4 0.176768 
4 0.403535 
4 0.635703 
4 0.54104 
4 0.762276 
4 0.920759 
4 0.457639 
4 0.367465 
4 0.150204 
4 0.203331 
4 0.229895 
4 0.336149 
4 0.309585 
ZONE T="boundary3"
-3.84165 -1 
-3.68331 -1 
0.456257 -1 
-1.41909 -1 
-0.504444 -1 
-0.394276 -1 
-3.38057 -1 
4 -1 
3.60905 -1 
3.21811 -1 
-3.10657 -1 
-2.83258 -1 
2.77741 -1 
2.58121 -1 
1.98626 -1 
2.99776 -1 
3.41358 -1 
-1.87541 -1 
-2.09827 -1 
-4 -1 
-1.16397 -1 
-1.04275 -1 
-2.57686 -1 
-0.284107 -1 
-0.219434 -1 
0.316011 -1 
-0.154762 -1 
-0.0430048 -1 
-0.0988834 -1 
0.0137017 -1 
0.0704082 -1 
0.128606 -1 
0.186804 -1 
0.627399 -1 
0.85375 -1 
-0.645989 -1 
-1.28519 -1 
-0.787533 -1 
-0.915139 -1 
-1.7142 -1 
-1.55299 -1 
0.974412 -1 
1.23178 -1 
1.36848 -1 
1.59281 -1 
2.385 -1 
0.740574 -1 
1.82692 -1 
2.18563 -1 
-2.32114 -1 
1.51803 -1 
0.251408 -1 
1.09507 -1 
1.66759 -1 
-3.24357 -1 
-3.76248 -1 
-0.44936 -1 
3.80453 -1 
-2.96957 -1 
2.67931 -1 
3.10793 -1 
3.51132 -1 
-1.98684 -1 
-3.92083 -1 
-1.10336 -1 
-0.25177 -1 
-0.187098 -1 
-0.0709441 -1 
-0.339191 -1 
0.0420549 -1 
0.157705 -1 
0.0995072 -1 
0.386134 -1 
0.541828 -1 
-0.575217 -1 
-0.851336 -1 
3.31584 -1 
-1.7948 -1 
-1.35214 -1 
-1.22458 -1 
-1.63359 -1 
1.30013 -1 
0.914081 -1 
2.48311 -1 
0.683986 -1 
1.90659 -1 
2.08595 -1 
2.28532 -1 
-2.70472 -1 
-2.449 -1 
-2.20971 -1 
-1.48604 -1 
2.88759 -1 
1.44325 -1 
-0.126823 -1 
-0.0146516 -1 
0.219106 -1 
-0.716761 -1 
0.283709 -1 
-0.978942 -1 
0.797162 -1 
1.03474 -1 
1.6302 -1 
1.55542 -1 
1.74726 -1 
1.16343 -1 
-3.53194 -1 
-3.31207 -1 
-3.17507 -1 
ZONE T="boundary4"
-0.0873379 0.41257 
-0.310006 0.343849 
0.101574 0.441709 
0.130347 0.44322 
0.566648 0.273317 
0.575334 0.260529 
0.642286 0.0833411 
0.643492 0.0693355 
0.643819 0.0414376 
-0.528922 0.210239 
-0.46414 0.264258 
-0.484016 0.249597 
0.557403 0.285726 
0.547772 0.297518 
-0.622223 0.0534617 
-0.615295 0.0763179 
-0.630779 0.00694093 
-0.596158 0.120581 
-0.606597 0.098732 
-0.570386 0.16205 
-0.58406 0.141713 
-0.557926 0.178273 
-0.544662 0.19374 
-0.63247 -0.0165061 
-0.443611 0.277946 
-0.512394 0.225873 
-0.498422 0.237997 
-0.422516 0.290695 
-0.400848 0.302636 
0.476263 0.361117 
-0.378694 0.313844 
-0.356241 0.32435 
-0.262446 0.361599 
-0.238111 0.369956 
0.489432 0.351779 
-0.333219 0.334379 
-0.21366 0.377915 
-0.163889 0.392852 
-0.188829 0.385575 
-0.286293 0.352952 
-0.0350134 0.423637 
-0.00848869 0.428431 
0.0185582 0.432717 
-0.0614036 0.418313 
-0.138577 0.399814 
0.616549 0.180708 
0.626734 0.153051 
0.641301 0.01392 
0.642916 0.0276091 
0.64041 0.0973517 
0.590992 0.2343 
0.583399 0.247556 
0.50228 0.341804 
0.433854 0.386176 
0.403859 0.400152 
0.526399 0.320338 
0.537612 0.308885 
0.462713 0.369895 
0.514666 0.331271 
0.597913 0.221284 
0.0735989 0.439419 
0.159202 0.443821 
0.188984 0.443416 
0.249288 0.439087 
0.218774 0.441896 
0.342085 0.421449 
0.310849 0.429077 
-0.11315 0.406372 
0.373156 0.411868 
0.604456 0.208071 
0.637886 0.111355 
0.634745 0.12531 
0.279804 0.434898 
0.0457436 0.436377 
-0.627378 0.0302908 
0.115953 0.442574 
0.571059 0.266969 
0.642973 0.0763447 
0.552653 0.291675 
0.562095 0.279573 
-0.618976 0.0649539 
-0.611159 0.0876059 
-0.577403 0.152001 
-0.551395 0.186092 
-0.56427 0.170248 
-0.590304 0.131256 
-0.536903 0.202095 
-0.474166 0.257048 
-0.491272 0.243862 
0.644007 0.0553871 
-0.411737 0.296768 
-0.453954 0.271221 
-0.367504 0.319178 
-0.389816 0.308332 
-0.250295 0.365828 
-0.344761 0.329438 
-0.176373 0.389261 
-0.298171 0.348459 
-0.201259 0.381793 
-0.0217654 0.426103 
0.00502073 0.43065 
-0.0743852 0.4155 
-0.151247 0.396382 
-0.505465 0.232 
-0.321637 0.339178 
-0.631835 -0.0047687 
0.621874 0.166964 
-0.225901 0.373983 
-0.274388 0.357329 
0.642199 0.0207529 
0.587251 0.240961 
0.532072 0.314676 
0.469533 0.365576 
0.508533 0.336608 
0.495911 0.346863 
0.520595 0.325872 
0.144771 0.443638 
0.174093 0.443753 
0.234044 0.440655 
-0.43313 0.284433 
0.0875761 0.440661 
0.32652 0.425485 
-0.125878 0.403144 
0.388607 0.406273 
0.542755 0.303258 
0.482897 0.356518 
0.610707 0.19448 
0.639226 0.104367 
0.641429 0.0903566 
0.631005 0.139256 
0.636389 0.118348 
0.643457 0.0345165 
-0.048223 0.421039 
0.264569 0.43717 
0.295363 0.432187 
-0.100259 0.409526 
0.0596593 0.437989 
0.0321379 0.434629 
0.357695 0.416901 
-0.629294 0.0186457 
-0.625018 0.0419233 
-0.520754 0.218157 
-0.601583 0.109754 
0.579429 0.254079 
0.601231 0.214702 
0.594501 0.227816 
0.203885 0.442801 
0.418987 0.393444 
0.448447 0.378326 
ZONE T="boundary5"
-0.556234 -0.262135 
-0.545245 -0.278338 
-0.623189 -0.109843 
-0.627809 -0.0866536 
0.638976 0.000391476 
-0.600799 -0.178469 
0.627776 -0.0392086 
0.61694 -0.0645157 
0.603588 -0.088855 
-0.579222 -0.223378 
-0.590642 -0.201005 
-0.617124 -0.132867 
-0.609643 -0.155754 
-0.50374 -0.329831 
-0.487823 -0.346555 
-0.203366 -0.505775 
-0.23196 -0.498118 
-0.315753 -0.466627 
-0.288242 -0.478532 
-0.260206 -0.48906 
-0.0604163 -0.522476 
-0.0888003 -0.521982 
-0.14603 -0.516735 
-0.174785 -0.51196 
-0.117427 -0.520064 
-0.0041649 -0.519213 
-0.518927 -0.312478 
-0.566604 -0.245538 
-0.532446 -0.29567 
-0.632501 -0.0399496 
-0.630928 -0.0633628 
-0.368917 -0.438771 
-0.436561 -0.392386 
-0.416992 -0.407246 
-0.393347 -0.423579 
-0.471946 -0.361952 
-0.342684 -0.453357 
0.550245 -0.156748 
0.63593 -0.0130338 
-0.63247 -0.0165061 
-0.0321448 -0.521553 
-0.455483 -0.376728 
0.0235398 -0.515451 
0.0509169 -0.510265 
0.0778775 -0.503667 
0.181314 -0.463314 
0.205947 -0.44989 
0.130555 -0.486236 
0.104483 -0.495639 
0.15622 -0.475429 
0.230125 -0.435221 
0.25394 -0.41934 
0.277411 -0.402357 
0.346669 -0.345803 
0.323674 -0.365477 
0.300757 -0.384259 
0.369363 -0.325769 
0.392368 -0.305005 
0.438047 -0.262869 
0.506631 -0.199305 
0.483789 -0.22041 
0.415149 -0.284113 
0.460795 -0.241682 
0.52879 -0.178322 
0.641301 0.01392 
0.569803 -0.135093 
0.587874 -0.112275 
-0.550817 -0.270289 
-0.62568 -0.0982849 
0.610547 -0.076846 
-0.585063 -0.212258 
-0.620328 -0.121401 
-0.613546 -0.144364 
-0.495868 -0.338275 
-0.217708 -0.502121 
-0.30207 -0.472749 
-0.246136 -0.493761 
-0.0746099 -0.522405 
-0.160435 -0.514522 
-0.131747 -0.518574 
-0.511425 -0.321234 
-0.573039 -0.23453 
-0.525772 -0.304142 
-0.538936 -0.287071 
-0.631912 -0.0516702 
-0.426854 -0.399918 
-0.595863 -0.189801 
-0.405268 -0.415555 
-0.381223 -0.431322 
-0.479959 -0.35433 
-0.3293 -0.460159 
-0.189111 -0.50904 
0.637542 -0.00634248 
-0.046274 -0.522193 
-0.463785 -0.369419 
0.632193 -0.026232 
-0.0181397 -0.520562 
0.00971136 -0.517512 
0.064439 -0.507145 
0.193706 -0.456753 
0.117577 -0.491111 
-0.605374 -0.167171 
0.143453 -0.481001 
0.218114 -0.442694 
0.242108 -0.427405 
0.335216 -0.355692 
0.265748 -0.410956 
0.380892 -0.31541 
-0.446104 -0.384657 
0.495227 -0.209865 
0.426615 -0.2735 
0.472287 -0.231028 
0.35805 -0.335821 
0.517768 -0.188868 
0.539626 -0.16764 
0.640228 0.00713932 
-0.561495 -0.253884 
0.560176 -0.146059 
-0.629557 -0.0750342 
0.595976 -0.100734 
0.0912306 -0.499831 
-0.355891 -0.446228 
-0.103124 -0.5212 
0.0372609 -0.513038 
0.168838 -0.469532 
0.28915 -0.393398 
0.40378 -0.294574 
0.449423 -0.252267 
0.579044 -0.123851 
0.31227 -0.374938 
-0.632689 -0.0282287 
0.622674 -0.0520027 
-0.274287 -0.483969 
