ZONE T="boundary0"
-4 -0.844696 
-4 -0.353426 
-4 0.362621 
-4 0.609857 
-4 0.47981 
-4 -0.590261 
-4 -0.103663 
-4 0.108433 
-4 0.00238516 
-4 -1 
-4 1 
-4 0.739905 
-4 -0.29854 
-4 -0.243655 
-4 -0.173659 
-4 0.421216 
-4 0.237585 
-4 0.300103 
-4 -0.689392 
-4 -0.491129 
-4 0.173009 
-4 -0.422278 
-4 0.544834 
-4 0.0554091 
-4 -0.922348 
-4 0.869952 
-4 -0.271098 
-4 -0.208657 
-4 -0.138661 
-4 -0.0506388 
-4 0.674881 
-4 -0.540695 
-4 -0.767044 
-4 -0.639826 
-4 0.450513 
-4 0.391919 
-4 0.205297 
-4 0.140721 
-4 0.268844 
-4 0.331362 
-4 -0.325983 
-4 -0.387852 
-4 -0.456704 
ZONE T="boundary1"
0.534569 1 
0.421543 1 
-0.199101 1 
-0.242997 1 
1.07943 1 
0.973819 1 
0.86821 1 
0.757902 1 
0.647595 1 
1.54788 1 
1.73504 1 
1.42839 1 
0.0718408 1 
0.145147 1 
-0.599862 1 
-0.727026 1 
-0.950321 1 
-1.04645 1 
-1.14037 1 
3.01012 1 
-1.44492 1 
-1.99822 1 
-4 1 
-3.08536 1 
-3.28422 1 
3.54542 1 
3.33907 1 
3.17459 1 
2.4202 1 
2.56768 1 
2.71516 1 
-2.68635 1 
-2.8865 1 
2.17119 1 
1.92219 1 
-2.48621 1 
-2.24221 1 
-3.64211 1 
-3.46317 1 
-0.155205 1 
-0.310894 1 
0.318838 1 
0.275415 1 
-0.00146506 1 
0.231992 1 
-0.0783351 1 
-0.434059 1 
-1.56575 1 
-0.489327 1 
-0.85419 1 
-1.23429 1 
-1.3396 1 
-1.68658 1 
1.19416 1 
1.30889 1 
4 1 
3.75177 1 
-3.82106 1 
-2.12021 1 
2.2957 1 
-1.8424 1 
-0.378792 1 
0.478056 1 
-0.221049 1 
1.02662 1 
0.813056 1 
0.591082 1 
1.64146 1 
0.108494 1 
-0.663444 1 
-1.09341 1 
0.702749 1 
-3.18479 1 
3.44224 1 
3.09236 1 
2.49394 1 
2.86264 1 
-2.78643 1 
2.04669 1 
-2.36421 1 
-3.55264 1 
-0.177153 1 
0.37019 1 
0.253704 1 
-0.0399001 1 
-0.544594 1 
-0.790608 1 
0.921014 1 
-0.998386 1 
-1.18733 1 
-1.39226 1 
-1.28694 1 
-1.50533 1 
-0.902255 1 
-1.62616 1 
1.25152 1 
1.13679 1 
1.82861 1 
1.48813 1 
1.36864 1 
3.87589 1 
-3.73158 1 
-3.91053 1 
-2.05921 1 
-2.18121 1 
-2.58628 1 
2.35795 1 
-2.98593 1 
-1.76449 1 
-1.92031 1 
-3.3737 1 
3.25683 1 
2.64142 1 
-0.461693 1 
-0.406425 1 
-0.344843 1 
0.188569 1 
0.0351879 1 
-0.11677 1 
-0.276946 1 
0.297126 1 
3.6486 1 
2.23344 1 
ZONE T="boundary2"
4 -1 
4 -0.824903 
4 -0.546739 
4 -0.35427 
4 -0.398971 
4 -0.0713909 
4 -0.113203 
4 0.220353 
4 0.179001 
4 0.249604 
4 0.278856 
4 0.0331296 
4 0.456162 
4 -0.649806 
4 0.337358 
4 0.13765 
4 -0.155015 
4 -0.2371 
4 -0.309366 
4 -0.264461 
4 -0.443672 
4 0.39676 
4 0.554422 
4 0.652683 
4 0.826341 
4 1 
4 0.739512 
4 -0.209738 
4 -0.912451 
4 -0.376621 
4 -0.092297 
4 0.199677 
4 0.26423 
4 -0.737354 
4 0.308107 
4 0.0853898 
4 -0.134109 
4 0.158326 
4 -0.286914 
4 -0.331818 
4 -0.421322 
4 -0.598272 
4 -0.495205 
4 0.426461 
4 -0.0191307 
4 0.505292 
4 0.603553 
4 0.913171 
4 0.782927 
4 0.696098 
4 -0.223419 
4 -0.250781 
4 -0.182377 
4 0.367059 
4 0.234979 
ZONE T="boundary3"
-1.73603 -1 
-1.83483 -1 
-2.13121 -1 
4 -1 
-0.711918 -1 
1.61412 -1 
-0.211039 -1 
-0.144717 -1 
1.45981 -1 
1.3055 -1 
-1.07764 -1 
-4 -1 
1.93646 -1 
1.77529 -1 
-3.75502 -1 
3.31419 -1 
3.08697 -1 
-0.977855 -1 
-3.51004 -1 
-3.27333 -1 
-3.03662 -1 
-2.80865 -1 
2.08076 -1 
0.51656 -1 
0.443056 -1 
-0.543957 -1 
-0.454243 -1 
-0.87807 -1 
-0.627937 -1 
0.0560936 -1 
0.106057 -1 
0.15602 -1 
0.205983 -1 
0.255947 -1 
0.369553 -1 
0.895359 -1 
0.800312 -1 
0.705265 -1 
0.610913 -1 
-0.364529 -1 
-0.287784 -1 
-0.0783953 -1 
-0.0111508 -1 
-0.794994 -1 
-1.19352 -1 
0.996228 -1 
1.0971 -1 
3.77071 -1 
1.2013 -1 
-2.58068 -1 
-2.35594 -1 
3.54142 -1 
-1.44669 -1 
-1.30941 -1 
-1.51534 -1 
-1.66001 -1 
-1.93362 -1 
2.22506 -1 
2.51366 -1 
2.36936 -1 
2.80031 -1 
2.65699 -1 
-1.58398 -1 
-1.78543 -1 
-0.177878 -1 
1.38265 -1 
1.85588 -1 
3.20058 -1 
-3.15498 -1 
-2.92264 -1 
0.479808 -1 
-0.4991 -1 
-0.927962 -1 
-0.585947 -1 
0.131039 -1 
0.181002 -1 
0.230965 -1 
0.31275 -1 
0.847835 -1 
0.658089 -1 
-0.669928 -1 
-0.249411 -1 
-0.111556 -1 
-0.753456 -1 
-0.836532 -1 
-1.13558 -1 
1.04666 -1 
1.6947 -1 
1.53696 -1 
1.1492 -1 
-3.87751 -1 
-2.46831 -1 
3.88535 -1 
3.65606 -1 
-2.24358 -1 
-1.37805 -1 
-1.25147 -1 
-1.88422 -1 
-3.39169 -1 
2.44151 -1 
2.29721 -1 
2.72865 -1 
2.94364 -1 
3.4278 -1 
2.58533 -1 
-2.69466 -1 
-3.63253 -1 
2.15291 -1 
2.00861 -1 
-0.409386 -1 
0.406304 -1 
0.0224714 -1 
0.0810753 -1 
-0.326156 -1 
-0.0447731 -1 
-1.02775 -1 
0.563736 -1 
1.2534 -1 
0.945793 -1 
-1.54966 -1 
-1.48102 -1 
-1.69802 -1 
-1.62199 -1 
-2.03242 -1 
0.752789 -1 
ZONE T="boundary4"
0.651778 -0.00959432 
-0.609903 0.178027 
-0.616317 0.163652 
-0.642742 0.0430724 
-0.642956 0.0246362 
0.580486 0.218904 
0.594612 0.199702 
-0.406182 0.360582 
-0.388244 0.366876 
-0.35136 0.37751 
-0.200492 0.399425 
-0.175849 0.400975 
-0.639435 0.0798729 
-0.641573 0.0615002 
-0.636334 0.0980505 
-0.632277 0.115982 
-0.642239 0.00627807 
0.565493 0.237181 
-0.541038 0.276057 
-0.622064 0.148998 
-0.62758 0.132651 
-0.585404 0.221461 
-0.574406 0.237207 
-0.562625 0.252294 
-0.149173 0.402286 
-0.552113 0.264436 
-0.22512 0.397476 
0.552451 0.251581 
0.538797 0.265285 
-0.530002 0.286597 
-0.506426 0.306225 
0.640113 0.110635 
0.631461 0.133634 
-0.443 0.344883 
-0.424789 0.353153 
-0.461519 0.335325 
-0.36991 0.372522 
-0.247644 0.395271 
-0.312327 0.38597 
-0.29127 0.38956 
-0.270112 0.392594 
-0.595821 0.204698 
0.0215336 0.404977 
0.607069 0.180678 
0.411387 0.347109 
0.384442 0.357601 
0.298832 0.381536 
0.357048 0.366669 
0.328077 0.374746 
0.529358 0.273996 
0.48586 0.307493 
0.508206 0.29152 
-0.331918 0.382043 
-0.480384 0.324228 
0.461962 0.322217 
0.0823725 0.403876 
0.113117 0.402749 
0.0515877 0.404598 
0.144395 0.401099 
0.237929 0.392048 
0.20682 0.395867 
0.26846 0.387333 
-0.493606 0.315514 
0.625068 0.147801 
0.618054 0.161601 
0.653858 0.0145512 
0.651363 0.063085 
-0.122511 0.403286 
-0.0946503 0.404061 
-0.0668235 0.404604 
-0.00856063 0.405081 
-0.0376731 0.404951 
0.437197 0.335351 
0.175633 0.398843 
0.646827 0.0869294 
0.653732 0.0388033 
-0.613193 0.170875 
-0.642967 0.0338561 
0.587677 0.209398 
-0.397245 0.363818 
-0.188172 0.400245 
-0.640625 0.0707011 
-0.634425 0.107044 
-0.624925 0.14086 
-0.630034 0.124347 
-0.568618 0.244829 
-0.162512 0.401673 
-0.557441 0.258427 
-0.212809 0.398505 
0.545709 0.258518 
-0.518436 0.296676 
-0.535581 0.28139 
0.63602 0.122221 
-0.433944 0.349126 
-0.642713 0.015453 
-0.642277 0.0522943 
-0.360657 0.375096 
-0.415528 0.356972 
-0.236387 0.396428 
-0.301812 0.387839 
-0.280701 0.391143 
-0.546646 0.270313 
-0.258885 0.393996 
0.600972 0.190276 
-0.580009 0.229406 
0.397984 0.352538 
0.3708 0.362304 
0.342608 0.370875 
0.534114 0.269681 
0.518941 0.28295 
-0.322137 0.384079 
0.0977468 0.403368 
0.0365619 0.404824 
0.128759 0.401994 
0.222387 0.394071 
0.283672 0.384578 
-0.487044 0.319941 
0.573109 0.228141 
0.62835 0.140756 
0.621639 0.154741 
-0.638005 0.0889827 
0.65309 0.00245385 
0.612702 0.171221 
-0.135842 0.402821 
-0.10858 0.403705 
-0.0807363 0.404359 
-0.023116 0.405044 
0.424376 0.341418 
0.0669815 0.404283 
0.253213 0.389817 
0.474034 0.315055 
0.191235 0.397452 
0.0064875 0.405061 
0.313489 0.378292 
0.449681 0.328977 
-0.0522472 0.404805 
0.160019 0.400054 
0.559055 0.244456 
-0.452323 0.340226 
-0.471033 0.329913 
-0.379104 0.369784 
-0.619274 0.15636 
-0.341658 0.379856 
0.643727 0.0988541 
-0.590727 0.213151 
-0.603148 0.191514 
0.652827 0.0509702 
0.654074 0.0266777 
0.497172 0.299702 
0.649361 0.0750568 
-0.500067 0.310942 
ZONE T="boundary5"
-0.128327 -0.479852 
-0.153588 -0.474628 
-0.600628 -0.146533 
-0.614199 -0.11579 
0.651778 -0.00959432 
-0.576538 -0.190311 
-0.491538 -0.297597 
-0.466742 -0.320659 
-0.638137 -0.02996 
-0.640622 -0.011929 
-0.620275 -0.0995795 
-0.634828 -0.047743 
-0.63072 -0.0653033 
-0.62586 -0.082577 
-0.58527 -0.175595 
-0.247067 -0.447598 
-0.268522 -0.439542 
-0.326983 -0.413592 
-0.308411 -0.422506 
-0.101637 -0.484465 
0.480786 -0.30523 
-0.225382 -0.455005 
-0.202131 -0.462162 
-0.178674 -0.468594 
0.00913266 -0.493964 
-0.51415 -0.273897 
-0.439643 -0.343048 
-0.42523 -0.35394 
-0.345288 -0.404145 
-0.362374 -0.394696 
-0.536353 -0.247564 
-0.5574 -0.21936 
-0.379185 -0.384766 
-0.288592 -0.431317 
0.408359 -0.371065 
-0.410511 -0.364417 
-0.394992 -0.374813 
-0.642239 0.00627807 
0.507991 -0.274374 
0.524838 -0.253371 
-0.0191413 -0.493008 
0.0374066 -0.4939 
-0.0748189 -0.488183 
-0.047014 -0.491079 
0.0656613 -0.492794 
0.231954 -0.46278 
0.204742 -0.47075 
0.121838 -0.487368 
0.0938367 -0.490624 
0.149672 -0.482996 
0.258768 -0.453561 
0.285243 -0.443021 
0.336543 -0.418054 
0.451274 -0.334677 
0.466272 -0.320204 
0.494623 -0.290009 
0.385264 -0.387907 
0.430148 -0.353472 
0.641258 -0.0572327 
0.647554 -0.0335203 
0.541104 -0.231934 
0.55628 -0.2112 
0.5711 -0.190272 
0.585333 -0.169248 
0.598913 -0.147836 
0.633077 -0.0804671 
0.623144 -0.103325 
0.611623 -0.125867 
0.361307 -0.403589 
0.17735 -0.477463 
0.311131 -0.431215 
-0.140978 -0.477341 
-0.607697 -0.131286 
-0.479311 -0.309311 
-0.639487 -0.020959 
-0.636586 -0.0388704 
-0.628385 -0.0739665 
-0.623158 -0.0911078 
-0.580964 -0.182989 
-0.257825 -0.443651 
-0.317729 -0.418115 
-0.115001 -0.48227 
-0.213784 -0.458674 
-0.166156 -0.471712 
-0.503022 -0.285916 
-0.432476 -0.348546 
-0.353865 -0.399481 
-0.525455 -0.260902 
-0.547079 -0.233613 
-0.370815 -0.389791 
-0.417908 -0.359231 
-0.387123 -0.379845 
-0.617318 -0.107715 
-0.641542 -0.00283495 
-0.453356 -0.332051 
-0.632873 -0.0565461 
-0.278587 -0.435503 
0.5165 -0.26394 
-0.00500794 -0.493612 
-0.0609285 -0.489752 
0.0515397 -0.493479 
-0.236252 -0.451382 
0.218393 -0.46692 
0.107854 -0.489134 
0.135778 -0.485324 
-0.33617 -0.408935 
0.245415 -0.458328 
0.272068 -0.448452 
0.458834 -0.327504 
0.487764 -0.297673 
0.396917 -0.379632 
0.440822 -0.344199 
0.64465 -0.0454421 
0.501365 -0.282241 
0.548731 -0.221593 
0.563737 -0.200767 
-0.298534 -0.426985 
0.533029 -0.242694 
0.592217 -0.158601 
-0.402789 -0.36967 
0.628302 -0.0919796 
0.637386 -0.0689274 
0.473591 -0.312777 
-0.190427 -0.465468 
0.605396 -0.136925 
0.578283 -0.179803 
-0.593192 -0.161192 
0.649926 -0.0216041 
0.373384 -0.395901 
0.617546 -0.114679 
0.0232705 -0.494061 
0.191083 -0.474256 
-0.0882431 -0.486436 
0.323919 -0.424795 
-0.0330855 -0.492165 
0.0797599 -0.491844 
0.298259 -0.437278 
0.349016 -0.41098 
0.163541 -0.480376 
-0.56719 -0.204981 
0.419359 -0.362401 
