ZONE T="boundary0"
-4 -0.556832 
-4 -0.439731 
-4 -0.369202 
-4 -0.298674 
-4 -0.248896 
-4 -0.156239 
-4 -0.202568 
-4 -0.0884346 
-4 0.65328 
-4 0.104075 
-4 -0.0376106 
-4 -0.673934 
-4 0.425257 
-4 1 
-4 0.82664 
-4 0.0132134 
-4 0.255639 
-4 0.316341 
-4 0.539269 
-4 0.149506 
-4 -1 
-4 0.225288 
-4 0.194937 
-4 0.28599 
-4 -0.404466 
-4 -0.225732 
-4 -0.0630226 
-4 -0.179403 
-4 -0.122337 
-4 0.91332 
-4 -0.0121986 
-4 -0.615383 
-4 -0.333938 
-4 -0.273785 
-4 -0.498281 
-4 0.370799 
-4 0.482263 
-4 0.0586443 
-4 0.596274 
-4 0.73996 
-4 -0.836967 
-4 0.126791 
-4 0.301165 
-4 0.270814 
-4 0.210113 
-4 0.172222 
-4 0.240463 
ZONE T="boundary1"
-2.6154 1 
-1.57386 1 
0.235773 1 
0.434224 1 
0.38592 1 
-0.0797739 1 
-0.151682 1 
0.178947 1 
-4 1 
-0.626248 1 
-3.43079 1 
1.42491 1 
3.875 1 
2.66465 1 
2.82551 1 
2.50379 1 
2.34293 1 
3.23978 1 
3.49319 1 
2.98637 1 
1.90965 1 
-2.40959 1 
-2.84263 1 
1.66506 1 
-2.72902 1 
-3.62684 1 
-3.23473 1 
-3.03868 1 
0.310847 1 
-0.283447 1 
-0.539611 1 
-0.195603 1 
-0.239525 1 
-0.712885 1 
-0.380429 1 
-0.327368 1 
-0.890745 1 
-0.801815 1 
0.579135 1 
0.744928 1 
0.662032 1 
0.0571277 1 
-0.00786625 1 
0.122122 1 
-0.43349 1 
1.06003 1 
0.981833 1 
0.903639 1 
0.824284 1 
-1.12068 1 
-1.00571 1 
-1.32149 1 
-1.22109 1 
3.74659 1 
4 1 
-1.79663 1 
-2.20378 1 
-3.81342 1 
1.13822 1 
1.32066 1 
1.21641 1 
2.12629 1 
-2.00021 1 
0.482528 1 
0.410072 1 
-0.115728 1 
2.74508 1 
2.42336 1 
3.11308 1 
2.90594 1 
-2.5125 1 
-2.78582 1 
-3.13671 1 
-0.217564 1 
-0.669566 1 
-0.353899 1 
-0.58293 1 
-0.84628 1 
0.27331 1 
0.70348 1 
0.0246307 1 
0.20736 1 
-0.486551 1 
0.942736 1 
0.863961 1 
-0.948229 1 
-1.27129 1 
3.8108 1 
3.61989 1 
-0.75735 1 
3.9375 1 
-1.68524 1 
-1.44768 1 
3.36648 1 
-2.30669 1 
1.09912 1 
1.26854 1 
-1.17089 1 
2.23461 1 
-3.72013 1 
1.37278 1 
1.54498 1 
2.58422 1 
2.01797 1 
-2.10199 1 
-2.94066 1 
-2.67221 1 
-3.90671 1 
1.78735 1 
-0.0438201 1 
0.150535 1 
-0.305408 1 
-0.173642 1 
-0.261486 1 
-0.406959 1 
0.0896246 1 
0.530831 1 
0.620583 1 
0.348383 1 
0.458376 1 
0.784606 1 
-1.89842 1 
1.02093 1 
-1.0632 1 
1.17732 1 
-3.52881 1 
-3.33276 1 
ZONE T="boundary2"
4 -0.341869 
4 -0.282466 
4 -1 
4 -0.81929 
4 0.487391 
4 0.615543 
4 -0.182059 
4 -0.125979 
4 -0.23814 
4 -0.401272 
4 -0.519926 
4 -0.63858 
4 0.0429827 
4 0.297132 
4 0.408211 
4 0.743695 
4 0.122209 
4 0.201435 
4 0.871848 
4 1 
4 -0.0414979 
4 0.233334 
4 0.265233 
4 0.329031 
4 -0.312167 
4 -0.909645 
4 0.551467 
4 -0.154019 
4 -0.260303 
4 -0.460599 
4 -0.579253 
4 0.447801 
4 0.679619 
4 0.807771 
4 -0.728935 
4 0.935924 
4 0.161822 
4 -0.37157 
4 0.0825959 
4 0.00074241 
4 -0.0837382 
4 -0.210099 
4 0.313081 
4 0.281182 
4 0.368621 
4 0.249284 
4 0.217385 
ZONE T="boundary3"
-1.27402 -1 
-1.36198 -1 
4 -1 
-0.491749 -1 
-0.388792 -1 
1.01567 -1 
0.165463 -1 
-1.44994 -1 
1.46155 -1 
1.83648 -1 
3.11124 -1 
-1.70318 -1 
-1.62587 -1 
3.67162 -1 
3.50743 -1 
1.64126 -1 
2.03169 -1 
3.34324 -1 
-2.86929 -1 
-1.93513 -1 
-2.12167 -1 
2.4383 -1 
2.65877 -1 
-1.53791 -1 
-2.3082 -1 
-3.14485 -1 
0.072496 -1 
0.272116 -1 
-0.0697032 -1 
-0.0204708 -1 
0.393364 -1 
0.589108 -1 
0.491236 -1 
0.693382 -1 
0.797656 -1 
0.906662 -1 
-0.303096 -1 
-0.2174 -1 
-0.818435 -1 
-0.706571 -1 
-0.932781 -1 
-4 -1 
-0.594707 -1 
-3.7102 -1 
-1.04713 -1 
-1.16057 -1 
-1.7805 -1 
1.23589 -1 
1.12578 -1 
1.34872 -1 
-3.4204 -1 
-2.58875 -1 
2.87925 -1 
-0.118936 -1 
-1.318 -1 
-0.440271 -1 
-1.66453 -1 
3.58952 -1 
-2.0284 -1 
2.235 -1 
2.54854 -1 
-1.49392 -1 
-2.21494 -1 
-3.00707 -1 
0.218789 -1 
-0.045087 -1 
0.118979 -1 
0.33274 -1 
0.4423 -1 
0.540172 -1 
0.641245 -1 
0.745519 -1 
-0.260248 -1 
0.961165 -1 
0.852159 -1 
-0.345944 -1 
-0.762503 -1 
-0.875608 -1 
-0.650639 -1 
3.83581 -1 
-3.8551 -1 
3.42533 -1 
1.18083 -1 
1.40514 -1 
1.5514 -1 
1.2923 -1 
1.73887 -1 
1.93409 -1 
-3.5653 -1 
-2.44848 -1 
2.99525 -1 
2.76901 -1 
3.22724 -1 
-1.85782 -1 
-2.72902 -1 
-0.543228 -1 
-0.0943194 -1 
-0.168168 -1 
0.0260126 -1 
-0.989955 -1 
-1.10385 -1 
1.07072 -1 
-1.40596 -1 
-1.74184 -1 
-1.58189 -1 
-1.2173 -1 
-3.28262 -1 
ZONE T="boundary4"
-0.148661 0.454915 
-0.122092 0.457098 
-0.222545 0.44414 
-0.198914 0.44838 
-0.173842 0.452048 
-0.644857 0.00429675 
0.657963 0.0290354 
0.660406 0.00343936 
-0.644626 0.0219906 
0.575947 0.197246 
0.589576 0.180184 
-0.643494 0.0397649 
-0.573551 0.227864 
-0.599554 0.184705 
0.56176 0.213718 
0.547044 0.229722 
-0.330891 0.413538 
-0.638532 0.0752492 
-0.634733 0.0927926 
-0.624966 0.126232 
-0.630094 0.11011 
-0.582833 0.213632 
-0.619441 0.141337 
-0.613306 0.156202 
-0.26809 0.433653 
-0.246021 0.439131 
0.614348 0.144447 
-0.553763 0.25501 
-0.50993 0.303248 
-0.53258 0.280084 
-0.469017 0.338009 
-0.453729 0.349156 
-0.438038 0.359729 
-0.483716 0.326413 
-0.404742 0.379603 
-0.387063 0.3889 
-0.369066 0.397566 
-0.350117 0.405883 
0.635982 0.103841 
-0.289962 0.427441 
-0.0954623 0.458457 
-0.039677 0.458759 
-0.0107093 0.457618 
-0.310546 0.420838 
-0.421571 0.369967 
-0.641461 0.0575316 
0.428842 0.326754 
0.40237 0.342555 
0.375274 0.357172 
0.318367 0.383575 
0.347084 0.370922 
0.532145 0.244959 
0.478686 0.291986 
0.516756 0.259709 
0.498083 0.276259 
0.454409 0.309834 
0.0480041 0.452693 
0.0182218 0.455624 
0.107993 0.44411 
0.138145 0.438434 
0.0776941 0.448892 
0.28897 0.395259 
0.660351 -0.0221822 
0.645686 0.0793273 
0.602454 0.162553 
0.622679 0.130298 
0.630347 0.115776 
0.660688 -0.00937449 
0.655789 0.0418421 
0.653007 0.0544964 
-0.0675757 0.459028 
0.168619 0.43175 
0.198879 0.42414 
0.229174 0.415509 
0.259174 0.405908 
-0.135385 0.456111 
-0.210747 0.446355 
-0.161263 0.45358 
0.659496 0.0162682 
-0.644853 0.0131453 
0.582846 0.188784 
-0.644172 0.0308851 
0.554464 0.221777 
-0.636739 0.0840443 
-0.627619 0.1182 
-0.632517 0.101479 
-0.622281 0.133813 
-0.616448 0.1488 
-0.578254 0.220789 
-0.257078 0.436482 
-0.563893 0.241609 
-0.521463 0.291869 
-0.461425 0.343654 
-0.606698 0.170584 
-0.445932 0.354515 
-0.476422 0.332281 
-0.591459 0.199322 
-0.395945 0.384331 
-0.340537 0.409792 
-0.378102 0.393312 
-0.186393 0.450316 
-0.279053 0.43064 
-0.108783 0.457878 
-0.0251892 0.458297 
-0.32075 0.417276 
-0.543401 0.267741 
-0.429851 0.364924 
-0.359628 0.401808 
0.568924 0.205543 
-0.234304 0.441733 
-0.642589 0.0486612 
0.388899 0.350005 
0.332786 0.377384 
0.361248 0.364188 
0.539654 0.237398 
0.50751 0.268085 
0.524514 0.2524 
-0.4132 0.37486 
0.466661 0.301063 
0.415696 0.334803 
0.0331234 0.454268 
0.12309 0.441383 
0.303722 0.389549 
-0.300282 0.424226 
0.641103 0.0916917 
-0.640107 0.0664089 
0.6266 0.123085 
0.60852 0.153579 
0.656954 0.0354522 
0.660625 -0.00296559 
0.654473 0.0481861 
0.660597 -0.0157801 
0.488471 0.284229 
0.596117 0.171444 
0.441728 0.318447 
0.0628625 0.4509 
0.0928611 0.446613 
-0.0536259 0.458997 
0.0037631 0.456726 
0.153407 0.435207 
0.183779 0.428061 
-0.0815217 0.458849 
0.214061 0.419945 
0.244214 0.410831 
0.274118 0.400711 
-0.497037 0.315073 
0.649633 0.0669974 
0.618593 0.137418 
0.633226 0.109838 
ZONE T="boundary5"
0.46215 -0.334678 
0.480889 -0.321219 
-0.129576 -0.432564 
-0.604153 -0.155522 
-0.596601 -0.169344 
-0.642674 -0.0306035 
-0.6442 -0.0132446 
-0.644857 0.00429675 
0.641499 -0.11009 
-0.628398 -0.0973423 
-0.633138 -0.0811084 
-0.623098 -0.112777 
-0.640306 -0.0477022 
0.645846 -0.0978259 
-0.61736 -0.127353 
-0.637115 -0.0645619 
-0.550594 -0.234454 
-0.269106 -0.402872 
-0.289346 -0.396724 
-0.34676 -0.376037 
-0.328185 -0.383299 
-0.103632 -0.436 
0.171785 -0.436481 
-0.154369 -0.428717 
-0.247445 -0.408871 
-0.225651 -0.414345 
-0.202417 -0.419599 
-0.435959 -0.331482 
-0.579727 -0.196287 
-0.588503 -0.182857 
-0.457148 -0.317878 
-0.309428 -0.390064 
-0.39992 -0.351672 
-0.417291 -0.342364 
0.636675 -0.122185 
0.517092 -0.290836 
0.498956 -0.306853 
0.031252 -0.44462 
0.00371152 -0.444107 
0.440862 -0.348425 
-0.0507368 -0.441207 
-0.0776185 -0.438858 
-0.0238073 -0.442953 
0.143427 -0.439681 
0.0591789 -0.44447 
0.115287 -0.442037 
0.0870944 -0.443625 
-0.382261 -0.36041 
0.200039 -0.432415 
0.228428 -0.427382 
-0.364621 -0.368479 
0.256633 -0.421363 
0.284778 -0.414255 
0.312627 -0.40603 
0.393398 -0.374176 
0.367247 -0.385947 
0.418934 -0.361091 
-0.483232 -0.298969 
0.568401 -0.234487 
0.584249 -0.213367 
-0.529366 -0.257793 
-0.507094 -0.279105 
0.55184 -0.25465 
0.534325 -0.273879 
0.657844 -0.0476746 
0.652952 -0.0730005 
0.613026 -0.169201 
0.599235 -0.19151 
0.625599 -0.146099 
-0.179072 -0.424313 
0.660351 -0.0221822 
0.340167 -0.396607 
-0.570452 -0.209377 
0.4716 -0.328061 
-0.643546 -0.0219332 
-0.644639 -0.00447789 
-0.630865 -0.0892534 
-0.641596 -0.0391673 
-0.620307 -0.120096 
-0.635227 -0.0728592 
-0.279244 -0.39986 
-0.337497 -0.379731 
-0.116614 -0.434355 
-0.141983 -0.430709 
-0.236564 -0.411672 
-0.214049 -0.417041 
-0.638814 -0.0561516 
-0.58418 -0.189614 
-0.299408 -0.393459 
-0.426677 -0.337013 
-0.408644 -0.34709 
-0.600447 -0.162471 
-0.611049 -0.141574 
-0.446635 -0.324807 
0.508131 -0.298966 
0.0174802 -0.444445 
-0.0641843 -0.440108 
-0.037277 -0.442156 
0.157618 -0.438186 
0.129365 -0.440957 
0.0731391 -0.444136 
0.0452158 -0.44463 
-0.391125 -0.356111 
0.214254 -0.430018 
-0.37347 -0.36451 
0.298745 -0.410285 
0.242557 -0.424499 
0.380394 -0.380222 
0.406251 -0.3678 
-0.470345 -0.308638 
0.451593 -0.341687 
0.490012 -0.314149 
0.429974 -0.354891 
0.576436 -0.22401 
-0.518416 -0.268644 
0.543214 -0.264385 
0.655686 -0.0603922 
-0.090633 -0.4375 
0.525822 -0.282474 
0.606272 -0.180443 
0.560238 -0.244665 
0.631345 -0.134238 
-0.190757 -0.422022 
0.639144 -0.11616 
0.649662 -0.0854877 
0.643734 -0.10398 
-0.258294 -0.405939 
-0.318828 -0.386742 
-0.355717 -0.37232 
-0.625836 -0.10509 
0.659399 -0.034957 
-0.495331 -0.28924 
-0.166733 -0.426586 
0.185928 -0.434559 
0.326449 -0.40147 
0.591863 -0.202521 
0.101196 -0.442925 
0.27074 -0.417944 
-0.0100513 -0.44361 
0.353769 -0.391436 
0.619486 -0.157744 
-0.54018 -0.246305 
-0.560741 -0.222087 
-0.592619 -0.17614 
-0.57515 -0.202875 
