ZONE T="boundary0"
-4 -0.587768 
-4 -0.434359 
-4 -0.373735 
-4 0.222435 
-4 0.0804489 
-4 0.122215 
-4 0.416709 
-4 0.314844 
-4 0.26864 
-4 0.163981 
-4 -1 
-4 0.814226 
-4 0.628451 
-4 0.0338926 
-4 -0.0126638 
-4 -0.133957 
-4 -0.174389 
-4 -0.343423 
-4 -0.24375 
-4 -0.278431 
-4 -0.0935262 
-4 -0.209069 
-4 0.52258 
-4 1 
-4 -0.313111 
-4 -0.404047 
-4 0.101332 
-4 0.245537 
-4 -0.793884 
-4 0.721339 
-4 0.193208 
-4 0.0571707 
-4 0.365776 
-4 0.0106144 
-4 -0.154173 
-4 0.291742 
-4 -0.511063 
-4 -0.053095 
-4 -0.191729 
-4 0.907113 
-4 -0.295771 
-4 -0.22641 
-4 -0.26109 
-4 0.143098 
-4 -0.113742 
-4 0.469644 
-4 0.575516 
-4 -0.358579 
-4 -0.328267 
ZONE T="boundary1"
-1.46576 1 
-1.64563 1 
0.237479 1 
-1.22072 1 
1.36937 1 
1.28745 1 
-1.31558 1 
0.356888 1 
-1.00762 1 
-0.154699 1 
-0.220024 1 
0.663655 1 
3.19597 1 
3.02315 1 
2.64334 1 
3.71444 1 
-2.16992 1 
-2.00483 1 
2.21811 1 
1.78623 1 
1.61876 1 
1.45129 1 
-2.39602 1 
-2.62212 1 
-3.51801 1 
-3.26842 1 
0.0893836 1 
0.0221424 1 
-0.0998988 1 
-0.285349 1 
-0.0450988 1 
0.509877 1 
-0.45514 1 
0.163431 1 
-0.662172 1 
-0.558656 1 
0.817433 1 
0.934841 1 
3.85722 1 
3.3688 1 
-0.370244 1 
-0.718975 1 
-1.12586 1 
-0.889387 1 
-1.39067 1 
-3.75901 1 
1.53502 1 
-1.83974 1 
1.16985 1 
1.05225 1 
-4 1 
-2.82047 1 
-3.01882 1 
2.00217 1 
2.43072 1 
4 1 
-0.775779 1 
-1.55569 1 
1.32841 1 
0.297184 1 
-0.187361 1 
3.10956 1 
2.83324 1 
-2.08738 1 
1.70249 1 
-3.39322 1 
0.055763 1 
-0.252686 1 
-0.0114782 1 
-0.127299 1 
0.200455 1 
-0.610414 1 
0.433383 1 
0.586766 1 
0.740544 1 
0.876137 1 
3.78583 1 
3.54162 1 
-0.948505 1 
-1.06674 1 
-1.26815 1 
-1.17329 1 
-1.42821 1 
-1.35312 1 
1.49316 1 
-1.74268 1 
1.11105 1 
1.41033 1 
-3.8795 1 
0.993544 1 
1.57689 1 
-2.7213 1 
-2.50907 1 
-2.91965 1 
-3.14362 1 
2.32442 1 
1.8942 1 
2.11014 1 
2.53703 1 
3.92861 1 
3.28238 1 
-2.28297 1 
-1.92228 1 
-0.0724988 1 
0.126407 1 
-0.412692 1 
-0.747377 1 
-0.690573 1 
-0.327797 1 
1.22865 1 
-0.506898 1 
-0.832583 1 
-3.63851 1 
ZONE T="boundary2"
4 0.0175503 
4 -0.284172 
4 -1 
4 -0.16826 
4 0.128691 
4 0.180559 
4 0.255194 
4 0.314918 
4 0.416119 
4 0.365518 
4 -0.656388 
4 0.0768228 
4 0.468166 
4 -0.0417221 
4 -0.197238 
4 0.520213 
4 -0.226216 
4 -0.439426 
4 -0.547907 
4 0.71823 
4 1 
4 -0.104991 
4 -0.361799 
4 0.624306 
4 0.812153 
4 -0.828194 
4 0.154625 
4 0.217877 
4 0.390819 
4 0.285056 
4 0.102757 
4 0.340218 
4 -0.0120859 
4 0.0471866 
4 -0.182749 
4 0.494189 
4 -0.255194 
4 -0.493666 
4 -0.0733565 
4 -0.211727 
4 -0.136625 
4 -0.322985 
4 0.442143 
4 0.572259 
4 -0.400612 
4 0.765191 
4 -0.914097 
4 -0.602148 
4 0.671268 
4 0.906077 
4 -0.742291 
ZONE T="boundary3"
-2.05666 -1 
3.62101 -1 
4 -1 
-1.3584 -1 
0.691206 -1 
-0.353202 -1 
-0.485942 -1 
0.973247 -1 
0.163544 -1 
-4 -1 
0.798959 -1 
0.906712 -1 
-3.50513 -1 
-3.75257 -1 
-3.26991 -1 
-0.926204 -1 
3.43151 -1 
1.88027 -1 
2.0902 -1 
3.01485 -1 
2.78769 -1 
2.60356 -1 
-2.84635 -1 
-3.03469 -1 
-2.39413 -1 
0.0902618 -1 
0.0189303 -1 
-0.695562 -1 
-0.191927 -1 
-0.122164 -1 
-0.0524012 -1 
0.383264 -1 
0.310045 -1 
0.610895 -1 
0.456924 -1 
1.10632 -1 
1.17285 -1 
1.38383 -1 
1.27834 -1 
1.45546 -1 
1.52709 -1 
1.67034 -1 
-1.24913 -1 
-1.1684 -1 
-1.08767 -1 
-1.46766 -1 
-0.772443 -1 
-0.618681 -1 
-0.849323 -1 
2.41942 -1 
-1.85963 -1 
-1.66259 -1 
3.24201 -1 
-2.65802 -1 
0.236826 -1 
-0.272565 -1 
0.530583 -1 
-1.00694 -1 
-1.30377 -1 
1.03978 -1 
3.8105 -1 
-0.419572 -1 
0.852835 -1 
-3.62885 -1 
1.98523 -1 
2.69562 -1 
0.0545961 -1 
-0.157046 -1 
0.126903 -1 
0.346655 -1 
0.651051 -1 
0.420094 -1 
0.745083 -1 
1.13959 -1 
1.33109 -1 
1.2256 -1 
1.49127 -1 
1.59872 -1 
1.77531 -1 
-1.12803 -1 
-1.41303 -1 
-3.1523 -1 
-0.810883 -1 
-2.94052 -1 
2.25481 -1 
3.52626 -1 
-1.56513 -1 
-3.38752 -1 
2.51149 -1 
3.33676 -1 
-1.76111 -1 
-2.2254 -1 
-2.52607 -1 
-3.87628 -1 
-1.95814 -1 
-0.552312 -1 
-0.0872826 -1 
-0.0167354 -1 
0.200185 -1 
0.273436 -1 
-0.734002 -1 
-0.657122 -1 
-0.312883 -1 
-0.232246 -1 
0.493754 -1 
0.570739 -1 
2.90127 -1 
-1.0473 -1 
-1.20877 -1 
-1.27645 -1 
-1.33108 -1 
1.07305 -1 
0.939979 -1 
1.00652 -1 
1.41964 -1 
-0.887764 -1 
-0.96657 -1 
3.12843 -1 
-2.75218 -1 
ZONE T="boundary4"
-0.262068 0.421159 
-0.397511 0.366058 
-0.361921 0.383924 
-0.645598 -0.00242051 
-0.644876 0.0152348 
0.658574 0.0336199 
0.660923 0.00784705 
-0.50334 0.291444 
-0.602951 0.162292 
-0.58705 0.190279 
-0.616512 0.133441 
-0.61002 0.147997 
-0.643257 0.0329373 
0.48513 0.305247 
0.504082 0.288841 
-0.637338 0.0681777 
-0.633073 0.0855499 
-0.622429 0.118569 
-0.627977 0.102665 
-0.577991 0.20435 
-0.568441 0.218079 
-0.558428 0.231476 
-0.0899627 0.452969 
-0.0627468 0.455002 
-0.283211 0.414642 
-0.168579 0.442736 
-0.142897 0.446816 
-0.304155 0.407511 
0.565373 0.223201 
0.551477 0.239862 
-0.414563 0.356434 
-0.537364 0.256906 
-0.526327 0.268918 
-0.476879 0.313952 
-0.446745 0.336083 
-0.430826 0.346531 
-0.462009 0.325287 
-0.380156 0.375124 
-0.343422 0.392152 
-0.239574 0.427387 
-0.323904 0.400127 
-0.192814 0.438192 
-0.117112 0.450184 
0.592006 0.188072 
-0.640743 0.050599 
0.661153 -0.00502943 
0.660757 -0.0178831 
0.520924 0.272822 
0.409737 0.357434 
0.38272 0.372192 
0.174653 0.441169 
0.354509 0.385845 
0.296104 0.40924 
0.325554 0.398206 
0.537049 0.256067 
0.436018 0.341272 
0.461275 0.323799 
0.0530871 0.455424 
0.0236259 0.456573 
0.144145 0.446254 
0.113485 0.450318 
0.266127 0.419035 
0.578976 0.20585 
0.624032 0.136481 
0.615933 0.15103 
0.637018 0.109421 
0.646531 0.0844839 
0.631509 0.121606 
0.604417 0.169742 
0.656448 0.0465417 
0.65372 0.0593283 
-0.216913 0.432971 
0.0833254 0.453337 
-0.0343146 0.456333 
-0.00585562 0.456864 
0.205349 0.434944 
0.235798 0.427599 
-0.547982 0.244521 
-0.645348 0.00641175 
0.66006 0.0207618 
-0.595263 0.176435 
-0.613339 0.140751 
-0.606555 0.155179 
0.494705 0.297158 
-0.635312 0.0768901 
-0.625292 0.110648 
-0.630628 0.0941382 
-0.582585 0.197356 
-0.619547 0.126036 
-0.563491 0.224819 
-0.0763616 0.454079 
-0.272663 0.417976 
-0.155752 0.444866 
-0.293709 0.411155 
0.558488 0.231584 
-0.406076 0.361316 
-0.531899 0.262959 
-0.49031 0.302934 
-0.43883 0.341376 
-0.644178 0.0240961 
-0.454424 0.330752 
-0.469495 0.319687 
-0.371074 0.379596 
-0.352703 0.388108 
-0.422736 0.35155 
-0.250844 0.424355 
-0.180712 0.440547 
-0.333694 0.396214 
-0.314057 0.403892 
-0.103547 0.451671 
-0.388869 0.37066 
0.661033 -0.0114587 
0.396321 0.364982 
0.310889 0.403884 
0.368697 0.37919 
0.544333 0.248027 
0.512593 0.280926 
0.448767 0.332709 
0.0383607 0.456106 
0.128832 0.448412 
0.281166 0.414294 
0.529076 0.26453 
0.572241 0.214578 
0.620055 0.143796 
0.642033 0.097051 
0.634322 0.11554 
0.610284 0.160454 
-0.63915 0.0594095 
-0.642111 0.0417839 
0.627853 0.129085 
0.661116 0.00141021 
0.655159 0.0529508 
0.657588 0.0400934 
0.598304 0.17897 
0.585568 0.197017 
-0.130016 0.448588 
-0.204882 0.435667 
-0.228263 0.430258 
0.422983 0.349526 
0.0682142 0.454496 
0.0984171 0.451945 
-0.020087 0.456698 
0.0088863 0.456826 
0.15942 0.443841 
0.190029 0.438194 
-0.0485355 0.455768 
0.473334 0.314692 
0.251005 0.423467 
0.220608 0.431414 
0.340103 0.392193 
0.650405 0.0719859 
-0.553259 0.238042 
-0.573275 0.211257 
-0.542724 0.25076 
-0.515029 0.28038 
ZONE T="boundary5"
-0.538277 -0.268087 
-0.558858 -0.244047 
-0.616127 -0.149293 
-0.609679 -0.163467 
-0.189143 -0.431312 
-0.212572 -0.42763 
-0.594851 -0.191453 
-0.577764 -0.218454 
-0.645433 -0.0199559 
-0.644402 -0.0373417 
-0.627274 -0.120097 
0.641085 -0.105559 
-0.645598 -0.00242051 
-0.0875051 -0.44071 
-0.113536 -0.43924 
-0.467545 -0.329589 
-0.621989 -0.13486 
0.645611 -0.0933991 
-0.642528 -0.054499 
-0.257781 -0.41864 
-0.299851 -0.407751 
-0.319999 -0.401556 
-0.279526 -0.41334 
-0.338935 -0.39509 
-0.357658 -0.388034 
-0.139525 -0.437153 
-0.235893 -0.423318 
-0.164371 -0.434546 
-0.446613 -0.343443 
-0.632099 -0.104493 
-0.636347 -0.0881123 
-0.41138 -0.363571 
-0.428955 -0.353991 
-0.375689 -0.380561 
0.636057 -0.117522 
-0.0605945 -0.441607 
-0.393458 -0.37249 
0.0493191 -0.439105 
-0.00613631 -0.441581 
-0.0336719 -0.441896 
0.0213846 -0.440658 
-0.51659 -0.289916 
0.0772098 -0.436928 
0.190065 -0.421347 
0.105397 -0.434081 
0.161847 -0.426324 
0.133508 -0.430571 
0.218417 -0.415543 
0.246587 -0.408916 
0.383862 -0.361197 
0.409715 -0.348486 
0.27473 -0.401359 
0.432015 -0.336251 
0.45374 -0.323031 
0.510319 -0.28096 
0.49155 -0.296334 
0.472951 -0.310111 
0.357276 -0.372827 
-0.493215 -0.310258 
0.653002 -0.0687026 
0.658102 -0.0434152 
0.528248 -0.264682 
0.546632 -0.246188 
0.660757 -0.0178831 
0.564115 -0.226836 
0.580918 -0.206498 
-0.639832 -0.0714473 
0.611289 -0.163693 
0.596758 -0.185387 
0.624484 -0.141076 
0.330134 -0.383375 
0.302602 -0.392864 
-0.548789 -0.256257 
-0.612975 -0.156413 
-0.200869 -0.429548 
-0.586559 -0.205112 
-0.645026 -0.0286552 
-0.645625 -0.0111892 
-0.100525 -0.44005 
-0.619133 -0.142107 
-0.64357 -0.045932 
-0.309949 -0.404731 
-0.289709 -0.410619 
-0.348325 -0.391637 
-0.126537 -0.438276 
-0.224247 -0.425555 
-0.151956 -0.435926 
-0.246853 -0.421055 
-0.568536 -0.231417 
-0.602543 -0.177607 
-0.63432 -0.0963278 
-0.437838 -0.348807 
-0.420213 -0.358865 
-0.62471 -0.127507 
-0.457169 -0.336652 
-0.268673 -0.41607 
-0.40246 -0.368113 
-0.0199033 -0.441815 
-0.527634 -0.279201 
0.0913119 -0.435586 
0.147691 -0.428536 
-0.366704 -0.384371 
0.232527 -0.412335 
-0.329492 -0.398395 
0.260689 -0.405252 
0.396862 -0.35499 
0.482331 -0.303331 
0.442954 -0.329766 
0.370632 -0.367156 
0.420932 -0.34249 
-0.505084 -0.300296 
0.655849 -0.056119 
0.519387 -0.272935 
0.537558 -0.255552 
0.501032 -0.288766 
0.555482 -0.23661 
-0.641283 -0.0629895 
0.604179 -0.174644 
-0.638189 -0.0798006 
0.630494 -0.129409 
0.643412 -0.0995034 
0.638632 -0.111566 
0.649581 -0.0811333 
0.659737 -0.0306812 
-0.480549 -0.320148 
-0.384608 -0.376602 
-0.629774 -0.112322 
0.463418 -0.316677 
-0.0740523 -0.441236 
0.57263 -0.21676 
-0.176768 -0.43301 
0.0632706 -0.438095 
0.0353561 -0.439959 
0.204261 -0.418545 
-0.0471341 -0.441826 
0.316412 -0.388248 
0.58897 -0.196041 
0.119463 -0.43241 
0.00762658 -0.441195 
0.175972 -0.423929 
0.288703 -0.397233 
0.343758 -0.378238 
0.618075 -0.152495 
