ZONE T="boundary0"
-4 0.729798 
-4 0.864899 
-4 -0.252387 
-4 -0.292076 
-4 0.36929 
-4 0.414443 
-4 -0.0813823 
-4 0.00848539 
-4 -0.212699 
-4 0.459596 
-4 -0.593111 
-4 1 
-4 0.594697 
-4 0.140245 
-4 0.098353 
-4 0.23056 
-4 0.182137 
-4 0.278983 
-4 -0.179869 
-4 -0.515517 
-4 -0.328538 
-4 -0.694833 
-4 -0.796556 
-4 -1 
-4 -0.365 
-4 -0.14704 
-4 0.324137 
-4 -0.437923 
-4 0.797349 
-4 -0.272232 
-4 0.391866 
-4 -0.0364484 
-4 -0.232543 
-4 0.93245 
-4 0.662248 
-4 0.119299 
-4 0.161191 
-4 0.254772 
-4 0.206349 
-4 -0.196284 
-4 0.527147 
-4 -0.554314 
-4 -0.310307 
-4 -0.745695 
-4 -0.643972 
-4 -0.898278 
-4 -0.346769 
-4 -0.114211 
-4 -0.163455 
-4 0.0534192 
-4 0.30156 
-4 -0.401461 
-4 -0.47672 
-4 0.346713 
-4 0.43702 
ZONE T="boundary1"
0.938623 1 
1.05382 1 
-0.304704 1 
-0.364179 1 
0.106066 1 
-0.197851 1 
-0.15491 1 
-0.111968 1 
-1.27563 1 
0.671637 1 
0.519846 1 
-0.251278 1 
-3.56645 1 
0.823427 1 
1.24459 1 
1.33126 1 
2.85814 1 
0.299755 1 
-2.87687 1 
-2.56698 1 
3.65507 1 
-3.78322 1 
-4 1 
-2.37906 1 
1.64682 1 
3.00881 1 
2.43114 1 
2.70746 1 
-3.18677 1 
2.15481 1 
-3.37661 1 
2.02781 1 
1.90082 1 
4 1 
-0.0153085 1 
0.0453789 1 
0.202911 1 
0.154489 1 
-0.652941 1 
-0.763278 1 
-0.423654 1 
-0.542604 1 
0.409801 1 
-0.892383 1 
3.31015 1 
-1.50689 1 
-1.14856 1 
-1.66594 1 
1.1492 1 
1.41793 1 
-1.82499 1 
-1.39126 1 
-2.00807 1 
-2.19114 1 
-1.02149 1 
0.99622 1 
-0.334441 1 
-0.17638 1 
0.595741 1 
1.28792 1 
-2.72193 1 
-3.89161 1 
2.5693 1 
-3.47153 1 
1.96431 1 
3.82754 1 
-0.277991 1 
-0.224564 1 
-0.133439 1 
-0.0636382 1 
0.0150352 1 
0.0757227 1 
0.130277 1 
-0.708109 1 
-0.393916 1 
-0.483129 1 
0.1787 1 
0.251333 1 
0.747532 1 
0.354778 1 
-0.597772 1 
-3.67484 1 
3.48261 1 
-0.827831 1 
1.19689 1 
1.53237 1 
1.37459 1 
1.77382 1 
-1.74547 1 
-1.33344 1 
-1.44908 1 
-3.03182 1 
-1.91653 1 
-2.0996 1 
2.29298 1 
-2.47302 1 
-2.2851 1 
2.09131 1 
0.464823 1 
-0.956936 1 
1.10151 1 
-1.58642 1 
0.881025 1 
-1.21209 1 
-1.08502 1 
3.15948 1 
2.7828 1 
2.93347 1 
-3.28169 1 
ZONE T="boundary2"
4 -0.28988 
4 -0.420058 
4 -0.237346 
4 -0.176093 
4 0.162183 
4 0.238481 
4 0.311199 
4 0.812727 
4 -0.125816 
4 -0.0165865 
4 -0.0755386 
4 -0.521668 
4 0.102274 
4 0.0423656 
4 -0.623277 
4 -0.811639 
4 -1 
4 1 
4 0.360473 
4 0.409747 
4 0.463674 
4 0.719091 
4 0.517601 
4 0.625454 
4 -0.354969 
4 -0.263613 
4 0.200332 
4 0.27484 
4 -0.206719 
4 -0.470863 
4 0.132229 
4 -0.717458 
4 -0.100677 
4 -0.150954 
4 0.38511 
4 0.43671 
4 0.0128895 
4 -0.0460626 
4 0.0723199 
4 0.765909 
4 0.906364 
4 -0.572472 
4 -0.905819 
4 0.335836 
4 0.490637 
4 0.571527 
4 0.672273 
ZONE T="boundary3"
2.85729 -1 
2.66055 -1 
2.51348 -1 
2.16949 -1 
2.3664 -1 
0.0177185 -1 
0.0809812 -1 
-0.998508 -1 
-0.886104 -1 
-3.73067 -1 
1.01321 -1 
3.26468 -1 
3.47533 -1 
3.6065 -1 
3.73766 -1 
4 -1 
1.62285 -1 
-1.43676 -1 
-2.02033 -1 
-1.82867 -1 
-2.32208 -1 
-0.0455443 -1 
0.211965 -1 
0.287093 -1 
0.63129 -1 
0.496755 -1 
0.429488 -1 
0.146473 -1 
-0.185903 -1 
-0.115724 -1 
0.88048 -1 
0.362221 -1 
0.755885 -1 
-0.7737 -1 
-1.23707 -1 
-1.11779 -1 
-0.663138 -1 
-0.552577 -1 
-0.452879 -1 
1.07958 -1 
1.14594 -1 
1.26005 -1 
1.37416 -1 
-4 -1 
-3.46134 -1 
1.4985 -1 
-1.53474 -1 
-1.33692 -1 
-1.63272 -1 
-2.212 -1 
-2.43216 -1 
-3.31254 -1 
-3.16373 -1 
-3.01493 -1 
-2.86613 -1 
1.97258 -1 
1.79771 -1 
3.05403 -1 
-2.65232 -1 
-0.353181 -1 
-0.269542 -1 
2.75892 -1 
2.26795 -1 
0.0493498 -1 
-0.942306 -1 
2.43994 -1 
3.37 -1 
3.67208 -1 
3.86883 -1 
3.54091 -1 
-1.9245 -1 
0.249529 -1 
0.564023 -1 
0.463122 -1 
-0.150814 -1 
-0.080634 -1 
0.179219 -1 
0.946845 -1 
0.395855 -1 
0.818182 -1 
-1.17743 -1 
-0.718419 -1 
-0.607858 -1 
-0.502728 -1 
1.11276 -1 
-1.05815 -1 
1.3171 -1 
-3.86534 -1 
-1.48575 -1 
-1.28699 -1 
-1.58373 -1 
-1.73069 -1 
-2.11617 -1 
-3.23814 -1 
-2.94053 -1 
2.07104 -1 
1.88515 -1 
2.58701 -1 
1.71028 -1 
3.15935 -1 
-3.08933 -1 
-2.75922 -1 
2.95566 -1 
-3.59601 -1 
-3.38694 -1 
0.324657 -1 
-0.40303 -1 
-0.311361 -1 
0.113727 -1 
-0.0139129 -1 
-0.829902 -1 
-0.227723 -1 
0.693587 -1 
-2.26704 -1 
-2.37712 -1 
1.56067 -1 
-2.54224 -1 
1.43633 -1 
1.04639 -1 
1.20299 -1 
-1.38684 -1 
ZONE T="boundary4"
-0.208866 0.37237 
-0.185035 0.377785 
-0.635949 0.0122534 
-0.63636 -0.00934087 
-0.320166 0.343045 
-0.341322 0.336351 
-0.439195 0.296337 
-0.457337 0.286466 
-0.522009 0.240578 
-0.40137 0.314018 
-0.381858 0.32192 
-0.592774 0.156689 
-0.630895 0.0552794 
-0.626175 0.0765195 
-0.634142 0.0338247 
0.633024 0.127437 
0.628128 0.143939 
0.575547 0.250067 
0.584037 0.237062 
-0.619975 0.0974078 
-0.603222 0.137606 
0.637058 0.110631 
-0.572189 0.187195 
-0.582887 0.172284 
0.59212 0.223634 
0.618365 0.170493 
-0.560734 0.201436 
0.404858 0.383798 
0.426545 0.374376 
-0.231819 0.366921 
-0.5356 0.228125 
0.524537 0.309471 
0.606344 0.197076 
-0.548484 0.215117 
-0.491561 0.264601 
-0.420613 0.305459 
0.639856 0.00995021 
0.642026 0.0265195 
-0.298911 0.349317 
-0.361673 0.329403 
-0.16119 0.382979 
-0.136417 0.388147 
-0.0599048 0.40257 
-0.0857843 0.397968 
-0.612303 0.117827 
-0.507069 0.252981 
0.643133 0.0432527 
0.535857 0.298518 
0.546747 0.286946 
0.352986 0.401399 
0.379839 0.393086 
0.640099 0.0938909 
0.447807 0.363726 
0.512758 0.319867 
0.467628 0.352351 
0.0225406 0.414923 
-0.474707 0.275959 
0.0806025 0.42098 
0.110343 0.423042 
0.141012 0.424324 
0.233775 0.422056 
0.264644 0.418893 
0.324607 0.408542 
0.557079 0.27487 
0.62349 0.15733 
0.64216 0.0769525 
0.643173 0.0601494 
-0.254751 0.361216 
0.566543 0.262722 
-0.276856 0.355429 
-0.111615 0.393086 
0.490737 0.33701 
-0.0328853 0.407034 
-0.0057917 0.411119 
0.0509629 0.418201 
0.295042 0.414391 
0.171768 0.424662 
0.202767 0.423944 
-0.196956 0.375106 
-0.330761 0.339754 
-0.44832 0.291502 
-0.391645 0.318046 
-0.628719 0.0659399 
0.630681 0.135718 
0.579853 0.243605 
-0.623259 0.0870176 
-0.598166 0.147239 
0.635156 0.119061 
-0.577643 0.179814 
-0.566558 0.194392 
0.415763 0.37923 
-0.220348 0.369674 
-0.52888 0.234432 
-0.542123 0.2217 
0.641074 0.0182165 
-0.309552 0.346229 
-0.371791 0.325732 
-0.429949 0.300991 
-0.173118 0.380408 
-0.148809 0.385591 
-0.0728514 0.400306 
-0.636326 0.00145931 
-0.616321 0.107685 
-0.351518 0.332938 
-0.514617 0.246872 
0.54137 0.292796 
-0.554698 0.208355 
0.642713 0.0348763 
0.366469 0.397426 
0.392413 0.388616 
0.53026 0.30406 
0.518706 0.314736 
0.457798 0.35818 
-0.483206 0.270386 
0.125671 0.423795 
0.249225 0.420641 
0.551985 0.280969 
0.625875 0.150657 
0.620988 0.163935 
0.638698 0.102282 
0.612584 0.183888 
0.642795 0.0685579 
0.641256 0.0854364 
-0.243293 0.364102 
-0.499387 0.258887 
0.561879 0.268849 
0.643287 0.0516998 
0.437251 0.369201 
-0.287894 0.352416 
-0.124021 0.390645 
-0.0987058 0.39556 
0.479323 0.344891 
-0.265812 0.358359 
-0.0193469 0.409127 
0.501914 0.328652 
-0.0464031 0.404847 
0.0367423 0.416632 
0.0657732 0.419675 
0.0954645 0.422106 
0.279868 0.416819 
0.30986 0.411651 
0.00836495 0.413083 
0.187269 0.424442 
0.218279 0.423153 
0.338843 0.405157 
0.156387 0.424617 
-0.587944 0.164558 
-0.635223 0.0230535 
-0.6327 0.0445791 
-0.607938 0.127796 
-0.466084 0.281315 
-0.41103 0.309825 
0.59945 0.210472 
0.588137 0.230383 
0.571111 0.256442 
ZONE T="boundary5"
-0.328605 -0.449832 
0.404292 -0.326126 
-0.586662 -0.195343 
-0.545767 -0.263052 
-0.556593 -0.247009 
-0.61935 -0.115591 
-0.625119 -0.0946875 
0.587333 -0.11378 
0.568339 -0.139439 
-0.595621 -0.177106 
0.632374 -0.022622 
-0.612483 -0.136305 
-0.567084 -0.230289 
-0.604557 -0.156819 
-0.0740629 -0.522232 
-0.232669 -0.490178 
-0.257435 -0.481432 
-0.30544 -0.461234 
-0.281848 -0.471715 
-0.635428 -0.0308713 
-0.63636 -0.00934087 
-0.449177 -0.368883 
-0.431264 -0.383634 
-0.101577 -0.519504 
-0.1285 -0.515703 
-0.0465142 -0.523788 
-0.207199 -0.498059 
-0.181456 -0.504924 
-0.155073 -0.510847 
-0.577026 -0.213242 
-0.495717 -0.324508 
-0.465533 -0.354365 
-0.481343 -0.339264 
-0.629756 -0.0735715 
-0.633207 -0.052307 
-0.53438 -0.278714 
-0.522242 -0.294202 
-0.509548 -0.309254 
-0.412803 -0.397705 
-0.392888 -0.411718 
0.620897 -0.0541495 
0.627125 -0.0385067 
0.639856 0.00995021 
-0.0187358 -0.524149 
0.0945655 -0.51223 
0.0377067 -0.521012 
0.00957492 -0.523238 
0.0663054 -0.517336 
0.150895 -0.497299 
0.122997 -0.505522 
0.206686 -0.475474 
0.234326 -0.461714 
0.178871 -0.487298 
0.261691 -0.445965 
0.367369 -0.36315 
0.288816 -0.42812 
0.341578 -0.386665 
0.386047 -0.344879 
0.315353 -0.4084 
0.43744 -0.290131 
0.4537 -0.271756 
0.469789 -0.253289 
0.488367 -0.231941 
0.421008 -0.308253 
0.548194 -0.163954 
0.605732 -0.0845401 
0.613717 -0.0695588 
0.636639 -0.00641333 
-0.350768 -0.437822 
0.506994 -0.210807 
-0.372443 -0.424955 
0.527754 -0.187422 
-0.551248 -0.255076 
-0.62237 -0.105176 
0.578033 -0.126756 
-0.616046 -0.12599 
-0.608642 -0.146609 
-0.245095 -0.485927 
-0.600203 -0.167013 
-0.293695 -0.46659 
-0.269689 -0.476694 
-0.636058 -0.0201133 
-0.44029 -0.376343 
-0.0878329 -0.521013 
-0.115056 -0.517741 
-0.194361 -0.501619 
-0.168293 -0.508018 
-0.572125 -0.221806 
-0.473508 -0.346887 
-0.631631 -0.0629635 
-0.540144 -0.270933 
-0.515962 -0.301784 
-0.402914 -0.404808 
-0.457421 -0.361698 
-0.422099 -0.390756 
-0.528382 -0.286513 
0.62987 -0.0306053 
-0.591229 -0.186267 
-0.634475 -0.0416055 
-0.032626 -0.524121 
0.0236547 -0.522292 
0.0804686 -0.514966 
0.137002 -0.501605 
0.220607 -0.468804 
0.164953 -0.492502 
0.248124 -0.454047 
0.275381 -0.437245 
0.354599 -0.37505 
0.395222 -0.335554 
0.37677 -0.354078 
0.328599 -0.397701 
0.445594 -0.280964 
-0.488595 -0.331949 
0.461757 -0.26253 
0.47907 -0.242602 
-0.581924 -0.204335 
0.412688 -0.317225 
-0.317078 -0.455647 
0.558389 -0.151794 
0.609821 -0.0771015 
0.624125 -0.0463745 
0.617414 -0.061905 
0.634634 -0.0145521 
0.638378 0.00174192 
-0.339745 -0.443934 
-0.561906 -0.238692 
-0.502702 -0.316943 
-0.627581 -0.0841608 
0.596859 -0.0993681 
-0.382729 -0.418435 
-0.361669 -0.431495 
0.429256 -0.299219 
-0.0602958 -0.523157 
0.108826 -0.509069 
-0.219972 -0.494245 
0.497665 -0.221355 
-0.14181 -0.513409 
-0.00457408 -0.523857 
0.0520296 -0.519354 
0.192864 -0.481593 
0.517381 -0.199114 
0.302217 -0.418446 
0.53803 -0.175731 
