ZONE T="boundary0"
-4 -1 
-4 -0.487397 
-4 -0.31346 
-4 0.285817 
-4 0.231029 
-4 0.328253 
-4 0.85739 
-4 0.71478 
-4 0.500865 
-4 1 
-4 0.607823 
-4 -0.847357 
-4 0.151533 
-4 0.0921376 
-4 0.0327424 
-4 0.370688 
-4 0.435777 
-4 -0.381843 
-4 -0.43462 
-4 -0.591056 
-4 -0.694714 
-4 -0.245077 
-4 -0.178157 
-4 -0.111237 
-4 -0.0392474 
-4 0.258423 
-4 0.307035 
-4 0.786085 
-4 0.554344 
-4 0.661302 
-4 0.191281 
-4 0.06244 
-4 0.403232 
-4 0.34947 
-4 0.468321 
-4 -0.408232 
-4 -0.642885 
-4 0.928695 
-4 -0.347652 
-4 -0.211617 
-4 -0.279269 
-4 -0.923678 
-4 -0.771035 
-4 0.121835 
-4 -0.461009 
-4 -0.0752423 
-4 -0.00325252 
-4 -0.144697 
-4 -0.539227 
ZONE T="boundary1"
-2.79761 1 
-2.52919 1 
2.05766 1 
1.889 1 
1.72035 1 
-0.140511 1 
1.15202 1 
1.05973 1 
-0.31358 1 
-0.410474 1 
-0.517681 1 
-1.11379 1 
-0.195255 1 
1.31884 1 
0.338438 1 
0.256837 1 
-3.78016 1 
-4 1 
0.865076 1 
-1.99373 1 
-3.08911 1 
-2.26123 1 
-3.32471 1 
-3.56031 1 
2.21888 1 
3.79859 1 
2.68826 1 
2.94132 1 
1.41921 1 
4 1 
-0.254417 1 
0.104822 1 
0.0344075 1 
-0.0857672 1 
-0.0256799 1 
-0.624888 1 
0.175235 1 
0.535113 1 
0.436775 1 
-1.266 1 
-1.18989 1 
0.762698 1 
0.648906 1 
-0.735644 1 
-0.8464 1 
-1.41821 1 
0.967454 1 
1.23543 1 
1.51959 1 
-1.72131 1 
-1.85752 1 
3.19438 1 
3.59719 1 
2.53418 1 
2.3801 1 
3.39578 1 
-1.56976 1 
-0.980093 1 
1.97333 1 
1.80467 1 
-0.362027 1 
0.297637 1 
-3.89008 1 
-2.94336 1 
-2.39521 1 
-3.20691 1 
-2.6634 1 
-3.44251 1 
2.13827 1 
2.81479 1 
-0.224836 1 
0.0696146 1 
-0.283999 1 
-0.113139 1 
-0.167883 1 
0.00436379 1 
-0.571284 1 
-0.464078 1 
0.216036 1 
0.485944 1 
-1.22795 1 
0.813887 1 
0.387606 1 
-0.791022 1 
1.19372 1 
1.01359 1 
0.916265 1 
-3.67023 1 
1.36902 1 
1.61997 1 
-1.78942 1 
3.06785 1 
2.61122 1 
2.29949 1 
2.45714 1 
3.29508 1 
-2.12748 1 
-0.0557236 1 
0.140029 1 
0.592009 1 
0.705802 1 
-0.913246 1 
-0.680266 1 
-1.04694 1 
1.10587 1 
3.49648 1 
-1.49399 1 
-1.15184 1 
-1.34211 1 
1.4694 1 
1.27713 1 
3.8993 1 
3.69789 1 
-1.64554 1 
-1.92562 1 
ZONE T="boundary2"
4 -0.387551 
4 -0.443415 
4 -1 
4 -0.698691 
4 -0.331688 
4 -0.253279 
4 -0.292483 
4 0.172632 
4 -0.0990547 
4 -0.0309445 
4 0.11164 
4 1 
4 0.760144 
4 -0.167165 
4 -0.210222 
4 -0.571053 
4 0.0403475 
4 0.203128 
4 0.262171 
4 0.520288 
4 0.434048 
4 0.390929 
4 0.640216 
4 0.233625 
4 0.290717 
4 0.347809 
4 -0.415483 
4 -0.849346 
4 -0.312086 
4 -0.0649996 
4 0.142136 
4 0.880072 
4 -0.188694 
4 -0.13311 
4 -0.507234 
4 0.0759935 
4 0.00470153 
4 -0.634872 
4 -0.272881 
4 -0.359619 
4 -0.231751 
4 0.218377 
4 0.319263 
4 0.18788 
4 0.247898 
4 0.276444 
4 0.412489 
4 0.477168 
4 0.369369 
4 0.580252 
4 0.70018 
ZONE T="boundary3"
-3.56032 -1 
-4 -1 
-1.40633 -1 
4 -1 
3.0049 -1 
2.68196 -1 
3.34372 -1 
0.0478264 -1 
0.181444 -1 
0.258009 -1 
-1.15229 -1 
-1.02945 -1 
-0.671291 -1 
-0.564338 -1 
-0.906619 -1 
0.412366 -1 
0.490159 -1 
0.851184 -1 
1.01489 -1 
-3.14454 -1 
-2.9091 -1 
-2.50326 -1 
-1.94832 -1 
3.75 -1 
-2.67365 -1 
1.89802 -1 
2.10235 -1 
1.46519 -1 
0.334573 -1 
-0.295992 -1 
-0.17701 -1 
-0.236501 -1 
-0.118158 -1 
-0.0593069 -1 
-0.457385 -1 
-0.00574024 -1 
0.687478 -1 
-0.788955 -1 
1.22034 -1 
1.11761 -1 
1.34277 -1 
1.78981 -1 
1.68161 -1 
1.5734 -1 
3.54686 -1 
-1.27931 -1 
-1.51971 -1 
-3.35243 -1 
-1.79071 -1 
-1.63309 -1 
-2.33288 -1 
-2.1406 -1 
2.30669 -1 
3.17431 -1 
2.49432 -1 
0.114635 -1 
-3.78016 -1 
2.84343 -1 
0.219726 -1 
-1.09087 -1 
-0.617815 -1 
0.451263 -1 
0.933036 -1 
-3.02682 -1 
2.00019 -1 
-0.206756 -1 
-0.147584 -1 
-0.0887327 -1 
-0.376689 -1 
0.588818 -1 
-0.510861 -1 
-0.847787 -1 
-0.730123 -1 
1.16897 -1 
1.06625 -1 
1.28155 -1 
1.40398 -1 
3.875 -1 
-0.968036 -1 
1.6275 -1 
3.44529 -1 
3.64843 -1 
-1.34282 -1 
-1.46302 -1 
-3.45637 -1 
-3.24848 -1 
-1.86951 -1 
-1.7119 -1 
-2.23674 -1 
2.20452 -1 
3.08961 -1 
2.58814 -1 
2.40051 -1 
-2.79137 -1 
-2.41807 -1 
-2.58846 -1 
0.0812315 -1 
0.14804 -1 
-0.0325236 -1 
0.37347 -1 
0.021043 -1 
0.296291 -1 
0.769331 -1 
1.5193 -1 
3.25902 -1 
-1.2158 -1 
1.84392 -1 
1.73571 -1 
-1.5764 -1 
-2.04446 -1 
-0.266247 -1 
ZONE T="boundary4"
-0.152305 0.516351 
-0.125151 0.516003 
-0.260532 0.501163 
-0.474786 0.378883 
0.266136 0.349797 
0.238721 0.366903 
-0.312886 0.483837 
-0.62668 0.04772 
-0.625805 0.0233694 
0.639885 0.046408 
0.609454 0.106547 
0.616874 0.0949527 
0.654478 -0.0320841 
-0.179559 0.515042 
-0.538173 0.305594 
-0.565441 0.262858 
-0.552364 0.284567 
-0.625884 0.0723939 
-0.623393 0.0973405 
-0.613312 0.147643 
-0.619198 0.122456 
0.647441 0.0207773 
-0.576152 0.242976 
-0.586019 0.222625 
-0.596636 0.197828 
-0.410314 0.431552 
-0.387051 0.446681 
-0.363019 0.460477 
0.0330286 0.481251 
0.0585068 0.470508 
-0.454239 0.397587 
-0.525808 0.322219 
-0.512781 0.338333 
-0.432717 0.415174 
-0.494327 0.359103 
-0.338275 0.472882 
-0.233761 0.507436 
-0.0980897 0.514019 
-0.206718 0.512071 
0.542451 0.178326 
-0.0712915 0.510444 
-0.605766 0.172808 
0.211326 0.384171 
-0.0446998 0.505308 
0.323527 0.315145 
0.35295 0.297985 
-0.286936 0.493283 
0.382318 0.281057 
0.518682 0.196568 
0.494059 0.213576 
0.411283 0.26429 
0.46723 0.230746 
0.0074438 0.490644 
-0.0184804 0.498692 
0.0838212 0.458536 
0.108781 0.445573 
0.15936 0.416458 
0.134222 0.431338 
0.185426 0.40043 
0.629663 0.0712015 
0.601509 0.11772 
0.652298 -0.00548011 
0.592884 0.128706 
0.583765 0.139288 
0.564362 0.159116 
0.294796 0.332276 
0.43999 0.247342 
-0.138726 0.516382 
0.252413 0.358326 
-0.626451 0.0355372 
0.613237 0.100796 
-0.559043 0.273797 
-0.624846 0.084888 
-0.616454 0.135096 
0.643998 0.0336914 
-0.581192 0.232852 
-0.59149 0.210296 
-0.570906 0.252976 
-0.375131 0.453747 
0.0458284 0.476023 
-0.464637 0.388371 
-0.519375 0.330341 
-0.532075 0.31397 
-0.421626 0.423515 
-0.484687 0.369122 
-0.503692 0.348841 
-0.398786 0.439277 
-0.350735 0.466855 
-0.325659 0.478543 
-0.247194 0.504501 
-0.111606 0.515214 
-0.165942 0.515904 
-0.545403 0.295171 
-0.0846642 0.512429 
-0.193161 0.513763 
-0.6215 0.109932 
-0.609729 0.160282 
0.22502 0.375532 
-0.601379 0.185383 
-0.626491 0.0600636 
0.33822 0.306537 
-0.273793 0.49742 
-0.0579586 0.508067 
0.367631 0.289514 
0.50646 0.205201 
0.396811 0.272693 
0.480705 0.222256 
0.0202941 0.486104 
-0.0315445 0.502181 
0.096356 0.452161 
0.146829 0.423962 
0.172419 0.408487 
0.198387 0.392318 
0.0712241 0.464649 
-0.220275 0.509959 
0.62357 0.0832393 
0.605549 0.112181 
0.653718 -0.0187551 
0.650207 0.00771106 
0.597259 0.123265 
0.588384 0.134047 
-0.00546544 0.494838 
-0.443596 0.406525 
-0.29998 0.488751 
0.121551 0.438545 
0.309138 0.323671 
0.42566 0.255857 
0.280442 0.340998 
0.635096 0.0589376 
0.574263 0.149398 
0.553579 0.168918 
0.530699 0.187621 
0.453645 0.239102 
ZONE T="boundary5"
0.0732632 -0.456035 
-0.312068 -0.3513 
-0.285434 -0.363199 
-0.0379912 -0.439764 
-0.0655757 -0.433959 
-0.625805 0.0233694 
0.565425 -0.290378 
0.547597 -0.312606 
0.654086 -0.0588467 
0.595759 -0.242176 
-0.623287 -0.000591209 
-0.619156 -0.0241315 
-0.613447 -0.0471918 
-0.587123 -0.11336 
-0.597403 -0.0918269 
0.654478 -0.0320841 
0.382459 -0.423466 
0.355087 -0.432741 
-0.230972 -0.384999 
-0.203572 -0.394824 
-0.258335 -0.374444 
-0.33836 -0.338625 
-0.362154 -0.326241 
-0.12078 -0.420321 
-0.148463 -0.412475 
-0.175948 -0.404015 
-0.491592 -0.23511 
-0.505506 -0.221799 
-0.518954 -0.20801 
-0.531764 -0.193864 
-0.474466 -0.25034 
-0.385548 -0.313079 
-0.421079 -0.290803 
-0.439157 -0.278174 
-0.40348 -0.302218 
-0.562207 -0.154756 
0.157673 -0.460032 
0.214368 -0.458071 
0.186032 -0.459555 
0.129459 -0.459566 
0.10129 -0.458215 
0.506993 -0.352428 
-0.575373 -0.134351 
-0.606184 -0.0697727 
0.271066 -0.451777 
0.242768 -0.455501 
-0.0102554 -0.44491 
0.0174728 -0.449345 
0.0453268 -0.453066 
0.299263 -0.446806 
0.40926 -0.412595 
0.435343 -0.400053 
0.484324 -0.370007 
0.460314 -0.385924 
0.32731 -0.440492 
-0.456756 -0.264867 
0.630555 -0.16482 
0.52804 -0.333354 
0.581423 -0.266867 
0.588787 -0.254645 
0.639287 -0.138587 
0.620288 -0.190885 
0.608663 -0.216733 
-0.547646 -0.174603 
0.651284 -0.0855677 
0.654595 -0.0454259 
-0.0932638 -0.427453 
0.602368 -0.229534 
0.646273 -0.112176 
-0.298793 -0.357342 
-0.0518006 -0.436943 
0.556733 -0.30167 
-0.624753 0.0113673 
-0.616499 -0.0357107 
-0.59244 -0.102678 
0.368838 -0.428297 
-0.217301 -0.389992 
-0.271921 -0.368909 
-0.134643 -0.416476 
-0.189786 -0.399499 
-0.498605 -0.228513 
-0.525427 -0.200998 
-0.373907 -0.319761 
-0.430175 -0.284571 
-0.412325 -0.296581 
-0.483104 -0.24281 
0.200207 -0.458942 
-0.394554 -0.307715 
0.115369 -0.458998 
-0.568947 -0.144655 
0.256937 -0.453787 
0.0872688 -0.457226 
0.00359471 -0.447215 
0.0592848 -0.454647 
0.228581 -0.456925 
0.143564 -0.459913 
0.171854 -0.459915 
-0.0241391 -0.442422 
-0.621425 -0.012397 
0.285192 -0.449451 
0.395942 -0.418234 
0.422404 -0.406536 
0.472464 -0.378184 
0.313325 -0.44382 
-0.244686 -0.379805 
0.0313876 -0.451297 
-0.162229 -0.408322 
0.538025 -0.323175 
0.585157 -0.260788 
0.59232 -0.248437 
0.635111 -0.151767 
-0.44802 -0.271605 
-0.581416 -0.123949 
-0.465684 -0.257693 
0.44795 -0.393202 
-0.601979 -0.0808735 
-0.539836 -0.184342 
-0.350305 -0.332525 
0.517702 -0.343095 
0.652972 -0.0722373 
0.654418 -0.0521392 
0.573649 -0.278775 
0.654616 -0.0387543 
0.341249 -0.436799 
-0.512292 -0.214965 
-0.107042 -0.423965 
-0.0794385 -0.430786 
0.599105 -0.235876 
0.495825 -0.361432 
-0.325262 -0.345063 
-0.610008 -0.0585441 
-0.555071 -0.164786 
0.649035 -0.09892 
0.643003 -0.12544 
0.605553 -0.223152 
0.614623 -0.203875 
0.625584 -0.177917 
