ZONE T="boundary0"
-4 -1 
-4 -0.402703 
-4 -0.448929 
-4 -0.288045 
-4 -0.356477 
-4 0.323529 
-4 0.437469 
-4 0.105809 
-4 0.0383084 
-4 0.628191 
-4 -0.219613 
-4 -0.148871 
-4 0.17331 
-4 0.210864 
-4 -0.0552814 
-4 -0.823712 
-4 0.53283 
-4 -0.647423 
-4 -0.548176 
-4 0.139559 
-4 0.248419 
-4 0.380499 
-4 0.814096 
-4 1 
-4 0.285974 
-4 -0.425816 
-4 -0.322261 
-4 0.0720587 
-4 -0.184242 
-4 0.192087 
-4 -0.911856 
-4 0.48515 
-4 -0.253829 
-4 -0.102076 
-4 -0.5978 
-4 -0.00848651 
-4 0.122684 
-4 -0.735567 
-4 0.229642 
-4 0.352014 
-4 0.580511 
-4 0.907048 
-4 0.721143 
-4 -0.37959 
-4 -0.498553 
-4 0.156434 
-4 0.267197 
-4 0.304752 
-4 0.408984 
ZONE T="boundary1"
1.69583 1 
1.54625 1 
1.84542 1 
3.61123 1 
3.80562 1 
0.817221 1 
0.12622 1 
0.928487 1 
0.231626 1 
0.178923 1 
1.01238 1 
-1.00249 1 
0.413938 1 
0.367104 1 
1.32747 1 
0.00916671 1 
-1.41317 1 
-1.57855 1 
-0.0454373 1 
-0.600364 1 
-1.09205 1 
4 1 
3.29002 1 
1.09627 1 
3.04814 1 
-3.20524 1 
-2.62172 1 
-2.91148 1 
-3.499 1 
-2.12988 1 
-2.33196 1 
2.2621 1 
2.53419 1 
-1.75318 1 
-0.217359 1 
-0.1587 1 
-0.100041 1 
0.0676935 1 
0.299365 1 
-0.410296 1 
-0.313828 1 
0.630329 1 
0.554439 1 
0.460771 1 
0.706219 1 
-0.793131 1 
-0.50533 1 
-0.897812 1 
-1.1816 1 
-1.29738 1 
-0.696747 1 
1.21187 1 
-3.7495 1 
-4 1 
-1.92781 1 
2.05376 1 
2.80627 1 
1.62104 1 
3.70842 1 
0.872854 1 
0.205274 1 
0.970433 1 
0.390521 1 
1.43686 1 
-1.49586 1 
-0.0181353 1 
3.90281 1 
-3.35212 1 
-2.23092 1 
-0.18803 1 
-0.0727393 1 
0.0969569 1 
0.152572 1 
0.333234 1 
0.265495 1 
0.592384 1 
0.507605 1 
0.668274 1 
-0.362062 1 
-0.457813 1 
-0.552847 1 
-0.845471 1 
-1.23949 1 
-0.744939 1 
-3.05836 1 
-2.7666 1 
1.15407 1 
-1.13682 1 
-1.04727 1 
-1.35527 1 
3.45062 1 
-3.62425 1 
-3.87475 1 
-1.8405 1 
-2.47684 1 
2.15793 1 
2.39814 1 
2.67023 1 
2.9272 1 
3.16908 1 
-2.02885 1 
1.94959 1 
1.77062 1 
-0.129371 1 
0.0384301 1 
0.76172 1 
0.437354 1 
-0.265593 1 
1.05432 1 
-0.950152 1 
-0.648556 1 
1.26967 1 
-1.66587 1 
ZONE T="boundary2"
4 -0.664056 
4 -0.274176 
4 -0.455266 
4 -0.559661 
4 0.257932 
4 0.0609943 
4 -0.832028 
4 0.612548 
4 0.806274 
4 1 
4 -1 
4 -0.076402 
4 -0.011614 
4 -0.228648 
4 -0.184919 
4 -0.387485 
4 -0.319704 
4 0.22685 
4 0.133603 
4 0.32979 
4 0.401647 
4 0.507098 
4 0.164685 
4 0.195767 
4 -0.14119 
4 -0.507463 
4 -0.748042 
4 0.709411 
4 0.903137 
4 -0.044008 
4 -0.206784 
4 -0.29694 
4 -0.353594 
4 -0.421375 
4 -0.611858 
4 0.242391 
4 0.365718 
4 0.454372 
4 0.559823 
4 0.0246901 
4 0.180226 
4 -0.916014 
4 -0.163055 
4 -0.108796 
4 -0.251412 
4 0.211309 
4 0.293861 
4 0.0972985 
4 0.149144 
ZONE T="boundary3"
-3.57707 -1 
-4 -1 
-1.42286 -1 
-1.21643 -1 
2.83973 -1 
3.07618 -1 
0.265873 -1 
0.398957 -1 
-0.3113 -1 
-0.251802 -1 
3.31263 -1 
3.65632 -1 
-3.23843 -1 
-2.85182 -1 
4 -1 
2.65596 -1 
1.91991 -1 
-2.65407 -1 
-1.8046 -1 
-2.26604 -1 
-2.07577 -1 
-2.45632 -1 
-0.370798 -1 
-0.454733 -1 
-0.538669 -1 
0.0105697 -1 
-0.18922 -1 
0.613034 -1 
0.0802806 -1 
0.149991 -1 
0.92277 -1 
0.767902 -1 
0.505995 -1 
1.13653 -1 
1.02965 -1 
-0.809375 -1 
1.25133 -1 
1.36614 -1 
-3.40775 -1 
-0.674022 -1 
1.64383 -1 
1.73639 -1 
1.55126 -1 
1.4587 -1 
-1.02037 -1 
-1.4957 -1 
-1.89499 -1 
-1.71421 -1 
2.4722 -1 
2.10343 -1 
-0.126638 -1 
-0.058034 -1 
-0.914874 -1 
2.28781 -1 
-1.56853 -1 
-3.78854 -1 
-1.31964 -1 
2.95795 -1 
0.332415 -1 
-0.281551 -1 
3.48448 -1 
-3.04512 -1 
3.82816 -1 
2.74784 -1 
-2.1709 -1 
-2.55519 -1 
-0.341049 -1 
-0.496701 -1 
0.0454251 -1 
0.207932 -1 
0.559514 -1 
1.08309 -1 
0.452476 -1 
0.690468 -1 
0.845336 -1 
0.976209 -1 
1.30874 -1 
-3.32309 -1 
-0.741699 -1 
1.69011 -1 
1.50498 -1 
-1.1184 -1 
-3.49241 -1 
-1.45928 -1 
-1.98538 -1 
-2.36118 -1 
1.82815 -1 
-2.75294 -1 
-0.0923358 -1 
-0.0237321 -1 
-0.412765 -1 
0.115136 -1 
-0.862125 -1 
-0.157929 -1 
-0.220511 -1 
-0.967624 -1 
2.19562 -1 
2.38 -1 
2.56408 -1 
1.19393 -1 
3.19441 -1 
-1.64137 -1 
-0.606345 -1 
1.59755 -1 
1.41242 -1 
2.01167 -1 
-1.53212 -1 
-1.7594 -1 
-1.84979 -1 
ZONE T="boundary4"
0.517933 0.34155 
0.594031 0.23631 
0.478373 0.374929 
-0.485772 0.239285 
-0.499951 0.225429 
0.61765 0.184382 
0.626982 0.159767 
0.541199 0.316791 
0.552074 0.303454 
-0.563074 0.148453 
-0.539659 0.180824 
0.408045 0.416413 
0.432311 0.404138 
-0.623925 -0.0234024 
-0.611636 0.0434582 
-0.617179 0.0213164 
-0.604645 0.0653523 
0.648965 0.0102641 
-0.596239 0.0868819 
-0.575376 0.12851 
0.529843 0.329453 
-0.552033 0.164475 
0.642838 0.104354 
-0.586451 0.107979 
0.650026 0.025709 
-0.526955 0.196218 
-0.231204 0.392384 
-0.208501 0.401015 
-0.318206 0.353694 
-0.469858 0.253822 
-0.453441 0.267767 
-0.435522 0.281863 
0.649572 0.057072 
-0.417098 0.295271 
-0.338952 0.342948 
-0.29721 0.363921 
-0.275569 0.373839 
-0.378897 0.320186 
-0.359078 0.331848 
-0.513669 0.211108 
-0.185169 0.409316 
-0.161657 0.417116 
-0.1374 0.424582 
-0.25371 0.383264 
-0.0622294 0.444051 
-0.0357867 0.449587 
-0.0876818 0.438077 
-0.112971 0.431515 
-0.398194 0.308041 
0.579252 0.263345 
0.455867 0.39028 
0.355392 0.437329 
0.38193 0.427678 
0.562307 0.289621 
0.489283 0.366623 
0.499892 0.35793 
0.0185382 0.458782 
0.104768 0.467121 
0.135413 0.468119 
0.075538 0.465186 
0.198011 0.466644 
0.32528 0.446359 
0.571044 0.276653 
0.634761 0.135879 
0.648106 0.0727711 
0.645834 0.0886331 
0.650225 0.0413069 
-0.621272 -0.000991409 
-0.00919599 0.454457 
0.0463985 0.462337 
0.293869 0.453859 
0.606537 0.210273 
0.166088 0.468008 
0.229928 0.463915 
0.262366 0.459627 
-0.492917 0.232414 
0.622454 0.172127 
0.546715 0.310187 
0.420272 0.410462 
-0.614585 0.0324316 
-0.608315 0.0544608 
-0.600611 0.0761831 
-0.569366 0.138569 
0.523958 0.335571 
-0.545937 0.172718 
-0.581066 0.118327 
-0.533384 0.188585 
-0.219876 0.39676 
-0.47788 0.246624 
-0.444549 0.274901 
-0.426371 0.28865 
-0.461714 0.260869 
-0.286418 0.368943 
-0.307739 0.35887 
-0.328613 0.348387 
-0.36903 0.326089 
-0.196857 0.405228 
-0.149549 0.420916 
-0.264666 0.378612 
-0.0490253 0.446901 
-0.125205 0.428116 
-0.0749732 0.441139 
-0.100345 0.434869 
-0.4077 0.301735 
0.586854 0.249944 
-0.349052 0.337465 
0.467251 0.382797 
0.395073 0.422243 
0.368729 0.43269 
0.557272 0.296597 
0.535595 0.323189 
0.483865 0.370825 
0.494627 0.362325 
0.444202 0.397401 
-0.52038 0.203724 
0.120086 0.467755 
0.566743 0.283182 
0.631022 0.147872 
0.575213 0.270039 
0.63911 0.120196 
0.647065 0.0807157 
0.650233 0.0335066 
0.648938 0.0649308 
0.650003 0.0491937 
-0.388592 0.314188 
0.644423 0.0965107 
-0.173434 0.413279 
0.649605 0.017979 
-0.591507 0.0975058 
-0.622776 -0.0121758 
-0.242482 0.387885 
-0.0225069 0.452107 
0.0324558 0.460658 
0.0609573 0.463873 
0.0901453 0.466271 
0.309627 0.450327 
0.612229 0.197386 
0.00465633 0.456714 
0.150751 0.468206 
0.182056 0.46749 
0.340402 0.442064 
0.213984 0.465455 
0.246173 0.461967 
-0.506871 0.218327 
0.509047 0.349888 
-0.557643 0.156526 
-0.619403 0.0101952 
0.278154 0.456944 
0.600428 0.22336 
ZONE T="boundary5"
-0.611002 -0.157057 
-0.616449 -0.135018 
-0.604304 -0.178955 
-0.361531 -0.45774 
-0.33727 -0.469099 
-0.559021 -0.276189 
-0.548317 -0.292943 
-0.464718 -0.388027 
-0.427281 -0.417846 
-0.447031 -0.402854 
0.515177 -0.201673 
0.535973 -0.185526 
-0.596398 -0.200683 
-0.624997 -0.0682498 
-0.623474 -0.0905901 
0.644223 -0.0201056 
-0.620613 -0.112872 
-0.578511 -0.240859 
0.640554 -0.0349087 
0.624422 -0.0776453 
0.630612 -0.0637773 
-0.569138 -0.258735 
-0.481704 -0.372387 
-0.496883 -0.357095 
0.449778 -0.245216 
-0.208312 -0.504345 
-0.234757 -0.500312 
-0.536915 -0.309221 
-0.128422 -0.507233 
-0.312471 -0.479049 
-0.155087 -0.507797 
-0.181687 -0.506842 
-0.587892 -0.220977 
-0.101929 -0.505177 
-0.0492216 -0.496694 
-0.075465 -0.501645 
-0.511392 -0.341147 
-0.524486 -0.325458 
-0.384505 -0.445398 
-0.406813 -0.431817 
-0.623925 -0.0234024 
0.575713 -0.14838 
0.555898 -0.168196 
0.617382 -0.0912508 
0.648965 0.0102641 
0.495184 -0.215881 
0.474782 -0.229456 
0.402564 -0.273183 
0.380524 -0.285686 
0.593893 -0.126884 
0.609624 -0.104369 
0.424421 -0.26048 
-0.0230559 -0.490337 
0.0285336 -0.47375 
0.0540968 -0.463634 
0.0798353 -0.452283 
0.00281658 -0.482678 
0.105282 -0.440027 
0.156511 -0.412872 
0.18302 -0.397926 
0.131019 -0.426738 
0.209386 -0.38275 
0.236949 -0.366779 
0.264483 -0.350897 
0.321713 -0.318496 
0.351188 -0.302072 
0.546064 -0.177019 
0.585035 -0.137841 
0.647037 -0.00499004 
0.636015 -0.0494746 
-0.625157 -0.0458261 
-0.261027 -0.494732 
-0.286937 -0.487642 
0.2931 -0.334584 
-0.613879 -0.146075 
-0.34948 -0.463589 
-0.553759 -0.284623 
-0.43725 -0.410474 
0.525675 -0.193728 
-0.624404 -0.0794315 
-0.600489 -0.189869 
-0.622208 -0.101752 
0.642498 -0.0275342 
0.627617 -0.0707562 
-0.489377 -0.364823 
-0.221564 -0.50252 
-0.195018 -0.505786 
-0.141751 -0.507705 
-0.59226 -0.210878 
-0.0623105 -0.499343 
-0.0886727 -0.503591 
-0.504225 -0.3492 
-0.530787 -0.317405 
-0.542702 -0.301142 
-0.373101 -0.451725 
-0.455961 -0.395543 
-0.39575 -0.438757 
-0.473302 -0.380305 
0.565998 -0.15848 
0.505243 -0.208866 
0.391557 -0.279457 
0.602026 -0.115814 
-0.573917 -0.249845 
0.413513 -0.266866 
0.0413665 -0.468822 
0.0670176 -0.458076 
0.0926055 -0.446253 
0.169788 -0.405439 
0.143797 -0.419863 
0.196213 -0.390357 
0.223169 -0.374765 
0.250709 -0.358825 
-0.518021 -0.333371 
0.336446 -0.310277 
0.54105 -0.181309 
0.485028 -0.222736 
0.589526 -0.132413 
0.551017 -0.172647 
0.437135 -0.252906 
0.580431 -0.143161 
0.620999 -0.0844986 
0.613594 -0.0978638 
0.633419 -0.0566658 
0.638393 -0.0422252 
0.645741 -0.0125685 
0.648111 0.00262309 
0.462326 -0.237408 
-0.61869 -0.123975 
-0.607799 -0.168051 
-0.583309 -0.230968 
-0.564174 -0.267517 
0.365865 -0.293895 
-0.624716 -0.0346046 
-0.62525 -0.0570392 
-0.417135 -0.424961 
-0.247932 -0.497712 
-0.274033 -0.491374 
-0.115161 -0.506389 
0.0157249 -0.478358 
-0.0100738 -0.486662 
-0.32494 -0.474249 
-0.168394 -0.50751 
-0.0360983 -0.493682 
-0.299766 -0.483529 
0.118192 -0.433463 
0.27878 -0.342719 
0.307395 -0.326521 
