ZONE T="boundary0"
-4 -0.434359 
-4 -0.388891 
-4 0.140641 
-4 0.192786 
-4 0.361183 
-4 0.260983 
-4 0.76129 
-4 0.52258 
-4 0.311083 
-4 1 
-4 0.0977081 
-4 0.0547755 
-4 0.441881 
-4 -0.110867 
-4 0.013365 
-4 -0.505064 
-4 -0.575769 
-4 -0.159968 
-4 -0.787885 
-4 -1 
-4 -0.209069 
-4 -0.276246 
-4 -0.343423 
-4 -0.0280456 
-4 -0.309835 
-4 -0.411625 
-4 0.166713 
-4 0.641935 
-4 0.336133 
-4 0.0762418 
-4 0.226885 
-4 0.401532 
-4 -0.540416 
-4 -0.135417 
-4 -0.681827 
-4 -0.469711 
-4 -0.893942 
-4 0.880645 
-4 0.286033 
-4 -0.242658 
-4 -0.184519 
-4 -0.366157 
-4 0.119174 
-4 -0.0073403 
-4 0.0340702 
-4 -0.0694561 
-4 0.482231 
-4 -0.29304 
-4 -0.326629 
ZONE T="boundary1"
-3.39322 1 
-3.51801 1 
1.04339 1 
0.790278 1 
0.65476 1 
1.28165 1 
3.78958 1 
-0.0388782 1 
-0.718975 1 
-1.90869 1 
-1.6995 1 
-1.43247 1 
3.36874 1 
3.15832 1 
1.53147 1 
1.40656 1 
4 1 
3.57916 1 
-2.3348 1 
-2.11788 1 
-2.55172 1 
2.02392 1 
2.21645 1 
-3.75901 1 
-4 1 
-3.01882 1 
-0.54461 1 
0.43358 1 
0.54417 1 
-0.0994197 1 
0.0269543 1 
-0.159961 1 
0.176473 1 
0.916833 1 
-0.419872 1 
-0.935461 1 
-0.827218 1 
1.16252 1 
-1.11417 1 
-1.02482 1 
-1.30569 1 
-1.20993 1 
-3.26842 1 
-1.55925 1 
2.67519 1 
2.44582 1 
2.79597 1 
1.8314 1 
1.68143 1 
-2.78527 1 
0.34687 1 
0.26016 1 
0.0927868 1 
-0.357503 1 
-0.295134 1 
-0.227548 1 
2.91675 1 
-3.45562 1 
0.722519 1 
-1.80409 1 
3.26353 1 
1.46902 1 
3.47395 1 
-2.22634 1 
-3.8795 1 
0.488875 1 
-0.12969 1 
-0.069149 1 
0.98011 1 
0.853555 1 
-0.482241 1 
-0.88134 1 
1.22208 1 
1.10295 1 
1.3441 1 
-1.06949 1 
-0.773097 1 
-0.631793 1 
-1.25781 1 
-3.33082 1 
-1.49586 1 
-1.16205 1 
-3.63851 1 
-3.14362 1 
-1.36908 1 
-1.62937 1 
-2.01328 1 
2.5605 1 
2.33113 1 
2.73558 1 
1.92766 1 
1.60645 1 
2.12018 1 
-2.6685 1 
-2.90205 1 
3.89479 1 
3.68437 1 
0.390225 1 
0.303515 1 
0.13463 1 
-0.00596194 1 
0.0598706 1 
0.218317 1 
-0.388687 1 
-0.261341 1 
0.599465 1 
-0.326319 1 
-0.193754 1 
-2.44326 1 
1.75642 1 
2.85636 1 
-0.980139 1 
3.03754 1 
ZONE T="boundary2"
4 -0.491677 
4 -0.228675 
4 -0.174176 
4 -0.104991 
4 0.221546 
4 0.148345 
4 -0.201425 
4 0.349809 
4 0.734083 
4 0.601124 
4 0.0175503 
4 0.0829474 
4 0.408987 
4 -0.886977 
4 -0.773954 
4 1 
4 -0.547907 
4 -1 
4 0.280753 
4 0.251149 
4 0.468166 
4 -0.299408 
4 -0.66093 
4 -0.27583 
4 -0.379216 
4 -0.322985 
4 -0.435446 
4 -0.139583 
4 0.184945 
4 0.667604 
4 -0.0437203 
4 0.115646 
4 -0.830465 
4 0.867041 
4 -0.943488 
4 0.236348 
4 0.315281 
4 0.0502489 
4 0.438577 
4 0.379398 
4 0.534645 
4 0.265951 
4 -0.287619 
4 -0.252252 
4 -0.311196 
4 -0.3511 
4 -0.187801 
4 -0.21505 
4 -0.407331 
4 -0.463561 
4 -0.604419 
4 -0.519792 
4 -0.717442 
ZONE T="boundary3"
-3.44938 -1 
-3.75192 -1 
-3.87596 -1 
2.76922 -1 
2.97016 -1 
0.0912371 -1 
-0.889689 -1 
-0.61412 -1 
-0.519127 -1 
0.0198101 -1 
-0.124491 -1 
-0.709114 -1 
1.23661 -1 
-0.346068 -1 
1.85937 -1 
2.39276 -1 
3.22318 -1 
3.41738 -1 
3.61159 -1 
2.21724 -1 
-2.86757 -1 
-2.67701 -1 
3.80579 -1 
4 -1 
-3.05813 -1 
-1.66259 -1 
-0.0516169 -1 
0.328554 -1 
0.420314 -1 
0.236795 -1 
-0.197364 -1 
-0.271716 -1 
0.691206 -1 
0.798959 -1 
0.906712 -1 
1.10632 -1 
1.00652 -1 
0.164016 -1 
-4 -1 
0.55576 -1 
0.488037 -1 
0.623483 -1 
-0.799402 -1 
-1.02905 -1 
1.57957 -1 
1.3669 -1 
1.47323 -1 
-1.1684 -1 
-1.43445 -1 
2.56828 -1 
-1.2634 -1 
-2.39275 -1 
-2.25062 -1 
-2.10848 -1 
-1.51049 -1 
2.0383 -1 
-1.88554 -1 
-0.432597 -1 
-1.3584 -1 
-3.60065 -1 
-3.81394 -1 
2.86969 -1 
-0.566623 -1 
3.09667 -1 
3.51449 -1 
-2.77229 -1 
3.9029 -1 
-3.25375 -1 
-0.0159034 -1 
0.374434 -1 
-0.308892 -1 
-0.160927 -1 
0.745083 -1 
1.05642 -1 
0.200405 -1 
0.0555236 -1 
-3.93798 -1 
0.521899 -1 
-0.661617 -1 
0.282675 -1 
0.657345 -1 
0.956613 -1 
0.852835 -1 
-0.844546 -1 
-0.959367 -1 
-0.754258 -1 
1.42007 -1 
3.32028 -1 
2.48052 -1 
-1.2159 -1 
-2.32168 -1 
-1.58654 -1 
1.94884 -1 
-2.17955 -1 
1.71947 -1 
1.5264 -1 
2.66875 -1 
2.305 -1 
-1.99701 -1 
2.12777 -1 
-1.77406 -1 
-0.0880537 -1 
0.589622 -1 
0.127627 -1 
-0.475862 -1 
-0.389333 -1 
-0.23454 -1 
0.454176 -1 
-1.3109 -1 
1.30175 -1 
1.17146 -1 
-1.39642 -1 
-1.47247 -1 
-1.09872 -1 
-2.53488 -1 
-2.96285 -1 
3.70869 -1 
ZONE T="boundary4"
-0.0663639 0.45584 
-0.287341 0.419793 
-0.308341 0.412875 
-0.435098 0.352225 
-0.645663 0.000863568 
0.658521 0.031624 
0.656375 0.0445183 
0.660898 0.00587981 
-0.366219 0.389644 
-0.347693 0.397796 
0.518086 0.267696 
0.534554 0.251303 
-0.14663 0.449564 
-0.120794 0.452346 
-0.643821 0.0362367 
-0.641553 0.0539296 
0.661141 -0.0069941 
-0.638393 0.0715551 
-0.634369 0.0889891 
0.603574 0.166751 
-0.624182 0.122168 
-0.629511 0.10618 
-0.589785 0.194423 
-0.597809 0.180452 
0.623551 0.133921 
0.615312 0.148301 
-0.618469 0.13713 
-0.266135 0.426052 
-0.243574 0.43196 
-0.571556 0.222505 
-0.612175 0.151791 
-0.551447 0.249235 
-0.530063 0.273887 
-0.466185 0.330819 
-0.450974 0.341706 
-0.480984 0.319379 
0.563595 0.219179 
-0.401823 0.371825 
-0.384466 0.380885 
-0.328138 0.405651 
-0.172373 0.446031 
-0.196675 0.441965 
0.590894 0.184771 
-0.093605 0.454483 
-0.507279 0.296644 
-0.605269 0.16626 
-0.64519 0.0185186 
-0.418861 0.362177 
-0.220843 0.437178 
0.660756 -0.0198529 
0.291795 0.402604 
0.321225 0.391388 
0.3502 0.378955 
0.378477 0.36534 
0.577543 0.20221 
0.54933 0.235468 
0.481708 0.299441 
0.500944 0.283375 
0.636729 0.107103 
0.457563 0.317625 
0.43207 0.334788 
0.0494027 0.453289 
0.0199863 0.455191 
0.109664 0.446716 
0.14024 0.441966 
0.170652 0.436255 
0.0795812 0.450452 
0.646357 0.0823207 
0.631143 0.119191 
0.653621 0.0572688 
0.405613 0.350719 
-0.0379208 0.456447 
-0.0094702 0.456243 
0.201257 0.429467 
0.261883 0.412684 
0.231616 0.421642 
-0.297868 0.416417 
0.657526 0.0380842 
0.660023 0.0187814 
-0.356989 0.393795 
0.526403 0.259583 
-0.133722 0.451047 
-0.642798 0.0450974 
0.661098 -0.00055553 
-0.636488 0.0802968 
-0.626935 0.114204 
-0.632044 0.0976138 
-0.593861 0.187474 
0.619508 0.141155 
-0.621403 0.129679 
-0.254877 0.429093 
-0.640083 0.062762 
-0.540975 0.261752 
-0.458629 0.336332 
-0.443083 0.347037 
-0.473638 0.325168 
-0.393183 0.376427 
-0.337947 0.401803 
-0.184539 0.444087 
-0.276762 0.423003 
-0.107207 0.453513 
-0.518873 0.285467 
-0.318267 0.409341 
-0.375379 0.385341 
-0.601607 0.17339 
-0.644617 0.0273863 
-0.427023 0.357272 
-0.615396 0.144492 
-0.208777 0.439663 
-0.159515 0.447893 
-0.645538 0.00969401 
0.306566 0.397143 
0.364415 0.372305 
0.570638 0.210751 
0.542008 0.243446 
0.5096 0.275628 
0.444928 0.326372 
0.0347012 0.454346 
0.12497 0.44446 
-0.0799893 0.455258 
-0.410384 0.367075 
0.556525 0.227377 
0.584299 0.193552 
0.641808 0.0948153 
0.633996 0.113175 
0.609558 0.157599 
-0.580921 0.208627 
0.627432 0.1266 
0.661026 -0.0134257 
0.655073 0.05091 
0.49142 0.29152 
0.597332 0.17583 
-0.232228 0.434654 
0.39213 0.358187 
0.41894 0.342916 
0.0645025 0.451983 
0.0946368 0.448697 
-0.0236949 0.456446 
0.00526188 0.455824 
0.155469 0.439232 
0.185983 0.432989 
-0.0521447 0.456246 
0.469758 0.308696 
0.24679 0.417301 
0.21647 0.425686 
0.335779 0.385325 
-0.608792 0.159061 
0.650273 0.0698778 
-0.561729 0.236042 
0.276887 0.407786 
-0.494339 0.30825 
ZONE T="boundary5"
-0.207892 -0.423742 
-0.489007 -0.304405 
-0.512562 -0.284315 
-0.592153 -0.187101 
-0.6074 -0.159406 
-0.643969 -0.0340101 
-0.625637 -0.116391 
0.645756 -0.0955778 
-0.64525 -0.0166559 
-0.645663 0.000863568 
-0.614059 -0.145361 
-0.620135 -0.131045 
-0.641849 -0.0511206 
-0.630692 -0.100887 
0.6249 -0.14362 
0.636314 -0.119855 
-0.109271 -0.437761 
-0.252958 -0.413884 
-0.231128 -0.418961 
-0.27465 -0.408234 
-0.334162 -0.389221 
-0.31513 -0.395908 
-0.0833452 -0.439937 
-0.135143 -0.434992 
-0.184547 -0.427941 
-0.159886 -0.43176 
-0.463202 -0.323516 
-0.424741 -0.347588 
-0.53448 -0.262761 
-0.389209 -0.366095 
-0.294975 -0.402351 
-0.407138 -0.357154 
-0.442197 -0.337243 
0.611922 -0.166506 
0.653075 -0.0707738 
-0.63518 -0.0845959 
-0.638908 -0.0680072 
-0.371225 -0.374325 
-0.35299 -0.381981 
-0.0297011 -0.442617 
-0.00223039 -0.443063 
0.0531517 -0.442059 
-0.056537 -0.441579 
0.0252412 -0.442884 
0.0810351 -0.440573 
0.10923 -0.438376 
0.222316 -0.421826 
0.250488 -0.415509 
0.193956 -0.427237 
0.137361 -0.43546 
0.165717 -0.431749 
0.278591 -0.408188 
0.413274 -0.355127 
0.435443 -0.342654 
0.333928 -0.390393 
0.30641 -0.399841 
0.476038 -0.31594 
0.494431 -0.301848 
0.530602 -0.269488 
0.512954 -0.286127 
0.457005 -0.329151 
0.387532 -0.368042 
0.582162 -0.210035 
0.361023 -0.3798 
0.54864 -0.250584 
0.565738 -0.230801 
0.641281 -0.107809 
0.597666 -0.188532 
0.660756 -0.0198529 
0.65813 -0.0454186 
-0.545137 -0.251083 
-0.57466 -0.213777 
-0.555373 -0.239033 
-0.500959 -0.294565 
-0.600052 -0.173405 
-0.644718 -0.025341 
-0.645566 -0.00789882 
-0.617171 -0.138235 
-0.643015 -0.0425785 
-0.628252 -0.108667 
0.630823 -0.131842 
-0.610801 -0.152417 
-0.242059 -0.416492 
-0.263823 -0.411132 
-0.32467 -0.392632 
-0.122215 -0.436452 
-0.196233 -0.425913 
-0.172228 -0.429926 
-0.523714 -0.273735 
-0.415983 -0.35245 
-0.398212 -0.361702 
-0.452785 -0.33051 
-0.476267 -0.314179 
0.618592 -0.155166 
-0.637144 -0.076324 
-0.640481 -0.0595818 
-0.305075 -0.399201 
-0.362137 -0.378223 
-0.380251 -0.370282 
-0.015967 -0.442918 
-0.219525 -0.421426 
0.0951395 -0.439563 
0.236428 -0.418784 
0.151552 -0.433702 
0.264572 -0.411973 
-0.433519 -0.342499 
0.29254 -0.404146 
0.42443 -0.349018 
0.485319 -0.309005 
0.521887 -0.277923 
0.466598 -0.322655 
0.400482 -0.361742 
0.446305 -0.336033 
-0.147524 -0.433448 
0.347533 -0.385244 
0.557301 -0.24079 
0.638856 -0.113856 
0.604943 -0.177616 
0.649686 -0.0832551 
-0.622965 -0.123747 
0.59004 -0.199375 
0.643582 -0.101716 
-0.284832 -0.405361 
-0.343603 -0.385672 
-0.633033 -0.0927681 
-0.0963143 -0.438922 
0.539746 -0.260155 
0.659749 -0.0326666 
-0.0699456 -0.440834 
0.503795 -0.294108 
0.0670978 -0.441399 
0.0391988 -0.442553 
0.208157 -0.424642 
-0.043122 -0.442173 
0.574061 -0.220507 
0.123305 -0.437009 
0.0115059 -0.443051 
0.179853 -0.429596 
0.320217 -0.395257 
0.655896 -0.0581544 
-0.583655 -0.200602 
-0.550307 -0.245103 
-0.539862 -0.256969 
-0.565236 -0.226572 
0.374346 -0.374075 
