ZONE T="boundary0"
-4 -0.837665 
-4 0.250987 
-4 0.192546 
-4 0.315977 
-4 0.380425 
-4 0.57377 
-4 0.444873 
-4 -0.149588 
-4 0.680327 
-4 -1 
-4 0.130774 
-4 0.0690014 
-4 -0.347577 
-4 -0.323599 
-4 -0.41793 
-4 -0.488283 
-4 -0.200628 
-4 -0.251668 
-4 -0.299622 
-4 -0.0402933 
-4 0.786885 
-4 1 
-4 -0.67533 
-4 -0.581806 
-4 0.221767 
-4 0.283482 
-4 0.348201 
-4 0.627049 
-4 0.0998876 
-4 0.412649 
-4 -0.335588 
-4 -0.453106 
-4 -0.226148 
-4 -0.175108 
-4 -0.275645 
-4 0.0143541 
-4 -0.0949406 
-4 0.733606 
-4 0.509322 
-4 0.893442 
-4 -0.918832 
-4 -0.756497 
-4 -0.382753 
-4 0.16166 
-4 -0.535044 
-4 -0.628568 
-4 -0.311611 
ZONE T="boundary1"
3.83669 1 
3.06228 1 
0.622473 1 
0.508809 1 
0.395146 1 
-0.263087 1 
-0.0474885 1 
0.0237234 1 
-0.173574 1 
-0.21833 1 
0.242261 1 
0.168598 1 
0.807845 1 
-0.353639 1 
-0.44419 1 
1.10556 1 
1.20391 1 
0.0949353 1 
0.715159 1 
3.67339 1 
3.34678 1 
-1.73327 1 
-1.97082 1 
2.6893 1 
2.56497 1 
-2.99768 1 
2.81362 1 
2.45889 1 
1.82817 1 
-1.06062 1 
-0.523197 1 
-0.110531 1 
-0.602205 1 
0.318704 1 
-0.801476 1 
-0.701841 1 
-1.27499 1 
0.907526 1 
-3.75704 1 
-1.61449 1 
1.30937 1 
-3.51409 1 
-4 1 
1.41484 1 
1.00721 1 
-3.37585 1 
-1.38535 1 
-1.49571 1 
-1.16781 1 
1.64671 1 
1.56942 1 
-3.23761 1 
-2.75776 1 
-2.55457 1 
2.35282 1 
1.72401 1 
2.14066 1 
1.93234 1 
-0.652023 1 
-0.931049 1 
-0.866262 1 
4 1 
-2.1611 1 
-2.35138 1 
0.565641 1 
-0.0118825 1 
-0.195952 1 
0.20543 1 
-0.398914 1 
0.131767 1 
0.761502 1 
3.51008 1 
-1.85204 1 
2.62713 1 
2.75146 1 
-0.0790099 1 
-0.562701 1 
0.280483 1 
-0.751658 1 
0.451978 1 
0.668816 1 
0.857685 1 
1.25664 1 
-3.63557 1 
-3.87852 1 
1.15473 1 
1.05638 1 
-3.44497 1 
-1.44053 1 
1.60807 1 
3.20453 1 
-3.11765 1 
-2.87772 1 
-2.65616 1 
-1.67388 1 
2.93795 1 
1.77609 1 
2.0365 1 
-0.142053 1 
0.0593294 1 
-0.308363 1 
-0.240709 1 
0.356925 1 
-0.483694 1 
-0.627114 1 
-0.676932 1 
-0.995835 1 
-0.833869 1 
-0.898655 1 
3.91835 1 
2.24674 1 
3.75504 1 
-2.45298 1 
-2.06596 1 
-2.25624 1 
-1.33017 1 
-1.2214 1 
-3.30673 1 
-1.5551 1 
1.36211 1 
1.88025 1 
0.957366 1 
1.49213 1 
1.68536 1 
-1.11421 1 
2.40585 1 
2.51193 1 
ZONE T="boundary2"
4 -0.60075 
4 -0.49975 
4 -0.701751 
4 -1 
4 -0.272122 
4 0.325367 
4 0.273015 
4 0.895514 
4 -0.100226 
4 0.408221 
4 0.143155 
4 0.198813 
4 0.582056 
4 0.495138 
4 -0.297439 
4 0.0874976 
4 -0.0460692 
4 -0.154383 
4 0.0207142 
4 -0.436571 
4 -0.373391 
4 0.791028 
4 -0.213253 
4 -0.242687 
4 -0.183818 
4 -0.348074 
4 1 
4 -0.322757 
4 -0.55025 
4 -0.850875 
4 0.299191 
4 0.366794 
4 0.170984 
4 0.538597 
4 -0.284781 
4 0.115326 
4 -0.0731477 
4 -0.127305 
4 -0.0126775 
4 0.0541059 
4 -0.404981 
4 0.686542 
4 -0.651251 
4 -0.22797 
4 -0.257405 
4 -0.169101 
4 -0.198535 
4 -0.46816 
4 0.235914 
4 0.45168 
4 0.947757 
4 0.843271 
4 -0.360733 
4 -0.310098 
4 -0.335415 
ZONE T="boundary3"
-1.83447 -1 
-1.11371 -1 
-1.0039 -1 
2.89465 -1 
3.06929 -1 
4 -1 
0.0242763 -1 
-0.0326237 -1 
-0.167292 -1 
-0.890052 -1 
-0.776201 -1 
-0.128408 -1 
-0.0895237 -1 
0.290097 -1 
0.339011 -1 
1.25231 -1 
1.15133 -1 
-1.6768 -1 
-1.43486 -1 
1.68503 -1 
1.55471 -1 
-0.662264 -1 
3.65098 -1 
3.4183 -1 
1.454 -1 
2.27198 -1 
-2.18093 -1 
-1.99214 -1 
2.41733 -1 
3.2438 -1 
2.72001 -1 
-4 -1 
-3.58716 -1 
-2.78673 -1 
-3.00605 -1 
-3.40627 -1 
-3.22537 -1 
0.42549 -1 
0.241183 -1 
0.192269 -1 
0.511969 -1 
0.614473 -1 
0.716976 -1 
-0.548328 -1 
-0.421335 -1 
0.143355 -1 
0.0838158 -1 
0.879653 -1 
1.0426 -1 
-0.294343 -1 
-0.230817 -1 
0.825428 -1 
1.35329 -1 
-1.22352 -1 
-1.32919 -1 
1.81535 -1 
2.12663 -1 
1.97099 -1 
-2.57822 -1 
-2.68247 -1 
2.56867 -1 
-2.36971 -1 
0.933879 -1 
-1.05881 -1 
2.98197 -1 
-0.00417373 -1 
-0.833126 -1 
-0.108966 -1 
0.314554 -1 
1.20182 -1 
-1.55583 -1 
1.61987 -1 
3.53464 -1 
3.82549 -1 
-2.08653 -1 
3.33105 -1 
-3.79358 -1 
-2.89639 -1 
-3.31582 -1 
0.38225 -1 
0.26564 -1 
0.216726 -1 
0.468729 -1 
0.665724 -1 
-0.14785 -1 
-0.484832 -1 
0.563221 -1 
-0.0610737 -1 
0.113586 -1 
-0.357839 -1 
1.3028 -1 
1.50435 -1 
-1.27636 -1 
-1.16862 -1 
1.40364 -1 
1.75019 -1 
-0.605296 -1 
-0.946977 -1 
-3.49671 -1 
-3.11571 -1 
3.15654 -1 
2.04881 -1 
-2.63035 -1 
1.89317 -1 
2.493 -1 
2.80733 -1 
2.64434 -1 
-2.27532 -1 
2.34466 -1 
2.1993 -1 
-1.75563 -1 
-1.9133 -1 
0.054046 -1 
0.167812 -1 
0.771202 -1 
1.09697 -1 
-2.7346 -1 
-2.47397 -1 
-0.719233 -1 
-1.38203 -1 
-0.26258 -1 
-0.199054 -1 
0.906766 -1 
0.988242 -1 
0.85254 -1 
ZONE T="boundary4"
0.50497 0.226795 
0.53027 0.208737 
-0.626009 0.0687537 
-0.114365 0.475648 
-0.088591 0.469799 
-0.13943 0.480113 
-0.189179 0.485102 
-0.164247 0.483268 
-0.613955 0.15973 
-0.623985 0.02407 
0.645411 0.0392407 
0.641317 0.0552729 
0.651597 -0.00978467 
0.650532 0.00669267 
0.388146 0.287884 
0.409187 0.278815 
0.623145 0.101208 
0.63015 0.0863184 
-0.622692 0.114203 
-0.618997 0.137001 
0.636257 0.0708869 
-0.607624 0.182223 
-0.592696 0.223096 
-0.600048 0.204467 
-0.575752 0.259179 
-0.584597 0.241337 
-0.566053 0.276714 
-0.486642 0.375833 
-0.46968 0.390788 
0.134002 0.386266 
0.164704 0.373552 
-0.213477 0.485546 
-0.544193 0.310434 
-0.531353 0.327458 
-0.285028 0.478615 
-0.517717 0.343815 
-0.502574 0.36024 
-0.625029 0.0914206 
-0.433472 0.41789 
-0.394293 0.441005 
-0.373745 0.450898 
-0.414321 0.429924 
-0.35233 0.45973 
-0.307895 0.473627 
-0.625651 0.0462837 
-0.330507 0.467274 
-0.261464 0.482309 
-0.237789 0.484606 
-0.0629567 0.462816 
-0.451985 0.404794 
0.429946 0.269214 
-0.555562 0.293759 
0.478722 0.243259 
0.341582 0.306319 
0.364984 0.297277 
0.314081 0.316594 
0.286369 0.326789 
0.553302 0.189766 
0.454603 0.25676 
0.0176222 0.434755 
0.0451712 0.423665 
0.10332 0.399217 
0.25684 0.337694 
0.227176 0.348868 
0.616713 0.113095 
0.648464 0.0231195 
0.60974 0.124583 
0.651697 -0.0263109 
0.593668 0.147165 
0.574904 0.168869 
0.0742486 0.411533 
-0.0369612 0.454671 
-0.0100091 0.44525 
0.195964 0.360989 
0.517761 0.217974 
-0.101451 0.472871 
-0.126876 0.478033 
-0.176705 0.484356 
0.643491 0.0472899 
0.651187 -0.00153758 
0.398694 0.283411 
0.626763 0.0938186 
-0.62101 0.12563 
0.63891 0.0631205 
-0.610944 0.171022 
-0.616638 0.148403 
-0.596471 0.213822 
-0.580271 0.250307 
-0.588741 0.23226 
-0.571003 0.268004 
-0.478258 0.383424 
0.149344 0.379873 
-0.201329 0.485493 
-0.537876 0.319026 
-0.51025 0.352125 
-0.524634 0.335721 
-0.624028 0.102831 
-0.494707 0.36814 
-0.384088 0.446098 
-0.363101 0.45547 
-0.296499 0.476289 
-0.624981 0.0351658 
-0.423978 0.42404 
-0.319248 0.470619 
-0.225643 0.485252 
-0.0757455 0.466438 
-0.151824 0.48185 
0.419601 0.274089 
-0.549974 0.302164 
-0.249646 0.48363 
-0.273275 0.480637 
-0.460925 0.39791 
-0.341472 0.463661 
-0.625996 0.0575173 
-0.560906 0.285299 
0.37659 0.292637 
0.3533 0.301837 
0.300232 0.321695 
0.541955 0.199468 
0.442338 0.263111 
-0.404384 0.435606 
0.0314156 0.429266 
0.118658 0.392723 
-0.442816 0.411469 
0.271606 0.332223 
0.327847 0.311484 
0.620003 0.107193 
0.647063 0.0312044 
0.613296 0.118882 
0.633326 0.078652 
0.651766 -0.0180466 
-0.603982 0.193396 
0.649624 0.0149225 
0.0597221 0.417633 
0.0887874 0.405382 
-0.0234556 0.450063 
0.491956 0.235211 
0.601974 0.136071 
0.00383214 0.440086 
-0.0499306 0.45886 
0.180323 0.367222 
0.242004 0.343246 
0.211562 0.35488 
-0.625687 0.0800958 
0.584532 0.158236 
0.564323 0.179553 
0.466734 0.250147 
ZONE T="boundary5"
-0.533691 -0.190232 
-0.545575 -0.174348 
-0.439572 -0.287078 
0.571569 -0.268826 
0.556436 -0.292857 
-0.621047 0.00218319 
-0.623985 0.02407 
0.48 -0.376173 
0.459244 -0.391905 
-0.588586 -0.101649 
-0.597331 -0.0816761 
-0.611509 -0.0405235 
-0.616873 -0.0193703 
-0.604979 -0.0613113 
-0.556841 -0.158011 
-0.36808 -0.338528 
-0.189859 -0.424385 
-0.213955 -0.415382 
0.376933 -0.437419 
0.407738 -0.423044 
-0.237483 -0.405893 
-0.305643 -0.374152 
-0.327056 -0.362724 
-0.089805 -0.454566 
-0.115532 -0.447875 
-0.0372872 -0.466001 
-0.165531 -0.432771 
-0.140636 -0.440643 
-0.0638937 -0.460579 
-0.567944 -0.140365 
-0.496817 -0.233248 
-0.483657 -0.246873 
-0.509586 -0.219239 
-0.521866 -0.20493 
-0.405751 -0.313147 
-0.387652 -0.325766 
-0.348146 -0.350687 
-0.455266 -0.273669 
-0.423447 -0.299949 
-0.469673 -0.260502 
0.634478 -0.125239 
0.62336 -0.157742 
-0.0105239 -0.47069 
-0.283342 -0.385277 
0.611889 -0.186509 
0.437664 -0.406181 
-0.578776 -0.121219 
0.131201 -0.482409 
0.101723 -0.481853 
0.0731566 -0.480344 
0.044663 -0.47792 
0.0170095 -0.47471 
0.251669 -0.472955 
0.220924 -0.477317 
0.160683 -0.481904 
0.190596 -0.480249 
0.28281 -0.46698 
0.503005 -0.355963 
0.513973 -0.345103 
0.524499 -0.333801 
0.541055 -0.313988 
0.650869 -0.0428473 
0.649146 -0.0594538 
0.646594 -0.0759551 
0.643253 -0.0924507 
-0.260752 -0.395796 
0.651697 -0.0263109 
0.585436 -0.243447 
0.34577 -0.449371 
0.599079 -0.215431 
0.3142 -0.459199 
-0.539707 -0.182345 
0.564204 -0.28097 
-0.622676 0.0131061 
0.46975 -0.384209 
-0.59309 -0.0917201 
-0.614341 -0.029984 
-0.601293 -0.071545 
-0.201936 -0.419961 
0.392468 -0.430515 
-0.22575 -0.410713 
-0.316389 -0.368512 
-0.102691 -0.451305 
-0.128108 -0.44434 
-0.153109 -0.436787 
-0.0768699 -0.457658 
-0.490286 -0.240108 
-0.527839 -0.19763 
-0.503252 -0.22629 
-0.337644 -0.356782 
-0.377915 -0.332223 
-0.447476 -0.28044 
-0.414653 -0.306621 
-0.39675 -0.319527 
-0.476718 -0.253743 
0.629162 -0.141572 
-0.294531 -0.379791 
0.422868 -0.41491 
-0.583806 -0.111497 
-0.431562 -0.293579 
-0.56249 -0.149249 
-0.462523 -0.267144 
0.116459 -0.48226 
0.0874334 -0.481215 
0.0308239 -0.476418 
-0.177722 -0.428656 
0.236322 -0.475314 
0.175648 -0.481224 
-0.608389 -0.0509621 
0.267278 -0.470166 
-0.515781 -0.212132 
0.448565 -0.399213 
0.508543 -0.350588 
0.532943 -0.324035 
0.650115 -0.0511613 
0.548921 -0.303551 
-0.358157 -0.344681 
-0.551289 -0.166236 
0.647969 -0.0677194 
0.519293 -0.339505 
-0.573478 -0.130858 
0.63918 -0.108927 
0.617772 -0.172184 
-0.272082 -0.390612 
0.491701 -0.366296 
0.645015 -0.0842212 
0.651396 -0.0345844 
-0.249151 -0.400921 
0.145944 -0.482292 
0.0032277 -0.4728 
-0.0239224 -0.468439 
0.578676 -0.256233 
0.361452 -0.443657 
0.0588999 -0.479244 
0.205776 -0.478945 
-0.0506097 -0.463381 
0.605611 -0.201026 
0.29856 -0.463309 
0.330061 -0.454529 
-0.619116 -0.00862271 
0.592395 -0.229507 
