ZONE T="boundary0"
-4 -0.332942 
-4 -0.387173 
-4 0.217155 
-4 0.176715 
-4 0.392675 
-4 0.257595 
-4 0.124374 
-4 0.346835 
-4 -0.223544 
-4 0.0720331 
-4 0.014238 
-4 -1 
-4 -0.043557 
-4 0.438515 
-4 0.530196 
-4 0.765098 
-4 0.647647 
-4 -0.476052 
-4 -0.564931 
-4 -0.278712 
-4 -0.105967 
-4 -0.168376 
-4 1 
-4 0.882549 
-4 -0.782466 
-4 -0.360058 
-4 0.196935 
-4 0.0431355 
-4 0.0982034 
-4 0.150544 
-4 -0.0146595 
-4 0.237375 
-4 0.302215 
-4 0.369755 
-4 0.484355 
-4 0.706372 
-4 -0.520492 
-4 -0.305827 
-4 -0.251128 
-4 -0.0747617 
-4 -0.137171 
-4 -0.19596 
-4 0.588921 
-4 0.941274 
-4 -0.673699 
-4 -0.891233 
-4 0.823823 
-4 -0.431613 
-4 0.415595 
ZONE T="boundary1"
-2.64714 1 
1.1296 1 
2.01275 1 
2.15718 1 
2.33896 1 
3.671 1 
3.8355 1 
0.593047 1 
-0.43157 1 
-0.115573 1 
-3.39316 1 
-3.83378 1 
-3.66756 1 
-0.261004 1 
0.846456 1 
-2.10344 1 
-2.50735 1 
4 1 
3.17568 1 
-1.6654 1 
1.4703 1 
1.66931 1 
2.82564 1 
2.52073 1 
1.37314 1 
1.27599 1 
-2.92671 1 
-3.15993 1 
3.42334 1 
0.0286198 1 
0.315715 1 
0.239052 1 
0.162389 1 
0.0955045 1 
-0.0434766 1 
0.499705 1 
-0.526207 1 
-0.620844 1 
-0.346287 1 
0.40771 1 
0.986421 1 
0.686389 1 
0.766423 1 
1.86832 1 
1.76882 1 
-4 1 
-0.857546 1 
-0.739195 1 
-1.07209 1 
-0.964816 1 
-1.16815 1 
-1.26421 1 
-1.37785 1 
-1.49149 1 
-1.88442 1 
-1.77491 1 
-2.23551 1 
-2.36757 1 
1.05801 1 
2.24807 1 
3.75325 1 
-3.75067 1 
-3.53036 1 
-2.57725 1 
3.91775 1 
1.56981 1 
1.32457 1 
-3.04332 1 
3.29951 1 
3.54717 1 
0.277383 1 
0.20072 1 
0.0620622 1 
-0.573525 1 
-0.303645 1 
0.453707 1 
0.546376 1 
1.20279 1 
0.726406 1 
-0.388928 1 
1.42172 1 
1.81857 1 
0.639718 1 
-3.91689 1 
-0.478888 1 
-0.798371 1 
-1.01845 1 
-0.188289 1 
0.916439 1 
0.80644 1 
-1.21618 1 
-1.57845 1 
-1.82967 1 
-1.43467 1 
-1.99393 1 
3.00066 1 
2.67319 1 
-2.30154 1 
2.08497 1 
1.94054 1 
-2.16947 1 
2.42985 1 
-2.78692 1 
-2.43746 1 
-0.0795245 1 
0.128947 1 
-0.00742839 1 
0.361712 1 
1.0938 1 
1.02222 1 
-1.12012 1 
-1.72016 1 
1.71906 1 
-0.911181 1 
-0.680019 1 
-1.32103 1 
-3.27655 1 
ZONE T="boundary2"
4 -0.604367 
4 -0.289441 
4 -0.352803 
4 -0.415694 
4 -0.231622 
4 -0.162919 
4 -0.0569117 
4 0.0152001 
4 0.200439 
4 -0.109915 
4 0.0873119 
4 -1 
4 -0.802184 
4 0.320029 
4 0.358503 
4 -0.703275 
4 0.831653 
4 1 
4 -0.478585 
4 0.413087 
4 0.467671 
4 0.281555 
4 0.240997 
4 0.143875 
4 0.663305 
4 -0.321122 
4 -0.384249 
4 -0.197271 
4 -0.260532 
4 -0.0208558 
4 0.051256 
4 -0.901092 
4 0.339266 
4 -0.653821 
4 0.915826 
4 -0.0834134 
4 -0.136417 
4 -0.44714 
4 0.440379 
4 0.300792 
4 0.261276 
4 0.115594 
4 -0.75273 
4 0.565488 
4 0.747479 
4 -0.541476 
4 0.220718 
4 0.172157 
4 0.385795 
ZONE T="boundary3"
-3.32914 -1 
-0.363225 -1 
-0.302067 -1 
-0.89928 -1 
4 -1 
3.79841 -1 
-0.121955 -1 
0.0693455 -1 
0.136168 -1 
-0.240908 -1 
-0.181432 -1 
-0.701457 -1 
-0.626847 -1 
0.286647 -1 
0.211408 -1 
0.381636 -1 
0.68154 -1 
0.789061 -1 
2.32828 -1 
-4 -1 
-3.66457 -1 
-2.83627 -1 
-1.78486 -1 
-1.61485 -1 
-1.95488 -1 
2.57703 -1 
-2.59484 -1 
-2.3534 -1 
2.82578 -1 
-0.480472 -1 
-0.0597164 -1 
0.00252268 -1 
-0.55366 -1 
-0.776066 -1 
-1.02277 -1 
0.476626 -1 
0.579083 -1 
0.896582 -1 
1.01375 -1 
-1.1517 -1 
1.13093 -1 
1.24299 -1 
-1.44009 -1 
-1.28063 -1 
1.52024 -1 
1.35505 -1 
1.68543 -1 
1.83255 -1 
-2.15414 -1 
2.15398 -1 
3.0097 -1 
-3.0827 -1 
3.19363 -1 
3.39522 -1 
3.59681 -1 
1.97967 -1 
-0.332646 -1 
3.8992 -1 
0.102756 -1 
-0.151694 -1 
-0.664152 -1 
0.249027 -1 
0.334142 -1 
0.735301 -1 
-3.83228 -1 
-3.49685 -1 
-1.69986 -1 
-1.86987 -1 
2.45266 -1 
-2.47412 -1 
-2.71555 -1 
-0.0285968 -1 
-0.421849 -1 
-0.590253 -1 
-0.517066 -1 
-0.0908362 -1 
-0.271488 -1 
0.173787 -1 
0.035934 -1 
-0.837673 -1 
-0.961024 -1 
0.429131 -1 
0.630312 -1 
0.955168 -1 
0.842821 -1 
0.527854 -1 
1.18696 -1 
-1.36036 -1 
1.43764 -1 
1.75899 -1 
1.60284 -1 
1.29902 -1 
2.24113 -1 
2.70141 -1 
2.91774 -1 
-2.95949 -1 
-3.20592 -1 
3.29443 -1 
3.69761 -1 
3.49602 -1 
3.10167 -1 
1.90611 -1 
-2.25377 -1 
-0.738762 -1 
-0.21117 -1 
2.06683 -1 
-1.08724 -1 
-1.21617 -1 
-2.05451 -1 
-1.52747 -1 
1.07234 -1 
ZONE T="boundary4"
-0.16697 0.434372 
-0.140562 0.444393 
0.369969 0.453004 
-0.647768 -0.0254926 
-0.642942 -0.000590636 
-0.270365 0.387972 
-0.24489 0.400466 
0.566484 0.258868 
0.551884 0.285199 
-0.54266 0.186183 
-0.393295 0.316466 
-0.416704 0.300149 
-0.636316 0.0241473 
-0.605785 0.0966402 
-0.592207 0.119942 
-0.6177 0.0728594 
-0.577078 0.142661 
-0.560501 0.164769 
0.579675 0.23255 
-0.193195 0.42368 
-0.493459 0.236903 
-0.512176 0.218746 
-0.0870138 0.46236 
-0.0598798 0.470223 
-0.439486 0.283096 
-0.45065 0.274251 
-0.477739 0.251274 
-0.461644 0.265193 
0.0792896 0.496368 
0.107789 0.498562 
-0.369434 0.33204 
-0.345162 0.346944 
-0.2956 0.374884 
0.648248 0.0484478 
-0.0325392 0.47727 
-0.219149 0.41238 
-0.113885 0.453744 
-0.00495345 0.483464 
0.0509172 0.493067 
0.0228822 0.488751 
0.497066 0.359801 
0.474804 0.382273 
-0.530273 0.199937 
-0.32055 0.361209 
0.341312 0.465295 
0.652907 -0.00398755 
0.450709 0.403026 
0.424962 0.421855 
0.397989 0.438508 
0.625948 0.127229 
0.312228 0.475483 
0.535575 0.310966 
0.517365 0.335885 
0.136633 0.499587 
0.165551 0.49935 
0.194706 0.497758 
0.282855 0.483702 
0.25345 0.490055 
0.223995 0.494704 
0.635075 0.101027 
0.615559 0.153416 
0.60418 0.17978 
0.651742 0.0221438 
0.64261 0.0747617 
0.592267 0.205961 
-0.627893 0.0486639 
-0.153798 0.439464 
-0.645576 -0.0130015 
-0.257663 0.394291 
0.559353 0.27213 
-0.405064 0.308403 
-0.639846 0.0118339 
-0.599177 0.108395 
-0.568938 0.153826 
-0.551711 0.175584 
-0.0734766 0.46639 
-0.445089 0.2787 
-0.46974 0.258291 
-0.485646 0.244142 
0.0935282 0.497608 
-0.357346 0.339573 
-0.502892 0.227902 
-0.206205 0.418105 
-0.283019 0.3815 
-0.38142 0.32434 
-0.0462378 0.473851 
-0.0187726 0.480478 
0.0368794 0.491035 
-0.10048 0.458144 
0.486153 0.371257 
-0.536516 0.193105 
-0.308114 0.36812 
-0.127255 0.449155 
0.355749 0.459401 
-0.180116 0.429104 
0.462962 0.39289 
-0.232054 0.406496 
0.411636 0.430442 
0.57318 0.245759 
0.384114 0.446016 
0.326856 0.470629 
0.543931 0.298214 
0.507439 0.348036 
0.526687 0.323587 
0.00894087 0.486226 
0.122206 0.499228 
0.180139 0.498728 
0.0650872 0.494853 
0.297607 0.479821 
0.238755 0.49258 
0.209371 0.496417 
-0.332899 0.354152 
0.630673 0.114182 
0.60995 0.16663 
0.620872 0.140367 
0.650271 0.0353313 
0.151094 0.499631 
0.639047 0.0879512 
0.645673 0.0616555 
0.598276 0.192893 
0.2682 0.487091 
0.586025 0.219279 
0.438021 0.412696 
-0.632315 0.0364756 
-0.622999 0.0608451 
0.652622 0.00909074 
-0.42817 0.291724 
-0.584808 0.131411 
-0.611935 0.0848446 
-0.52131 0.209425 
-0.456168 0.269749 
ZONE T="boundary5"
-0.220285 -0.433459 
-0.644913 -0.150246 
-0.368699 -0.425996 
-0.397747 -0.41882 
-0.652019 -0.0755151 
-0.65163 -0.0629998 
-0.647768 -0.0254926 
-0.63894 -0.174875 
-0.651448 -0.100512 
-0.649079 -0.125451 
-0.631165 -0.199263 
-0.621622 -0.223304 
-0.19129 -0.430703 
-0.309306 -0.43414 
-0.339107 -0.431063 
-0.425945 -0.409494 
-0.249745 -0.435113 
-0.279428 -0.435418 
-0.162285 -0.427006 
-0.105428 -0.41767 
-0.650793 -0.0504827 
-0.502968 -0.369178 
-0.525507 -0.352053 
0.609054 -0.149156 
-0.610312 -0.246934 
-0.597176 -0.269967 
-0.133851 -0.422631 
0.651642 -0.0298205 
-0.478768 -0.384559 
-0.0771912 -0.4123 
-0.452997 -0.39806 
0.5938 -0.170302 
-0.565124 -0.31339 
-0.546243 -0.333399 
0.369923 -0.313361 
0.34326 -0.32138 
0.537817 -0.226555 
0.516551 -0.242796 
-0.0489715 -0.406622 
0.288626 -0.335495 
0.316037 -0.328737 
0.00729255 -0.3948 
-0.0208305 -0.400761 
0.0354722 -0.388801 
0.176646 -0.359532 
0.0636218 -0.382837 
0.232938 -0.347896 
0.204852 -0.353759 
0.120115 -0.371071 
0.148418 -0.36528 
-0.582117 -0.292183 
0.396283 -0.304429 
0.0918951 -0.376911 
0.446923 -0.283515 
0.47113 -0.27123 
0.260861 -0.34185 
0.421872 -0.294569 
0.647909 -0.0551599 
0.494258 -0.257723 
0.63313 -0.103861 
0.622209 -0.126978 
0.576656 -0.190306 
0.601653 -0.159899 
0.641719 -0.079895 
0.652907 -0.00398755 
-0.635265 -0.18714 
0.557885 -0.209087 
-0.383293 -0.42268 
-0.651881 -0.0692564 
-0.651957 -0.0880214 
-0.650487 -0.113005 
-0.626598 -0.211367 
-0.205781 -0.432209 
-0.324236 -0.432838 
-0.41194 -0.414435 
-0.353951 -0.428787 
-0.26459 -0.435449 
-0.235012 -0.434442 
-0.649503 -0.0379634 
-0.514416 -0.36085 
-0.61617 -0.235218 
-0.119631 -0.420213 
-0.0913027 -0.415031 
-0.49103 -0.377122 
-0.466024 -0.391578 
-0.642145 -0.162616 
-0.176779 -0.42896 
0.356623 -0.317474 
0.527308 -0.234844 
-0.0630755 -0.409491 
0.302349 -0.332182 
-0.0067667 -0.397788 
0.0495486 -0.385812 
0.218903 -0.350846 
0.134269 -0.368169 
0.162536 -0.362405 
0.106007 -0.373981 
0.459113 -0.277545 
0.274756 -0.338721 
0.021384 -0.3918 
0.329672 -0.325144 
-0.555886 -0.323588 
0.383145 -0.30902 
0.434467 -0.289203 
0.505518 -0.250434 
0.482795 -0.264653 
-0.43959 -0.404053 
0.409131 -0.299641 
0.627946 -0.115551 
0.585427 -0.180478 
0.597782 -0.165142 
0.615886 -0.138219 
-0.651268 -0.0567382 
0.605413 -0.154569 
0.637719 -0.0919835 
0.246909 -0.344906 
-0.294381 -0.43499 
-0.536067 -0.34294 
-0.647218 -0.137889 
-0.148059 -0.4249 
-0.0348972 -0.403709 
0.190754 -0.356653 
0.0777597 -0.379864 
-0.637156 -0.181025 
0.652584 -0.0169196 
0.650088 -0.0425364 
0.645121 -0.0676045 
-0.633268 -0.193219 
0.56744 -0.19987 
0.547992 -0.21799 
-0.603958 -0.258576 
-0.589864 -0.281226 
-0.573832 -0.302959 
