ZONE T="boundary0"
-4 -0.302755 
-4 -0.36353 
-4 0.349538 
-4 0.295461 
-4 0.749546 
-4 0.561705 
-4 0.499091 
-4 0.424314 
-4 1 
-4 0.254065 
-4 0.212669 
-4 0.0715118 
-4 0.142091 
-4 0.624318 
-4 -0.0864524 
-4 -0.164216 
-4 -0.203098 
-4 -0.00747035 
-4 -1 
-4 -0.493463 
-4 -0.623397 
-4 -0.811698 
-4 -0.272368 
-4 -0.428496 
-4 -0.24198 
-4 -0.333142 
-4 0.322499 
-4 0.530398 
-4 0.461703 
-4 0.233367 
-4 0.106801 
-4 0.386926 
-4 0.686932 
-4 0.593012 
-4 0.874773 
-4 -0.183657 
-4 -0.0469614 
-4 -0.717548 
-4 0.17738 
-4 -0.287561 
-4 -0.222539 
-4 -0.257174 
-4 -0.46098 
-4 -0.396013 
-4 -0.125334 
-4 0.0320207 
-4 0.274763 
-4 -0.55843 
-4 -0.905849 
ZONE T="boundary1"
0.343772 1 
-0.201735 1 
0.153276 1 
0.248524 1 
1.20931 1 
1.05064 1 
0.0872202 1 
0.0211649 1 
0.427028 1 
0.579435 1 
-1.12698 1 
0.786888 1 
-3.52631 1 
-3.2975 1 
1.44688 1 
-3.76315 1 
-4 1 
2.96087 1 
-1.81523 1 
-2.01502 1 
4 1 
3.57803 1 
2.43822 1 
2.2545 1 
-2.21481 1 
2.07079 1 
-2.48049 1 
3.15606 1 
-0.0513672 1 
-0.123899 1 
0.648586 1 
0.918763 1 
0.510284 1 
-0.564216 1 
-0.663793 1 
-0.756055 1 
-0.848316 1 
1.3281 1 
-0.944244 1 
-1.04017 1 
3.78901 1 
-1.4782 1 
-1.346 1 
-1.2138 1 
1.8927 1 
3.36704 1 
2.76568 1 
-2.90743 1 
-1.64671 1 
-1.56246 1 
1.71462 1 
1.58075 1 
-3.06869 1 
-2.74617 1 
2.60195 1 
-2.61333 1 
-0.279571 1 
-0.372105 1 
-0.464638 1 
-3.1831 1 
-0.418371 1 
1.12998 1 
0.0541926 1 
0.3854 1 
-3.4119 1 
-3.88158 1 
-1.91513 1 
2.34636 1 
-2.34765 1 
-0.0151011 1 
-0.0876332 1 
0.120248 1 
0.2009 1 
0.296148 1 
0.717737 1 
0.54486 1 
-0.614005 1 
0.852826 1 
0.9847 1 
0.468656 1 
-0.802186 1 
-0.709924 1 
-1.08358 1 
-3.64473 1 
1.38749 1 
3.89451 1 
-1.4121 1 
-1.17039 1 
-1.2799 1 
-2.11492 1 
3.47254 1 
3.26155 1 
2.86327 1 
-1.73097 1 
3.68352 1 
1.51381 1 
3.05846 1 
-2.98806 1 
-2.8268 1 
2.16264 1 
1.80366 1 
1.98174 1 
2.52008 1 
2.68381 1 
-2.67975 1 
-0.162817 1 
-0.240653 1 
-0.325838 1 
-0.514427 1 
-0.992208 1 
-0.89628 1 
-3.2403 1 
-3.12589 1 
1.64768 1 
1.2687 1 
0.614011 1 
-1.60458 1 
-1.52033 1 
-0.395238 1 
-0.441505 1 
-2.54691 1 
ZONE T="boundary2"
4 -0.470167 
4 -0.40365 
4 -0.337134 
4 -0.25983 
4 -0.186865 
4 0.144506 
4 0.105562 
4 0.205139 
4 0.00643595 
4 -0.710319 
4 -0.590243 
4 -0.85516 
4 0.798771 
4 1 
4 -0.120306 
4 -0.0537465 
4 0.0666184 
4 0.265772 
4 -1 
4 0.597542 
4 0.698157 
4 0.327788 
4 0.29678 
4 0.389805 
4 0.441739 
4 0.493673 
4 -0.370392 
4 -0.436909 
4 -0.298482 
4 -0.223347 
4 0.125034 
4 0.174822 
4 -0.650281 
4 0.899386 
4 -0.0870261 
4 0.0365272 
4 0.235455 
4 0.0860902 
4 -0.530205 
4 -0.92758 
4 -0.0236553 
4 -0.782739 
4 0.748464 
4 0.312284 
4 0.358796 
4 0.415772 
4 0.467706 
4 -0.153585 
4 0.281276 
4 0.545608 
4 0.647849 
ZONE T="boundary3"
3.33794 -1 
3.50346 -1 
3.66897 -1 
0.110629 -1 
0.0636977 -1 
-0.92468 -1 
3.83449 -1 
-0.178806 -1 
-0.114158 -1 
-3.00709 -1 
-3.24513 -1 
-2.41621 -1 
-2.17031 -1 
-3.74159 -1 
-1.74589 -1 
-2.56393 -1 
2.68502 -1 
2.22378 -1 
2.4544 -1 
-2.85937 -1 
-2.71165 -1 
-1.26393 -1 
-0.477782 -1 
-0.360618 -1 
-0.0486955 -1 
0.0167669 -1 
-0.243454 -1 
0.157559 -1 
0.20449 -1 
4 -1 
0.843642 -1 
0.944795 -1 
-0.800741 -1 
0.358838 -1 
0.410287 -1 
0.469102 -1 
0.527917 -1 
0.645547 -1 
0.586732 -1 
-0.666739 -1 
-0.57226 -1 
-0.302036 -1 
0.744595 -1 
-1.04862 -1 
-1.15627 -1 
1.04595 -1 
1.14506 -1 
1.24418 -1 
-1.9244 -1 
-1.33979 -1 
3.13062 -1 
2.92329 -1 
-1.49152 -1 
-1.41566 -1 
1.78214 -1 
2.00296 -1 
-1.56739 -1 
-4 -1 
1.34823 -1 
1.45228 -1 
-3.48318 -1 
1.61721 -1 
0.255939 -1 
0.307389 -1 
2.80416 -1 
3.58621 -1 
0.0871631 -1 
-0.146482 -1 
-3.12611 -1 
-2.29326 -1 
2.33909 -1 
-0.4192 -1 
-0.0159643 -1 
0.181025 -1 
3.91724 -1 
0.894218 -1 
-0.21113 -1 
0.384562 -1 
0.61614 -1 
-0.862711 -1 
-0.73374 -1 
-0.525021 -1 
-0.331327 -1 
3.75173 -1 
0.695071 -1 
-0.98665 -1 
-1.10245 -1 
1.09551 -1 
0.995371 -1 
1.19462 -1 
-2.04735 -1 
-1.2101 -1 
-1.30186 -1 
3.02696 -1 
3.4207 -1 
-1.45359 -1 
-2.49007 -1 
-2.63779 -1 
1.89255 -1 
-1.37773 -1 
-1.65664 -1 
-1.83515 -1 
2.11337 -1 
-3.87079 -1 
1.40025 -1 
-3.36416 -1 
-2.78551 -1 
-2.93323 -1 
1.69968 -1 
3.23428 -1 
0.281664 -1 
-0.0814266 -1 
-0.272745 -1 
0.557325 -1 
0.794118 -1 
0.0402323 -1 
0.333113 -1 
0.49851 -1 
0.134094 -1 
0.230215 -1 
2.74459 -1 
2.56971 -1 
2.86373 -1 
-3.61238 -1 
1.53474 -1 
-0.619499 -1 
-1.52946 -1 
1.2962 -1 
0.439695 -1 
ZONE T="boundary4"
-0.22661 0.488933 
-0.20201 0.494489 
-0.272197 0.475639 
0.633886 0.054256 
0.624784 0.0754135 
-0.635084 0.0138969 
0.598204 0.120353 
-0.463541 0.367005 
-0.635147 0.0326441 
-0.38734 0.422324 
-0.62531 0.10838 
-0.629254 0.0894984 
-0.632227 0.0705065 
-0.620425 0.127117 
-0.634194 0.051542 
-0.608763 0.161976 
-0.614976 0.144657 
-0.58063 0.222402 
-0.568319 0.243723 
0.543013 0.183893 
0.523405 0.202554 
-0.249531 0.482748 
-0.555039 0.264467 
-0.489612 0.342961 
-0.51348 0.317882 
-0.535383 0.291588 
-0.449382 0.378829 
-0.41957 0.401289 
-0.434663 0.390309 
-0.369977 0.432419 
-0.352271 0.441897 
-0.403634 0.412081 
-0.333298 0.451194 
-0.314003 0.459789 
-0.177223 0.498991 
-0.293247 0.468116 
-0.096427 0.506313 
-0.124339 0.505036 
-0.595495 0.193153 
-0.150826 0.502607 
0.374097 0.326465 
0.350267 0.34391 
0.248815 0.410466 
0.221733 0.425659 
0.300959 0.377975 
0.326095 0.360972 
0.275438 0.394379 
0.503312 0.220774 
0.461401 0.257186 
0.482506 0.239073 
0.0482172 0.491864 
0.0184753 0.497762 
-0.0685432 0.506285 
-0.0106907 0.502055 
-0.0395343 0.504871 
0.10689 0.475615 
0.193523 0.440144 
0.562777 0.163608 
0.614005 0.0957712 
0.606376 0.108245 
0.581393 0.142352 
0.651109 -0.0340842 
0.649701 -0.0116252 
0.64636 0.0106809 
0.641052 0.0327759 
0.395829 0.310036 
0.41727 0.293327 
0.0775807 0.484506 
0.439517 0.275416 
0.136042 0.465216 
0.164953 0.453361 
-0.214339 0.491842 
-0.6274 0.0989638 
-0.630863 0.0800218 
-0.633335 0.0610373 
-0.622981 0.117778 
-0.611961 0.15335 
-0.574593 0.233131 
-0.617797 0.135917 
0.533279 0.193297 
-0.238101 0.485956 
-0.561802 0.254174 
-0.50175 0.330617 
-0.456511 0.372976 
-0.427162 0.395862 
-0.442071 0.384631 
-0.361165 0.437236 
-0.39553 0.417272 
-0.342827 0.446633 
-0.18964 0.496872 
-0.378703 0.427448 
-0.303665 0.464052 
-0.54544 0.278193 
-0.282758 0.471979 
-0.2609 0.479308 
-0.634797 0.0420996 
-0.323689 0.45558 
-0.11039 0.505838 
-0.588293 0.207895 
-0.635242 0.0232703 
-0.164045 0.500947 
0.362219 0.335236 
0.235338 0.418179 
0.313573 0.369541 
0.33822 0.352496 
-0.411648 0.406753 
0.513402 0.21171 
0.471984 0.248163 
0.0333823 0.495 
-0.0250959 0.503638 
0.207698 0.43304 
0.55301 0.173864 
0.610262 0.102052 
0.602355 0.114344 
-0.602412 0.177685 
0.589998 0.131506 
0.648272 -0.000435143 
0.572245 0.153121 
-0.082485 0.506462 
-0.0540304 0.505754 
0.384994 0.318289 
0.406582 0.301721 
0.262186 0.402523 
0.0629429 0.488366 
0.0922882 0.480239 
-0.137596 0.503969 
0.450498 0.266345 
0.28825 0.386258 
0.121526 0.470589 
0.492938 0.229955 
0.428432 0.284417 
-0.524652 0.304918 
0.179307 0.446906 
0.629555 0.0649302 
0.637697 0.043593 
0.650644 -0.022839 
0.643947 0.0217871 
0.619593 0.0856985 
0.150563 0.459454 
0.00391789 0.500088 
-0.476772 0.355196 
ZONE T="boundary5"
0.478047 -0.353318 
0.552747 -0.285504 
0.53633 -0.303841 
-0.4809 -0.26432 
-0.505593 -0.244068 
-0.543771 -0.20645 
-0.531447 -0.219578 
-0.620012 -0.0757068 
-0.614202 -0.0925596 
-0.634012 -0.00462677 
-0.635084 0.0138969 
-0.555872 -0.192395 
-0.624922 -0.0584661 
-0.584685 -0.152328 
-0.592905 -0.138395 
-0.607733 -0.10852 
-0.453546 -0.283779 
-0.600477 -0.124062 
-0.566366 -0.179054 
0.650632 -0.0565947 
-0.221965 -0.384023 
-0.243536 -0.377462 
-0.264107 -0.370844 
-0.358928 -0.334677 
-0.322865 -0.349694 
-0.34097 -0.34238 
-0.105066 -0.413634 
-0.0789064 -0.418951 
-0.0526387 -0.423796 
-0.200305 -0.390246 
-0.12971 -0.408188 
-0.154258 -0.402345 
-0.177324 -0.396473 
-0.628912 -0.0408379 
-0.438984 -0.293069 
-0.40862 -0.310504 
-0.424142 -0.301891 
-0.518626 -0.232186 
-0.575828 -0.165885 
-0.392875 -0.318679 
-0.375994 -0.326889 
-0.631947 -0.0228968 
0.498696 -0.338043 
0.518053 -0.321627 
-0.284576 -0.36388 
-0.30378 -0.356967 
0.592688 -0.227979 
0.603064 -0.209399 
0.613569 -0.188627 
0.114308 -0.441621 
0.0863173 -0.440363 
0.0583972 -0.438362 
0.00226495 -0.432249 
-0.0252429 -0.428304 
0.0302805 -0.435636 
0.169142 -0.441729 
0.141713 -0.442082 
0.196206 -0.440528 
0.223234 -0.438421 
0.277333 -0.431188 
0.304403 -0.425878 
0.4335 -0.380106 
0.456554 -0.367182 
0.357705 -0.41156 
0.331314 -0.419335 
0.409155 -0.391886 
0.568027 -0.26592 
0.648325 -0.07916 
0.581687 -0.245938 
0.623183 -0.167223 
0.631551 -0.145697 
0.638675 -0.123685 
0.644306 -0.101501 
0.651109 -0.0340842 
0.250345 -0.435326 
0.383794 -0.402393 
0.544694 -0.294812 
-0.493417 -0.254403 
-0.537676 -0.213077 
-0.617221 -0.0841724 
-0.634674 0.00462797 
-0.549901 -0.199491 
-0.588875 -0.145408 
-0.622585 -0.0671198 
-0.611071 -0.100582 
-0.46739 -0.274285 
-0.596776 -0.131273 
-0.561192 -0.185782 
-0.253835 -0.374194 
-0.331936 -0.346083 
-0.0919981 -0.416351 
-0.065784 -0.421434 
-0.211147 -0.387175 
-0.141996 -0.405316 
-0.165802 -0.399452 
-0.446303 -0.288483 
-0.416412 -0.306254 
-0.512165 -0.238187 
-0.525098 -0.225945 
-0.571169 -0.172521 
-0.34997 -0.338579 
-0.400774 -0.314644 
-0.38446 -0.322839 
-0.431597 -0.297536 
-0.633105 -0.0137757 
0.508512 -0.329997 
-0.627038 -0.0496792 
-0.117399 -0.410961 
-0.294193 -0.360466 
-0.367483 -0.330833 
-0.232763 -0.380785 
0.60843 -0.19907 
-0.31334 -0.353377 
0.100308 -0.441088 
0.0723503 -0.439452 
-0.0114999 -0.43035 
0.0162626 -0.434022 
0.155428 -0.44201 
0.182678 -0.441238 
0.290896 -0.428679 
0.344557 -0.415611 
-0.274356 -0.367406 
0.445126 -0.373821 
0.467408 -0.360418 
0.488496 -0.34585 
0.421414 -0.386177 
0.56055 -0.27584 
0.527346 -0.312893 
0.6497 -0.0678995 
0.575002 -0.256028 
0.587282 -0.237017 
0.618506 -0.177983 
0.597967 -0.21874 
-0.630553 -0.031888 
0.635282 -0.134745 
0.64652 -0.0903669 
-0.604205 -0.116337 
-0.580333 -0.159156 
0.651102 -0.0453436 
-0.188827 -0.393404 
0.641678 -0.112641 
0.128008 -0.441949 
0.26386 -0.433391 
0.236804 -0.437 
-0.0389525 -0.426119 
0.37081 -0.407151 
0.0443301 -0.437084 
0.317896 -0.422763 
0.209729 -0.439591 
0.396548 -0.397319 
0.627513 -0.156516 
