ZONE T="boundary0"
-4 -0.424415 
-4 -0.51002 
-4 0.332656 
-4 0.10605 
-4 0.817582 
-4 0.635163 
-4 0.223755 
-4 -0.0174545 
-4 -0.215789 
-4 -0.277299 
-4 0.278206 
-4 0.540543 
-4 -0.85688 
-4 -1 
-4 -0.33881 
-4 0.0442978 
-4 -0.116622 
-4 0.164903 
-4 0.445923 
-4 0.38929 
-4 1 
-4 -0.61189 
-4 -0.71376 
-4 -0.467217 
-4 0.726372 
-4 -0.246544 
-4 0.305431 
-4 0.587853 
-4 -0.92844 
-4 -0.308055 
-4 0.135476 
-4 0.493233 
-4 0.417606 
-4 0.360973 
-4 0.0134217 
-4 0.075174 
-4 -0.166205 
-4 -0.0670381 
-4 -0.560955 
-4 0.908791 
-4 -0.381612 
-4 0.194329 
-4 0.25098 
-4 -0.662825 
-4 -0.78532 
ZONE T="boundary1"
0.793788 1 
-0.00322481 1 
-1.63124 1 
-1.54046 1 
-1.97646 1 
-2.14009 1 
-2.49803 1 
-3.00149 1 
-3.23211 1 
3.1272 1 
2.04922 1 
-3.73136 1 
2.49427 1 
-0.0665463 1 
-0.441178 1 
0.0600966 1 
0.311581 1 
-0.174302 1 
-0.284028 1 
-0.362603 1 
-0.229165 1 
-0.622829 1 
0.202872 1 
0.544732 1 
0.131484 1 
-4 1 
0.864985 1 
0.428157 1 
-0.532003 1 
3.7818 1 
4 1 
1.19065 1 
0.936182 1 
1.06342 1 
-1.09548 1 
-1.19769 1 
-0.836162 1 
-0.729495 1 
0.66926 1 
1.51813 1 
1.42106 1 
1.30586 1 
1.6152 1 
-0.993257 1 
-1.32368 1 
-3.46272 1 
3.5636 1 
3.3454 1 
2.34592 1 
1.83221 1 
2.88491 1 
-2.74976 1 
2.64262 1 
-1.72203 1 
-1.81282 1 
-1.44967 1 
-1.58585 1 
-2.05827 1 
-3.1168 1 
-0.120424 1 
-0.0348855 1 
-0.40189 1 
-0.201734 1 
-0.323316 1 
0.257227 1 
0.167178 1 
-3.86568 1 
0.829386 1 
0.486445 1 
-0.577416 1 
3.8909 1 
0.369869 1 
-1.14658 1 
-0.782828 1 
1.4696 1 
1.36346 1 
1.56667 1 
1.24826 1 
-1.04437 1 
-1.26069 1 
0.9998 1 
-3.59704 1 
3.6727 1 
-0.914709 1 
2.19757 1 
1.72371 1 
1.94072 1 
3.00606 1 
-3.34741 1 
-2.87563 1 
2.76377 1 
-2.62389 1 
-1.76742 1 
-1.89464 1 
2.56845 1 
2.4201 1 
-2.31906 1 
3.2363 1 
3.4545 1 
0.0957906 1 
-0.48659 1 
0.0284359 1 
-0.256597 1 
0.731524 1 
0.606996 1 
0.900583 1 
-1.38667 1 
-1.49506 1 
-0.676162 1 
1.12704 1 
-1.67664 1 
ZONE T="boundary2"
4 -0.289403 
4 -0.155083 
4 -0.194625 
4 0.0997374 
4 0.173841 
4 0.223079 
4 0.259883 
4 0.296688 
4 -0.660054 
4 -0.830027 
4 -0.557623 
4 -0.455192 
4 -1 
4 0.379719 
4 0.338204 
4 0.0253441 
4 0.488391 
4 -0.102066 
4 -0.0490491 
4 0.597063 
4 -0.399915 
4 0.434055 
4 1 
4 0.697797 
4 0.798531 
4 -0.234168 
4 -0.261785 
4 -0.344638 
4 -0.317021 
4 -0.174854 
4 0.136789 
4 0.19846 
4 0.278286 
4 -0.745041 
4 -0.506407 
4 0.241481 
4 0.358961 
4 0.0625408 
4 -0.0755576 
4 0.542727 
4 0.406887 
4 0.461223 
4 -0.608839 
4 0.64743 
4 0.748164 
4 0.899266 
4 -0.915014 
4 0.317446 
4 -0.128574 
4 -0.214397 
4 -0.275594 
4 -0.247977 
4 -0.427553 
4 -0.330829 
4 -0.372277 
4 -0.303212 
4 -0.0118525 
ZONE T="boundary3"
-3.68461 -1 
-3.84231 -1 
3.08353 -1 
3.54176 -1 
-0.259733 -1 
-0.142978 -1 
1.40251 -1 
1.53493 -1 
-3.36922 -1 
-3.20693 -1 
-3.04464 -1 
1.1865 -1 
-0.675715 -1 
-0.554983 -1 
-1.93853 -1 
-1.73021 -1 
1.29451 -1 
1.82611 -1 
2.39715 -1 
2.7533 -1 
-2.78605 -1 
-2.52747 -1 
4 -1 
-2.14684 -1 
-4 -1 
2.19101 -1 
-0.201356 -1 
0.809298 -1 
-0.0727798 -1 
-0.0025815 -1 
0.191061 -1 
0.234646 -1 
-0.31811 -1 
0.072447 -1 
0.372982 -1 
0.147476 -1 
0.303814 -1 
0.907439 -1 
-0.796447 -1 
0.486676 -1 
0.60037 -1 
0.704834 -1 
-0.925093 -1 
1.00558 -1 
1.66734 -1 
-1.16842 -1 
-0.465736 -1 
-0.376488 -1 
1.98488 -1 
-3.52692 -1 
-2.33716 -1 
-1.61592 -1 
-1.39236 -1 
-1.2831 -1 
-1.50162 -1 
3.31265 -1 
-1.05374 -1 
-3.76346 -1 
1.46872 -1 
-3.12578 -1 
-0.615349 -1 
-1.83437 -1 
1.24051 -1 
-2.65676 -1 
3.77088 -1 
-3.92115 -1 
-0.172167 -1 
-0.107879 -1 
0.212854 -1 
-0.288922 -1 
0.0349328 -1 
0.169268 -1 
0.858368 -1 
-0.230544 -1 
-0.0376806 -1 
0.429829 -1 
0.652602 -1 
1.09604 -1 
1.34851 -1 
1.60113 -1 
0.956509 -1 
0.757066 -1 
0.543523 -1 
-0.736081 -1 
-0.86077 -1 
-0.510359 -1 
-0.421112 -1 
-3.44807 -1 
-2.91534 -1 
-3.60576 -1 
-2.43231 -1 
-2.04269 -1 
-1.67306 -1 
-1.33773 -1 
-1.55877 -1 
-1.44699 -1 
-1.22576 -1 
2.08794 -1 
1.90549 -1 
3.42721 -1 
3.19809 -1 
-3.28807 -1 
2.57522 -1 
2.91841 -1 
-0.347299 -1 
0.26923 -1 
0.338398 -1 
0.109961 -1 
-1.11108 -1 
-0.989416 -1 
-2.242 -1 
2.29408 -1 
1.74673 -1 
ZONE T="boundary4"
-0.322581 0.438994 
-0.302773 0.446703 
0.473664 0.271093 
0.495999 0.251778 
0.639283 0.0677518 
0.634563 0.0794923 
0.646976 0.0441427 
0.650005 0.032088 
0.65563 -0.00460877 
0.652471 0.0198685 
-0.378914 0.412307 
-0.640966 0.0087406 
0.656479 -0.0291995 
-0.637615 0.0630084 
-0.639663 0.0448649 
-0.634645 0.081139 
-0.62607 0.116926 
-0.620855 0.133542 
-0.630787 0.0991255 
-0.614941 0.149919 
-0.602395 0.179271 
-0.595624 0.193072 
-0.578653 0.223599 
-0.430857 0.380409 
-0.413961 0.391654 
-0.478492 0.343327 
-0.463146 0.35623 
-0.568452 0.239895 
-0.515912 0.307145 
-0.536706 0.283372 
-0.493193 0.32998 
-0.447326 0.368546 
-0.396623 0.402298 
-0.36067 0.421771 
-0.342102 0.430577 
-0.281598 0.454069 
-0.260171 0.460651 
-0.188911 0.476721 
-0.163807 0.480396 
-0.13717 0.483232 
-0.557666 0.255807 
0.570579 0.177478 
0.553794 0.19589 
-0.237121 0.466799 
-0.213857 0.472069 
-0.0544368 0.48537 
-0.082442 0.485751 
-0.640781 0.0267469 
-0.110442 0.485009 
0.376886 0.341663 
0.351054 0.357652 
0.240442 0.415166 
0.269003 0.401961 
0.297145 0.387839 
0.324323 0.373143 
0.536365 0.213733 
0.516449 0.233002 
0.402216 0.324943 
0.0327866 0.477146 
0.00350344 0.481085 
-0.0259019 0.483845 
0.0923482 0.465478 
0.122106 0.457811 
0.629339 0.0910075 
0.597803 0.143486 
0.617472 0.113367 
0.609054 0.127066 
0.585756 0.159331 
0.426733 0.307677 
0.0623441 0.471968 
0.450653 0.289666 
0.15206 0.448854 
0.181691 0.438768 
0.211257 0.427489 
0.484912 0.261527 
0.636988 0.0736484 
0.648561 0.0381332 
0.643397 0.0560351 
0.654338 0.00766779 
-0.638753 0.0539497 
-0.623552 0.125262 
-0.632825 0.0901557 
-0.617983 0.141761 
-0.599066 0.186199 
-0.608934 0.164709 
-0.587401 0.208482 
-0.42246 0.386109 
-0.47088 0.349851 
-0.573626 0.231793 
-0.526502 0.295427 
-0.485907 0.336724 
-0.455293 0.362462 
-0.504735 0.318744 
-0.387813 0.407382 
-0.40534 0.397055 
-0.369835 0.417121 
-0.351425 0.426256 
-0.439146 0.374555 
-0.270915 0.457458 
-0.33238 0.434874 
-0.176377 0.47868 
-0.150503 0.481948 
-0.312711 0.442936 
-0.563133 0.247901 
0.562276 0.186766 
-0.225514 0.469543 
-0.0684376 0.4857 
-0.248676 0.463835 
-0.640338 0.0358132 
-0.640989 0.017745 
-0.628533 0.108053 
-0.123815 0.484252 
0.364028 0.34975 
0.254777 0.40868 
-0.29222 0.450484 
0.310789 0.380592 
0.337746 0.365495 
0.506287 0.242458 
-0.547433 0.269777 
-0.040162 0.48475 
0.0181642 0.479261 
0.107264 0.461788 
0.283129 0.39501 
0.545147 0.204877 
0.632013 0.0852781 
0.613343 0.120266 
0.65131 0.025993 
0.526472 0.223434 
0.603536 0.13535 
0.578273 0.168493 
-0.201407 0.474517 
0.389614 0.333396 
0.414542 0.316404 
0.0475903 0.474703 
0.0773777 0.468872 
0.462239 0.280477 
-0.0111857 0.482614 
0.137125 0.453475 
0.166922 0.443948 
-0.0964459 0.485522 
0.438768 0.298769 
0.225902 0.421453 
0.196524 0.433261 
-0.636242 0.0720922 
0.656341 -0.0168936 
0.591871 0.151478 
0.62363 0.102307 
ZONE T="boundary5"
-0.580565 -0.179448 
-0.636039 -0.0440099 
-0.632631 -0.0610555 
-0.589418 -0.165825 
-0.597314 -0.152441 
-0.604616 -0.138733 
-0.628386 -0.077753 
-0.550455 -0.218235 
-0.286654 -0.376282 
-0.266472 -0.382502 
-0.325259 -0.363076 
-0.306715 -0.369648 
-0.245175 -0.388617 
-0.343662 -0.356091 
-0.12884 -0.41522 
-0.102935 -0.419762 
-0.0769501 -0.42384 
-0.223779 -0.394334 
-0.20089 -0.400013 
-0.177913 -0.405288 
0.418006 -0.375514 
-0.467348 -0.292008 
-0.492904 -0.273122 
-0.57111 -0.192715 
-0.561103 -0.205597 
-0.528014 -0.242017 
-0.360853 -0.349103 
-0.640966 0.0087406 
-0.377877 -0.341694 
-0.3939 -0.334226 
0.656479 -0.0291995 
-0.611477 -0.124324 
-0.61766 -0.109615 
-0.638575 -0.0266919 
-0.409721 -0.326326 
-0.640226 -0.00908168 
-0.153418 -0.410466 
0.638258 -0.126298 
-0.623324 -0.0941071 
0.628943 -0.149831 
0.0875254 -0.437965 
0.0597533 -0.437106 
0.0320243 -0.43559 
0.391984 -0.387431 
-0.0230236 -0.430763 
-0.0500247 -0.42756 
0.0044677 -0.433467 
0.227125 -0.430692 
0.143224 -0.43754 
0.115371 -0.438127 
0.199095 -0.433894 
0.171181 -0.436148 
0.499872 -0.323615 
0.255038 -0.426489 
0.483493 -0.336148 
0.282963 -0.421178 
0.310683 -0.414702 
0.338158 -0.406973 
0.365305 -0.397905 
0.46657 -0.347829 
0.515263 -0.310566 
0.442678 -0.36243 
0.530007 -0.29672 
0.547994 -0.277703 
-0.539453 -0.230331 
0.579577 -0.237268 
0.618215 -0.172683 
0.606323 -0.194834 
0.593488 -0.216247 
0.564806 -0.2574 
0.655067 -0.053768 
0.645814 -0.102452 
-0.43951 -0.309807 
0.651462 -0.0782909 
-0.516585 -0.252887 
-0.634445 -0.0525546 
-0.593438 -0.159175 
-0.630616 -0.0694316 
-0.601041 -0.145627 
-0.585066 -0.172685 
-0.276578 -0.379442 
-0.296702 -0.373018 
-0.33448 -0.359636 
-0.115898 -0.417548 
-0.089952 -0.421859 
-0.234489 -0.391524 
-0.189413 -0.402699 
-0.48029 -0.282787 
-0.566171 -0.199206 
-0.352278 -0.352647 
-0.385913 -0.338012 
-0.60813 -0.131568 
-0.255838 -0.385611 
-0.614655 -0.117006 
-0.637419 -0.0353672 
-0.401838 -0.330331 
-0.141139 -0.412896 
-0.620587 -0.101896 
-0.640711 -0.000175189 
0.633796 -0.138142 
0.0736365 -0.43762 
0.0458842 -0.436427 
0.40508 -0.381658 
-0.0365321 -0.429227 
-0.00928514 -0.432186 
0.129299 -0.43793 
-0.316004 -0.366412 
0.157207 -0.436948 
0.491761 -0.329983 
0.324465 -0.410997 
0.269027 -0.423974 
0.351788 -0.402609 
0.475102 -0.34209 
0.507649 -0.317187 
0.454739 -0.355317 
0.522724 -0.303738 
0.53916 -0.287362 
-0.545009 -0.224335 
-0.369388 -0.345452 
0.612408 -0.183833 
0.586652 -0.226837 
0.572323 -0.24743 
-0.555841 -0.211968 
0.642256 -0.114444 
-0.453574 -0.301135 
-0.575907 -0.186131 
-0.625959 -0.0859623 
-0.639515 -0.0178974 
-0.424738 -0.318289 
0.656051 -0.0414992 
-0.165677 -0.407931 
0.556563 -0.267687 
0.600026 -0.205613 
-0.212347 -0.397225 
0.101447 -0.438136 
0.241101 -0.42872 
0.213124 -0.432414 
-0.0634963 -0.425764 
0.01824 -0.434603 
0.296858 -0.41809 
0.185147 -0.435132 
0.378715 -0.392846 
0.65353 -0.066068 
0.623744 -0.161335 
-0.533788 -0.236225 
0.648881 -0.090428 
0.430439 -0.369155 
-0.504924 -0.263215 
-0.522347 -0.247503 
