ZONE T="boundary0"
-4 -1 
-4 -0.106666 
-4 -0.356946 
-4 0.305405 
-4 0.383903 
-4 1 
-4 0.259122 
-4 0.455367 
-4 -0.278149 
-4 -0.317548 
-4 -0.151551 
-4 -0.196436 
-4 0.52683 
-4 -0.851941 
-4 -0.237293 
-4 -0.470077 
-4 -0.703881 
-4 -0.586979 
-4 0.344654 
-4 -0.0168968 
-4 0.159931 
-4 0.107024 
-4 0.763415 
-4 0.212838 
-4 0.645123 
-4 0.419635 
-4 -0.297849 
-4 -0.173994 
-4 -0.92597 
-4 -0.257721 
-4 -0.413511 
-4 -0.64543 
-4 0.325029 
-4 0.364278 
-4 0.133477 
-4 0.0450635 
-4 -0.0617816 
-4 0.491098 
-4 -0.777911 
-4 0.881708 
-4 -0.337247 
-4 -0.216864 
-4 -0.129109 
-4 0.282263 
-4 0.23598 
-4 0.186385 
-4 0.585976 
-4 0.704269 
-4 -0.528528 
ZONE T="boundary1"
-4 1 
-3.84851 1 
0.856643 1 
0.758344 1 
1.7122 1 
-0.154749 1 
-0.112377 1 
0.0432875 1 
0.482136 1 
1.03991 1 
-0.0700049 1 
-0.0133587 1 
0.662999 1 
-0.197121 1 
-0.239493 1 
1.42118 1 
1.20395 1 
3.58293 1 
4 1 
3.16585 1 
3.37439 1 
-2.86362 1 
-3.22602 1 
-2.07772 1 
-1.88101 1 
-2.28577 1 
2.89951 1 
-2.67873 1 
-3.69703 1 
-3.46152 1 
0.214726 1 
0.15758 1 
0.337048 1 
0.56205 1 
0.948278 1 
-0.346121 1 
-0.292807 1 
0.100434 1 
0.271873 1 
0.402223 1 
-0.571624 1 
-0.458873 1 
1.12193 1 
-0.807579 1 
-0.689602 1 
-1.15326 1 
-1.26991 1 
-0.922094 1 
-1.03661 1 
1.31256 1 
-1.36567 1 
-1.46143 1 
1.56669 1 
3.03268 1 
1.8968 1 
2.0814 1 
2.27708 1 
2.47276 1 
-1.6843 1 
-2.49383 1 
2.68613 1 
-1.57287 1 
-2.58628 1 
-3.92426 1 
0.807494 1 
-0.133563 1 
-0.0416818 1 
0.710671 1 
-0.218307 1 
3.79146 1 
3.47866 1 
-3.04482 1 
-1.97936 1 
-2.18174 1 
-2.77117 1 
0.186153 1 
0.0149644 1 
0.612524 1 
0.90246 1 
-0.319464 1 
0.129007 1 
0.30446 1 
0.994095 1 
0.522093 1 
-0.515249 1 
1.08092 1 
-0.74859 1 
-1.21158 1 
-0.979351 1 
-0.630613 1 
-1.09493 1 
1.25826 1 
-1.41355 1 
1.63944 1 
1.36687 1 
2.17924 1 
2.37492 1 
-1.78266 1 
-3.77277 1 
-3.57928 1 
-3.34377 1 
2.96609 1 
3.09927 1 
3.27012 1 
-2.3898 1 
1.8045 1 
1.9891 1 
2.57945 1 
0.2433 1 
-0.0911909 1 
0.369635 1 
0.442179 1 
-0.175935 1 
-0.402497 1 
-0.26615 1 
0.0718607 1 
-1.31779 1 
-0.864837 1 
-1.51715 1 
-1.62859 1 
1.49393 1 
1.16294 1 
2.79282 1 
-2.6325 1 
-2.54006 1 
ZONE T="boundary2"
4 -0.660303 
4 -0.561155 
4 -0.462007 
4 -0.268645 
4 -0.20952 
4 0.271736 
4 0.324438 
4 0.165735 
4 -1 
4 0.112435 
4 -0.394888 
4 0.0175089 
4 1 
4 0.744833 
4 -0.0774168 
4 0.219034 
4 0.407051 
4 -0.143468 
4 -0.32777 
4 0.617249 
4 0.489665 
4 -0.511581 
4 -0.239082 
4 0.298087 
4 -0.830151 
4 0.0649718 
4 0.872416 
4 0.245385 
4 0.192384 
4 0.139085 
4 0.365744 
4 -0.0299539 
4 -0.176494 
4 -0.428448 
4 -0.610729 
4 0.681041 
4 -0.110443 
4 -0.298207 
4 -0.361329 
4 0.448358 
4 0.553457 
ZONE T="boundary3"
1.16981 -1 
1.25198 -1 
-4 -1 
-3.58766 -1 
2.42358 -1 
0.867956 -1 
-1.23243 -1 
-1.12589 -1 
1.49296 -1 
1.41356 -1 
-0.814687 -1 
-0.722416 -1 
-0.902727 -1 
-0.986535 -1 
-0.0507039 -1 
0.530389 -1 
0.434238 -1 
-0.582365 -1 
-0.253367 -1 
4 -1 
0.338088 -1 
3.65374 -1 
-1.57507 -1 
-1.45702 -1 
-2.20512 -1 
-1.87632 -1 
3.30748 -1 
-3.38705 -1 
-3.18644 -1 
-2.44497 -1 
1.77772 -1 
2.69157 -1 
2.99952 -1 
-2.93563 -1 
-2.5649 -1 
-2.68482 -1 
-0.11572 -1 
0.0143124 -1 
-0.184544 -1 
0.142992 -1 
0.0786521 -1 
-0.494554 -1 
-0.406742 -1 
0.24054 -1 
-0.330055 -1 
0.643137 -1 
0.755885 -1 
1.07492 -1 
-1.05621 -1 
-1.33897 -1 
3.48061 -1 
1.33416 -1 
0.980027 -1 
-1.72569 -1 
1.96666 -1 
1.56415 -1 
1.63534 -1 
2.15559 -1 
1.2109 -1 
-3.79383 -1 
-1.17916 -1 
1.45326 -1 
-0.768552 -1 
-0.858707 -1 
-0.944631 -1 
0.482314 -1 
3.82687 -1 
-1.51604 -1 
-2.04072 -1 
-3.28674 -1 
2.55758 -1 
-3.48735 -1 
-2.62486 -1 
-0.083212 -1 
-0.0181957 -1 
-0.150132 -1 
0.110822 -1 
-0.450648 -1 
-0.652391 -1 
-0.53846 -1 
0.586763 -1 
0.699511 -1 
0.386163 -1 
-0.368398 -1 
1.12237 -1 
-1.02137 -1 
0.289314 -1 
-1.39799 -1 
3.39404 -1 
3.56717 -1 
3.1535 -1 
1.29307 -1 
0.923992 -1 
-1.65038 -1 
1.37386 -1 
-3.06103 -1 
-2.81022 -1 
-2.50493 -1 
-2.32505 -1 
1.87219 -1 
1.59974 -1 
2.84555 -1 
-1.801 -1 
2.06113 -1 
0.191766 -1 
-0.291711 -1 
-0.218955 -1 
0.0464822 -1 
-1.09105 -1 
1.70653 -1 
-1.2857 -1 
1.52855 -1 
1.02747 -1 
0.81192 -1 
2.28959 -1 
ZONE T="boundary4"
-0.603453 0.0871504 
-0.432479 0.315887 
-0.44874 0.301944 
0.648763 0.00948027 
0.535832 0.294116 
0.516016 0.321952 
0.644347 0.0448796 
0.640671 0.0624885 
0.647075 0.0271257 
-0.263122 0.420733 
-0.241358 0.430289 
-0.627389 0.00110671 
-0.623176 0.0228217 
-0.617769 0.0444452 
-0.611183 0.0659193 
-0.594622 0.10807 
-0.630404 -0.0206385 
-0.57395 0.148618 
-0.584773 0.12856 
-0.564078 0.165236 
-0.553614 0.181491 
-0.506871 0.242801 
-0.493393 0.258005 
-0.479423 0.272759 
-0.464338 0.28762 
-0.542643 0.197331 
-0.39846 0.342293 
-0.362436 0.366862 
-0.343768 0.378424 
-0.324323 0.389708 
-0.304565 0.400436 
-0.380759 0.354759 
-0.283986 0.410873 
-0.219333 0.439239 
-0.148618 0.463447 
-0.124 0.470357 
-0.531179 0.212814 
-0.196297 0.447862 
-0.415771 0.329288 
-0.519237 0.227982 
-0.173027 0.45584 
0.553581 0.265107 
0.425745 0.408783 
0.404938 0.422588 
0.295704 0.472122 
0.325659 0.461722 
0.380587 0.436677 
0.354067 0.449829 
0.505457 0.33513 
0.445847 0.393653 
0.464322 0.377945 
0.485537 0.357386 
-0.0980749 0.476829 
0.0126376 0.495541 
0.0420476 0.498109 
0.073004 0.499703 
0.103984 0.500126 
0.26459 0.48088 
0.232731 0.487931 
0.582767 0.209366 
0.636052 0.0802222 
0.630646 0.0977677 
0.594429 0.185273 
0.623388 0.118265 
0.614843 0.139758 
0.605639 0.161 
0.649385 -0.00806793 
0.568577 0.237444 
-0.07197 0.482532 
-0.0443956 0.487686 
-0.0166766 0.491975 
0.136144 0.499272 
0.168201 0.497038 
0.200551 0.493285 
-0.440668 0.308983 
0.526182 0.308218 
0.642621 0.0537076 
-0.252273 0.425587 
-0.625428 0.0119925 
-0.614616 0.0552252 
-0.599167 0.0976651 
-0.579476 0.138651 
-0.58982 0.118374 
-0.607454 0.0765841 
-0.56909 0.156972 
-0.558917 0.173409 
-0.471946 0.280256 
-0.48647 0.265441 
-0.500192 0.250456 
-0.353144 0.37271 
-0.314481 0.395141 
-0.371643 0.360878 
-0.389657 0.348593 
-0.456601 0.294849 
-0.230376 0.43484 
-0.334086 0.384136 
-0.136333 0.466989 
-0.53697 0.205116 
-0.207846 0.443632 
-0.548193 0.189456 
-0.294312 0.405727 
-0.525262 0.220441 
-0.629044 -0.00974549 
-0.18469 0.451932 
0.544939 0.279754 
0.645834 0.0360215 
-0.620616 0.0336693 
-0.407167 0.335858 
0.415442 0.415838 
0.310761 0.467152 
0.367433 0.443466 
0.5108 0.328592 
0.43591 0.401369 
-0.513107 0.235435 
0.475113 0.367854 
-0.273588 0.415875 
0.0273316 0.496951 
0.0575184 0.49905 
0.280211 0.476728 
0.248709 0.484624 
0.63344 0.0890228 
0.588645 0.197342 
0.619209 0.129049 
0.61031 0.150409 
-0.424179 0.322654 
0.649208 0.000710879 
0.638465 0.0713824 
0.4552 0.385934 
0.600099 0.173166 
-0.16085 0.459731 
0.392875 0.429827 
0.575744 0.223441 
0.627123 0.108054 
-0.0850435 0.479777 
-0.111061 0.473688 
-0.0305528 0.48994 
-0.00203447 0.493881 
0.339957 0.456 
-0.058203 0.485217 
0.0884919 0.500064 
0.120068 0.499868 
0.184399 0.495354 
0.216675 0.490814 
0.561215 0.251349 
0.152185 0.498332 
0.648048 0.0183153 
0.495693 0.346433 
ZONE T="boundary5"
-0.525532 -0.334872 
-0.538582 -0.320789 
-0.630567 -0.106927 
-0.632294 -0.085516 
-0.632848 -0.0639946 
0.630161 -0.109261 
-0.623633 -0.149212 
-0.612114 -0.190652 
-0.618438 -0.170062 
-0.627679 -0.128158 
-0.589799 -0.244216 
-0.580976 -0.260813 
-0.291578 -0.436038 
-0.31516 -0.434335 
-0.338135 -0.431313 
-0.360889 -0.426869 
0.580136 -0.191014 
-0.382797 -0.421103 
-0.404319 -0.413888 
0.644678 -0.0598297 
-0.243735 -0.435665 
-0.267895 -0.436451 
-0.144517 -0.422691 
-0.219491 -0.433791 
-0.19473 -0.430905 
-0.169986 -0.427197 
-0.550356 -0.306617 
-0.597869 -0.22715 
-0.571569 -0.276577 
0.598824 -0.166782 
-0.561422 -0.291773 
0.589737 -0.179146 
-0.42467 -0.405516 
-0.44448 -0.395773 
-0.11911 -0.417672 
0.570277 -0.202175 
-0.511785 -0.348141 
-0.496468 -0.3613 
-0.480462 -0.373459 
-0.462797 -0.385216 
-0.632221 -0.0423464 
-0.630404 -0.0206385 
-0.605403 -0.209116 
0.31997 -0.334253 
0.29727 -0.33915 
0.476581 -0.276826 
0.45604 -0.287841 
0.497582 -0.263908 
-0.0929047 -0.412125 
-0.0667541 -0.406385 
-0.039332 -0.40031 
-0.0119264 -0.394321 
0.0167326 -0.388266 
0.0453675 -0.382506 
0.104675 -0.371615 
0.0750411 -0.376883 
0.135592 -0.366434 
0.16646 -0.361485 
0.23087 -0.351222 
0.198707 -0.356401 
0.342564 -0.328809 
0.365996 -0.322427 
0.412286 -0.307004 
0.389219 -0.315213 
0.435001 -0.297711 
0.517866 -0.249588 
0.53855 -0.232868 
0.61538 -0.140284 
0.60742 -0.153791 
0.640906 -0.0766377 
0.560021 -0.212877 
0.647347 -0.0427982 
0.64892 -0.0254788 
0.623221 -0.125061 
0.636035 -0.0931987 
0.649385 -0.00806793 
0.264137 -0.345502 
-0.532155 -0.327921 
-0.631577 -0.0962336 
-0.632718 -0.0747591 
-0.615414 -0.180399 
-0.629268 -0.117562 
-0.6258 -0.138712 
-0.303381 -0.435355 
-0.349548 -0.429272 
-0.393618 -0.417676 
-0.585488 -0.252568 
-0.37189 -0.424164 
-0.25581 -0.436201 
-0.231603 -0.434854 
-0.207098 -0.43246 
-0.157239 -0.425018 
-0.544562 -0.313781 
-0.593931 -0.235729 
-0.576372 -0.268754 
-0.566593 -0.28424 
0.594354 -0.173018 
-0.434657 -0.400811 
-0.621177 -0.159672 
-0.488557 -0.3675 
-0.504225 -0.354835 
-0.453724 -0.390642 
-0.518752 -0.341602 
-0.632682 -0.0531662 
-0.608868 -0.199924 
0.308634 -0.336763 
0.466387 -0.282477 
-0.63146 -0.0314801 
-0.601741 -0.218177 
-0.471724 -0.379479 
-0.131804 -0.420234 
-0.106 -0.414933 
-0.0530436 -0.403345 
-0.0256333 -0.397298 
0.031043 -0.385347 
0.0898514 -0.374209 
0.151023 -0.36394 
0.214793 -0.353838 
0.331285 -0.331605 
0.354306 -0.325713 
0.400797 -0.311234 
0.445584 -0.292911 
0.487182 -0.27053 
0.528347 -0.2414 
-0.414564 -0.409871 
0.61149 -0.14709 
-0.279739 -0.436399 
0.565202 -0.207577 
0.575265 -0.196646 
0.648273 -0.0341512 
0.603205 -0.160341 
0.585003 -0.185134 
0.638605 -0.084958 
0.626815 -0.117215 
0.619415 -0.132732 
0.642929 -0.0682646 
-0.555986 -0.299268 
0.646151 -0.0513357 
0.633226 -0.101277 
0.280722 -0.342424 
0.247514 -0.348423 
0.377641 -0.31893 
0.4237 -0.302497 
-0.32667 -0.432997 
-0.182345 -0.429142 
0.0601957 -0.379651 
-0.0798259 -0.40927 
0.00239612 -0.391263 
0.120126 -0.36899 
0.182583 -0.358943 
0.64929 -0.016777 
0.507838 -0.256909 
0.54947 -0.223071 
