ZONE T="boundary0"
-4 -0.623052 
-4 -0.811526 
-4 -0.313151 
-4 -0.37603 
-4 -0.275305 
-4 -0.0683809 
-4 -0.000714341 
-4 0.419944 
-4 0.342756 
-4 0.689113 
-4 0.844557 
-4 -0.237459 
-4 -0.195189 
-4 1 
-4 -1 
-4 -0.438909 
-4 -0.530981 
-4 0.288607 
-4 0.593122 
-4 0.497131 
-4 -0.15292 
-4 -0.11065 
-4 0.234458 
-4 0.261532 
-4 0.192581 
-4 0.150705 
-4 0.108829 
-4 0.0669522 
-4 -0.717289 
-4 -0.344591 
-4 -0.294228 
-4 -0.0345476 
-4 0.766835 
-4 -0.216324 
-4 0.922278 
-4 -0.40747 
-4 -0.256382 
-4 -0.484945 
-4 0.545127 
-4 -0.131785 
-4 -0.905763 
-4 0.247995 
-4 0.315682 
-4 0.171643 
-4 0.27507 
-4 0.213519 
-4 0.0878904 
-4 0.129767 
-4 0.38135 
-4 0.458537 
-4 -0.174055 
-4 0.0331189 
-4 0.641118 
-4 -0.577016 
-4 -0.0895157 
ZONE T="boundary1"
-3.2269 1 
-3.56784 1 
1.26691 1 
1.33413 1 
1.61905 1 
1.5102 1 
0.212809 1 
0.0110996 1 
0.0763953 1 
-0.881917 1 
-1.16496 1 
-1.36307 1 
-1.82232 1 
0.810805 1 
0.921994 1 
-1.57807 1 
2.58323 1 
2.84068 1 
2.43621 1 
-1.95334 1 
-2.08437 1 
3.74463 1 
3.48925 1 
4 1 
0.695835 1 
0.580866 1 
-2.27459 1 
2.07901 1 
-2.88595 1 
-4 1 
-3.78392 1 
3.09813 1 
-2.4648 1 
1.74394 1 
-3.05642 1 
-0.119609 1 
-0.185022 1 
0.144602 1 
-0.614936 1 
-0.0541961 1 
0.477608 1 
-0.416253 1 
-0.500758 1 
-0.672025 1 
-0.729114 1 
-1.01467 1 
-0.258385 1 
-0.331748 1 
0.37435 1 
0.293579 1 
1.03318 1 
1.15005 1 
1.40135 1 
-1.47057 1 
-1.70019 1 
1.86883 1 
-1.26402 1 
-2.67538 1 
2.28919 1 
-3.39737 1 
1.30052 1 
1.56462 1 
0.8664 1 
2.71195 1 
-2.01886 1 
3.61694 1 
3.87231 1 
0.63835 1 
-3.89196 1 
3.29369 1 
1.68149 1 
-2.97119 1 
0.110499 1 
-0.0215483 1 
0.529237 1 
-0.458506 1 
-0.557847 1 
-0.805516 1 
-0.948293 1 
-0.295067 1 
0.253194 1 
-1.08982 1 
0.178705 1 
1.09161 1 
1.36774 1 
1.45577 1 
-1.41682 1 
-1.63913 1 
-1.52432 1 
-1.76126 1 
-1.31355 1 
-1.21449 1 
0.977588 1 
0.75332 1 
-2.17948 1 
-2.57009 1 
-2.78066 1 
-3.14166 1 
2.96941 1 
1.80638 1 
-2.36969 1 
2.1841 1 
-3.67588 1 
2.3627 1 
2.50972 1 
1.97392 1 
-1.88783 1 
-0.152316 1 
0.333964 1 
-0.374001 1 
-0.221704 1 
-0.0869027 1 
0.0437474 1 
-0.70057 1 
-0.643481 1 
0.425979 1 
1.20848 1 
ZONE T="boundary2"
4 -0.310379 
4 -0.231097 
4 -0.270738 
4 -0.351863 
4 0.201114 
4 0.128696 
4 -0.0876083 
4 0.052649 
4 0.5223 
4 0.641725 
4 1 
4 -0.687746 
4 -1 
4 0.273531 
4 0.346962 
4 0.390796 
4 0.434631 
4 -0.151818 
4 -0.0233984 
4 0.76115 
4 -0.582031 
4 -0.393347 
4 -0.476315 
4 -0.250917 
4 -0.331121 
4 0.164905 
4 0.0906727 
4 0.582013 
4 -0.843873 
4 0.237322 
4 0.310246 
4 0.412714 
4 0.368879 
4 0.478466 
4 -0.191457 
4 -0.0555034 
4 -0.119713 
4 0.701438 
4 -0.290559 
4 0.880575 
4 -0.634889 
4 -0.434831 
4 0.0146253 
4 -0.372605 
4 -0.529173 
ZONE T="boundary3"
-3.50485 -1 
-1.76805 -1 
3.15477 -1 
3.36608 -1 
-0.492413 -1 
-1.01229 -1 
-0.0517342 -1 
0.0680145 -1 
0.00814013 -1 
-0.798785 -1 
-0.692529 -1 
-1.37992 -1 
-1.45698 -1 
0.456368 -1 
0.543926 -1 
0.712135 -1 
0.768204 -1 
-1.65105 -1 
-3.12918 -1 
4 -1 
3.57739 -1 
2.46477 -1 
2.71044 -1 
-2.00206 -1 
-2.19294 -1 
2.93261 -1 
2.21909 -1 
-2.38382 -1 
-4 -1 
-3.75243 -1 
1.62418 -1 
2.03481 -1 
-0.23741 -1 
-0.1643 -1 
-0.310519 -1 
0.250368 -1 
0.289848 -1 
0.656065 -1 
0.139451 -1 
0.210887 -1 
0.368809 -1 
-0.401466 -1 
-0.592471 -1 
1.12138 -1 
1.03325 -1 
0.945121 -1 
-0.905041 -1 
-1.18464 -1 
-1.11955 -1 
-1.53405 -1 
1.31993 -1 
1.43433 -1 
1.54872 -1 
1.69963 -1 
1.85053 -1 
-1.24973 -1 
2.34193 -1 
-2.91957 -1 
-2.81477 -1 
-2.54689 -1 
-2.70996 -1 
0.856663 -1 
3.26043 -1 
-0.021797 -1 
-0.745657 -1 
-1.41845 -1 
0.500147 -1 
0.740169 -1 
-3.31701 -1 
2.5876 -1 
-2.0975 -1 
3.04369 -1 
3.78869 -1 
-3.87621 -1 
-0.200855 -1 
-0.273965 -1 
0.270108 -1 
0.0380773 -1 
-0.108017 -1 
0.599996 -1 
0.175169 -1 
0.412588 -1 
-0.355993 -1 
-0.6425 -1 
-0.542442 -1 
0.6841 -1 
-1.15209 -1 
-1.49552 -1 
-1.59255 -1 
1.22065 -1 
1.49152 -1 
1.37713 -1 
2.40335 -1 
2.82152 -1 
-2.86717 -1 
-1.88506 -1 
-2.28838 -1 
-2.46536 -1 
-3.62864 -1 
3.47173 -1 
-2.62843 -1 
0.329329 -1 
0.103733 -1 
0.230628 -1 
0.812433 -1 
-0.446939 -1 
0.989186 -1 
0.900892 -1 
-0.958668 -1 
-1.70955 -1 
1.07731 -1 
1.6619 -1 
1.77508 -1 
1.58645 -1 
1.94267 -1 
2.12695 -1 
-1.21719 -1 
-1.31483 -1 
-0.851913 -1 
-1.06592 -1 
-3.02437 -1 
-2.76237 -1 
2.28051 -1 
ZONE T="boundary4"
-0.392147 0.498242 
0.359504 0.243251 
0.381097 0.239122 
-0.601119 0.0745055 
-0.601751 0.0948469 
-0.599587 0.0543769 
-0.503487 0.393699 
-0.492065 0.40848 
-0.195522 0.531649 
-0.175357 0.525062 
-0.29871 0.535415 
-0.13569 0.505713 
-0.116826 0.493313 
-0.576077 0.25345 
-0.564771 0.284369 
-0.356917 0.516894 
-0.479827 0.423051 
-0.439211 0.46358 
-0.597181 0.0345176 
-0.601464 0.115362 
-0.600249 0.135948 
-0.598112 0.156554 
0.61058 0.0653511 
-0.544647 0.327909 
-0.55442 0.308141 
-0.534933 0.345635 
-0.514358 0.378432 
-0.098024 0.478816 
-0.52495 0.362258 
-0.453572 0.4505 
-0.467036 0.437031 
-0.408477 0.487548 
0.619291 0.0407911 
-0.374712 0.508205 
0.576223 0.125802 
0.566962 0.137341 
-0.424347 0.475825 
0.524046 0.177847 
0.511152 0.187069 
-0.318878 0.530677 
-0.257638 0.539623 
-0.237083 0.53895 
-0.338008 0.524547 
-0.216504 0.536356 
-0.155003 0.516235 
0.598871 0.0903569 
0.592151 0.102237 
-0.278603 0.53839 
0.484315 0.203173 
0.497787 0.195565 
-0.0799207 0.462898 
0.446145 0.220432 
-0.585415 0.221747 
-0.592832 0.189359 
0.332538 0.247481 
0.275264 0.254902 
0.305566 0.251077 
0.470546 0.210074 
0.402672 0.234108 
0.421544 0.228828 
-0.0617814 0.44526 
0.213892 0.264448 
0.244882 0.259114 
0.182927 0.271458 
0.120587 0.293196 
0.0904949 0.308572 
0.58483 0.113753 
0.541097 0.16382 
0.629819 -0.00760079 
0.632378 -0.0322129 
0.625538 0.01667 
-0.0434772 0.426231 
-0.0250251 0.406526 
-0.00496621 0.38547 
0.0160225 0.364796 
0.0639337 0.325457 
0.0387789 0.344656 
0.151444 0.280949 
0.557221 0.148187 
0.370312 0.241282 
-0.60155 0.0846736 
-0.600466 0.0644335 
-0.497847 0.401149 
-0.185373 0.528594 
-0.126153 0.499712 
-0.570681 0.26901 
-0.486019 0.415832 
-0.601723 0.105107 
-0.600971 0.125663 
-0.599294 0.146264 
-0.549641 0.318082 
-0.559751 0.296327 
-0.539877 0.336824 
-0.508995 0.386121 
-0.107316 0.486247 
-0.530021 0.353998 
-0.446467 0.457131 
-0.460377 0.443845 
-0.473504 0.430113 
-0.400384 0.493017 
-0.365881 0.5127 
0.571673 0.131637 
-0.383502 0.503365 
-0.431852 0.469801 
0.517659 0.18255 
-0.308837 0.533256 
-0.247353 0.539522 
-0.347524 0.520896 
-0.145251 0.511191 
-0.226765 0.537894 
0.595587 0.0963399 
0.491097 0.199455 
-0.0888779 0.471004 
-0.519732 0.370399 
-0.165091 0.520892 
-0.416488 0.4818 
-0.268132 0.539245 
-0.589378 0.205616 
-0.59575 0.173005 
-0.288684 0.537117 
-0.598494 0.0444347 
0.346023 0.245471 
-0.328495 0.527796 
0.319052 0.249331 
0.477469 0.206708 
0.458439 0.215492 
0.391904 0.236735 
0.433906 0.224841 
0.412131 0.231576 
-0.205962 0.534257 
-0.0707761 0.454194 
0.605044 0.0780026 
0.229371 0.261613 
0.198369 0.267713 
0.105376 0.300505 
0.588565 0.108042 
0.532709 0.171005 
0.580611 0.119838 
0.631304 -0.0198856 
0.622664 0.028794 
-0.0525891 0.435818 
-0.0342571 0.416399 
-0.0150577 0.395956 
0.290412 0.252982 
0.005416 0.375022 
0.0511729 0.334793 
0.0770453 0.316706 
-0.580986 0.237675 
0.135899 0.286714 
0.615218 0.0531706 
0.549321 0.156172 
0.504527 0.191406 
0.627905 0.00457404 
0.562166 0.142831 
0.0272456 0.354541 
0.167107 0.275889 
0.260058 0.256924 
ZONE T="boundary5"
-0.0936308 -0.478082 
-0.11712 -0.470114 
-0.204116 -0.434259 
-0.183774 -0.443587 
-0.0684867 -0.485861 
-0.500101 -0.194303 
-0.579468 -0.0417292 
-0.585044 -0.0231742 
-0.313936 -0.372249 
-0.330297 -0.361052 
-0.558486 -0.0955247 
-0.550135 -0.112882 
-0.531551 -0.14671 
-0.510952 -0.178918 
-0.521504 -0.162979 
-0.573171 -0.0599578 
-0.566181 -0.0778631 
-0.593936 0.0149715 
0.572973 -0.353092 
0.586678 -0.327365 
-0.477427 -0.223876 
-0.224209 -0.424435 
-0.297308 -0.383049 
-0.243223 -0.414554 
-0.279775 -0.393845 
-0.140372 -0.461535 
-0.162195 -0.452834 
-0.44165 -0.265107 
-0.453835 -0.251751 
-0.465683 -0.238088 
-0.345804 -0.34988 
-0.361034 -0.338332 
-0.416429 -0.290599 
-0.403204 -0.302925 
-0.261983 -0.404217 
-0.389661 -0.314901 
-0.375494 -0.326796 
-0.597181 0.0345176 
-0.589877 -0.0042757 
-0.488838 -0.209379 
0.498023 -0.436522 
0.474525 -0.452989 
0.342729 -0.507127 
0.317127 -0.512601 
0.55707 -0.376888 
0.539485 -0.398348 
0.530098 -0.408288 
0.29038 -0.517048 
0.261763 -0.520507 
0.199664 -0.523924 
0.0715228 -0.515844 
0.103359 -0.519612 
0.011758 -0.505739 
0.0415499 -0.51127 
-0.0157841 -0.499745 
-0.0431154 -0.492946 
0.369815 -0.499885 
0.425031 -0.479565 
0.396746 -0.491 
0.45012 -0.46728 
0.520274 -0.417787 
-0.541138 -0.129961 
0.565309 -0.3652 
0.593281 -0.312282 
0.629653 -0.130907 
0.607021 -0.270593 
0.599085 -0.296837 
0.626883 -0.155597 
0.623649 -0.180196 
0.631796 -0.106283 
0.633124 -0.081583 
0.633399 -0.0569025 
0.632378 -0.0322129 
0.618868 -0.211896 
0.613233 -0.243365 
0.231331 -0.522844 
0.167476 -0.52371 
0.13532 -0.522249 
-0.105403 -0.474175 
-0.193974 -0.438986 
-0.0810865 -0.482058 
-0.582352 -0.0324801 
-0.322151 -0.3667 
-0.554391 -0.104242 
-0.516289 -0.170989 
-0.569763 -0.0689445 
-0.576411 -0.050875 
0.580144 -0.340403 
-0.214194 -0.42941 
-0.233747 -0.419552 
-0.288574 -0.3885 
-0.305654 -0.377698 
-0.151312 -0.457253 
-0.173015 -0.448279 
-0.447786 -0.258469 
-0.505581 -0.186649 
-0.353455 -0.344153 
-0.338085 -0.355512 
-0.409858 -0.296806 
-0.27091 -0.399084 
-0.382615 -0.320894 
-0.3683 -0.332609 
-0.595666 0.0247274 
-0.252635 -0.409443 
-0.483176 -0.216662 
0.48645 -0.445005 
0.329961 -0.510014 
-0.471597 -0.231017 
0.548531 -0.387829 
0.303779 -0.514975 
0.0874243 -0.517867 
0.0266312 -0.508624 
0.276092 -0.518936 
-0.526593 -0.154886 
-0.0558263 -0.489491 
0.356323 -0.50369 
0.410991 -0.485533 
0.462462 -0.460372 
0.509363 -0.427411 
0.534848 -0.403372 
0.525239 -0.413093 
-0.545713 -0.121462 
-0.562417 -0.0867307 
0.561261 -0.371096 
0.569216 -0.359194 
0.603308 -0.283795 
-0.59201 0.00532662 
0.590082 -0.31987 
0.596283 -0.304599 
0.628334 -0.143261 
0.625318 -0.167905 
0.630812 -0.118604 
-0.536416 -0.138377 
-0.4598 -0.244956 
-0.396471 -0.308957 
-0.494519 -0.201878 
-0.58756 -0.0137499 
0.632576 -0.0939397 
-0.0294756 -0.496446 
0.633408 -0.0692447 
0.621345 -0.196062 
0.61619 -0.22766 
-0.128775 -0.465901 
0.633066 -0.0445506 
0.610326 -0.257029 
0.0565173 -0.513679 
0.383349 -0.495645 
0.24656 -0.52184 
0.215504 -0.523549 
-0.00203592 -0.502843 
0.437686 -0.473645 
0.18357 -0.523978 
0.151391 -0.523131 
-0.429213 -0.278024 
0.119328 -0.521075 
