ZONE T="boundary0"
-4 -1 
-4 -0.340153 
-4 -0.293928 
-4 -0.125222 
-4 0.59089 
-4 0.454519 
-4 0.187073 
-4 0.141908 
-4 -0.270815 
-4 -0.831909 
-4 -0.412512 
-4 -0.48487 
-4 -0.247702 
-4 0.0599423 
-4 0.287646 
-4 0.232239 
-4 0.343054 
-4 -0.0220237 
-4 -0.0736229 
-4 0.72726 
-4 -0.186462 
-4 -0.217082 
-4 -0.574344 
-4 -0.663818 
-4 1 
-4 -0.31704 
-4 0.522705 
-4 0.164491 
-4 -0.282371 
-4 -0.915955 
-4 -0.448691 
-4 0.209656 
-4 0.259942 
-4 0.398787 
-4 0.31535 
-4 0.0189593 
-4 0.100925 
-4 -0.0478233 
-4 0.659075 
-4 -0.155842 
-4 -0.201772 
-4 -0.747864 
-4 -0.376332 
-4 -0.232392 
-4 -0.259259 
-4 -0.0994225 
-4 -0.619081 
-4 -0.529607 
-4 0.86363 
ZONE T="boundary1"
-3.63935 1 
1.65082 1 
1.52052 1 
2.37464 1 
2.1517 1 
0.764327 1 
0.720436 1 
1.24536 1 
-1.3098 1 
-0.198484 1 
1.39022 1 
-0.0617269 1 
1.92876 1 
-0.254589 1 
-0.3668 1 
0.163001 1 
0.23085 1 
-0.93879 1 
0.888124 1 
0.808219 1 
-0.712199 1 
-0.826926 1 
-1.18023 1 
2.54257 1 
2.90683 1 
3.10315 1 
-2.12122 1 
-2.65794 1 
3.38354 1 
-3.31425 1 
2.71051 1 
-3.07405 1 
-2.95394 1 
0.504284 1 
0.647142 1 
0.573849 1 
0.366709 1 
-0.142379 1 
-0.0214011 1 
0.0189248 1 
0.0909628 1 
-0.482136 1 
0.434719 1 
0.2987 1 
-0.597472 1 
0.968029 1 
1.11857 1 
-1.05065 1 
3.83196 1 
4 1 
3.66393 1 
-1.42659 1 
-1.54337 1 
-1.79863 1 
-1.671 1 
-1.95992 1 
-2.30162 1 
-2.48203 1 
-3.81968 1 
-2.83384 1 
-4 1 
1.58567 1 
2.26317 1 
0.742382 1 
-0.310695 1 
0.196926 1 
0.848171 1 
-0.769562 1 
2.4586 1 
3.00499 1 
0.610496 1 
-0.00123815 1 
-0.102053 1 
-0.041564 1 
0.126982 1 
0.0549438 1 
0.400714 1 
0.332705 1 
0.683789 1 
-0.424468 1 
-0.539804 1 
-0.226537 1 
-0.170431 1 
0.928077 1 
1.0433 1 
1.18197 1 
-0.654835 1 
-0.882858 1 
-0.994722 1 
-1.11544 1 
3.91598 1 
3.74795 1 
-1.48498 1 
-1.24501 1 
-1.73482 1 
1.31779 1 
1.78979 1 
2.04023 1 
3.52373 1 
-1.60719 1 
-2.04057 1 
-1.87928 1 
-2.21142 1 
-2.39183 1 
-3.72951 1 
-3.4768 1 
-2.74589 1 
3.24334 1 
-3.19415 1 
0.539066 1 
0.469501 1 
0.786273 1 
0.264775 1 
-2.56999 1 
2.80867 1 
-1.36819 1 
1.45537 1 
2.62654 1 
-3.01399 1 
-2.89389 1 
-3.90984 1 
ZONE T="boundary2"
4 -0.83541 
4 -0.490227 
4 -0.176652 
4 -0.133675 
4 -0.35205 
4 -0.263037 
4 -0.307544 
4 -0.21963 
4 -0.00520949 
4 0.700566 
4 -0.580524 
4 -1 
4 -0.241334 
4 -0.0694422 
4 0.0813103 
4 -0.421139 
4 0.16783 
4 -0.670821 
4 0.467673 
4 0.534214 
4 0.800377 
4 0.12457 
4 0.235848 
4 1 
4 0.600755 
4 0.269856 
4 0.303865 
4 0.201839 
4 0.385769 
4 -0.155164 
4 -0.285291 
4 -0.535375 
4 -0.917705 
4 -0.230482 
4 -0.252186 
4 -0.101559 
4 -0.198141 
4 -0.329797 
4 -0.386594 
4 0.0380504 
4 -0.625672 
4 0.500944 
4 0.10294 
4 0.750472 
4 0.65066 
4 0.900189 
4 -0.753116 
4 -0.455683 
4 -0.0373258 
4 0.286861 
4 0.1462 
4 0.252852 
4 0.344817 
4 0.426721 
4 0.567484 
4 0.184834 
4 0.218843 
ZONE T="boundary3"
-4 -1 
-3.64189 -1 
1.92446 -1 
3.75 -1 
0.274269 -1 
0.348439 -1 
-0.88226 -1 
-0.764092 -1 
0.422608 -1 
-0.146464 -1 
-0.254603 -1 
-0.193368 -1 
-0.365422 -1 
-0.707236 -1 
-0.650381 -1 
-0.514176 -1 
-1.37596 -1 
-1.3095 -1 
0.797845 -1 
0.88386 -1 
-1.0662 -1 
-0.97423 -1 
-3.39204 -1 
2.46746 -1 
-3.19631 -1 
3.16952 -1 
3.5 -1 
-2.273 -1 
4 -1 
-1.44242 -1 
-1.59139 -1 
-1.74036 -1 
-2.00668 -1 
2.05897 -1 
-2.66606 -1 
0.131285 -1 
0.0630822 -1 
-0.0995604 -1 
-0.0510825 -1 
-0.0753214 -1 
0.202777 -1 
-0.0026045 -1 
-0.315837 -1 
-0.415007 -1 
0.56462 -1 
0.493614 -1 
-0.582279 -1 
0.711829 -1 
0.638224 -1 
-1.18785 -1 
1.04108 -1 
1.1983 -1 
1.43998 -1 
1.31914 -1 
-3.00058 -1 
-2.83332 -1 
1.78994 -1 
1.61496 -1 
2.32801 -1 
2.88821 -1 
2.60691 -1 
-3.82095 -1 
0.311354 -1 
-0.223985 -1 
-0.823176 -1 
-0.678809 -1 
-1.34273 -1 
0.840853 -1 
-1.02021 -1 
-3.51697 -1 
3.33476 -1 
3.875 -1 
-1.51691 -1 
-1.87352 -1 
1.99171 -1 
-2.46953 -1 
0.0971837 -1 
-0.123012 -1 
-0.063202 -1 
0.167031 -1 
-0.0268435 -1 
0.0302388 -1 
0.238523 -1 
-0.169916 -1 
-0.28522 -1 
-0.34063 -1 
-0.735664 -1 
0.458111 -1 
-0.61633 -1 
0.601422 -1 
0.675027 -1 
-0.464591 -1 
-1.12703 -1 
0.962471 -1 
0.754837 -1 
-0.928245 -1 
1.37956 -1 
-1.66587 -1 
-1.40919 -1 
-3.09844 -1 
-3.29417 -1 
-2.91695 -1 
3.625 -1 
1.52747 -1 
1.70245 -1 
-2.13984 -1 
-2.74969 -1 
2.19349 -1 
3.02887 -1 
1.8572 -1 
2.39773 -1 
2.53718 -1 
2.74756 -1 
-0.0874409 -1 
0.529117 -1 
-0.390214 -1 
0.385523 -1 
-0.548227 -1 
-1.24868 -1 
1.25872 -1 
1.11969 -1 
ZONE T="boundary4"
-0.442072 0.278828 
-0.457975 0.256985 
-0.499194 0.191977 
-0.377487 0.352786 
-0.345591 0.382903 
-0.326759 0.399147 
-0.0225219 0.558126 
-0.0508906 0.549439 
0.317684 -0.0271512 
0.490523 0.0334532 
-0.173674 0.49927 
-0.150988 0.510238 
0.708161 0.309729 
0.388355 0.589048 
0.409989 0.585487 
0.704339 0.283677 
0.45273 0.576293 
0.592967 0.516771 
0.612077 0.503061 
0.542925 0.544738 
0.558232 0.537199 
0.653304 0.17701 
0.701891 0.375477 
0.673803 0.208572 
0.682699 0.224879 
0.705627 0.35894 
-0.575164 -0.00546895 
-0.10361 0.530555 
-0.0789442 0.539852 
-0.566555 0.0311813 
-0.581447 -0.0425695 
-0.5558 0.066957 
-0.545818 0.0947104 
-0.522901 0.147257 
-0.534798 0.121501 
-0.511422 0.16982 
-0.486442 0.213478 
0.45074 0.0132924 
0.408956 -0.00354234 
-0.426226 0.298955 
-0.473087 0.234597 
-0.393843 0.335897 
-0.409648 0.3185 
0.630812 0.487344 
-0.253675 0.453251 
-0.199882 0.485514 
-0.225553 0.470828 
-0.127968 0.52053 
0.69074 0.406512 
0.683567 0.420981 
0.70846 0.33479 
0.470921 0.0229839 
0.341217 -0.0226258 
0.696844 0.391457 
0.491042 0.565206 
0.591424 0.10718 
0.560927 0.0808748 
0.641816 0.161751 
0.648466 0.469786 
0.573263 0.528978 
0.526635 0.0557123 
0.10905 0.586608 
0.145968 0.591422 
0.183056 0.594937 
0.658171 0.458609 
0.00878697 0.566606 
0.50847 0.55911 
0.525657 0.552356 
0.30346 0.597073 
0.346516 0.59411 
0.667235 0.446861 
0.664061 0.192737 
0.675812 0.434206 
0.690382 0.241123 
0.69696 0.257785 
0.220892 -0.0361783 
0.269923 -0.0334021 
-0.304215 0.417264 
-0.281001 0.434542 
0.364492 -0.0171261 
0.0403837 0.574048 
0.0745987 0.580907 
0.222293 0.597217 
0.26162 0.59799 
0.17299 -0.0358358 
0.630174 0.147569 
0.617979 0.133847 
0.604955 0.120269 
-0.450127 0.267981 
-0.361757 0.368074 
-0.336241 0.391101 
-0.0367412 0.553895 
-0.162373 0.504839 
0.399185 0.587351 
0.706692 0.296644 
0.602643 0.510087 
0.550617 0.541048 
0.678363 0.216665 
0.703935 0.367251 
-0.0913123 0.535295 
-0.528982 0.13444 
-0.505398 0.180949 
-0.492898 0.202775 
0.431436 0.581254 
-0.51726 0.158589 
-0.0649571 0.544759 
-0.561447 0.0491505 
0.430034 0.00442678 
-0.434242 0.288964 
-0.465623 0.245853 
-0.401816 0.327262 
-0.385732 0.344406 
-0.186841 0.49251 
-0.212785 0.478288 
-0.139517 0.515469 
-0.115828 0.525635 
-0.418025 0.308802 
0.687285 0.413814 
0.707423 0.346915 
0.329473 -0.0250102 
-0.479838 0.224084 
0.693936 0.399045 
0.471984 0.571092 
0.576435 0.0937383 
0.639832 0.478763 
0.583212 0.523034 
0.127487 0.589178 
0.565792 0.533172 
0.164496 0.593343 
0.480779 0.028115 
0.517095 0.555818 
0.325006 0.595858 
0.662789 0.452803 
0.534331 0.54864 
0.653396 0.464266 
0.658775 0.184811 
0.66903 0.200595 
0.679799 0.42766 
0.460884 0.0180302 
0.69953 0.383521 
0.69382 0.249396 
0.701062 0.270619 
0.686664 0.232943 
0.647645 0.169318 
0.671624 0.440604 
0.293859 -0.0307389 
-0.315572 0.40831 
-0.292688 0.42601 
0.386873 -0.0108148 
-0.540455 0.108166 
-0.00690377 0.562498 
0.0245544 0.570456 
-0.267437 0.444039 
-0.239706 0.462185 
0.0918 0.583902 
-0.571145 0.0129234 
0.0574613 0.577623 
0.202663 0.596262 
0.282544 0.597763 
-0.5786 -0.0239693 
0.241952 0.597796 
0.624143 0.14065 
0.708722 0.32226 
0.499785 0.562237 
0.621601 0.495392 
0.611533 0.126997 
0.636066 0.154602 
0.245424 -0.0352171 
-0.550969 0.0808915 
0.352884 -0.0200005 
0.544041 0.0679532 
0.508811 0.0442216 
0.367468 0.591861 
0.196928 -0.036353 
0.598251 0.113663 
ZONE T="boundary5"
-0.560503 -0.303399 
-0.381036 -0.59324 
-0.57404 -0.24858 
-0.565571 -0.285309 
-0.580419 -0.211175 
-0.582831 -0.192411 
-0.527766 -0.39013 
-0.491905 -0.457439 
-0.511181 -0.423602 
-0.58601 -0.154667 
-0.542268 -0.356193 
-0.548857 -0.338768 
-0.217325 -0.701276 
-0.187599 -0.71359 
-0.32035 -0.642495 
0.0777607 -0.743901 
-0.27237 -0.673243 
-0.296753 -0.658419 
-0.0133285 -0.75066 
0.0948855 -0.739854 
0.110846 -0.735054 
-0.0866117 -0.742255 
-0.121511 -0.734568 
-0.0503998 -0.747757 
-0.341562 -0.626729 
-0.362029 -0.610086 
-0.352014 -0.178425 
-0.351711 -0.147031 
-0.345119 -0.209002 
-0.332193 -0.236391 
-0.31422 -0.260676 
0.126416 -0.729272 
-0.229093 -0.319411 
-0.293297 -0.280903 
0.00972309 -0.377044 
-0.0222752 -0.369811 
-0.245238 -0.687953 
-0.444302 -0.525336 
-0.581447 -0.0425695 
-0.585336 -0.0797527 
-0.586855 -0.117148 
-0.344255 -0.116734 
-0.33025 -0.0888886 
-0.259303 -0.028967 
-0.298638 -0.0536223 
-0.217514 -0.0143887 
-0.0907774 -0.00746095 
-0.132811 -0.00555635 
0.185618 -0.463246 
0.176087 -0.700908 
0.193758 -0.685231 
0.140411 -0.722998 
0.165239 -0.708739 
0.185267 -0.693286 
0.200878 -0.677541 
0.207416 -0.66952 
0.222742 -0.64503 
0.218034 -0.653707 
0.226837 -0.636132 
0.0798161 -0.398482 
0.166456 -0.446238 
0.142805 -0.429493 
0.113611 -0.41319 
-0.0501655 -0.0115133 
-0.00798718 -0.0169458 
0.221147 -0.51138 
0.153667 -0.715946 
0.211981 -0.495498 
0.232366 -0.539826 
0.200498 -0.479704 
0.23032 -0.627012 
0.233198 -0.617616 
0.237993 -0.586451 
0.235572 -0.607301 
0.237204 -0.596595 
0.235452 -0.552719 
0.237253 -0.564617 
0.238047 -0.575851 
0.227787 -0.526227 
-0.414704 -0.559636 
-0.469908 -0.491133 
-0.269799 -0.298051 
-0.185915 -0.334922 
-0.154825 -0.725062 
-0.0894705 -0.356841 
-0.055919 -0.363131 
0.0239065 -0.750526 
0.124879 -0.0329624 
0.0794083 -0.028419 
-0.174369 -0.00722755 
0.0415854 -0.385609 
0.034453 -0.0227466 
0.056905 -0.0256865 
-0.135626 -0.347654 
0.17299 -0.0358358 
0.0603667 -0.746981 
-0.570089 -0.26701 
-0.581691 -0.201801 
-0.501794 -0.440663 
-0.51971 -0.406982 
-0.584704 -0.173563 
-0.545625 -0.347504 
-0.202543 -0.707633 
-0.28465 -0.665976 
-0.308646 -0.650596 
0.102912 -0.737573 
-0.104113 -0.73869 
-0.0685397 -0.74532 
-0.371621 -0.601761 
-0.35278 -0.16272 
-0.339369 -0.223035 
-0.304109 -0.271205 
-0.0062496 -0.373294 
-0.55494 -0.321169 
-0.258899 -0.680773 
-0.583687 -0.0611304 
-0.586393 -0.0984384 
-0.348852 -0.131669 
-0.338018 -0.102425 
-0.279754 -0.0400433 
-0.238762 -0.020657 
-0.111783 -0.00614335 
0.13347 -0.726248 
0.170733 -0.704916 
0.189581 -0.689329 
0.180741 -0.69717 
0.204211 -0.673583 
0.220459 -0.649408 
0.224863 -0.640616 
0.128432 -0.420966 
-0.0290733 -0.0141347 
0.0968921 -0.405447 
-0.563107 -0.294373 
0.15487 -0.437554 
0.147104 -0.719584 
0.176286 -0.454488 
0.228654 -0.631603 
-0.331043 -0.634727 
-0.351887 -0.618518 
0.231838 -0.622341 
0.23448 -0.612483 
0.159516 -0.712437 
0.197378 -0.681441 
0.236474 -0.558655 
0.238118 -0.581155 
0.234052 -0.546245 
0.21678 -0.503329 
0.237689 -0.591534 
0.230236 -0.532982 
0.236489 -0.601967 
0.212966 -0.661777 
0.224656 -0.518731 
0.206453 -0.487461 
0.237759 -0.570231 
-0.398195 -0.576759 
-0.231367 -0.694794 
-0.457392 -0.508447 
-0.315792 -0.0700429 
-0.349442 -0.193911 
-0.323761 -0.248944 
-0.20773 -0.327786 
-0.281857 -0.289826 
-0.249881 -0.309555 
-0.138233 -0.730064 
-0.0726981 -0.359976 
-0.0390859 -0.36639 
-0.171292 -0.719566 
0.00531353 -0.750999 
0.102113 -0.0308757 
-0.196075 -0.0100109 
-0.153614 -0.00586202 
0.0257035 -0.381136 
0.0608289 -0.391672 
0.0456726 -0.0242368 
-0.0318733 -0.749566 
0.0132218 -0.0198539 
-0.481168 -0.474456 
-0.0704582 -0.00928414 
-0.112589 -0.352406 
0.148905 -0.0346811 
0.193291 -0.471285 
0.0690948 -0.745558 
0.0863576 -0.742004 
0.0422099 -0.749206 
0.11868 -0.732291 
-0.535254 -0.373262 
-0.160901 -0.341774 
-0.429813 -0.54275 
-0.586726 -0.135915 
0.068151 -0.0270842 
-0.577483 -0.229921 
