ZONE T="boundary0"
-4 -1 
-4 -0.840379 
-4 -0.270815 
-4 -0.341663 
-4 -0.417546 
-4 -0.220984 
-4 0.42214 
-4 0.497951 
-4 0.141908 
-4 0.187073 
-4 0.346329 
-4 0.595559 
-4 0.693167 
-4 0.846584 
-4 1 
-4 -0.493428 
-4 -0.171152 
-4 -0.0220237 
-4 0.260761 
-4 0.289284 
-4 0.232239 
-4 0.0599423 
-4 -0.587093 
-4 -0.680758 
-4 -0.096588 
-4 0.209656 
-4 -0.306239 
-4 -0.245899 
-4 0.460046 
-4 0.164491 
-4 0.546755 
-4 0.769875 
-4 -0.455487 
-4 0.384235 
-4 0.100925 
-4 0.644363 
-4 0.923292 
-4 -0.92019 
-4 -0.760569 
-4 0.198365 
-4 0.2465 
-4 0.220947 
-4 0.317807 
-4 0.275023 
-4 -0.196068 
-4 -0.13387 
-4 -0.379605 
-4 0.0189593 
-4 -0.0593058 
-4 -0.633926 
-4 -0.540261 
ZONE T="boundary1"
-3.09527 1 
-3.3064 1 
-3.51752 1 
1.27949 1 
3.53765 1 
1.17603 1 
-0.382389 1 
-2.65794 1 
-2.83384 1 
0.434719 1 
0.366709 1 
-0.130105 1 
-0.206374 1 
0.0189248 1 
-0.294381 1 
-0.489778 1 
-0.597167 1 
-1.4115 1 
-1.5196 1 
-3.75876 1 
2.37464 1 
3.76883 1 
3.10315 1 
-4 1 
-2.30162 1 
-2.12122 1 
2.1517 1 
1.92876 1 
2.71051 1 
0.647142 1 
0.573849 1 
0.504284 1 
0.0909628 1 
0.720436 1 
0.163001 1 
0.2987 1 
0.23085 1 
-0.0555903 1 
-0.711331 1 
-0.825494 1 
-0.942501 1 
-1.05951 1 
1.1067 1 
1.03736 1 
0.846202 1 
1.50276 1 
1.38294 1 
-1.30341 1 
1.62258 1 
4 1 
-1.79863 1 
-1.65911 1 
-1.95992 1 
-2.48203 1 
2.54257 1 
-1.18146 1 
0.80428 1 
0.888124 1 
0.962744 1 
3.3204 1 
-3.41196 1 
-2.74589 1 
0.400714 1 
-0.16824 1 
-0.338385 1 
-0.543473 1 
-1.46555 1 
-3.87938 1 
-2.21142 1 
2.04023 1 
2.90683 1 
0.539066 1 
0.469501 1 
-0.250378 1 
0.683789 1 
0.264775 1 
-0.0183328 1 
-0.654249 1 
-0.768412 1 
-1.001 1 
0.126982 1 
1.07203 1 
1.22776 1 
-0.436084 1 
1.44285 1 
1.77567 1 
3.88441 1 
-1.58936 1 
-1.87928 1 
-2.04057 1 
-2.39183 1 
2.4586 1 
-3.63814 1 
1.56267 1 
-3.20083 1 
-2.96456 1 
-2.56999 1 
2.62654 1 
2.26317 1 
0.0549438 1 
0.762358 1 
0.867163 1 
0.825241 1 
0.925434 1 
1.14136 1 
0.196926 1 
0.610496 1 
0.332705 1 
-0.0928479 1 
1.00005 1 
3.42903 1 
3.21178 1 
3.65324 1 
-1.12048 1 
-1.72887 1 
-1.35745 1 
-0.883998 1 
-1.24243 1 
1.33121 1 
ZONE T="boundary2"
4 -1 
4 -0.421139 
4 -0.219845 
4 0.385769 
4 -0.090931 
4 -0.490227 
4 0.197213 
4 0.233535 
4 0.850283 
4 -0.670821 
4 -0.83541 
4 -0.580524 
4 0.700566 
4 0.543168 
4 0.298834 
4 0.327813 
4 0.269856 
4 0.0168196 
4 0.12457 
4 -0.285948 
4 -0.35205 
4 0.464468 
4 1 
4 0.160892 
4 0.0706949 
4 -0.155388 
4 0.215374 
4 -0.753116 
4 0.621867 
4 0.313324 
4 0.251696 
4 -0.0370557 
4 -0.252896 
4 -0.455683 
4 -0.625672 
4 -0.535375 
4 -0.917705 
4 0.425119 
4 0.925142 
4 0.775425 
4 0.284345 
4 0.142731 
4 0.179053 
4 0.0976326 
4 0.0437573 
4 0.356791 
4 0.503818 
4 -0.187616 
4 -0.123159 
4 -0.386594 
4 -0.318999 
ZONE T="boundary3"
-4 -1 
-3.54403 -1 
-0.869378 -1 
3.5 -1 
4 -1 
-0.254603 -1 
-0.761931 -1 
0.0810766 -1 
0.141927 -1 
-0.173499 -1 
-0.146464 -1 
-0.310012 -1 
0.638224 -1 
-0.439799 -1 
-0.374906 -1 
0.493614 -1 
-0.816626 -1 
0.716183 -1 
0.794142 -1 
0.876455 -1 
2.88821 -1 
2.67784 -1 
1.06944 -1 
1.18011 -1 
-1.02807 -1 
-3.37017 -1 
-3.19631 -1 
-1.38279 -1 
-2.83453 -1 
-2.66847 -1 
-1.64135 -1 
3.19411 -1 
2.46746 -1 
-2.0677 -1 
-3.01542 -1 
-0.0927136 -1 
0.202777 -1 
-0.038963 -1 
0.0210568 -1 
-0.200533 -1 
-0.119589 -1 
0.275608 -1 
-0.511039 -1 
-0.582279 -1 
0.348439 -1 
-0.644757 -1 
-0.707236 -1 
-0.922131 -1 
-0.975101 -1 
-1.10477 -1 
-1.18147 -1 
-1.51207 -1 
-1.28213 -1 
0.958769 -1 
1.30171 -1 
1.42331 -1 
1.6587 -1 
1.54101 -1 
1.85884 -1 
2.05897 -1 
-1.85453 -1 
-2.28506 -1 
-2.50242 -1 
2.26321 -1 
-3.77201 -1 
3.75 -1 
0.111502 -1 
-0.159982 -1 
-0.342459 -1 
0.565919 -1 
-0.843002 -1 
0.755163 -1 
2.78303 -1 
-3.28324 -1 
-3.4571 -1 
-2.7515 -1 
-2.92497 -1 
2.57265 -1 
-0.0658383 -1 
0.0510667 -1 
0.172352 -1 
-0.282307 -1 
-0.133027 -1 
-0.00895307 -1 
0.239193 -1 
-0.475419 -1 
-0.546659 -1 
-0.227568 -1 
-0.106151 -1 
-0.407352 -1 
0.312023 -1 
0.421026 -1 
-0.675997 -1 
-0.613518 -1 
-0.734584 -1 
-0.789279 -1 
-0.895755 -1 
-0.948616 -1 
-1.14312 -1 
-1.06642 -1 
-1.44743 -1 
-1.2318 -1 
1.0141 -1 
1.24091 -1 
1.12478 -1 
1.36251 -1 
1.59985 -1 
1.75877 -1 
1.48216 -1 
1.95891 -1 
0.677204 -1 
0.835299 -1 
-1.74794 -1 
-1.96111 -1 
-2.17638 -1 
3.34705 -1 
2.16109 -1 
2.36534 -1 
-0.187016 -1 
-1.00159 -1 
-3.10586 -1 
-1.33246 -1 
-1.57671 -1 
0.917612 -1 
3.04116 -1 
-2.39374 -1 
-2.58545 -1 
ZONE T="boundary4"
0.31459 -0.0442995 
0.342524 -0.0363012 
0.194847 -0.0653624 
0.225506 -0.0618946 
0.676504 0.182157 
0.613603 0.115707 
0.630081 0.130985 
0.727017 0.394142 
0.720542 0.411415 
0.674094 0.482084 
0.725532 0.267583 
0.730261 0.282748 
0.704246 0.442732 
0.575767 0.554348 
0.592011 0.545659 
0.694791 0.456841 
0.68479 0.469827 
0.644608 0.509834 
0.654688 0.501165 
0.735479 0.356293 
0.732115 0.375625 
0.540698 0.570326 
-0.63452 0.00220109 
-0.614443 0.0785294 
-0.625542 0.040805 
-0.604198 0.107829 
-0.569057 0.187326 
-0.581448 0.16195 
-0.592918 0.136149 
-0.430133 0.381615 
-0.447384 0.363687 
-0.529477 0.257056 
-0.514483 0.279909 
0.662135 0.164702 
-0.498376 0.30249 
-0.396313 0.413518 
-0.481382 0.324439 
0.712755 0.427854 
0.102256 -0.0687991 
-0.327169 0.467756 
-0.29769 0.487156 
-0.374572 0.432031 
-0.267241 0.505202 
-0.240392 0.519587 
-0.212992 0.532918 
-0.186941 0.544425 
-0.351237 0.450364 
0.559267 0.5623 
-0.160503 0.555025 
-0.0755423 0.582603 
0.255961 -0.0571802 
0.0713874 -0.0678506 
0.133211 -0.0687502 
0.689901 0.200321 
0.0414617 -0.0660511 
0.164024 -0.0676298 
0.613378 0.532707 
0.285401 -0.0513572 
0.646526 0.147523 
0.559737 0.0725147 
0.518068 0.0444838 
0.522269 0.577436 
0.503592 0.583871 
0.63419 0.518072 
0.578402 0.0864756 
0.0231615 0.604238 
0.136744 0.617982 
0.176399 0.620301 
0.0971485 0.614416 
0.735895 0.31296 
0.733765 0.298201 
0.349555 0.615343 
0.260526 0.621094 
0.303739 0.619214 
0.218471 0.621408 
0.462659 0.595633 
0.712477 0.237622 
0.701813 0.218624 
0.719515 0.252395 
0.736698 0.342111 
0.736863 0.327831 
-0.55669 0.210699 
-0.543649 0.233703 
-0.133389 0.564849 
-0.105971 0.573783 
0.0116614 -0.0634643 
-0.0448487 0.590418 
-0.0109461 0.59788 
0.0600889 0.60991 
0.383426 0.611096 
0.417105 0.605554 
0.439961 0.600953 
-0.641212 -0.036848 
0.471698 0.0176716 
0.423214 -0.00599426 
0.370094 -0.0271737 
0.328598 -0.0404434 
0.210193 -0.0637825 
0.621915 0.123268 
0.728043 0.275121 
0.583936 0.550092 
0.689893 0.463413 
0.649693 0.505552 
0.734036 0.366003 
0.723966 0.40285 
-0.620261 0.0597462 
-0.609481 0.0932355 
-0.575363 0.174692 
-0.587302 0.149102 
-0.598705 0.122048 
-0.438834 0.372724 
-0.522088 0.268553 
-0.413475 0.397833 
-0.489986 0.313547 
0.716815 0.419715 
0.729782 0.384945 
-0.312545 0.47763 
-0.253888 0.512527 
0.679533 0.476035 
-0.200017 0.538786 
-0.362997 0.441315 
0.567558 0.558408 
-0.173767 0.549837 
-0.506542 0.291279 
0.66461 0.49185 
0.66943 0.173339 
0.117732 -0.0689046 
0.0564171 -0.0670544 
0.148621 -0.0683283 
0.270711 -0.0544221 
0.654432 0.156021 
0.53914 0.0581532 
0.531515 0.573969 
0.550024 0.56641 
0.638393 0.139166 
0.602798 0.539354 
0.63944 0.514005 
0.569127 0.0794191 
0.156563 0.619296 
0.734974 0.305566 
0.282142 0.620358 
0.239501 0.621432 
0.483225 0.590098 
0.695997 0.209382 
0.68333 0.191145 
0.716112 0.244954 
0.707313 0.228029 
0.722661 0.259935 
0.736219 0.349214 
0.736914 0.334973 
0.708636 0.435372 
0.699639 0.449869 
0.623915 0.525576 
0.59626 0.100786 
-0.339291 0.45918 
-0.226756 0.526385 
0.0868167 -0.0684445 
-0.550251 0.222247 
-0.146987 0.56005 
-0.119716 0.569426 
0.0265521 -0.064852 
0.179445 -0.0666436 
-0.464733 0.344364 
0.240757 -0.0596962 
-0.0907939 0.578321 
-0.0602265 0.586633 
-0.0279281 0.59429 
0.0786021 0.612306 
0.116933 0.616356 
0.366511 0.613374 
0.400293 0.608495 
0.00608323 0.601193 
0.45133 0.598386 
0.0416031 0.607223 
0.197431 0.621029 
0.326669 0.617531 
0.512959 0.580735 
0.736524 0.320382 
0.73217 0.29044 
0.300033 -0.0479826 
-0.630313 0.0215685 
-0.638155 -0.0172739 
0.428552 0.60334 
-0.562961 0.199059 
-0.282572 0.496357 
-0.536657 0.245436 
-0.385533 0.42288 
0.49512 0.0306775 
0.44767 0.00540884 
0.396864 -0.0171029 
0.356356 -0.0318775 
ZONE T="boundary5"
-0.59393 -0.405024 
-0.577989 -0.441192 
-0.641551 -0.224351 
-0.644814 -0.194612 
-0.624803 -0.312145 
-0.629488 -0.292902 
0.0393181 -0.501816 
-0.613924 -0.349892 
-0.607713 -0.368551 
-0.610431 -0.181055 
-0.0232051 -0.448193 
-0.0570173 -0.429669 
-0.601708 -0.21624 
-0.585519 -0.247177 
-0.510149 -0.313703 
-0.637181 -0.253949 
-0.329323 -0.71472 
-0.299427 -0.729637 
-0.38177 -0.681964 
-0.35607 -0.699122 
-0.40466 -0.664729 
-0.426523 -0.646377 
-0.0959643 -0.767376 
-0.0631296 -0.761958 
-0.236118 -0.753153 
0.0597097 -0.53202 
0.0507828 -0.51724 
-0.200763 -0.761751 
-0.446614 -0.627715 
-0.464555 -0.609434 
-0.481652 -0.59043 
-0.097071 -0.412839 
-0.306236 -0.368101 
-0.259254 -0.374931 
-0.353021 -0.361075 
-0.181139 -0.388968 
-0.142893 -0.398313 
-0.46212 -0.335105 
-0.511855 -0.552471 
-0.537522 -0.514826 
-0.609972 -0.144685 
-0.600384 -0.10984 
-0.582617 -0.078476 
-0.397036 -0.000754243 
-0.349478 -0.00308282 
-0.0886232 -0.0497855 
-0.446869 -0.00427918 
-0.0386992 -0.0574695 
-0.0330791 -0.753009 
-0.00960399 -0.45718 
0.0247992 -0.71978 
0.0407037 -0.704437 
0.047263 -0.696709 
0.0615528 -0.675215 
0.0761917 -0.576883 
0.0777078 -0.58562 
0.0650737 -0.668355 
0.0575927 -0.68202 
0.0679207 -0.662048 
0.0742991 -0.643533 
0.0704407 -0.655669 
0.0758867 -0.637035 
0.0739409 -0.567396 
0.0661344 -0.545207 
0.0706652 -0.556795 
0.00478495 -0.734407 
0.0032883 -0.466767 
0.0139459 -0.475657 
0.0239274 -0.484967 
0.0786405 -0.593701 
0.07717 -0.63045 
-0.00671519 -0.741117 
0.0788202 -0.616842 
0.0781495 -0.623743 
0.0791704 -0.609252 
0.0334004 -0.711995 
0.0791081 -0.60131 
0.0154456 -0.727147 
0.0527125 -0.68942 
-0.13052 -0.769045 
0.0116614 -0.0634643 
-0.128343 -0.0426726 
-0.64759 -0.115322 
-0.645556 -0.0759692 
-0.538198 -0.295758 
-0.563457 -0.273975 
-0.543408 -0.0405578 
-0.26867 -0.742387 
-0.165761 -0.767065 
-0.411656 -0.349733 
-0.220129 -0.381315 
-0.253754 -0.0176925 
-0.210853 -0.0262377 
-0.559228 -0.477972 
-0.167795 -0.0349803 
-0.641212 -0.036848 
-0.301439 -0.00925371 
-0.119824 -0.405099 
-0.495995 -0.0163615 
-0.647328 -0.154826 
-0.643323 -0.209496 
-0.627214 -0.30254 
-0.619622 -0.331092 
-0.601064 -0.386879 
-0.610881 -0.359242 
-0.0398499 -0.438476 
-0.594481 -0.232164 
-0.586207 -0.423216 
-0.63362 -0.273481 
-0.314501 -0.722436 
-0.369048 -0.690735 
-0.342816 -0.707128 
-0.415711 -0.655695 
0.055424 -0.52453 
-0.218521 -0.757834 
-0.455685 -0.618673 
-0.436682 -0.637167 
-0.282742 -0.371466 
-0.161954 -0.39339 
-0.486572 -0.325386 
-0.0768311 -0.420768 
-0.639506 -0.23917 
-0.497125 -0.571743 
-0.60718 -0.198923 
-0.611377 -0.162856 
-0.60628 -0.126959 
-0.592444 -0.0936234 
-0.373231 -0.00134724 
-0.422017 -0.00161594 
-0.0479387 -0.75797 
0.0770143 -0.581242 
0.0633582 -0.671809 
0.0596177 -0.678644 
0.0665347 -0.665219 
0.0751309 -0.640294 
0.075142 -0.572124 
0.0692185 -0.658874 
0.0685109 -0.550961 
0.00867908 -0.471142 
0.0190048 -0.480242 
-0.0163423 -0.452597 
0.0782298 -0.589656 
0.076567 -0.633751 
0.0723967 -0.562069 
-0.00308606 -0.461883 
0.0785267 -0.620298 
0.0790455 -0.61305 
-0.473206 -0.600022 
0.0291679 -0.715961 
-0.0196784 -0.74751 
0.0630649 -0.538549 
0.0318486 -0.493197 
0.0440456 -0.700625 
0.078924 -0.597504 
0.0500417 -0.693104 
0.0371136 -0.708275 
0.045242 -0.509395 
0.0101811 -0.73087 
-0.000904725 -0.73786 
0.0201864 -0.723542 
0.0552068 -0.685756 
0.0725047 -0.649646 
0.0791938 -0.605282 
0.0776995 -0.627103 
-0.113198 -0.768684 
-0.0794452 -0.76516 
-0.393331 -0.6735 
-0.646862 -0.0956308 
-0.0135511 -0.0607039 
-0.0636951 -0.053818 
-0.551246 -0.285353 
-0.564571 -0.057904 
-0.252489 -0.748083 
-0.148145 -0.768494 
-0.284157 -0.736286 
-0.57512 -0.261096 
-0.524468 -0.305191 
-0.183307 -0.764805 
-0.525017 -0.53387 
-0.200598 -0.38495 
-0.108502 -0.046321 
-0.437093 -0.34312 
-0.232295 -0.021906 
-0.548665 -0.496568 
-0.148084 -0.0388845 
-0.643673 -0.0563765 
-0.277565 -0.0132731 
-0.189331 -0.0306243 
-0.382441 -0.355914 
-0.329647 -0.364696 
-0.325413 -0.00579385 
-0.471729 -0.00910709 
-0.520505 -0.0268853 
-0.646344 -0.174737 
-0.647744 -0.135076 
-0.239674 -0.378002 
-0.568878 -0.459718 
-0.108407 -0.408841 
-0.131322 -0.401594 
