ZONE T="boundary0"
-4 -0.842193 
-4 -0.468145 
-4 -0.275305 
-4 -0.357107 
-4 -0.210385 
-4 0.245102 
-4 0.209987 
-4 -0.141786 
-4 0.321441 
-4 -0.412626 
-4 -0.576266 
-4 -0.684386 
-4 0.746225 
-4 0.619338 
-4 0.11973 
-4 0.0645884 
-4 -0.0042997 
-4 0.406946 
-4 0.492451 
-4 -1 
-4 1 
-4 -0.0731879 
-4 0.174872 
-4 -0.316206 
-4 -0.242845 
-4 0.227545 
-4 -0.176086 
-4 0.682782 
-4 0.0921593 
-4 0.283272 
-4 0.449698 
-4 0.364194 
-4 -0.440385 
-4 -0.384867 
-4 0.555894 
-4 -0.630326 
-4 -0.522205 
-4 -0.76329 
-4 -0.921097 
-4 0.873113 
-4 -0.0387438 
-4 -0.107487 
-4 0.0301444 
-4 0.192429 
-4 0.147301 
ZONE T="boundary1"
3.67521 1 
-0.297852 1 
0.310795 1 
-0.0549141 1 
-0.165683 1 
-0.231768 1 
0.16722 1 
-3.84402 1 
-1.14732 1 
0.810143 1 
0.0219212 1 
-0.565265 1 
-1.90708 1 
-2.29447 1 
3.35042 1 
2.86117 1 
3.10579 1 
2.44803 1 
2.08454 1 
-2.69302 1 
-2.49375 1 
-3.06146 1 
1.90129 1 
1.42837 1 
1.33198 1 
1.23559 1 
-0.490759 1 
-0.357053 1 
-0.416253 1 
0.488947 1 
0.385906 1 
0.235685 1 
0.0987564 1 
-0.730915 1 
-0.64809 1 
0.591988 1 
0.701065 1 
0.920451 1 
-0.840962 1 
-0.951008 1 
-1.04916 1 
-3.68803 1 
-4 1 
1.03076 1 
1.13317 1 
-1.35192 1 
-1.24962 1 
-1.57536 1 
-1.46364 1 
-1.74122 1 
-1.65829 1 
1.57321 1 
1.71804 1 
-2.10078 1 
2.6546 1 
4 1 
-3.21876 1 
-3.37606 1 
-0.110298 1 
-0.198725 1 
-0.0164965 1 
3.51281 1 
2.98348 1 
3.22811 1 
2.26629 1 
-2.59338 1 
-2.39411 1 
1.99292 1 
1.28378 1 
-0.327453 1 
-0.26481 1 
-0.386653 1 
-0.528012 1 
-0.453506 1 
0.437426 1 
0.0603388 1 
0.132988 1 
0.201452 1 
-0.689503 1 
0.646526 1 
-0.785939 1 
-0.895985 1 
-1.09824 1 
-3.76602 1 
0.540467 1 
0.865297 1 
0.975606 1 
1.08197 1 
0.755604 1 
-1.30077 1 
-1.00009 1 
1.38017 1 
1.18438 1 
-3.92201 1 
-1.5195 1 
-1.82415 1 
-1.69975 1 
1.80967 1 
-2.00393 1 
2.75789 1 
2.55131 1 
3.8376 1 
-3.29741 1 
-2.19762 1 
-2.87724 1 
1.64563 1 
-0.606678 1 
0.34835 1 
0.27324 1 
1.50079 1 
-3.14011 1 
-1.19847 1 
-1.40778 1 
-3.53205 1 
-1.61682 1 
ZONE T="boundary2"
4 -0.376353 
4 -0.332043 
4 -0.257747 
4 -0.194571 
4 -0.509283 
4 -0.686523 
4 0.190338 
4 0.214296 
4 -1 
4 -0.420663 
4 -0.079339 
4 -0.136955 
4 0.118465 
4 0.0195628 
4 0.16638 
4 0.732244 
4 1 
4 0.247971 
4 0.281646 
4 0.315322 
4 0.348997 
4 0.464487 
4 0.598365 
4 0.406742 
4 -0.294895 
4 -0.597903 
4 0.202317 
4 -0.843262 
4 -0.226159 
4 -0.108147 
4 -0.464973 
4 -0.354198 
4 -0.398508 
4 0.0690137 
4 -0.165763 
4 0.866122 
4 0.264809 
4 0.178359 
4 0.332159 
4 0.231134 
4 0.142423 
4 0.531426 
4 -0.0298881 
4 0.665305 
4 0.298484 
4 0.377869 
4 0.435615 
ZONE T="boundary3"
-3.75243 -1 
-1.4132 -1 
-1.29892 -1 
-0.905539 -1 
-1.002 -1 
-1.09847 -1 
-0.0600274 -1 
-0.408203 -1 
-0.319438 -1 
0.952009 -1 
1.18311 -1 
1.424 -1 
-3.21221 -1 
-3.48232 -1 
3.52456 -1 
3.76228 -1 
4 -1 
2.10458 -1 
-1.52749 -1 
-1.69962 -1 
2.31538 -1 
2.52618 -1 
2.83776 -1 
-2.73323 -1 
-2.50578 -1 
-2.27832 -1 
-2.07504 -1 
-1.87176 -1 
3.14934 -1 
0.193301 -1 
0.129703 -1 
-0.496968 -1 
0.478257 -1 
0.419673 -1 
0.0661051 -1 
-0.238591 -1 
0.00303884 -1 
0.361089 -1 
0.277195 -1 
-0.596298 -1 
-0.157745 -1 
0.590587 -1 
0.553144 -1 
-0.800584 -1 
-0.695628 -1 
0.886751 -1 
0.699185 -1 
0.828546 -1 
0.77034 -1 
-4 -1 
1.01727 -1 
1.10019 -1 
1.30356 -1 
1.56706 -1 
1.71011 -1 
0.628031 -1 
1.90734 -1 
-1.35606 -1 
-0.953771 -1 
-0.363821 -1 
-3.34726 -1 
3.64342 -1 
3.88114 -1 
-1.61355 -1 
2.20998 -1 
2.68197 -1 
-2.97272 -1 
-2.39205 -1 
-1.9734 -1 
3.33695 -1 
2.99355 -1 
0.161502 -1 
-0.452586 -1 
0.448965 -1 
0.097904 -1 
0.390381 -1 
0.235248 -1 
0.034572 -1 
0.319142 -1 
-0.0284943 -1 
-0.546633 -1 
-0.108886 -1 
-0.279015 -1 
-0.853061 -1 
-0.748106 -1 
0.799443 -1 
0.734763 -1 
-0.645963 -1 
-3.87621 -1 
0.984638 -1 
0.91938 -1 
1.05873 -1 
1.14165 -1 
1.24334 -1 
1.49553 -1 
1.36378 -1 
-1.05024 -1 
-1.47035 -1 
-3.61737 -1 
-2.6195 -1 
-1.78569 -1 
-2.17668 -1 
2.42078 -1 
-1.19869 -1 
0.515701 -1 
0.663608 -1 
0.609309 -1 
-0.198168 -1 
0.571866 -1 
0.857648 -1 
1.63858 -1 
1.80873 -1 
2.00596 -1 
ZONE T="boundary4"
-0.602114 0.214905 
-0.594965 0.226629 
0.556272 0.165787 
0.550714 0.180805 
-0.499979 0.305602 
0.569436 0.10816 
0.571507 0.080154 
0.544357 0.195512 
-0.634107 0.00477534 
0.0163654 0.345864 
-0.433104 0.321588 
0.568648 0.0265359 
0.564476 -0.000257819 
-0.327027 0.320487 
-0.309711 0.319211 
0.571103 0.0532197 
0.511561 0.250406 
0.500839 0.263749 
-0.343219 0.321614 
-0.636733 0.100921 
-0.638085 0.0818508 
-0.634364 0.119734 
0.537342 0.209671 
0.525143 0.230741 
-0.419159 0.322753 
-0.619784 0.176815 
-0.51265 0.300011 
-0.628407 0.148998 
-0.571192 0.25705 
-0.582659 0.243754 
-0.559952 0.268126 
-0.548571 0.277729 
-0.536725 0.286286 
-0.487131 0.310301 
-0.524838 0.293619 
-0.47405 0.314194 
-0.460548 0.317373 
-0.447055 0.319792 
0.567252 0.122878 
0.564309 0.13746 
-0.233512 0.315257 
-0.212601 0.315169 
-0.254525 0.315861 
-0.195585 0.315509 
-0.117064 0.321976 
-0.142811 0.318999 
-0.292402 0.317974 
-0.273441 0.316781 
-0.160678 0.317409 
-0.0915302 0.325644 
-0.064707 0.33013 
0.489324 0.276339 
-0.637884 0.0432886 
-0.638455 0.0625969 
-0.390211 0.323525 
-0.35942 0.322574 
-0.608583 0.20279 
-0.636419 0.0239905 
-0.178656 0.316228 
0.399281 0.337975 
0.0441849 0.351342 
0.0721557 0.356544 
0.100627 0.361326 
0.329759 0.360682 
0.356439 0.35374 
0.417857 0.329003 
0.477335 0.287875 
0.464732 0.298578 
0.441714 0.315114 
0.129326 0.365433 
0.15809 0.368658 
0.187081 0.370844 
-0.0108367 0.340413 
0.301739 0.365979 
0.377891 0.346628 
0.274056 0.369445 
0.24486 0.371403 
0.560654 0.15172 
-0.0379906 0.335079 
0.215754 0.371804 
-0.598625 0.220817 
0.553594 0.173334 
0.570802 0.0941817 
0.566745 0.0131101 
-0.318369 0.31985 
0.57011 0.0398562 
0.506305 0.257162 
-0.335122 0.321065 
-0.637536 0.0913948 
-0.635681 0.110344 
0.53145 0.220326 
-0.426138 0.322243 
-0.506361 0.302912 
-0.631737 0.134437 
-0.577064 0.250521 
-0.565681 0.262698 
-0.589013 0.235336 
-0.542728 0.282118 
-0.554353 0.273035 
-0.467322 0.315879 
-0.453817 0.318669 
0.565876 0.130188 
-0.480619 0.312344 
-0.223057 0.315145 
-0.518798 0.296919 
0.568439 0.115533 
-0.129926 0.320392 
-0.44009 0.320773 
-0.493592 0.308052 
-0.301057 0.318581 
-0.282923 0.31735 
-0.0781079 0.327817 
-0.263985 0.316281 
-0.530846 0.290058 
-0.104287 0.323729 
-0.638285 0.0529394 
0.571583 0.0666827 
-0.404691 0.323387 
-0.614539 0.189957 
-0.15174 0.318154 
-0.187118 0.315821 
0.0302704 0.348627 
-0.635366 0.0143705 
0.0863794 0.35901 
0.343159 0.357443 
0.495183 0.270137 
0.483421 0.282201 
0.471116 0.293323 
0.172575 0.369894 
0.315792 0.363561 
0.367219 0.350348 
0.259472 0.370629 
0.287923 0.367916 
0.408641 0.333637 
0.388659 0.34248 
0.547632 0.188201 
-0.169665 0.316766 
0.558552 0.158781 
0.562573 0.144613 
-0.204092 0.315291 
0.518553 0.240712 
-0.638391 0.0722262 
-0.63726 0.0336313 
0.114963 0.363478 
0.143695 0.367166 
-0.024409 0.337721 
-0.0513394 0.332557 
0.00276464 0.343138 
0.0581617 0.353992 
0.23031 0.371787 
0.201412 0.371483 
-0.24402 0.315499 
-0.374811 0.323227 
-0.351318 0.322122 
0.54094 0.202636 
-0.605432 0.208895 
-0.624455 0.163018 
0.429944 0.322331 
0.453431 0.307135 
ZONE T="boundary5"
-0.375402 -0.409081 
-0.358644 -0.42138 
-0.611346 -0.0888015 
-0.563004 -0.194829 
-0.553168 -0.211601 
-0.474962 -0.317958 
-0.498997 -0.289692 
-0.391198 -0.396801 
0.509614 -0.402274 
0.514705 -0.389499 
-0.627155 -0.0331057 
-0.631013 -0.014213 
-0.604755 -0.107 
0.473645 -0.460602 
0.454579 -0.480973 
-0.622575 -0.0518324 
-0.57238 -0.177812 
-0.617294 -0.070413 
0.523017 -0.362017 
0.519227 -0.375951 
-0.222338 -0.498931 
-0.243935 -0.488937 
-0.285211 -0.467622 
-0.26522 -0.478324 
-0.304875 -0.456357 
-0.34154 -0.433215 
-0.175927 -0.51798 
-0.150908 -0.526976 
-0.323377 -0.445042 
-0.199278 -0.508795 
-0.634107 0.00477534 
-0.521765 -0.259556 
-0.510569 -0.274833 
-0.532525 -0.243989 
-0.543044 -0.227916 
0.564476 -0.000257819 
-0.421277 -0.371383 
-0.406643 -0.3841 
-0.435551 -0.35828 
-0.44928 -0.344971 
0.530336 -0.315628 
0.490499 -0.437854 
0.444367 -0.490242 
0.503831 -0.41467 
0.552907 -0.0539893 
0.546611 -0.0813128 
0.528491 -0.33269 
0.482402 -0.449484 
-0.0117374 -0.562913 
0.0200468 -0.568068 
-0.58131 -0.160454 
-0.589704 -0.142855 
0.0853175 -0.575251 
0.0519715 -0.572157 
-0.0414719 -0.557101 
0.219607 -0.574341 
0.251122 -0.570445 
0.280417 -0.565237 
0.152563 -0.577662 
-0.0710125 -0.550359 
0.332918 -0.551278 
0.307443 -0.558872 
0.422667 -0.507115 
0.411275 -0.514724 
0.433687 -0.498977 
0.497479 -0.426476 
-0.597526 -0.125039 
0.526122 -0.347503 
0.531381 -0.298209 
0.531013 -0.237834 
0.531678 -0.268115 
0.530832 -0.201613 
0.540841 -0.108827 
0.559032 -0.027143 
-0.0984346 -0.543206 
-0.125624 -0.535227 
0.186493 -0.576763 
0.536078 -0.136889 
0.532763 -0.165225 
0.118727 -0.577111 
0.385077 -0.529647 
0.398353 -0.522494 
0.359376 -0.541459 
-0.367066 -0.415289 
-0.55814 -0.203247 
-0.487179 -0.303995 
0.51225 -0.395923 
-0.629177 -0.0236782 
-0.608128 -0.097929 
0.464395 -0.471053 
-0.624954 -0.0424906 
-0.614401 -0.0796335 
0.521219 -0.369011 
-0.620019 -0.0611468 
-0.275254 -0.473044 
-0.295083 -0.462061 
-0.350133 -0.427357 
-0.332501 -0.439194 
-0.233173 -0.494012 
-0.187636 -0.513472 
-0.632657 -0.00473454 
-0.516222 -0.267235 
-0.548156 -0.219789 
-0.527197 -0.251808 
-0.398964 -0.390504 
-0.442461 -0.351673 
-0.428459 -0.36488 
-0.383342 -0.402995 
0.549728 -0.0676441 
-0.414003 -0.377791 
0.478105 -0.455107 
0.00413321 -0.565623 
-0.585575 -0.151686 
-0.314165 -0.450765 
0.0359919 -0.570247 
-0.576909 -0.169166 
-0.0266274 -0.560123 
0.23539 -0.572596 
-0.0562688 -0.553846 
0.320238 -0.555267 
0.417017 -0.510984 
0.449534 -0.485674 
0.439082 -0.494677 
0.49407 -0.432214 
0.486537 -0.443729 
-0.593686 -0.133978 
0.500739 -0.420618 
0.506812 -0.408513 
-0.601215 -0.116049 
0.517063 -0.382758 
0.527399 -0.340112 
0.524667 -0.354781 
0.530954 -0.306924 
0.529523 -0.324171 
0.531381 -0.252974 
-0.504837 -0.282305 
-0.567751 -0.186353 
-0.462305 -0.33164 
0.530728 -0.219725 
0.543624 -0.0950479 
-0.537834 -0.235985 
-0.210845 -0.503949 
0.556014 -0.0405773 
-0.254616 -0.483708 
-0.163452 -0.522572 
-0.0847504 -0.546885 
-0.11206 -0.53932 
0.293975 -0.562245 
0.265805 -0.568039 
0.561873 -0.0137243 
-0.138296 -0.531194 
0.169533 -0.577402 
0.538297 -0.12283 
0.135642 -0.57756 
0.102013 -0.576339 
0.203065 -0.575752 
0.0686304 -0.573855 
0.428225 -0.503113 
0.391758 -0.526146 
0.531725 -0.283164 
0.372344 -0.535809 
0.346235 -0.546604 
0.531483 -0.183402 
0.534223 -0.151034 
0.404859 -0.518688 
