ZONE T="boundary0"
-4 -0.377342 
-4 -0.318155 
-4 0.252432 
-4 0.193114 
-4 0.56019 
-4 0.476074 
-4 0.0108982 
-4 0.163455 
-4 0.670143 
-4 0.780095 
-4 1 
-4 -0.803454 
-4 -1 
-4 -0.492125 
-4 0.0723471 
-4 0.391958 
-4 0.322195 
-4 0.287313 
-4 -0.606909 
-4 -0.258968 
-4 -0.189102 
-4 -0.119236 
-4 -0.154169 
-4 0.133796 
-4 -0.224035 
-4 -0.0541688 
-4 -0.347748 
-4 0.222773 
-4 0.518132 
-4 0.615166 
-4 0.725119 
-4 0.890048 
-4 -0.901727 
-4 0.357076 
-4 -0.705182 
-4 -0.288562 
-4 -0.136702 
-4 0.434016 
-4 -0.549517 
-4 -0.434734 
-4 0.148625 
-4 0.178284 
-4 0.0416226 
-4 0.103072 
-4 0.269873 
-4 -0.241502 
-4 -0.206568 
-4 -0.0216353 
-4 -0.0867022 
-4 0.304754 
-4 -0.171635 
ZONE T="boundary1"
1.77448 1 
0.66899 1 
0.774118 1 
0.395954 1 
0.323175 1 
-0.840286 1 
-0.954522 1 
-4 1 
1.5476 1 
1.62322 1 
-1.59298 1 
3.02481 1 
3.7562 1 
3.5124 1 
2.45782 1 
2.26882 1 
-3.75237 1 
-2.14606 1 
-3.03051 1 
-2.33156 1 
-2.59584 1 
-1.47259 1 
-1.35221 1 
-3.50474 1 
-1.77677 1 
-1.96055 1 
0.568862 1 
0.468733 1 
0.263189 1 
0.203203 1 
0.073703 1 
0.138453 1 
-0.00180113 1 
-0.312272 1 
-0.202434 1 
-0.488841 1 
-0.0773053 1 
-0.13987 1 
0.983234 1 
1.08722 1 
1.18792 1 
1.3803 1 
1.28862 1 
0.879245 1 
1.47197 1 
-0.607445 1 
-0.72605 1 
-1.13984 1 
-1.04718 1 
-1.24603 1 
-3.20088 1 
-2.86013 1 
4 1 
2.83581 1 
2.64681 1 
2.02165 1 
0.721554 1 
-0.897404 1 
3.6343 1 
3.2686 1 
2.36332 1 
-2.4637 1 
-1.4124 1 
-3.62856 1 
-1.86866 1 
0.618926 1 
0.233196 1 
0.359565 1 
0.106078 1 
-0.400556 1 
-0.108588 1 
-0.171152 1 
-0.257353 1 
-0.0395532 1 
0.0359509 1 
0.432344 1 
-3.87619 1 
1.13757 1 
1.03523 1 
1.33446 1 
1.23827 1 
0.931239 1 
1.42613 1 
1.58541 1 
-0.666748 1 
-0.783168 1 
-1.09351 1 
-1.00085 1 
-1.29912 1 
-1.19293 1 
-1.68487 1 
-3.1157 1 
-3.35281 1 
-2.94532 1 
3.8781 1 
2.93031 1 
2.74131 1 
2.14524 1 
1.89807 1 
-2.72799 1 
-2.23881 1 
1.69885 1 
0.293182 1 
0.170828 1 
0.518797 1 
-1.53278 1 
0.826681 1 
-2.05331 1 
2.55232 1 
1.50978 1 
-0.548143 1 
ZONE T="boundary2"
4 -0.376184 
4 -0.449943 
4 -0.723597 
4 -0.296674 
4 0.230088 
4 -0.336429 
4 -0.0469952 
4 -0.207987 
4 0.313701 
4 0.271895 
4 0.373159 
4 0.125551 
4 0.806667 
4 0.432617 
4 -0.161495 
4 -0.115004 
4 -0.623649 
4 0.0210131 
4 0.613334 
4 0.522976 
4 -0.523701 
4 -1 
4 1 
4 -0.413063 
4 -0.316551 
4 0.292798 
4 0.34343 
4 0.402888 
4 -0.252331 
4 -0.356307 
4 -0.13825 
4 0.250991 
4 0.177819 
4 0.0732819 
4 -0.0129911 
4 -0.184741 
4 -0.0809994 
4 0.568155 
4 -0.486822 
4 -0.861799 
4 -0.673623 
4 0.903333 
4 0.477796 
4 0.71 
4 -0.573675 
ZONE T="boundary3"
-3.74924 -1 
-3.19714 -1 
-0.0568519 -1 
0.0152961 -1 
0.1475 -1 
0.207556 -1 
-0.403553 -1 
-0.333612 -1 
-2.10461 -1 
-1.89989 -1 
0.545711 -1 
0.452413 -1 
-1.10863 -1 
-0.997515 -1 
0.70375 -1 
1.66852 -1 
1.96737 -1 
2.12537 -1 
-1.33422 -1 
-1.56625 -1 
2.28337 -1 
2.44138 -1 
1.80936 -1 
-2.69978 -1 
-4 -1 
2.96498 -1 
3.16323 -1 
3.36148 -1 
3.68074 -1 
-2.30933 -1 
-0.126346 -1 
-0.264726 -1 
-0.195839 -1 
0.359116 -1 
0.087444 -1 
-0.473494 -1 
-0.573043 -1 
0.283336 -1 
0.62473 -1 
0.94613 -1 
0.82494 -1 
-0.779495 -1 
1.13246 -1 
1.03929 -1 
-0.941956 -1 
-0.886397 -1 
1.34201 -1 
1.23723 -1 
4 -1 
1.52768 -1 
-1.22143 -1 
-1.45024 -1 
-2.94846 -1 
-1.73307 -1 
-3.49847 -1 
2.70318 -1 
3.84037 -1 
-0.672592 -1 
-3.62386 -1 
-0.0207779 -1 
0.177528 -1 
-0.368583 -1 
-2.00225 -1 
0.499062 -1 
-1.05307 -1 
2.04637 -1 
2.36238 -1 
3.0641 -1 
-3.87462 -1 
3.26235 -1 
3.52111 -1 
-2.50456 -1 
-0.230282 -1 
0.117472 -1 
0.405764 -1 
-0.523268 -1 
0.321226 -1 
-0.299169 -1 
0.66424 -1 
-0.161092 -1 
0.885535 -1 
0.764345 -1 
0.58522 -1 
1.08587 -1 
-0.832946 -1 
1.28962 -1 
0.992712 -1 
1.43485 -1 
1.73894 -1 
-1.27782 -1 
-1.39223 -1 
1.5981 -1 
-3.0728 -1 
-1.81648 -1 
-3.34781 -1 
2.83408 -1 
2.20437 -1 
-1.50825 -1 
-1.64966 -1 
-2.20697 -1 
2.57228 -1 
-2.82412 -1 
1.88837 -1 
3.76055 -1 
0.05137 -1 
-0.0915987 -1 
-0.438523 -1 
0.245446 -1 
-0.726043 -1 
-0.622818 -1 
-0.914177 -1 
-0.969735 -1 
-1.16503 -1 
-3.68655 -1 
1.18484 -1 
-3.56116 -1 
3.92018 -1 
ZONE T="boundary4"
0.595112 0.222037 
0.582105 0.247772 
-0.623356 0.0233639 
-0.619769 0.0436413 
0.567373 0.271996 
-0.568299 0.159285 
-0.558413 0.172256 
-0.547934 0.184702 
-0.456637 0.26133 
-0.471787 0.251305 
-0.536858 0.19668 
-0.236026 0.354741 
-0.256993 0.348016 
-0.335379 0.32037 
-0.316236 0.327574 
-0.614824 0.0636704 
0.557847 0.28544 
-0.608534 0.0832982 
-0.600913 0.102446 
0.547614 0.298357 
0.537536 0.309811 
-0.593906 0.117311 
0.526889 0.320779 
0.445324 0.379742 
-0.577538 0.145797 
-0.586093 0.131792 
0.574998 0.260038 
-0.525307 0.208118 
0.604844 0.199284 
-0.407114 0.28914 
-0.500119 0.230156 
-0.512907 0.21941 
-0.440515 0.271147 
0.62704 0.0371627 
-0.486621 0.240652 
-0.372084 0.305387 
-0.353794 0.31307 
0.629968 0.0737642 
-0.297018 0.334477 
-0.626556 -0.0176065 
-0.215022 0.361265 
-0.171013 0.374303 
-0.19304 0.367881 
-0.27703 0.341365 
-0.124814 0.387081 
-0.100503 0.393401 
-0.0503942 0.405415 
-0.0761028 0.399432 
-0.0245551 0.411006 
-0.423956 0.280425 
-0.625607 0.00291865 
-0.389697 0.2975 
0.623664 0.0191503 
0.399241 0.400538 
0.422495 0.390887 
0.0300442 0.421237 
0.373507 0.409485 
0.629132 0.055304 
0.515874 0.331089 
0.504429 0.340847 
0.485469 0.355205 
0.465749 0.368137 
0.087477 0.429315 
0.146694 0.434263 
0.11701 0.432244 
0.206062 0.43522 
0.235593 0.434002 
0.347165 0.41699 
0.320125 0.423155 
0.264664 0.431578 
0.058674 0.425636 
0.627911 0.110851 
0.624597 0.132156 
0.613309 0.175753 
0.619622 0.154198 
0.629552 0.0922025 
-0.147946 0.380803 
0.293078 0.427926 
0.00266374 0.416391 
0.176337 0.43528 
0.58884 0.235022 
-0.621731 0.0335315 
-0.563437 0.165831 
-0.553248 0.178541 
-0.464259 0.256389 
-0.542464 0.190753 
-0.246517 0.351404 
-0.325821 0.324012 
-0.617466 0.0536969 
-0.604888 0.0929367 
0.542646 0.304146 
-0.597511 0.109926 
0.552818 0.291967 
-0.581909 0.138851 
-0.590098 0.124604 
0.571251 0.266059 
-0.531144 0.20246 
-0.573006 0.1526 
-0.506565 0.224845 
-0.519165 0.213828 
-0.448621 0.266315 
-0.362959 0.309278 
-0.306638 0.331059 
-0.22553 0.358026 
-0.182033 0.371116 
-0.112668 0.390276 
-0.0632606 0.402471 
-0.0374876 0.408264 
-0.415569 0.284849 
-0.493419 0.235467 
-0.626242 -0.00733706 
-0.287034 0.337952 
-0.380914 0.301498 
-0.267019 0.344717 
-0.344603 0.316763 
0.410939 0.395882 
0.433997 0.385494 
0.38644 0.405201 
-0.432275 0.275859 
-0.624646 0.0131587 
0.629709 0.0645256 
0.532279 0.31536 
0.495074 0.348191 
0.510207 0.336033 
0.521442 0.325998 
0.475715 0.361833 
0.131842 0.433373 
0.220832 0.434761 
0.333684 0.420248 
0.360387 0.413419 
-0.204038 0.364597 
0.0443436 0.423523 
0.600141 0.21073 
0.626438 0.121531 
0.609255 0.187583 
0.622292 0.143217 
0.628244 0.0462139 
0.625511 0.0281254 
-0.479255 0.246051 
0.629913 0.0829858 
-0.398435 0.293382 
0.578614 0.253941 
0.628881 0.101539 
0.5627 0.278781 
-0.0883132 0.396455 
-0.136388 0.383971 
-0.159487 0.37758 
0.455627 0.374098 
0.0730612 0.427571 
0.102231 0.430889 
0.25014 0.432948 
0.278891 0.429915 
0.0163393 0.418886 
0.191198 0.435391 
-0.0109602 0.413763 
0.306629 0.425701 
0.161509 0.434901 
-0.611847 0.0735372 
0.616627 0.165023 
ZONE T="boundary5"
0.578451 -0.0814164 
-0.487434 -0.342351 
-0.552941 -0.255906 
-0.541147 -0.274274 
-0.624728 -0.0585924 
-0.622051 -0.0789588 
-0.626247 -0.0381115 
0.597967 -0.0494041 
0.588654 -0.0656883 
-0.60067 -0.159102 
-0.607539 -0.139268 
-0.618265 -0.0992008 
-0.56403 -0.237092 
-0.613415 -0.119303 
-0.307277 -0.478556 
-0.329155 -0.466856 
0.563711 -0.10156 
0.547926 -0.120951 
-0.237823 -0.509223 
-0.261585 -0.499775 
-0.284978 -0.489432 
-0.0817397 -0.547423 
-0.108885 -0.543619 
-0.0537943 -0.550096 
-0.18804 -0.52577 
0.337223 -0.388918 
-0.162091 -0.532739 
-0.135914 -0.538659 
-0.441242 -0.387606 
-0.424484 -0.401878 
-0.501708 -0.326228 
-0.457174 -0.373052 
-0.472581 -0.357961 
-0.52862 -0.292177 
-0.515493 -0.309451 
-0.369965 -0.442056 
-0.388837 -0.429139 
0.380591 -0.330804 
-0.349788 -0.454826 
-0.407233 -0.415566 
-0.574429 -0.217899 
0.421545 -0.271844 
0.293184 -0.437045 
0.305361 -0.424937 
0.323243 -0.405499 
-0.626556 -0.0176065 
0.43671 -0.250688 
0.452355 -0.229979 
0.480483 -0.196017 
-0.584 -0.198577 
-0.5928 -0.178906 
0.254824 -0.469663 
0.228306 -0.487882 
-0.0258775 -0.551478 
0.031223 -0.550068 
0.00231248 -0.551516 
0.0597869 -0.547058 
0.145248 -0.52725 
0.117203 -0.535715 
0.201091 -0.503463 
0.280652 -0.448591 
0.350721 -0.371805 
0.365849 -0.35149 
0.466234 -0.21274 
0.401044 -0.301331 
0.499098 -0.175199 
0.623664 0.0191503 
0.619031 0.0014466 
0.533068 -0.137964 
0.517832 -0.154756 
0.606134 -0.0328528 
0.61318 -0.0158786 
-0.213083 -0.51798 
0.088368 -0.54235 
0.173356 -0.51653 
-0.547135 -0.265148 
-0.623531 -0.0687943 
0.59343 -0.0576159 
-0.604219 -0.149224 
-0.620293 -0.089105 
-0.610598 -0.129321 
0.583656 -0.0736204 
-0.31827 -0.472808 
0.555925 -0.111342 
-0.249748 -0.504611 
-0.27333 -0.494715 
-0.0953307 -0.545666 
-0.149031 -0.535831 
-0.175099 -0.529384 
-0.432925 -0.394815 
-0.494644 -0.334354 
-0.464944 -0.365574 
-0.52214 -0.300877 
-0.534973 -0.283287 
-0.379458 -0.43568 
-0.359935 -0.448533 
-0.449271 -0.380398 
-0.415918 -0.408797 
-0.569315 -0.227542 
-0.398096 -0.422434 
0.314422 -0.415336 
-0.626556 -0.0278618 
0.444458 -0.240267 
-0.588501 -0.188786 
0.241747 -0.47905 
-0.0398419 -0.55095 
0.0167794 -0.550986 
0.131298 -0.531723 
-0.596843 -0.169046 
0.214852 -0.495951 
0.267947 -0.459396 
0.286973 -0.442881 
0.330305 -0.397273 
0.299327 -0.431049 
0.429078 -0.26123 
0.37326 -0.341179 
0.459234 -0.221304 
0.411263 -0.286562 
0.358347 -0.3617 
-0.508679 -0.317904 
0.473308 -0.20433 
0.48974 -0.185555 
0.621503 0.0102564 
-0.615968 -0.109283 
-0.558572 -0.24655 
0.525477 -0.146382 
0.616254 -0.00726772 
0.609798 -0.0244256 
0.344034 -0.380413 
0.571228 -0.0915973 
-0.579306 -0.208283 
-0.480077 -0.350222 
-0.625636 -0.0483631 
0.60218 -0.041194 
-0.200599 -0.521996 
-0.225495 -0.513721 
0.390845 -0.316087 
0.540552 -0.129505 
-0.339526 -0.460935 
-0.296178 -0.484097 
-0.0677803 -0.548918 
0.102841 -0.539268 
0.0741144 -0.544919 
-0.122424 -0.541281 
-0.0117804 -0.551671 
0.159399 -0.52215 
0.045528 -0.548764 
0.187348 -0.510268 
0.50846 -0.164966 
