ZONE T="boundary0"
-4 -0.335559 
-4 -0.256425 
-4 -0.138321 
-4 -0.193752 
-4 0.649543 
-4 0.231918 
-4 -0.383357 
-4 -0.520185 
-4 0.199379 
-4 0.166514 
-4 -0.609215 
-4 -0.706912 
-4 1 
-4 -0.431156 
-4 0.0679194 
-4 -0.0828897 
-4 -0.00748518 
-4 -0.804608 
-4 0.133649 
-4 0.296994 
-4 0.329532 
-4 0.395774 
-4 0.462016 
-4 -1 
-4 0.824771 
-4 0.264456 
-4 -0.295992 
-4 -0.166036 
-4 -0.225088 
-4 0.182947 
-4 -0.658063 
-4 -0.407256 
-4 -0.359458 
-4 -0.5647 
-4 -0.475671 
-4 -0.0451875 
-4 -0.75576 
-4 0.0302171 
-4 0.100784 
-4 0.313263 
-4 0.362653 
-4 0.555779 
-4 -0.902304 
-4 0.912386 
-4 0.737157 
-4 0.150082 
-4 0.215649 
-4 0.280725 
-4 -0.110605 
-4 0.428895 
-4 0.248187 
ZONE T="boundary1"
1.74674 1 
4 1 
3.60295 1 
-0.762966 1 
-0.682898 1 
-0.60283 1 
0.136097 1 
0.281333 1 
1.31811 1 
1.20867 1 
-0.308412 1 
-0.240835 1 
0.87493 1 
0.786115 1 
0.697301 1 
2.58856 1 
2.88307 1 
1.42756 1 
-2.32072 1 
-2.13906 1 
-3.58424 1 
2.29825 1 
2.45545 1 
-4 1 
3.46333 1 
-2.74496 1 
-3.00957 1 
3.04448 1 
3.32371 1 
-2.53284 1 
0.00919986 1 
-0.375989 1 
-0.489409 1 
0.0726486 1 
-0.058892 1 
-0.126984 1 
-0.183909 1 
0.589996 1 
0.482692 1 
0.382012 1 
-0.891772 1 
-0.827369 1 
-1.02058 1 
-1.23736 1 
1.03224 1 
0.953585 1 
-1.36673 1 
-1.12897 1 
1.58715 1 
-1.4961 1 
-1.60779 1 
-1.71948 1 
-1.95741 1 
2.72166 1 
2.14105 1 
1.9439 1 
-3.27417 1 
3.80147 1 
-0.642864 1 
0.208715 1 
1.26339 1 
-0.274623 1 
0.741708 1 
1.37284 1 
-2.22989 1 
2.37685 1 
-3.79212 1 
3.1841 1 
-0.432699 1 
0.104373 1 
-0.0929379 1 
-0.155447 1 
-0.212372 1 
-0.3422 1 
-0.024846 1 
0.643649 1 
0.536344 1 
0.331673 1 
-0.54612 1 
-0.795167 1 
-0.956175 1 
1.12046 1 
0.914258 1 
0.830523 1 
-1.30204 1 
0.992913 1 
-1.07477 1 
1.66695 1 
1.50735 1 
-1.43141 1 
-1.66363 1 
-1.83844 1 
-2.04824 1 
3.53314 1 
3.39352 1 
2.80237 1 
2.04248 1 
1.84532 1 
2.96378 1 
-3.14187 1 
-3.4292 1 
2.52201 1 
2.65511 1 
2.21965 1 
-2.6389 1 
-2.87726 1 
-2.42678 1 
0.0409242 1 
0.432352 1 
-0.85957 1 
-0.722932 1 
-1.18316 1 
-1.55194 1 
ZONE T="boundary2"
4 -0.455643 
4 -0.294776 
4 -0.241272 
4 -0.34828 
4 0.11343 
4 0.174099 
4 -0.0262588 
4 0.217662 
4 0.195881 
4 -0.538478 
4 1 
4 0.541848 
4 0.640024 
4 0.413544 
4 0.738199 
4 0.869099 
4 -0.810656 
4 -0.621312 
4 0.26181 
4 0.0527619 
4 0.359751 
4 -0.10528 
4 -1 
4 0.305958 
4 -0.173276 
4 -0.268024 
4 -0.401962 
4 0.143765 
4 0.206772 
4 -0.49706 
4 0.477696 
4 0.803649 
4 -0.715984 
4 0.18499 
4 0.0830962 
4 0.0132515 
4 -0.321528 
4 0.689111 
4 0.590936 
4 0.239736 
4 0.283884 
4 0.332854 
4 0.386647 
4 -0.579895 
4 -0.0657692 
4 -0.207274 
4 -0.139278 
4 -0.905328 
4 0.93455 
ZONE T="boundary3"
-1.69202 -1 
2.44749 -1 
2.7349 -1 
-0.879912 -1 
-0.325389 -1 
0.995345 -1 
0.0917993 -1 
0.0535976 -1 
-0.988302 -1 
-1.09669 -1 
-3.45713 -1 
-0.671864 -1 
-2.21436 -1 
-2.62981 -1 
-2.36208 -1 
1.17389 -1 
-0.560044 -1 
2.28699 -1 
-2.89753 -1 
3.54555 -1 
1.64284 -1 
3.10985 -1 
-2.06663 -1 
-1.87933 -1 
-1.32427 -1 
-3.17733 -1 
-0.275831 -1 
-0.226272 -1 
0.148813 -1 
0.205827 -1 
0.015396 -1 
-0.448224 -1 
0.319854 -1 
0.262841 -1 
0.429455 -1 
0.539056 -1 
0.651495 -1 
0.763935 -1 
-0.127156 -1 
0.87964 -1 
1.33447 -1 
1.25418 -1 
1.49505 -1 
1.79062 -1 
-0.775888 -1 
-1.21048 -1 
-4 -1 
-3.72857 -1 
4 -1 
3.77277 -1 
2.12649 -1 
1.95856 -1 
3.3277 -1 
-1.50815 -1 
2.92238 -1 
-0.05588 -1 
2.59119 -1 
0.0726984 -1 
-1.0425 -1 
-2.49594 -1 
1.08462 -1 
-1.97298 -1 
-2.76367 -1 
-0.251051 -1 
0.17732 -1 
0.0344968 -1 
0.291348 -1 
-0.615954 -1 
0.374655 -1 
0.484256 -1 
0.707715 -1 
-0.176714 -1 
0.821788 -1 
-0.386806 -1 
1.21404 -1 
1.41476 -1 
1.71673 -1 
0.937493 -1 
-0.723876 -1 
-0.504134 -1 
-1.15359 -1 
-3.86428 -1 
-3.59285 -1 
3.88639 -1 
1.56895 -1 
1.87459 -1 
-1.78568 -1 
2.36724 -1 
3.21878 -1 
3.43663 -1 
2.20674 -1 
-3.03743 -1 
2.04253 -1 
2.82864 -1 
3.01611 -1 
-3.31723 -1 
-1.60009 -1 
-2.14049 -1 
-2.28822 -1 
3.65916 -1 
0.595276 -1 
-0.020242 -1 
0.120306 -1 
-0.0915181 -1 
-0.30061 -1 
0.234334 -1 
1.29433 -1 
-1.26738 -1 
-1.41621 -1 
-0.8279 -1 
-0.934107 -1 
ZONE T="boundary4"
-0.286827 0.496894 
-0.263695 0.506021 
-0.621655 0.044149 
-0.619083 0.0876159 
-0.542166 0.287481 
-0.620948 0.0227586 
-0.599785 0.170832 
-0.570558 0.238904 
-0.561727 0.255353 
-0.461971 0.382657 
-0.427929 0.412495 
-0.621036 0.065786 
0.630146 0.00963647 
0.634393 -0.00690267 
-0.16537 0.532592 
-0.191063 0.527491 
0.444483 0.225653 
0.466592 0.207806 
-0.615797 0.109576 
-0.611207 0.131536 
-0.605343 0.153444 
-0.552317 0.271479 
0.637509 -0.023526 
-0.593469 0.188139 
-0.586494 0.205189 
-0.578814 0.222185 
-0.531424 0.303102 
-0.24023 0.514123 
0.517216 0.166908 
0.537813 0.148795 
-0.477948 0.366896 
0.422486 0.244096 
0.407588 0.257065 
-0.506834 0.334891 
-0.4927 0.35117 
-0.519428 0.319224 
-0.409906 0.426509 
-0.391052 0.44001 
-0.371681 0.452748 
-0.308952 0.48706 
-0.351408 0.464944 
-0.215768 0.521374 
-0.11278 0.539051 
-0.0309301 0.538195 
-0.00325798 0.534712 
0.609656 0.0595504 
0.599158 0.077462 
0.639552 -0.0404078 
0.352107 0.308227 
0.372372 0.289074 
0.332525 0.327132 
0.313015 0.346188 
0.254177 0.402303 
0.392792 0.270299 
0.557432 0.129711 
0.108264 0.501761 
0.0807578 0.512964 
0.0524097 0.522305 
-0.0589363 0.540033 
0.232734 0.421143 
0.209981 0.439679 
0.186888 0.456781 
0.161508 0.473512 
0.135297 0.488546 
0.624829 0.0257907 
0.618368 0.0417553 
0.587437 0.0945048 
-0.445387 0.397782 
0.573009 0.112612 
-0.330668 0.476302 
0.492147 0.187459 
-0.139566 0.53643 
-0.0860402 0.540265 
0.274448 0.383503 
0.293794 0.364938 
0.0245527 0.529452 
-0.275309 0.501583 
-0.621468 0.0334498 
-0.566213 0.247167 
-0.621511 0.0549736 
0.632407 0.00140483 
-0.178244 0.530196 
0.455517 0.216682 
-0.617601 0.0986211 
-0.613657 0.120589 
-0.602654 0.162167 
-0.557095 0.263459 
0.636086 -0.0151867 
-0.590061 0.196697 
-0.596713 0.179517 
-0.547316 0.279528 
-0.582729 0.213721 
-0.252004 0.5102 
0.527609 0.157959 
0.415019 0.250549 
-0.499846 0.343099 
-0.513203 0.327115 
-0.418986 0.41959 
-0.485399 0.359104 
-0.381429 0.446475 
-0.400546 0.433353 
-0.297939 0.492093 
-0.361606 0.458949 
-0.470036 0.374855 
-0.228037 0.517887 
0.433447 0.234803 
-0.0170673 0.536662 
-0.525503 0.311219 
-0.536867 0.295341 
-0.620223 0.0767169 
0.604572 0.0686081 
-0.608424 0.142531 
-0.574756 0.230579 
0.362216 0.298613 
0.342299 0.317656 
0.322765 0.336651 
0.400173 0.263655 
0.0945988 0.5076 
0.0666582 0.51788 
0.243524 0.411815 
0.198531 0.448381 
0.221446 0.43054 
0.148512 0.481247 
0.547759 0.1394 
0.627621 0.0177603 
0.614176 0.0507377 
0.638666 -0.0319483 
-0.453753 0.3903 
0.58038 0.10369 
-0.43673 0.405224 
-0.319865 0.481795 
0.565349 0.121284 
-0.203448 0.524574 
0.479385 0.197632 
-0.341094 0.470729 
-0.152488 0.534668 
-0.0994147 0.539834 
-0.0724843 0.540336 
-0.0449182 0.53932 
0.121881 0.495387 
0.264359 0.392962 
0.284146 0.374254 
0.504754 0.177262 
-0.126187 0.537913 
0.0385367 0.526107 
0.303414 0.355574 
0.010688 0.532301 
0.174309 0.465345 
0.593443 0.086089 
0.62173 0.0338295 
0.382554 0.279642 
ZONE T="boundary5"
-0.532567 -0.184186 
-0.518218 -0.199796 
-0.611066 -0.0392417 
-0.615628 -0.0189775 
-0.618933 0.00172134 
0.552513 -0.307184 
-0.620948 0.0227586 
-0.590099 -0.0973117 
-0.598275 -0.0784288 
0.622554 -0.171817 
-0.580769 -0.115707 
0.497778 -0.360529 
0.485189 -0.369884 
0.581856 -0.264713 
0.570105 -0.283455 
-0.605272 -0.0590687 
0.533121 -0.328954 
-0.153294 -0.398665 
-0.176761 -0.391079 
-0.20009 -0.383111 
-0.558701 -0.151081 
-0.570341 -0.13356 
-0.267212 -0.357707 
-0.288936 -0.348617 
-0.0553065 -0.42564 
0.133775 -0.453468 
-0.0802719 -0.419506 
-0.129257 -0.405991 
-0.45476 -0.255857 
-0.105072 -0.412904 
-0.0296542 -0.431392 
-0.47112 -0.24299 
-0.437966 -0.268111 
-0.421 -0.279598 
-0.503094 -0.214828 
-0.487333 -0.229252 
-0.546167 -0.167851 
-0.329981 -0.33005 
-0.349074 -0.320683 
-0.309535 -0.339544 
-0.403691 -0.290504 
-0.367975 -0.310865 
-0.38596 -0.300938 
0.639418 -0.0913853 
0.630886 -0.142208 
0.431591 -0.401711 
0.407763 -0.412564 
0.38355 -0.421931 
-0.222784 -0.374945 
0.350965 -0.43225 
0.603267 -0.222435 
0.612981 -0.198957 
0.104897 -0.451554 
-0.0038332 -0.436596 
0.0227483 -0.441319 
0.0771229 -0.448862 
0.0494964 -0.445395 
0.254354 -0.450473 
0.193038 -0.454354 
0.162758 -0.454432 
0.286013 -0.446296 
0.318215 -0.440324 
0.458901 -0.38694 
0.509959 -0.350616 
0.637438 -0.108356 
0.640525 -0.0573776 
0.640465 -0.0743596 
0.543067 -0.318275 
0.561585 -0.295508 
0.521796 -0.340052 
0.639552 -0.0404078 
0.59256 -0.245028 
0.634561 -0.125382 
-0.245353 -0.366404 
0.223346 -0.45309 
-0.525484 -0.192075 
-0.613507 -0.0291439 
-0.617444 -0.00865262 
-0.594332 -0.0879318 
-0.585573 -0.106579 
0.491534 -0.365275 
0.576133 -0.274179 
-0.608325 -0.0491992 
-0.165043 -0.39492 
-0.188442 -0.387143 
-0.564646 -0.142403 
-0.278093 -0.353212 
-0.0678062 -0.422634 
-0.117182 -0.409501 
-0.0424978 -0.428583 
-0.462997 -0.249498 
-0.429531 -0.273928 
-0.495284 -0.222118 
-0.510737 -0.207394 
-0.539471 -0.176105 
-0.575686 -0.124709 
-0.339552 -0.325419 
-0.319782 -0.334851 
-0.412388 -0.285121 
-0.394862 -0.295786 
-0.358553 -0.315832 
0.626987 -0.157086 
-0.620105 0.0122257 
-0.446417 -0.26206 
0.395722 -0.417417 
0.367345 -0.427369 
-0.479289 -0.236197 
0.608267 -0.210756 
-0.376998 -0.305961 
-0.141292 -0.40238 
-0.211453 -0.379074 
0.119325 -0.452626 
0.00944072 -0.439037 
0.0909974 -0.450309 
0.0361068 -0.443441 
0.177896 -0.454536 
0.270208 -0.44858 
0.334651 -0.43654 
0.472221 -0.378684 
0.503924 -0.35564 
0.640621 -0.0658674 
0.547852 -0.312782 
-0.552547 -0.15955 
0.419759 -0.407317 
0.557115 -0.301397 
0.565913 -0.289529 
0.598063 -0.233802 
0.587351 -0.254948 
0.632819 -0.133815 
0.636105 -0.116886 
0.640062 -0.0828785 
0.638541 -0.0998827 
0.617966 -0.185457 
0.515939 -0.345402 
-0.601925 -0.0688018 
-0.299256 -0.34413 
0.538153 -0.323669 
0.64017 -0.0488834 
0.527524 -0.33457 
-0.0926893 -0.416263 
-0.0167605 -0.434065 
-0.256301 -0.362102 
-0.234086 -0.370722 
0.14826 -0.454073 
0.208196 -0.453875 
0.0632947 -0.447223 
0.238863 -0.451955 
0.302154 -0.443532 
0.445388 -0.394587 
