ZONE T="boundary0"
-4 -0.623052 
-4 -0.811526 
-4 -0.313151 
-4 -0.37603 
-4 -0.275305 
-4 -0.0683809 
-4 -0.000714341 
-4 0.419944 
-4 0.342756 
-4 0.689113 
-4 0.844557 
-4 -0.237459 
-4 -0.195189 
-4 1 
-4 -1 
-4 -0.438909 
-4 -0.530981 
-4 0.288607 
-4 0.593122 
-4 0.497131 
-4 -0.15292 
-4 -0.11065 
-4 0.234458 
-4 0.261532 
-4 0.192581 
-4 0.150705 
-4 0.108829 
-4 0.0669522 
-4 -0.717289 
-4 -0.344591 
-4 -0.294228 
-4 -0.0345476 
-4 0.766835 
-4 -0.216324 
-4 0.922278 
-4 -0.40747 
-4 -0.256382 
-4 -0.484945 
-4 0.545127 
-4 -0.131785 
-4 -0.905763 
-4 0.247995 
-4 0.315682 
-4 0.171643 
-4 0.27507 
-4 0.213519 
-4 0.0878904 
-4 0.129767 
-4 0.38135 
-4 0.458537 
-4 -0.174055 
-4 0.0331189 
-4 0.641118 
-4 -0.577016 
-4 -0.0895157 
ZONE T="boundary1"
-3.2269 1 
-3.56784 1 
1.26691 1 
1.33413 1 
1.61905 1 
1.5102 1 
0.212809 1 
0.0110996 1 
0.0763953 1 
-0.881917 1 
-1.16496 1 
-1.36307 1 
-1.82232 1 
0.810805 1 
0.921994 1 
-1.57807 1 
2.58323 1 
2.84068 1 
2.43621 1 
-1.95334 1 
-2.08437 1 
3.74463 1 
3.48925 1 
4 1 
0.695835 1 
0.580866 1 
-2.27459 1 
2.07901 1 
-2.88595 1 
-4 1 
-3.78392 1 
3.09813 1 
-2.4648 1 
1.74394 1 
-3.05642 1 
-0.119609 1 
-0.185022 1 
0.144602 1 
-0.614936 1 
-0.0541961 1 
0.477608 1 
-0.416253 1 
-0.500758 1 
-0.672025 1 
-0.729114 1 
-1.01467 1 
-0.258385 1 
-0.331748 1 
0.37435 1 
0.293579 1 
1.03318 1 
1.15005 1 
1.40135 1 
-1.47057 1 
-1.70019 1 
1.86883 1 
-1.26402 1 
-2.67538 1 
2.28919 1 
-3.39737 1 
1.30052 1 
1.56462 1 
0.8664 1 
2.71195 1 
-2.01886 1 
3.61694 1 
3.87231 1 
0.63835 1 
-3.89196 1 
3.29369 1 
1.68149 1 
-2.97119 1 
0.110499 1 
-0.0215483 1 
0.529237 1 
-0.458506 1 
-0.557847 1 
-0.805516 1 
-0.948293 1 
-0.295067 1 
0.253194 1 
-1.08982 1 
0.178705 1 
1.09161 1 
1.36774 1 
1.45577 1 
-1.41682 1 
-1.63913 1 
-1.52432 1 
-1.76126 1 
-1.31355 1 
-1.21449 1 
0.977588 1 
0.75332 1 
-2.17948 1 
-2.57009 1 
-2.78066 1 
-3.14166 1 
2.96941 1 
1.80638 1 
-2.36969 1 
2.1841 1 
-3.67588 1 
2.3627 1 
2.50972 1 
1.97392 1 
-1.88783 1 
-0.152316 1 
0.333964 1 
-0.374001 1 
-0.221704 1 
-0.0869027 1 
0.0437474 1 
-0.70057 1 
-0.643481 1 
0.425979 1 
1.20848 1 
ZONE T="boundary2"
4 -0.310379 
4 -0.231097 
4 -0.270738 
4 -0.351863 
4 0.201114 
4 0.128696 
4 -0.0876083 
4 0.052649 
4 0.5223 
4 0.641725 
4 1 
4 -0.687746 
4 -1 
4 0.273531 
4 0.346962 
4 0.390796 
4 0.434631 
4 -0.151818 
4 -0.0233984 
4 0.76115 
4 -0.582031 
4 -0.393347 
4 -0.476315 
4 -0.250917 
4 -0.331121 
4 0.164905 
4 0.0906727 
4 0.582013 
4 -0.843873 
4 0.237322 
4 0.310246 
4 0.412714 
4 0.368879 
4 0.478466 
4 -0.191457 
4 -0.0555034 
4 -0.119713 
4 0.701438 
4 -0.290559 
4 0.880575 
4 -0.634889 
4 -0.434831 
4 0.0146253 
4 -0.372605 
4 -0.529173 
ZONE T="boundary3"
-3.50485 -1 
-1.76805 -1 
3.15477 -1 
3.36608 -1 
-0.492413 -1 
-1.01229 -1 
-0.0517342 -1 
0.0680145 -1 
0.00814013 -1 
-0.798785 -1 
-0.692529 -1 
-1.37992 -1 
-1.45698 -1 
0.456368 -1 
0.543926 -1 
0.712135 -1 
0.768204 -1 
-1.65105 -1 
-3.12918 -1 
4 -1 
3.57739 -1 
2.46477 -1 
2.71044 -1 
-2.00206 -1 
-2.19294 -1 
2.93261 -1 
2.21909 -1 
-2.38382 -1 
-4 -1 
-3.75243 -1 
1.62418 -1 
2.03481 -1 
-0.23741 -1 
-0.1643 -1 
-0.310519 -1 
0.250368 -1 
0.289848 -1 
0.656065 -1 
0.139451 -1 
0.210887 -1 
0.368809 -1 
-0.401466 -1 
-0.592471 -1 
1.12138 -1 
1.03325 -1 
0.945121 -1 
-0.905041 -1 
-1.18464 -1 
-1.11955 -1 
-1.53405 -1 
1.31993 -1 
1.43433 -1 
1.54872 -1 
1.69963 -1 
1.85053 -1 
-1.24973 -1 
2.34193 -1 
-2.91957 -1 
-2.81477 -1 
-2.54689 -1 
-2.70996 -1 
0.856663 -1 
3.26043 -1 
-0.021797 -1 
-0.745657 -1 
-1.41845 -1 
0.500147 -1 
0.740169 -1 
-3.31701 -1 
2.5876 -1 
-2.0975 -1 
3.04369 -1 
3.78869 -1 
-3.87621 -1 
-0.200855 -1 
-0.273965 -1 
0.270108 -1 
0.0380773 -1 
-0.108017 -1 
0.599996 -1 
0.175169 -1 
0.412588 -1 
-0.355993 -1 
-0.6425 -1 
-0.542442 -1 
0.6841 -1 
-1.15209 -1 
-1.49552 -1 
-1.59255 -1 
1.22065 -1 
1.49152 -1 
1.37713 -1 
2.40335 -1 
2.82152 -1 
-2.86717 -1 
-1.88506 -1 
-2.28838 -1 
-2.46536 -1 
-3.62864 -1 
3.47173 -1 
-2.62843 -1 
0.329329 -1 
0.103733 -1 
0.230628 -1 
0.812433 -1 
-0.446939 -1 
0.989186 -1 
0.900892 -1 
-0.958668 -1 
-1.70955 -1 
1.07731 -1 
1.6619 -1 
1.77508 -1 
1.58645 -1 
1.94267 -1 
2.12695 -1 
-1.21719 -1 
-1.31483 -1 
-0.851913 -1 
-1.06592 -1 
-3.02437 -1 
-2.76237 -1 
2.28051 -1 
ZONE T="boundary4"
-0.387061 0.500192 
0.359312 0.235477 
0.380921 0.231167 
-0.599092 0.0748212 
-0.599653 0.0951064 
-0.597618 0.0547515 
-0.499335 0.39363 
-0.487786 0.408493 
-0.185778 0.543217 
-0.16468 0.537631 
-0.292426 0.54136 
-0.123164 0.519987 
-0.103518 0.508246 
-0.573071 0.253346 
-0.561531 0.284216 
-0.351521 0.520115 
-0.475425 0.423181 
-0.434469 0.464323 
-0.595258 0.0349531 
-0.599282 0.115568 
-0.597973 0.136102 
-0.59573 0.156657 
0.610952 0.0614345 
-0.541055 0.327721 
-0.55099 0.307963 
-0.531192 0.345452 
-0.510337 0.378304 
-0.0840892 0.494295 
-0.521068 0.362093 
-0.448941 0.450985 
-0.462516 0.437316 
-0.403515 0.489015 
0.619959 0.0372918 
-0.369487 0.510744 
0.576019 0.120629 
0.566685 0.131887 
-0.419495 0.476891 
0.523648 0.171307 
0.510761 0.180261 
-0.312976 0.535601 
-0.250296 0.547797 
-0.229046 0.548272 
-0.332383 0.528577 
-0.207667 0.546811 
-0.143366 0.52973 
0.598971 0.0859618 
0.592137 0.0975942 
-0.271859 0.545406 
0.483971 0.195888 
0.497416 0.188506 
-0.065607 0.478792 
0.445893 0.21266 
-0.582634 0.221703 
-0.590261 0.189385 
0.332281 0.240158 
0.274851 0.249545 
0.305239 0.244493 
0.470234 0.202587 
0.402491 0.226105 
0.42134 0.220877 
-0.0473876 0.461437 
0.213675 0.262934 
0.244476 0.255434 
0.183205 0.272506 
0.123222 0.300105 
0.0950169 0.318317 
0.584716 0.108858 
0.540715 0.157673 
0.631102 -0.010408 
0.633964 -0.0347213 
0.626511 0.0135353 
-0.0293736 0.442531 
-0.0116211 0.422739 
0.00725159 0.401301 
0.0266492 0.379865 
0.0704979 0.337478 
0.0474762 0.358486 
0.152661 0.28489 
0.55689 0.142458 
0.370129 0.233399 
-0.599488 0.0849609 
-0.598469 0.0647782 
-0.493631 0.401118 
-0.175166 0.540676 
-0.113219 0.514333 
-0.567559 0.268879 
-0.481678 0.4159 
-0.599585 0.10534 
-0.598744 0.125843 
-0.596966 0.146393 
-0.54613 0.317897 
-0.556416 0.29616 
-0.536211 0.336636 
-0.504908 0.386019 
-0.0936687 0.501472 
-0.526209 0.353821 
-0.44178 0.457737 
-0.455801 0.444224 
-0.469042 0.430316 
-0.395361 0.494715 
-0.360574 0.515568 
0.57143 0.126323 
-0.37835 0.505597 
-0.427055 0.470697 
0.517263 0.175874 
-0.302755 0.53868 
-0.239676 0.548271 
-0.342021 0.524508 
-0.133159 0.525092 
-0.21834 0.547788 
0.595629 0.0918218 
0.490738 0.19228 
-0.0747211 0.486709 
-0.51578 0.37025 
-0.153931 0.53394 
-0.411581 0.483056 
-0.261102 0.546837 
-0.586704 0.205606 
-0.593276 0.173069 
-0.282181 0.54359 
-0.59655 0.0448392 
0.345803 0.23789 
-0.32274 0.532262 
0.31876 0.24234 
0.47714 0.199319 
0.458155 0.207852 
0.391728 0.22874 
0.433679 0.216966 
0.41194 0.223589 
-0.19668 0.545279 
-0.0563812 0.470249 
0.605274 0.0738508 
0.229028 0.258962 
0.198357 0.267439 
0.108906 0.308866 
0.588499 0.103274 
0.532315 0.164659 
0.58045 0.114804 
0.632741 -0.0225402 
0.623482 0.0254814 
-0.0382925 0.452081 
-0.0204531 0.432685 
-0.00219342 0.41202 
0.290035 0.246957 
0.0168817 0.390523 
0.058808 0.34778 
0.0825661 0.327639 
-0.578094 0.237599 
0.137769 0.292142 
0.615734 0.0494671 
0.548959 0.150233 
0.504144 0.184471 
0.629034 0.00160695 
0.561859 0.13724 
0.0369352 0.36905 
0.167802 0.278361 
0.259634 0.252348 
ZONE T="boundary5"
-0.0915767 -0.473902 
-0.11496 -0.465971 
-0.201638 -0.430349 
-0.181358 -0.439608 
-0.066553 -0.481652 
-0.497924 -0.192635 
-0.577615 -0.0410093 
-0.58319 -0.0225317 
-0.311279 -0.368901 
-0.32764 -0.357816 
-0.556583 -0.0945387 
-0.5482 -0.111795 
-0.529532 -0.145405 
-0.508831 -0.177375 
-0.519436 -0.161558 
-0.571311 -0.0591546 
-0.564303 -0.0769718 
-0.592047 0.015472 
0.573531 -0.352096 
0.587564 -0.32671 
-0.475128 -0.221951 
-0.221677 -0.420604 
-0.294659 -0.379594 
-0.240649 -0.410807 
-0.277142 -0.390287 
-0.138115 -0.457439 
-0.159854 -0.448792 
-0.439182 -0.262806 
-0.451416 -0.249571 
-0.463322 -0.236033 
-0.343153 -0.346757 
-0.358395 -0.335327 
-0.413886 -0.288064 
-0.400631 -0.300272 
-0.259374 -0.400563 
-0.387061 -0.312131 
-0.372872 -0.323907 
-0.595258 0.0349531 
-0.588011 -0.00370638 
-0.486601 -0.207583 
0.497766 -0.434256 
0.474185 -0.450444 
0.342531 -0.50358 
0.317024 -0.508934 
0.557348 -0.375554 
0.539537 -0.396693 
0.530057 -0.406479 
0.29039 -0.513275 
0.261905 -0.516637 
0.200123 -0.519893 
0.0726999 -0.511631 
0.104355 -0.515428 
0.0132704 -0.501499 
0.0428966 -0.507039 
-0.014122 -0.495506 
-0.0413097 -0.488719 
0.369533 -0.496485 
0.424652 -0.476549 
0.396402 -0.487772 
0.449742 -0.464486 
0.520152 -0.415827 
-0.539164 -0.128768 
0.565721 -0.364034 
0.594365 -0.311816 
0.632056 -0.132391 
0.608646 -0.270619 
0.600373 -0.296559 
0.629327 -0.156833 
0.626053 -0.18118 
0.634082 -0.10801 
0.635226 -0.0835598 
0.635263 -0.0591367 
0.633964 -0.0347213 
0.621101 -0.21255 
0.615179 -0.243687 
0.231623 -0.518887 
0.168111 -0.519616 
0.136135 -0.518104 
-0.103295 -0.470012 
-0.191526 -0.43504 
-0.0790917 -0.477863 
-0.580499 -0.0317996 
-0.319493 -0.363408 
-0.552473 -0.103206 
-0.514195 -0.169507 
-0.567895 -0.068098 
-0.574556 -0.0501141 
0.580862 -0.339578 
-0.211687 -0.425538 
-0.231192 -0.415762 
-0.285932 -0.384993 
-0.303 -0.374296 
-0.149012 -0.453183 
-0.170635 -0.444267 
-0.445342 -0.256228 
-0.503432 -0.185044 
-0.350809 -0.341088 
-0.335429 -0.352333 
-0.407299 -0.294212 
-0.268288 -0.395477 
-0.380004 -0.318064 
-0.365669 -0.329661 
-0.593761 0.0251949 
-0.250042 -0.405741 
-0.480908 -0.214802 
0.486145 -0.442597 
0.329809 -0.506405 
-0.469267 -0.229027 
0.54869 -0.386334 
0.303731 -0.511253 
0.088511 -0.513668 
0.0280613 -0.504387 
0.276166 -0.515112 
-0.524551 -0.153523 
-0.0539558 -0.485272 
0.35608 -0.500214 
0.410625 -0.482408 
0.462098 -0.457699 
0.509167 -0.425296 
0.534852 -0.40164 
0.525156 -0.411208 
-0.543759 -0.120323 
-0.560528 -0.0857928 
0.561605 -0.369846 
0.569699 -0.358113 
0.604765 -0.283671 
-0.590134 0.00586093 
0.591066 -0.31931 
0.597469 -0.304227 
0.630767 -0.144621 
0.627752 -0.169016 
0.633166 -0.120209 
-0.534421 -0.137129 
-0.45741 -0.242838 
-0.393884 -0.306245 
-0.492312 -0.200147 
-0.585701 -0.0131447 
0.634778 -0.0957911 
-0.0277409 -0.492212 
0.635397 -0.0713486 
0.623679 -0.196883 
0.618292 -0.228149 
-0.126566 -0.46178 
0.634795 -0.0469194 
0.612117 -0.257204 
0.0577795 -0.509455 
0.383033 -0.492328 
0.246776 -0.517925 
0.215879 -0.519554 
-0.000447995 -0.498603 
0.437302 -0.470737 
0.184116 -0.519913 
0.152116 -0.519011 
-0.426705 -0.275606 
0.120233 -0.516909 
