ZONE T="boundary0"
-4 0.82211 
-4 0.64422 
-4 0.546313 
-4 0.448406 
-4 0.181594 
-4 0.12035 
-4 -0.175951 
-4 -0.264942 
-4 0.0591066 
-4 -0.124103 
-4 1 
-4 -1 
-4 -0.855081 
-4 -0.311467 
-4 -0.430824 
-4 -0.503656 
-4 -0.357992 
-4 -0.0722559 
-4 -0.606909 
-4 0.301551 
-4 0.241572 
-4 0.374978 
-4 -0.710161 
-4 0.733165 
-4 0.497359 
-4 0.150972 
-4 -0.220446 
-4 0.0897284 
-4 -0.92754 
-4 -0.46724 
-4 -0.334729 
-4 -0.288204 
-4 -0.00657465 
-4 0.271562 
-4 0.411692 
-4 0.595266 
-4 0.911055 
-4 0.211583 
-4 -0.150027 
-4 -0.0981796 
-4 0.338265 
-4 -0.394408 
-4 -0.658535 
-4 -0.555283 
-4 -0.782621 
ZONE T="boundary1"
0.556983 1 
-0.557005 1 
-0.234064 1 
-0.183781 1 
0.881248 1 
-0.715099 1 
-0.862735 1 
-0.284348 1 
0.140539 1 
0.0709953 1 
0.210083 1 
-0.996042 1 
-1.96055 1 
-4 1 
-3.59172 1 
3.54112 1 
3.77056 1 
1.07374 1 
1.64294 1 
1.48155 1 
1.97691 1 
1.80992 1 
-3.31335 1 
-2.53415 1 
1.19695 1 
1.32016 1 
3.36171 1 
3.1823 1 
2.76013 1 
-3.03497 1 
-2.78456 1 
-2.33156 1 
2.55233 1 
-0.477958 1 
-0.0572611 1 
0.00686709 1 
-0.398911 1 
0.433219 1 
-0.120521 1 
0.780997 1 
0.680746 1 
4 1 
0.321651 1 
0.977494 1 
-1.12935 1 
-1.35633 1 
-1.24284 1 
-1.62346 1 
-1.48989 1 
-1.79215 1 
-2.12896 1 
2.16071 1 
2.34452 1 
1.40085 1 
-0.788917 1 
-0.208922 1 
-0.259206 1 
0.105767 1 
-3.79586 1 
3.65584 1 
1.56224 1 
1.89341 1 
1.25856 1 
3.27201 1 
2.97122 1 
-2.90977 1 
-2.65936 1 
2.65623 1 
0.0389312 1 
-0.517481 1 
-0.438434 1 
0.495101 1 
-0.088891 1 
-0.152151 1 
0.730872 1 
0.175311 1 
-0.341629 1 
0.377435 1 
0.831122 1 
0.618864 1 
-0.636052 1 
-0.025197 1 
0.929371 1 
-1.0627 1 
-0.929389 1 
-1.29958 1 
-1.18609 1 
-1.55668 1 
-1.7078 1 
-2.04476 1 
-3.45253 1 
3.88528 1 
-2.23026 1 
1.72643 1 
2.44842 1 
2.25262 1 
1.36051 1 
-2.43285 1 
-1.87635 1 
3.45142 1 
2.06881 1 
-0.825826 1 
-0.752008 1 
0.265867 1 
1.13534 1 
1.02562 1 
-3.17416 1 
-1.42311 1 
1.4412 1 
ZONE T="boundary2"
4 -0.219822 
4 -0.256919 
4 -0.294016 
4 -0.334657 
4 0.0459348 
4 0.432617 
4 0.742222 
4 0.613334 
4 0.18002 
4 -0.631463 
4 -0.815731 
4 -0.176001 
4 -0.132181 
4 -0.0215574 
4 -0.076869 
4 -0.415939 
4 -0.375298 
4 1 
4 0.246612 
4 0.113427 
4 -0.45658 
4 0.280157 
4 0.313701 
4 0.347246 
4 0.38079 
4 0.484445 
4 -1 
4 -0.23837 
4 -0.314336 
4 0.677778 
4 -0.723597 
4 -0.154091 
4 -0.0492132 
4 -0.104525 
4 -0.354978 
4 -0.275467 
4 0.871111 
4 0.0796809 
4 -0.544022 
4 -0.395619 
4 -0.197911 
4 0.0121887 
4 0.296929 
4 0.213316 
4 0.146723 
4 0.263385 
4 0.364018 
4 0.458531 
4 0.406704 
4 -0.907866 
4 0.330473 
4 -0.43626 
4 0.548889 
ZONE T="boundary3"
-1.9221 -1 
-1.73375 -1 
-0.473494 -1 
-0.37813 -1 
0.261596 -1 
0.373073 -1 
1.7309 -1 
0.087444 -1 
0.0213719 -1 
0.619878 -1 
-1.10863 -1 
-1.2208 -1 
0.456636 -1 
-0.568858 -1 
-0.672592 -1 
-0.256603 -1 
1.0194 -1 
-4 -1 
-3.66565 -1 
-2.8524 -1 
-3.09185 -1 
-2.67869 -1 
-1.33422 -1 
-3.3313 -1 
-3.49847 -1 
2.77213 -1 
0.153516 -1 
0.699557 -1 
-0.317367 -1 
-0.135076 -1 
-0.195839 -1 
-0.776326 -1 
0.207556 -1 
-0.0568519 -1 
0.540199 -1 
0.832764 -1 
-0.886397 -1 
-0.996468 -1 
0.926082 -1 
1.13246 -1 
1.24551 -1 
-1.59069 -1 
-1.66222 -1 
-1.44764 -1 
1.37417 -1 
1.50283 -1 
3.02926 -1 
3.55399 -1 
3.64319 -1 
3.46479 -1 
3.28638 -1 
1.61687 -1 
-2.30772 -1 
2.24881 -1 
2.00186 -1 
1.86638 -1 
2.63394 -1 
-2.11045 -1 
-2.50499 -1 
3.8216 -1 
4 -1 
2.49576 -1 
-1.82792 -1 
-0.425812 -1 
0.054408 -1 
-1.16471 -1 
-0.620725 -1 
-3.83282 -1 
-2.97212 -1 
-1.27751 -1 
-3.41489 -1 
0.12048 -1 
0.659717 -1 
-0.521176 -1 
-0.347748 -1 
-0.286985 -1 
-0.165457 -1 
-0.724459 -1 
0.234576 -1 
-0.0959637 -1 
0.317334 -1 
0.76616 -1 
-0.941433 -1 
-0.831362 -1 
0.498417 -1 
0.580038 -1 
0.972741 -1 
1.07593 -1 
0.879423 -1 
-1.05255 -1 
-1.62646 -1 
1.4385 -1 
-3.58206 -1 
-3.21157 -1 
3.59859 -1 
3.37558 -1 
1.67388 -1 
2.9007 -1 
2.12534 -1 
1.79864 -1 
1.93412 -1 
2.70304 -1 
3.15782 -1 
-2.20909 -1 
-2.40635 -1 
-2.01628 -1 
0.414854 -1 
0.180536 -1 
-0.01774 -1 
-0.226221 -1 
1.18898 -1 
1.55985 -1 
3.73239 -1 
3.50939 -1 
3.9108 -1 
2.37228 -1 
-2.59184 -1 
-1.39093 -1 
-1.51917 -1 
-1.69798 -1 
1.30984 -1 
-2.76554 -1 
2.56485 -1 
ZONE T="boundary4"
-0.277922 0.38082 
-0.255212 0.379275 
-0.320791 0.382135 
-0.636826 0.0574145 
-0.636482 0.0793524 
-0.633986 0.0138672 
-0.635978 0.0355657 
0.61001 0.14928 
-0.612638 0.195057 
-0.605941 0.211092 
-0.522138 0.321042 
-0.341353 0.381723 
-0.419905 0.370799 
-0.38148 0.37827 
-0.361755 0.380452 
-0.623643 0.161802 
-0.627894 0.14477 
-0.632046 0.123142 
-0.618549 0.1786 
-0.590266 0.241752 
-0.581269 0.256332 
0.532089 0.258832 
-0.560682 0.283892 
-0.571535 0.270243 
0.554144 0.235875 
-0.549088 0.296702 
-0.6349 0.10131 
0.5212 0.268687 
-0.474099 0.351047 
-0.456511 0.358838 
0.509875 0.278034 
0.498314 0.286728 
-0.400994 0.375053 
-0.438516 0.365381 
0.543371 0.247622 
-0.536446 0.30896 
-0.133797 0.368481 
0.633273 0.0511297 
0.633487 0.0327814 
0.00768726 0.363627 
-0.022472 0.363671 
-0.4909 0.342144 
-0.106703 0.366613 
-0.0797169 0.365187 
0.0376585 0.36398 
0.571453 0.214559 
-0.299406 0.381794 
-0.184675 0.372888 
-0.159202 0.370568 
-0.507158 0.331975 
-0.232453 0.377368 
-0.208551 0.375153 
0.630363 -0.00368375 
0.632505 0.0145789 
-0.598476 0.226675 
0.486434 0.29487 
0.466998 0.306681 
0.447034 0.317135 
0.426564 0.326347 
0.57959 0.203285 
0.624512 0.108047 
0.618022 0.129046 
0.0686414 0.364621 
0.0995151 0.365371 
0.161128 0.366433 
0.190776 0.366357 
0.303161 0.358712 
0.329705 0.354422 
0.355568 0.349013 
0.248502 0.364222 
0.220466 0.365646 
0.276565 0.361898 
0.130324 0.366041 
0.629131 0.0874832 
0.631833 0.0692904 
0.380887 0.342371 
0.587326 0.191627 
0.403866 0.335022 
-0.0510084 0.364174 
0.599406 0.171001 
-0.266565 0.380103 
-0.636806 0.0683882 
-0.635123 0.0247055 
-0.609391 0.203118 
-0.331078 0.382029 
-0.371636 0.379485 
-0.625873 0.153314 
-0.630133 0.13399 
-0.621201 0.170234 
-0.615698 0.186867 
-0.566216 0.277154 
-0.576504 0.263361 
-0.585869 0.249106 
-0.554988 0.29039 
-0.633633 0.112249 
0.5267 0.263821 
-0.465376 0.355094 
0.504143 0.282445 
-0.410486 0.373066 
0.515591 0.273425 
-0.447572 0.362258 
0.537796 0.253294 
0.633534 0.0419567 
-0.00738756 0.363592 
-0.0932066 0.365843 
0.0226778 0.363762 
0.548824 0.24181 
-0.351566 0.381203 
-0.288664 0.381376 
-0.171936 0.371706 
-0.310101 0.382053 
-0.542869 0.302936 
-0.499123 0.337205 
-0.514746 0.32664 
-0.482581 0.346743 
-0.24383 0.378356 
-0.220499 0.376277 
0.631574 0.00543084 
0.476813 0.300936 
0.457096 0.312062 
0.436864 0.321889 
0.575576 0.208961 
0.562997 0.225381 
0.492418 0.290863 
0.621476 0.118609 
0.0840795 0.364994 
0.175948 0.366462 
-0.635848 0.0903453 
-0.636548 0.0464867 
0.342665 0.351873 
-0.391265 0.376797 
0.316452 0.356712 
0.234485 0.365036 
0.26254 0.363182 
-0.59447 0.234268 
0.627023 0.0978087 
-0.602308 0.218932 
0.632707 0.0602214 
0.633142 0.0236718 
-0.5294 0.315128 
0.630639 0.0784089 
0.583517 0.197495 
-0.146498 0.369489 
-0.120247 0.367496 
0.368268 0.345859 
0.392424 0.33885 
-0.196611 0.374018 
0.415276 0.33085 
0.114918 0.365728 
0.145722 0.366284 
-0.036735 0.363862 
0.289874 0.360433 
-0.0653578 0.364615 
0.0531504 0.364276 
-0.429259 0.368237 
0.614207 0.139237 
0.593553 0.181423 
0.604922 0.160244 
0.205619 0.366093 
ZONE T="boundary5"
-0.582094 -0.150674 
-0.571601 -0.170036 
0.305834 -0.490261 
0.337572 -0.475802 
-0.633986 0.0138672 
-0.621647 -0.0498034 
-0.626774 -0.028844 
-0.61556 -0.0704885 
-0.591816 -0.130931 
-0.630905 -0.00759386 
0.424003 -0.416345 
0.411898 -0.426956 
-0.235606 -0.462432 
-0.302429 -0.430199 
-0.323521 -0.418326 
-0.36293 -0.393634 
-0.343421 -0.406285 
-0.38127 -0.380911 
-0.137476 -0.497064 
-0.111281 -0.504059 
-0.0848855 -0.510215 
-0.211816 -0.472122 
-0.18773 -0.481062 
-0.162728 -0.489458 
-0.479691 -0.295144 
-0.535532 -0.226537 
-0.448898 -0.325746 
0.390554 -0.443592 
0.487745 -0.340817 
0.478188 -0.354812 
-0.560239 -0.189256 
-0.548205 -0.208073 
-0.399202 -0.36763 
-0.416239 -0.354169 
-0.432839 -0.340183 
-0.494343 -0.278975 
-0.52229 -0.244598 
-0.258456 -0.452275 
-0.608543 -0.0908968 
0.577329 -0.157236 
0.611781 -0.0755892 
-0.508623 -0.262027 
0.496831 -0.326372 
0.519762 -0.284226 
-0.464467 -0.310795 
0.0866239 -0.529138 
0.0569104 -0.528504 
0.0271974 -0.526733 
-0.0575078 -0.515677 
-0.0299836 -0.520236 
-0.0014343 -0.523983 
-0.600623 -0.111038 
0.605078 -0.0934359 
0.147827 -0.526628 
0.116819 -0.528566 
0.178576 -0.523252 
0.210077 -0.518153 
0.353137 -0.467497 
0.368313 -0.45852 
0.447 -0.393386 
0.435673 -0.40519 
0.457858 -0.381051 
0.468255 -0.368187 
0.504793 -0.312705 
0.617742 -0.0577869 
0.597852 -0.111115 
0.528585 -0.265697 
0.537044 -0.246947 
0.547834 -0.222466 
0.241904 -0.511127 
0.2739 -0.50192 
0.558714 -0.198049 
0.567997 -0.177606 
0.622899 -0.0398562 
0.587775 -0.134216 
0.630363 -0.00368375 
0.627132 -0.0218461 
-0.280968 -0.441406 
-0.57694 -0.160404 
0.321851 -0.483355 
-0.624334 -0.0393522 
-0.618722 -0.0601793 
-0.63258 0.00311924 
0.418007 -0.421717 
-0.313023 -0.424346 
-0.333518 -0.412382 
-0.372149 -0.387343 
-0.124406 -0.500666 
-0.0981074 -0.507242 
-0.22375 -0.467371 
-0.199808 -0.476686 
-0.150131 -0.49336 
0.401373 -0.435468 
0.483033 -0.347863 
-0.566007 -0.179697 
-0.541942 -0.217355 
-0.407773 -0.360966 
-0.390289 -0.374341 
-0.587054 -0.14085 
-0.48709 -0.287125 
-0.528982 -0.235619 
-0.628969 -0.0182423 
-0.50156 -0.270565 
-0.612164 -0.0807302 
-0.456745 -0.318336 
0.0717663 -0.528965 
0.0420477 -0.527758 
-0.0437634 -0.51807 
-0.0157236 -0.522232 
-0.472148 -0.303036 
0.132337 -0.527773 
0.163225 -0.525126 
0.194364 -0.520914 
0.608503 -0.0845386 
0.345399 -0.471734 
-0.424595 -0.347241 
0.441399 -0.39935 
0.429897 -0.410831 
-0.596322 -0.121029 
0.463122 -0.374675 
0.473288 -0.361551 
0.452493 -0.387278 
0.500865 -0.319571 
0.492353 -0.333638 
0.61485 -0.0667166 
-0.604691 -0.101009 
0.524232 -0.274993 
0.542444 -0.234708 
0.257981 -0.506788 
0.532849 -0.256339 
-0.440927 -0.333029 
0.563342 -0.187819 
0.592875 -0.122689 
0.379562 -0.451251 
0.601521 -0.102296 
0.620425 -0.0488506 
0.289976 -0.496383 
0.628877 -0.0127881 
0.625133 -0.0308782 
0.360775 -0.463093 
0.582578 -0.145734 
-0.247071 -0.457443 
-0.269756 -0.44693 
-0.554302 -0.198715 
-0.353226 -0.400036 
0.512468 -0.298573 
0.572663 -0.167417 
-0.51553 -0.253369 
-0.175262 -0.485359 
-0.291743 -0.435886 
0.101727 -0.529009 
0.553252 -0.210245 
-0.0712181 -0.513058 
0.0128711 -0.525484 
0.226046 -0.514877 
