ZONE T="boundary0"
-4 -0.494446 
-4 0.703473 
-4 1 
-4 0.209987 
-4 0.247775 
-4 0.346255 
-4 0.285563 
-4 -0.212766 
-4 -0.073043 
-4 -0.0042997 
-4 0.102844 
-4 0.156415 
-4 -0.141786 
-4 -0.348186 
-4 -0.412626 
-4 -0.283746 
-4 -0.576266 
-4 -0.682199 
-4 0.555209 
-4 0.481078 
-4 -0.788133 
-4 -1 
-4 0.406946 
-4 0.851736 
-4 0.228881 
-4 0.315909 
-4 0.049272 
-4 0.266669 
-4 0.12963 
-4 0.183201 
-4 -0.380406 
-4 -0.248256 
-4 -0.535356 
-4 -0.453536 
-4 -0.629232 
-4 0.629341 
-4 -0.735166 
-4 -0.894066 
-4 0.3766 
-4 0.518144 
-4 0.444012 
-4 -0.177276 
-4 -0.315966 
-4 -0.0386714 
-4 -0.107415 
ZONE T="boundary1"
-4 1 
3.10477 1 
1.73725 1 
1.87781 1 
3.7485 1 
3.49701 1 
-0.576821 1 
-0.0991274 1 
-0.0386031 1 
0.701065 1 
-1.76891 1 
-0.395538 1 
0.310795 1 
-2.49375 1 
-0.656976 1 
3.30089 1 
-1.50746 1 
1.13317 1 
1.02681 1 
2.8802 1 
2.36957 1 
2.01836 1 
2.19397 1 
-3.4302 1 
-3.27036 1 
-3.59005 1 
-3.04741 1 
-2.82446 1 
0.0219212 1 
0.399871 1 
0.239008 1 
0.16722 1 
-0.496665 1 
-0.147948 1 
0.595006 1 
0.488947 1 
-0.750885 1 
-0.844794 1 
0.0945708 1 
-0.29441 1 
-0.94601 1 
0.810758 1 
0.920451 1 
-1.25301 1 
-1.04723 1 
-1.15012 1 
-1.38023 1 
-1.63818 1 
-1.93484 1 
-2.10078 1 
4 1 
1.63593 1 
1.23258 1 
1.4333 1 
1.33198 1 
1.53461 1 
2.75254 1 
-2.29726 1 
-2.6591 1 
2.62488 1 
-0.196769 1 
1.80753 1 
3.62276 1 
-0.0688653 1 
3.20283 1 
1.07999 1 
2.99248 1 
2.10616 1 
-3.35028 1 
1.94808 1 
-2.93593 1 
-3.79502 1 
0.203114 1 
0.541976 1 
-0.797839 1 
-0.536743 1 
-0.616898 1 
0.058246 1 
-0.344974 1 
-0.446102 1 
0.973632 1 
0.444409 1 
-0.996618 1 
-0.895402 1 
-1.20156 1 
-1.09867 1 
-1.44385 1 
-1.31662 1 
-1.57282 1 
-1.85188 1 
-1.70355 1 
-2.01781 1 
-3.15889 1 
-3.51013 1 
3.87425 1 
1.68659 1 
1.18288 1 
1.38264 1 
1.58527 1 
2.81637 1 
3.39895 1 
-2.3955 1 
-2.57642 1 
2.49723 1 
2.28177 1 
-2.19902 1 
-2.74178 1 
-0.00834099 1 
0.130896 1 
-0.245589 1 
-0.123538 1 
-0.172358 1 
0.865605 1 
0.755912 1 
0.355333 1 
0.274901 1 
0.648036 1 
1.48396 1 
1.28228 1 
-0.70393 1 
2.68871 1 
ZONE T="boundary2"
4 -0.631962 
4 -0.815981 
4 -0.53739 
4 -0.442818 
4 0.247971 
4 0.183965 
4 0.315322 
4 0.406742 
4 0.464487 
4 0.531426 
4 0.598365 
4 0.361032 
4 -0.128023 
4 0.732244 
4 0.0929717 
4 0.0171378 
4 -0.2572 
4 -0.197351 
4 -0.058696 
4 -0.31705 
4 -0.379934 
4 1 
4 -1 
4 -0.723972 
4 -0.490104 
4 0.215968 
4 0.281646 
4 0.435615 
4 0.564896 
4 0.665305 
4 0.383887 
4 0.338177 
4 0.138468 
4 0.0550547 
4 -0.227275 
4 -0.0933597 
4 -0.162687 
4 -0.287125 
4 -0.411376 
4 -0.584676 
4 0.866122 
4 -0.907991 
4 -0.348492 
4 -0.0207791 
4 0.497957 
ZONE T="boundary3"
-1.69962 -1 
-1.88733 -1 
-2.07504 -1 
3.67643 -1 
-1.31895 -1 
0.0663709 -1 
0.129703 -1 
-0.502251 -1 
-0.408203 -1 
-0.698441 -1 
0.810901 -1 
0.857937 -1 
0.235248 -1 
-0.280994 -1 
-0.344599 -1 
-0.901293 -1 
-0.800584 -1 
3.51465 -1 
1.31859 -1 
3.00946 -1 
-3.29505 -1 
2.11136 -1 
-2.95728 -1 
-2.29041 -1 
2.34397 -1 
-3.10777 -1 
-2.65628 -1 
-2.50578 -1 
0.590587 -1 
0.419673 -1 
-0.596298 -1 
0.373567 -1 
-0.17163 -1 
0.00303884 -1 
-0.127963 -1 
-0.0842956 -1 
0.763865 -1 
0.720546 -1 
0.677226 -1 
0.50513 -1 
0.936206 -1 
1.01448 -1 
1.20187 -1 
1.43531 -1 
-3.74116 -1 
-3.48232 -1 
-1.11335 -1 
3.83822 -1 
-1.55641 -1 
-1.22469 -1 
-1.4132 -1 
-1.002 -1 
3.18116 -1 
-4 -1 
1.10818 -1 
1.7372 -1 
1.58625 -1 
3.35286 -1 
2.79302 -1 
1.92428 -1 
2.57657 -1 
4 -1 
0.32746 -1 
-2.80678 -1 
-1.98118 -1 
0.0980369 -1 
-0.455227 -1 
0.834419 -1 
-0.312797 -1 
-0.850938 -1 
-2.39809 -1 
0.182475 -1 
-0.226312 -1 
-0.106129 -1 
0.742206 -1 
0.698886 -1 
0.0347049 -1 
0.39662 -1 
0.547859 -1 
0.975341 -1 
-0.647369 -1 
-0.149796 -1 
-0.0406284 -1 
0.633907 -1 
-0.749512 -1 
-0.549274 -1 
-0.376401 -1 
-3.61174 -1 
3.75732 -1 
-1.27182 -1 
-1.36608 -1 
-1.05768 -1 
-1.48481 -1 
-3.87058 -1 
1.15503 -1 
1.37695 -1 
1.66173 -1 
1.51078 -1 
3.09531 -1 
3.26701 -1 
2.90124 -1 
2.01782 -1 
1.83074 -1 
2.68479 -1 
3.59554 -1 
3.43375 -1 
-2.58103 -1 
2.46027 -1 
-3.20141 -1 
-2.18272 -1 
3.91911 -1 
0.281354 -1 
0.897072 -1 
0.350513 -1 
0.787383 -1 
0.462402 -1 
-0.951648 -1 
-2.88203 -1 
-1.16902 -1 
-3.03252 -1 
-2.73153 -1 
1.26023 -1 
1.06133 -1 
-3.38868 -1 
-1.79348 -1 
2.22766 -1 
-1.62802 -1 
ZONE T="boundary4"
-0.377296 0.265942 
-0.35741 0.275026 
-0.337438 0.283708 
-0.414499 0.247397 
-0.395978 0.256913 
0.526537 0.266527 
0.534467 0.243277 
-0.591873 0.0730485 
-0.609489 0.00594337 
-0.606645 0.0232574 
0.389527 0.398991 
0.3677 0.40766 
0.49748 0.317403 
-0.612052 -0.0292121 
-0.52047 0.174847 
-0.461611 0.219954 
-0.484689 0.204177 
-0.507963 0.185938 
-0.602745 0.0402866 
-0.597814 0.0569 
-0.586463 0.0854942 
-0.580412 0.0976833 
0.51822 0.0515814 
-0.551452 0.141642 
-0.543257 0.151413 
-0.534607 0.160883 
0.486684 0.330474 
-0.566828 0.120581 
0.543314 0.195507 
0.544455 0.165278 
0.544303 0.180433 
-0.295615 0.300894 
-0.280524 0.306874 
-0.265437 0.312775 
-0.249325 0.319009 
-0.150096 0.35615 
-0.134924 0.361586 
-0.233212 0.325186 
-0.181731 0.344566 
-0.198215 0.338423 
0.541308 0.211734 
0.538343 0.227752 
-0.215718 0.331833 
-0.165227 0.350648 
-0.115891 0.368267 
-0.0967693 0.3748 
-0.0499759 0.389839 
-0.0252975 0.397119 
0.528721 0.0782889 
-0.611284 -0.0115688 
0.516295 0.28835 
-0.0734589 0.382476 
0.453034 0.36177 
0.507464 0.303248 
-0.316538 0.292432 
0.464298 0.352542 
0.475005 0.342695 
0.411107 0.38862 
0.429637 0.378003 
0.135655 0.429507 
0.164505 0.431948 
0.0256002 0.410419 
0.19384 0.433189 
0.223118 0.433082 
0.252982 0.431468 
0.536752 0.105636 
0.542153 0.134532 
0.543744 0.14991 
0.539838 0.120031 
0.505485 0.0250515 
-0.496494 0.19527 
-0.438302 0.234192 
-0.000392899 0.403935 
0.0518506 0.416258 
0.107012 0.425964 
0.0793038 0.421542 
0.283031 0.428154 
0.311552 0.423256 
0.340364 0.41634 
-0.34744 0.279408 
-0.405267 0.252216 
0.530812 0.255009 
-0.6082 0.0146212 
-0.367374 0.270536 
0.378686 0.403507 
-0.473263 0.21223 
-0.514282 0.180466 
-0.594973 0.0650206 
-0.589248 0.079305 
-0.583515 0.0916264 
-0.538982 0.156192 
0.492203 0.324038 
-0.527645 0.167971 
-0.547408 0.146571 
-0.559385 0.131286 
0.544484 0.172858 
-0.386661 0.261482 
-0.288073 0.303894 
-0.257383 0.315899 
-0.142514 0.358878 
-0.24127 0.322104 
-0.189976 0.341501 
0.539947 0.219766 
-0.224467 0.328516 
-0.157665 0.353407 
-0.125415 0.364945 
-0.106339 0.371555 
-0.173482 0.347615 
-0.206969 0.335135 
-0.611795 -0.0203857 
0.536527 0.235545 
-0.573902 0.109296 
-0.0617339 0.386202 
-0.0851288 0.378675 
0.512029 0.295887 
0.521722 0.277581 
-0.306085 0.296688 
0.469723 0.347696 
0.420467 0.383475 
0.441545 0.370185 
0.458731 0.357234 
-0.600412 0.0486314 
0.502611 0.310423 
0.480953 0.336687 
0.150065 0.430873 
0.179163 0.43273 
0.238059 0.432473 
0.400413 0.394004 
-0.0376562 0.393535 
-0.272983 0.309832 
0.523746 0.0648331 
0.533063 0.0918723 
0.543058 0.142211 
0.542432 0.203637 
0.541093 0.127267 
0.538389 0.112815 
0.544209 0.15759 
0.543912 0.187978 
0.512063 0.0382224 
-0.49063 0.199776 
-0.327 0.288104 
-0.012866 0.400592 
0.0125809 0.407255 
0.0387027 0.413426 
0.0931363 0.423868 
0.121314 0.427868 
0.26803 0.430032 
0.297329 0.425925 
-0.450038 0.227206 
0.0655538 0.419004 
0.208478 0.43331 
0.326018 0.420049 
-0.604829 0.0318015 
-0.610517 -0.0028002 
-0.502274 0.190659 
0.354113 0.412254 
-0.426461 0.24091 
ZONE T="boundary5"
0.456289 -0.302682 
-0.578958 -0.186629 
-0.517215 -0.2995 
-0.506564 -0.314335 
-0.611828 -0.0468127 
-0.610651 -0.0644865 
-0.597186 -0.134787 
-0.591806 -0.152217 
-0.563667 -0.220328 
-0.537123 -0.268892 
-0.608559 -0.0821464 
-0.605591 -0.0997656 
0.47005 -0.39985 
-0.546434 -0.252994 
-0.237408 -0.530029 
-0.214082 -0.540489 
-0.190417 -0.550235 
-0.259127 -0.519474 
-0.0221798 -0.598378 
-0.0527912 -0.592097 
0.0105612 -0.603969 
-0.164934 -0.559819 
-0.111291 -0.577161 
-0.0831657 -0.584835 
-0.139138 -0.568619 
-0.419397 -0.410164 
-0.433413 -0.397119 
-0.44704 -0.383697 
-0.612052 -0.0292121 
-0.46006 -0.370128 
-0.319972 -0.485193 
-0.280485 -0.50827 
-0.300416 -0.497025 
-0.404494 -0.423264 
-0.356137 -0.461014 
-0.372864 -0.448715 
-0.389204 -0.435946 
-0.338246 -0.473367 
0.463753 -0.44 
0.388086 -0.548481 
0.376157 -0.556873 
0.43516 -0.500676 
0.427148 -0.511218 
0.436345 -0.11793 
-0.484217 -0.342747 
0.466722 -0.427102 
0.468845 -0.413646 
0.0778022 -0.611783 
0.146929 -0.614301 
0.215227 -0.610203 
0.181596 -0.613145 
0.246967 -0.605511 
0.261616 -0.602624 
0.352454 -0.570835 
0.340051 -0.576964 
0.327377 -0.582528 
0.276155 -0.599252 
0.399453 -0.539416 
0.418469 -0.521217 
0.454981 -0.465372 
0.409242 -0.530593 
0.470324 -0.385306 
0.459938 -0.452506 
0.432561 -0.21587 
0.437019 -0.236696 
0.429717 -0.194672 
0.428817 -0.172972 
0.430079 -0.151285 
0.441515 -0.253404 
0.446444 -0.269957 
0.449136 -0.477753 
0.469617 -0.370424 
0.467912 -0.354985 
0.461244 -0.321193 
0.465264 -0.339273 
0.451447 -0.286314 
0.505485 0.0250515 
0.49097 -0.00169388 
0.302731 -0.591614 
0.475865 -0.0283725 
0.460672 -0.0565486 
0.447063 -0.0861497 
0.11221 -0.613784 
0.043483 -0.608419 
0.364485 -0.564153 
-0.511946 -0.306957 
-0.611356 -0.0556577 
-0.594585 -0.143529 
-0.57158 -0.203598 
-0.607181 -0.0909737 
-0.609716 -0.07333 
-0.555286 -0.236783 
-0.225787 -0.53535 
-0.202288 -0.545452 
-0.0375115 -0.595361 
-0.00583395 -0.601314 
-0.0972591 -0.581107 
-0.15207 -0.564317 
-0.426451 -0.40369 
-0.453598 -0.376958 
-0.290494 -0.502722 
-0.31024 -0.491183 
-0.381082 -0.44239 
-0.329154 -0.479347 
-0.411993 -0.416768 
0.382183 -0.552764 
0.431241 -0.506014 
-0.396895 -0.429659 
-0.472331 -0.356604 
-0.440274 -0.390456 
0.467901 -0.420395 
-0.541841 -0.260978 
0.198435 -0.611913 
0.231136 -0.608104 
0.333746 -0.579815 
-0.52741 -0.284349 
0.39384 -0.544036 
0.404412 -0.535076 
0.470311 -0.392583 
0.434612 -0.226318 
0.430913 -0.20531 
0.429003 -0.183824 
0.429174 -0.162123 
0.443945 -0.261692 
0.422889 -0.516287 
0.457578 -0.458986 
0.45217 -0.471617 
0.461954 -0.446288 
0.45885 -0.311921 
0.468881 -0.362695 
0.469565 -0.406761 
0.465349 -0.433579 
0.47009 -0.377862 
0.466693 -0.347115 
0.413927 -0.525976 
-0.364546 -0.454925 
0.453904 -0.294493 
-0.612061 -0.0380146 
0.442545 -0.489462 
-0.347239 -0.467257 
-0.495595 -0.328699 
-0.248309 -0.524833 
0.49835 0.0116209 
-0.177714 -0.555127 
-0.269851 -0.513955 
-0.0680089 -0.588589 
0.315143 -0.587304 
0.483421 -0.0150258 
-0.12525 -0.573 
0.453556 -0.0711965 
0.129568 -0.61424 
0.0949963 -0.61296 
0.164272 -0.613944 
0.0606266 -0.610265 
0.463367 -0.330213 
0.289513 -0.595667 
0.254304 -0.604126 
0.2689 -0.601001 
0.468125 -0.0423733 
0.358513 -0.567567 
0.448948 -0.278136 
0.346287 -0.573972 
0.441209 -0.101864 
0.43258 -0.134483 
-0.601775 -0.117369 
-0.5857 -0.16954 
0.0270023 -0.606339 
0.370367 -0.56059 
0.43919 -0.245069 
