ZONE T="boundary0"
-4 -0.0729029 
-4 0.133649 
-4 0.199379 
-4 0.264456 
-4 0.329532 
-4 0.395774 
-4 -0.706912 
-4 1 
-4 0.731008 
-4 0.0630821 
-4 -0.00748518 
-4 -0.256425 
-4 -0.226899 
-4 0.462016 
-4 -0.138321 
-4 -0.167847 
-4 -0.197373 
-4 -0.451771 
-4 -0.520185 
-4 -0.613548 
-4 -0.383357 
-4 -0.853456 
-4 -1 
-4 0.596512 
-4 -0.319891 
-4 -0.288158 
-4 0.166514 
-4 0.296994 
-4 0.231918 
-4 0.362653 
-4 0.865504 
-4 0.0277985 
-4 -0.241662 
-4 -0.0401941 
-4 -0.18261 
-4 -0.485978 
-4 -0.66023 
-4 -0.566867 
-4 -0.926728 
-4 -0.780184 
-4 0.66376 
-4 -0.212136 
-4 -0.304024 
-4 -0.272291 
-4 -0.351624 
-4 -0.417564 
-4 -0.105612 
-4 -0.153084 
-4 0.0983658 
-4 0.529264 
-4 0.428895 
ZONE T="boundary1"
1.42756 1 
1.31811 1 
-0.308412 1 
-0.375989 1 
0.589996 1 
0.00919986 1 
0.86985 1 
-3.63709 1 
-3.81854 1 
-1.24785 1 
4 1 
3.73167 1 
3.04448 1 
-1.95741 1 
2.45545 1 
-2.53284 1 
-2.74496 1 
2.72166 1 
-3.45563 1 
-3.14187 1 
-3.27417 1 
-3.00957 1 
-4 1 
1.50735 1 
-0.432699 1 
-0.489409 1 
-0.126984 1 
-0.183909 1 
-0.240835 1 
-0.058892 1 
0.197576 1 
0.136097 1 
0.0726486 1 
-0.54612 1 
-0.60283 1 
-0.682898 1 
-0.762966 1 
0.382012 1 
0.320534 1 
-1.01037 1 
-1.12897 1 
-0.827369 1 
0.688056 1 
-0.951071 1 
-1.36673 1 
-1.60779 1 
-1.48726 1 
-1.7826 1 
3.46333 1 
0.786115 1 
0.953585 1 
1.08113 1 
-2.13906 1 
1.20867 1 
1.58715 1 
1.74674 1 
2.14105 1 
-2.32072 1 
2.29825 1 
1.9439 1 
3.25391 1 
0.259055 1 
0.486004 1 
-0.891772 1 
1.37284 1 
-0.3422 1 
-3.72781 1 
3.86583 1 
-2.6389 1 
-3.54636 1 
-3.20802 1 
-2.87726 1 
1.46745 1 
-0.461054 1 
-0.155447 1 
-0.274623 1 
-0.0929379 1 
0.166837 1 
0.0409242 1 
-0.024846 1 
-0.574475 1 
0.104373 1 
-0.722932 1 
-0.212372 1 
-0.404344 1 
0.351273 1 
-1.06967 1 
-0.642864 1 
0.639026 1 
-0.98072 1 
-1.30729 1 
-1.18841 1 
-1.54752 1 
-1.69519 1 
-1.42699 1 
-1.87 1 
0.827983 1 
0.911718 1 
1.01736 1 
0.737086 1 
-2.04824 1 
1.1449 1 
1.26339 1 
1.66695 1 
2.58856 1 
2.88307 1 
-2.42678 1 
2.37685 1 
2.21965 1 
2.04248 1 
3.5975 1 
3.14919 1 
-3.07572 1 
-3.3649 1 
-3.90927 1 
3.35862 1 
-0.517765 1 
0.228315 1 
0.289794 1 
0.434008 1 
-0.795167 1 
-0.85957 1 
-0.921421 1 
0.538 1 
1.84532 1 
1.54725 1 
-2.22989 1 
ZONE T="boundary2"
4 0.0435858 
4 0.11343 
4 0.26181 
4 0.195881 
4 0.738199 
4 -1 
4 1 
4 -0.621312 
4 -0.715984 
4 0.310781 
4 0.450799 
4 0.359751 
4 -0.0262588 
4 -0.0997674 
4 0.541848 
4 -0.173276 
4 -0.203651 
4 -0.234026 
4 -0.264401 
4 -0.455643 
4 -0.810656 
4 -0.37521 
4 -0.294776 
4 0.0785081 
4 0.228845 
4 -0.668648 
4 0.405275 
4 0.154655 
4 0.00866347 
4 -0.0630131 
4 0.496324 
4 -0.188463 
4 -0.218839 
4 -0.538478 
4 0.640024 
4 0.869099 
4 -0.76332 
4 -0.905328 
4 -0.249214 
4 -0.136522 
4 -0.334993 
4 0.335266 
4 0.286295 
4 -0.415426 
4 -0.279589 
ZONE T="boundary3"
-2.21436 -1 
0.0917993 -1 
-0.879912 -1 
0.262841 -1 
-1.32427 -1 
-0.775888 -1 
0.651495 -1 
4 -1 
3.83193 -1 
-3.86428 -1 
-3.72857 -1 
-2.49594 -1 
1.79062 -1 
1.95856 -1 
-2.06663 -1 
-1.69202 -1 
-1.87933 -1 
-3.45713 -1 
-3.31723 -1 
2.92238 -1 
3.3277 -1 
-2.62981 -1 
-2.89753 -1 
-0.448224 -1 
-0.05588 -1 
0.015396 -1 
0.0535976 -1 
-0.127156 -1 
0.205827 -1 
0.148813 -1 
-0.362027 -1 
-0.275831 -1 
-0.201493 -1 
0.539056 -1 
0.429455 -1 
0.763935 -1 
0.319854 -1 
0.821788 -1 
-0.671864 -1 
-0.988302 -1 
-0.560044 -1 
-4 -1 
-1.09669 -1 
-1.41621 -1 
-1.21048 -1 
-3.17733 -1 
1.12476 -1 
1.49505 -1 
1.37462 -1 
1.64284 -1 
1.25418 -1 
-3.03743 -1 
2.12649 -1 
2.44749 -1 
2.68493 -1 
-1.60009 -1 
-1.50815 -1 
3.66385 -1 
3.49578 -1 
-2.36208 -1 
0.87964 -1 
0.995345 -1 
3.91596 -1 
-3.79642 -1 
1.87459 -1 
-1.78568 -1 
-3.38718 -1 
3.12504 -1 
-2.76367 -1 
-0.020242 -1 
0.0726984 -1 
-0.0915181 -1 
0.0344968 -1 
0.17732 -1 
-0.405126 -1 
-0.238662 -1 
0.484256 -1 
0.595276 -1 
0.707715 -1 
0.291348 -1 
0.234334 -1 
-0.8279 -1 
0.792861 -1 
0.374655 -1 
-0.723876 -1 
-0.318929 -1 
-0.934107 -1 
-0.615954 -1 
-0.504134 -1 
-3.93214 -1 
-1.0425 -1 
-1.37024 -1 
-1.26738 -1 
-3.59285 -1 
-3.24728 -1 
1.43484 -1 
1.71673 -1 
1.18947 -1 
-2.96748 -1 
-3.10738 -1 
2.04253 -1 
2.28699 -1 
2.56621 -1 
-1.55412 -1 
-1.97298 -1 
3.74789 -1 
3.41174 -1 
-2.14049 -1 
-2.56287 -1 
-2.42901 -1 
-2.28822 -1 
0.120306 -1 
-0.164325 -1 
0.850714 -1 
0.937493 -1 
-1.15359 -1 
1.06005 -1 
1.56895 -1 
1.3144 -1 
-1.46218 -1 
-1.64606 -1 
2.80365 -1 
3.57981 -1 
ZONE T="boundary4"
-0.47867 0.367802 
-0.46274 0.38358 
-0.446203 0.398717 
-0.552692 0.272271 
-0.620392 0.0664127 
-0.620903 0.0447757 
-0.586567 0.205905 
-0.578969 0.22292 
0.630959 0.00981771 
0.625692 0.0260055 
-0.493369 0.35206 
-0.570791 0.239659 
-0.615381 0.110214 
-0.618552 0.0882465 
-0.507448 0.335759 
0.635154 -0.00675784 
0.638217 -0.0234181 
-0.610906 0.132187 
-0.605155 0.15411 
-0.593457 0.188837 
-0.599686 0.171513 
-0.562034 0.256127 
-0.542603 0.288294 
0.558459 0.129912 
-0.428784 0.413439 
-0.531923 0.303931 
-0.620091 0.0233885 
-0.519985 0.320075 
0.61061 0.0598228 
0.600151 0.0777512 
-0.391978 0.440953 
-0.372637 0.453679 
-0.410799 0.427456 
-0.28788 0.497667 
-0.309982 0.487893 
-0.35239 0.465854 
-0.241333 0.514719 
-0.216902 0.521849 
-0.192235 0.527824 
-0.166591 0.532752 
0.444618 0.224313 
0.46709 0.206883 
-0.140846 0.536394 
-0.114135 0.538785 
-0.0604976 0.539232 
-0.0326318 0.537079 
-0.0874896 0.539745 
-0.264772 0.506714 
0.407087 0.254854 
0.422301 0.242207 
0.640207 -0.0403379 
0.35043 0.304887 
0.371117 0.286124 
0.330439 0.323488 
0.271425 0.3794 
0.538801 0.148867 
0.518124 0.166778 
0.392002 0.267747 
0.0782886 0.510448 
0.105573 0.498894 
-0.00511862 0.533267 
0.0225086 0.52766 
0.050162 0.520155 
0.250615 0.39852 
0.229451 0.417086 
0.183667 0.453037 
0.20669 0.435752 
0.574043 0.112875 
0.619277 0.0420003 
0.588458 0.0947937 
0.31055 0.342317 
-0.331675 0.477181 
0.492825 0.187042 
0.291032 0.3609 
0.132393 0.485349 
0.158422 0.47002 
-0.454546 0.39123 
-0.620812 0.0555981 
-0.582843 0.214446 
0.62846 0.0179555 
-0.617127 0.0992536 
-0.500488 0.343978 
0.636821 -0.015063 
-0.60818 0.143187 
-0.613299 0.121232 
-0.596657 0.180206 
-0.602511 0.16284 
-0.557437 0.264242 
-0.590091 0.197403 
-0.547723 0.28033 
-0.537335 0.296162 
-0.486095 0.360002 
-0.620663 0.0340758 
0.60555 0.0688859 
-0.382372 0.447413 
-0.401457 0.434299 
-0.298983 0.492897 
-0.362576 0.459871 
-0.229159 0.518425 
-0.179443 0.530445 
0.45583 0.215567 
-0.127506 0.537765 
-0.0465485 0.538364 
-0.100819 0.539445 
-0.619636 0.0773434 
-0.526031 0.31206 
-0.566485 0.247931 
0.414671 0.248503 
-0.419861 0.420536 
-0.153741 0.534733 
0.36074 0.295468 
0.340409 0.31416 
0.433415 0.233204 
0.528563 0.157939 
0.399524 0.261276 
0.381522 0.276895 
0.548775 0.13954 
0.092028 0.504902 
0.00873987 0.530683 
0.0643087 0.515543 
-0.513789 0.327975 
0.240097 0.407877 
0.195279 0.444529 
0.566385 0.121517 
0.622618 0.0340566 
0.581413 0.103964 
-0.574951 0.231324 
0.633195 0.00156493 
0.615111 0.0509931 
0.639347 -0.0318621 
-0.276376 0.502317 
-0.470783 0.37577 
0.32048 0.332888 
-0.253096 0.510847 
-0.437567 0.406164 
-0.320885 0.482651 
-0.204604 0.52498 
0.479974 0.196984 
-0.342091 0.471624 
0.261064 0.389007 
0.281248 0.370171 
0.119095 0.492344 
0.171166 0.461708 
-0.0188462 0.535384 
-0.07399 0.539678 
0.505552 0.177008 
0.218161 0.426529 
0.0363969 0.524135 
0.300793 0.35161 
0.145528 0.477888 
0.594455 0.0863759 
ZONE T="boundary5"
-0.288104 -0.350072 
-0.266932 -0.359094 
-0.604088 -0.0584124 
-0.609949 -0.0385913 
-0.569019 -0.132931 
-0.544855 -0.167292 
-0.531279 -0.183681 
-0.617981 0.0023571 
-0.614588 -0.0183345 
0.543707 -0.319184 
0.510636 -0.351732 
0.498459 -0.361715 
-0.557377 -0.15048 
-0.597037 -0.0777698 
-0.176704 -0.392939 
-0.199736 -0.384958 
-0.222628 -0.376591 
-0.244852 -0.368037 
-0.309113 -0.340643 
-0.0550873 -0.427892 
-0.0803215 -0.421651 
-0.0297072 -0.43361 
-0.15306 -0.400683 
-0.104869 -0.415063 
-0.12927 -0.408018 
0.485871 -0.371138 
-0.470196 -0.242702 
-0.48618 -0.228993 
-0.453738 -0.255824 
-0.516965 -0.199359 
-0.501887 -0.214473 
-0.385235 -0.301444 
-0.366987 -0.3117 
-0.328904 -0.331279 
-0.588819 -0.0966551 
-0.420124 -0.279824 
-0.437133 -0.268121 
-0.402836 -0.290902 
0.622968 -0.172079 
0.631314 -0.142382 
0.472902 -0.380005 
0.459575 -0.388327 
0.446052 -0.396036 
-0.579462 -0.11506 
0.613409 -0.199311 
0.603728 -0.222878 
-0.620091 0.0233885 
0.408387 -0.414169 
0.432243 -0.40322 
-0.348502 -0.321483 
0.133894 -0.455679 
0.105475 -0.453829 
0.0498758 -0.447702 
0.0227237 -0.44357 
0.0771566 -0.451111 
-0.00356309 -0.438896 
0.254702 -0.452511 
0.286424 -0.448266 
0.193265 -0.456495 
0.163558 -0.456622 
0.522464 -0.341098 
0.533776 -0.329929 
0.640207 -0.0403379 
0.641023 -0.0743668 
0.553137 -0.308029 
0.593065 -0.245565 
0.570687 -0.284172 
0.562188 -0.296289 
0.582401 -0.265339 
0.637917 -0.108443 
0.635009 -0.125511 
0.639933 -0.091432 
0.641129 -0.0573462 
0.3515 -0.43405 
0.384139 -0.423625 
0.318689 -0.442215 
0.223631 -0.455184 
-0.277539 -0.354631 
-0.607172 -0.0485474 
-0.53817 -0.175572 
-0.616446 -0.00801524 
0.504603 -0.356792 
-0.612426 -0.0284992 
-0.600711 -0.0681453 
-0.188237 -0.388997 
-0.233758 -0.372361 
-0.255912 -0.363614 
-0.298632 -0.345409 
-0.0677203 -0.424836 
-0.117086 -0.411597 
-0.141181 -0.404403 
-0.0424125 -0.430819 
-0.47825 -0.23592 
-0.509506 -0.206996 
-0.376145 -0.306633 
-0.319033 -0.336012 
-0.428679 -0.274045 
-0.394073 -0.296237 
-0.563321 -0.141787 
-0.494104 -0.221809 
0.627403 -0.157304 
0.466282 -0.384233 
-0.574369 -0.124071 
-0.164899 -0.396862 
0.60871 -0.211152 
0.420398 -0.408875 
0.119677 -0.454866 
0.0362863 -0.445724 
0.0635045 -0.449499 
0.178412 -0.456697 
-0.584277 -0.105927 
-0.0166503 -0.436328 
-0.462025 -0.249337 
-0.551227 -0.158969 
-0.6192 0.0128564 
0.528186 -0.335581 
0.516611 -0.346484 
0.548484 -0.313659 
0.598545 -0.234292 
0.538801 -0.324611 
0.566505 -0.290278 
0.576696 -0.274851 
0.587876 -0.255529 
0.633256 -0.133967 
0.636568 -0.116995 
0.618384 -0.185763 
0.640597 -0.082907 
0.639036 -0.0999508 
0.641201 -0.0658573 
0.492216 -0.366495 
-0.411524 -0.285431 
0.367909 -0.429117 
-0.338731 -0.326436 
0.557729 -0.30221 
0.6408 -0.0488349 
0.396329 -0.419067 
-0.357774 -0.316647 
0.335158 -0.438387 
-0.2112 -0.380823 
-0.0926109 -0.418416 
0.148722 -0.45628 
0.00956624 -0.441312 
0.27059 -0.450585 
0.208455 -0.455994 
0.0913058 -0.452576 
0.302599 -0.445464 
-0.593071 -0.0872747 
-0.44549 -0.262045 
-0.524212 -0.191603 
0.479432 -0.375641 
0.439183 -0.399693 
0.45285 -0.392248 
0.239182 -0.454021 
