ZONE T="boundary0"
-4 -0.438909 
-4 -0.351193 
-4 -0.313151 
-4 0.19218 
-4 0.315268 
-4 0.792742 
-4 0.585485 
-4 0.408778 
-4 0.497131 
-4 0.238203 
-4 -0.275109 
-4 -0.0122521 
-4 -0.623052 
-4 -0.530981 
-4 -0.12451 
-4 -0.811526 
-4 -1 
-4 -0.237459 
-4 0.146157 
-4 0.276735 
-4 0.0669522 
-4 -0.199809 
-4 -0.162159 
-4 -0.0683809 
-4 1 
-4 -0.332172 
-4 0.689113 
-4 0.452954 
-4 -0.29413 
-4 -0.577016 
-4 -0.905763 
-4 -0.395051 
-4 -0.256284 
-4 0.169168 
-4 0.106554 
-4 0.02735 
-4 0.296002 
-4 0.362023 
-4 -0.180984 
-4 -0.0964453 
-4 -0.0403165 
-4 -0.717289 
-4 -0.484945 
-4 -0.218634 
-4 0.215191 
-4 0.257469 
-4 0.541308 
-4 0.896371 
-4 -0.143335 
ZONE T="boundary1"
-3.56784 1 
1.14147 1 
1.03318 1 
-0.728396 1 
0.810805 1 
0.696714 1 
1.53578 1 
1.39235 1 
-3.15621 1 
0.0108556 1 
-0.869412 1 
0.580866 1 
0.37435 1 
1.86883 1 
2.07901 1 
-2.77234 1 
1.70231 1 
2.28919 1 
2.87726 1 
3.319 1 
3.82975 1 
3.09813 1 
2.58323 1 
-0.500758 1 
0.0763953 1 
0.141935 1 
-0.588817 1 
0.329016 1 
0.283682 1 
0.212809 1 
-0.0541961 1 
-0.119248 1 
0.465017 1 
-0.4127 1 
-0.250797 1 
-0.331748 1 
-0.185022 1 
0.924896 1 
-0.96457 1 
-1.05973 1 
-1.16496 1 
-1.2702 1 
3.6595 1 
4 1 
3.48925 1 
-1.94444 1 
-1.45595 1 
-1.36307 1 
-3.78392 1 
1.26691 1 
-1.6417 1 
-2.54497 1 
-2.13102 1 
-4 1 
-2.43128 1 
-2.31759 1 
-2.2243 1 
1.08733 1 
0.75376 1 
1.46407 1 
-3.36203 1 
-0.798904 1 
1.97392 1 
-2.96427 1 
1.61905 1 
2.1841 1 
2.9877 1 
2.73025 1 
2.43621 1 
0.0436255 1 
-0.544787 1 
0.306349 1 
0.248245 1 
-0.086722 1 
0.177372 1 
0.109165 1 
0.419683 1 
-0.658607 1 
-0.291273 1 
-0.21791 1 
-0.456729 1 
0.867851 1 
0.979039 1 
-1.01215 1 
-1.11235 1 
-0.916991 1 
-1.21758 1 
0.63879 1 
3.74463 1 
3.91488 1 
-1.40951 1 
-3.67588 1 
-1.54883 1 
-2.65865 1 
1.78557 1 
-0.372224 1 
-0.152135 1 
0.351683 1 
-0.0216702 1 
3.20857 1 
0.522941 1 
-1.31664 1 
3.40413 1 
1.20419 1 
3.57438 1 
-3.89196 1 
1.32963 1 
-1.79307 1 
-2.37444 1 
-2.17766 1 
-2.48812 1 
-2.27095 1 
-2.03773 1 
ZONE T="boundary2"
4 -0.427558 
4 -0.151818 
4 0.0521732 
4 -0.0989701 
4 0.20522 
4 0.239375 
4 0.341842 
4 0.498944 
4 -0.583662 
4 -1 
4 0.874736 
4 -0.283951 
4 -0.257523 
4 -0.0233984 
4 -0.339674 
4 -0.310379 
4 -0.368968 
4 0.128696 
4 0.166958 
4 0.273531 
4 0.420393 
4 0.749472 
4 0.624208 
4 1 
4 -0.791831 
4 0.307686 
4 0.381117 
4 -0.204666 
4 0.222297 
4 -0.50561 
4 -0.270737 
4 -0.125394 
4 -0.0611843 
4 0.0143874 
4 -0.325026 
4 0.147827 
4 0.186089 
4 0.256453 
4 0.459668 
4 0.0904348 
4 0.561576 
4 0.68684 
4 0.937368 
4 0.812104 
4 -0.687746 
4 -0.895915 
4 0.324764 
4 -0.354321 
4 -0.231095 
4 -0.178242 
4 -0.297165 
4 -0.398263 
4 0.290609 
4 0.36148 
4 0.400755 
ZONE T="boundary3"
-3.75243 -1 
-3.50485 -1 
-0.1643 -1 
0.799615 -1 
-0.58828 -1 
-0.310519 -1 
-0.224494 -1 
1.03687 -1 
0.917539 -1 
1.64378 -1 
1.12742 -1 
3.00588 -1 
-4 -1 
-1.11955 -1 
-1.01331 -1 
1.31313 -1 
-0.492413 -1 
-2.91957 -1 
1.40828 -1 
-0.796777 -1 
2.41773 -1 
-2.54689 -1 
-2.38382 -1 
-2.70996 -1 
4 -1 
3.80072 -1 
-2.19294 -1 
-2.00206 -1 
-3.31701 -1 
-3.12918 -1 
3.60145 -1 
3.20289 -1 
-1.53405 -1 
2.80887 -1 
2.6133 -1 
0.368809 -1 
0.544235 -1 
0.637237 -1 
0.451234 -1 
0.000638787 -1 
0.0680145 -1 
0.210887 -1 
0.286385 -1 
-0.104107 -1 
-0.0517342 -1 
0.718426 -1 
1.21798 -1 
-0.396545 -1 
-0.692529 -1 
-0.905041 -1 
-1.22579 -1 
-1.37992 -1 
1.52603 -1 
1.82971 -1 
-1.76805 -1 
2.01564 -1 
2.21668 -1 
-1.45698 -1 
0.13539 -1 
-3.62864 -1 
-0.267506 -1 
0.977205 -1 
-3.87621 -1 
-1.06643 -1 
-0.540346 -1 
-2.46536 -1 
3.90036 -1 
-2.0975 -1 
-3.22309 -1 
3.40217 -1 
2.71109 -1 
3.10439 -1 
0.590736 -1 
0.497734 -1 
0.0343266 -1 
0.248636 -1 
0.327597 -1 
-0.0255477 -1 
-0.0779207 -1 
0.410021 -1 
-0.194397 -1 
0.75902 -1 
0.858577 -1 
0.677831 -1 
1.1727 -1 
1.08215 -1 
-0.744653 -1 
-0.640404 -1 
-0.444479 -1 
-0.353532 -1 
-0.959173 -1 
-0.850909 -1 
-1.17267 -1 
1.26555 -1 
1.46715 -1 
1.3607 -1 
1.5849 -1 
1.73674 -1 
-1.30285 -1 
1.92267 -1 
2.11616 -1 
-1.41845 -1 
-1.49552 -1 
-2.28838 -1 
-1.88506 -1 
-2.81477 -1 
-3.02437 -1 
2.51552 -1 
-1.65105 -1 
-2.62843 -1 
3.70109 -1 
2.31721 -1 
2.90738 -1 
-0.134204 -1 
0.101702 -1 
0.173139 -1 
-3.41093 -1 
ZONE T="boundary4"
-0.548123 0.278803 
0.62099 -0.00634368 
-0.321672 0.51785 
-0.3014 0.528723 
-0.536145 0.301981 
-0.594917 0.0540849 
0.556163 0.0974147 
-0.592455 0.13391 
-0.376522 0.482428 
-0.479157 0.385583 
-0.466457 0.400431 
-0.593015 0.034672 
-0.340634 0.506634 
-0.359161 0.494645 
-0.59583 0.0737767 
-0.28074 0.538668 
-0.595731 0.0936841 
-0.594606 0.113766 
-0.424724 0.442877 
-0.572854 0.217726 
-0.561478 0.248649 
-0.524984 0.321263 
0.23971 0.30611 
-0.502358 0.355464 
-0.491011 0.370724 
-0.513994 0.338582 
-0.439233 0.429106 
-0.40931 0.456501 
-0.393429 0.469549 
0.378 0.200227 
-0.236246 0.55636 
-0.258649 0.548077 
-0.212351 0.563816 
-0.163446 0.574636 
0.414203 0.183604 
0.437954 0.172866 
-0.453261 0.414827 
-0.589294 0.154062 
0.461513 0.161656 
-0.582219 0.186115 
0.574599 0.0774979 
0.332781 0.22447 
0.260164 0.283005 
0.306913 0.241792 
0.172125 0.405481 
0.187865 0.380397 
0.359485 0.209461 
0.204038 0.355138 
0.221255 0.330103 
0.396074 0.191787 
0.282205 0.261763 
0.0197919 0.55392 
-0.00512072 0.563698 
-0.0841155 0.578827 
-0.031381 0.571197 
-0.0576571 0.576153 
0.106716 0.492441 
0.0872081 0.510824 
0.0438035 0.541666 
0.156788 0.429145 
0.141401 0.451138 
0.124721 0.472457 
0.589605 0.057624 
0.60269 0.0361713 
0.530248 0.11984 
0.546318 0.106574 
0.627079 -0.0279099 
0.631437 -0.0500017 
0.613009 0.0148478 
0.487887 0.147706 
-0.188271 0.569894 
0.513465 0.131916 
-0.137233 0.57792 
-0.111207 0.579362 
0.066203 0.527309 
-0.311593 0.523397 
-0.542286 0.290471 
-0.472871 0.393062 
-0.349956 0.500733 
-0.595296 0.103733 
-0.593656 0.123852 
-0.567408 0.233278 
-0.59409 0.0443668 
-0.5955 0.0639255 
-0.291123 0.533811 
-0.49675 0.363143 
-0.508255 0.347078 
-0.432038 0.436055 
-0.485147 0.378204 
-0.401427 0.463097 
-0.417078 0.449759 
-0.367899 0.488619 
-0.331209 0.512339 
-0.385035 0.476069 
-0.247496 0.552358 
-0.224345 0.560251 
0.426091 0.178264 
-0.45992 0.407686 
-0.519572 0.329976 
-0.590997 0.144006 
0.44977 0.16735 
-0.530669 0.311683 
-0.446309 0.422029 
-0.269748 0.543506 
-0.577803 0.202001 
0.565632 0.0876954 
0.249726 0.294356 
0.18 0.392953 
0.212509 0.342525 
0.387017 0.195964 
0.270975 0.272147 
0.368708 0.204768 
0.405133 0.18768 
0.00744962 0.559111 
-0.0444625 0.573965 
0.0971498 0.501855 
0.164525 0.417374 
0.149209 0.440237 
0.115898 0.482632 
-0.586053 0.170155 
0.582343 0.0677471 
0.538396 0.11335 
0.596414 0.0470639 
0.551294 0.102054 
0.624257 -0.0170632 
0.474792 0.154867 
-0.20035 0.567026 
-0.17589 0.572454 
-0.555052 0.263839 
-0.150362 0.5765 
0.629474 -0.0389129 
-0.0976518 0.579362 
-0.0708559 0.577764 
0.195882 0.367727 
0.031943 0.548093 
0.0551679 0.534764 
0.294343 0.251486 
-0.124227 0.578873 
-0.0181626 0.56776 
0.133216 0.461941 
0.2303 0.317961 
0.0768879 0.51932 
0.61723 0.00434027 
0.608098 0.0256321 
-0.595908 0.0837316 
0.319676 0.232841 
0.346017 0.216731 
0.521948 0.126012 
0.500821 0.140061 
ZONE T="boundary5"
-0.504838 -0.170066 
-0.493262 -0.184486 
-0.569817 -0.0571241 
-0.576168 -0.039515 
-0.581695 -0.021528 
-0.562673 -0.0743568 
-0.586369 -0.00315947 
-0.52657 -0.13988 
-0.515923 -0.155251 
-0.362942 -0.305416 
-0.209633 -0.39419 
-0.228944 -0.384944 
-0.0814223 -0.444309 
-0.247344 -0.375681 
-0.265551 -0.366059 
0.464654 -0.429445 
0.440615 -0.441918 
-0.300069 -0.346474 
-0.28291 -0.35644 
-0.3164 -0.336536 
-0.104881 -0.436536 
-0.0577543 -0.451537 
-0.126982 -0.428654 
-0.148882 -0.420299 
-0.190129 -0.403054 
-0.169604 -0.411886 
-0.546048 -0.107844 
-0.590157 0.0155933 
-0.456868 -0.224707 
-0.444234 -0.237303 
-0.43148 -0.24943 
-0.593015 0.034672 
-0.481424 -0.198319 
-0.469203 -0.211798 
-0.347846 -0.316008 
-0.332521 -0.326255 
-0.418445 -0.261234 
-0.377341 -0.294801 
0.169752 -0.489627 
0.138557 -0.487869 
0.0479052 -0.476369 
0.107489 -0.484976 
0.0776045 -0.481154 
0.0203233 -0.471057 
0.28652 -0.484937 
0.312107 -0.481189 
0.259184 -0.487772 
0.33665 -0.476509 
-0.00705322 -0.464966 
-0.536612 -0.124103 
-0.0325093 -0.458573 
0.362686 -0.470265 
-0.391483 -0.283836 
0.416111 -0.452622 
0.388673 -0.462565 
0.488057 -0.415049 
0.51054 -0.398634 
0.5303 -0.381555 
0.548789 -0.362632 
0.581357 -0.318635 
0.565988 -0.341553 
0.55763 -0.352292 
0.635044 -0.117406 
0.63357 -0.139986 
0.605856 -0.26756 
0.589025 -0.305133 
0.61015 -0.25527 
-0.405106 -0.272711 
0.621438 -0.214405 
0.614016 -0.242834 
0.630976 -0.162719 
0.230145 -0.489564 
0.199933 -0.490188 
-0.554756 -0.0912342 
0.595962 -0.291255 
0.635279 -0.0948195 
0.634127 -0.0723483 
0.631437 -0.0500017 
0.627434 -0.185151 
0.624621 -0.199818 
-0.499109 -0.177324 
-0.573097 -0.0483571 
-0.579041 -0.0305548 
-0.566344 -0.0657817 
-0.219312 -0.389615 
-0.256472 -0.370916 
0.452743 -0.435891 
-0.274255 -0.361293 
-0.30826 -0.341547 
-0.0696107 -0.447993 
-0.137956 -0.424536 
-0.17989 -0.407523 
-0.450588 -0.231043 
-0.437893 -0.243405 
-0.47536 -0.205101 
-0.487395 -0.191447 
-0.355424 -0.310755 
-0.324488 -0.331439 
-0.424999 -0.255373 
-0.370172 -0.300151 
-0.199904 -0.39867 
-0.588381 0.00619343 
-0.115954 -0.432655 
0.154145 -0.488894 
-0.591707 0.025115 
0.123009 -0.486561 
0.0627343 -0.47888 
0.0340937 -0.473813 
0.272866 -0.486498 
-0.584146 -0.0123724 
-0.541416 -0.116023 
-0.0451554 -0.455135 
0.349707 -0.473551 
-0.0198032 -0.461852 
-0.384446 -0.289363 
0.402472 -0.457814 
-0.463076 -0.218292 
0.428448 -0.447466 
0.499467 -0.407073 
0.539749 -0.372294 
0.375733 -0.466594 
0.573944 -0.330277 
0.00661206 -0.468108 
0.299333 -0.483198 
0.553269 -0.357513 
0.324404 -0.478983 
-0.159266 -0.416146 
0.634452 -0.128706 
0.561871 -0.346971 
0.60806 -0.261435 
-0.510446 -0.162707 
0.585281 -0.311935 
-0.411812 -0.267016 
0.617931 -0.228675 
0.612133 -0.249068 
0.632403 -0.151368 
0.215042 -0.490029 
-0.291515 -0.351501 
-0.558809 -0.08284 
-0.238167 -0.380357 
-0.340211 -0.321173 
-0.39833 -0.278317 
-0.53167 -0.132042 
0.601153 -0.27951 
-0.521319 -0.147616 
0.635326 -0.106115 
0.634886 -0.0835747 
0.632983 -0.0611507 
0.592584 -0.29824 
-0.0931755 -0.440491 
0.629319 -0.173954 
0.184839 -0.490051 
0.244673 -0.488819 
0.0925295 -0.483189 
0.476492 -0.42247 
-0.550493 -0.0995864 
0.623076 -0.207122 
0.626074 -0.192494 
0.520594 -0.390297 
