ZONE T="boundary0"
-4 -0.387173 
-4 -0.332942 
-4 0.217155 
-4 0.176715 
-4 0.392675 
-4 0.257595 
-4 0.124374 
-4 0.346835 
-4 -0.223544 
-4 0.0720331 
-4 0.014238 
-4 -1 
-4 -0.043557 
-4 0.438515 
-4 0.530196 
-4 0.765098 
-4 0.647647 
-4 -0.476052 
-4 -0.564931 
-4 -0.278712 
-4 -0.105967 
-4 -0.168376 
-4 1 
-4 0.882549 
-4 -0.782466 
-4 -0.360058 
-4 0.196935 
-4 0.0431355 
-4 0.0982034 
-4 0.150544 
-4 -0.0146595 
-4 0.237375 
-4 0.302215 
-4 0.369755 
-4 0.484355 
-4 0.706372 
-4 -0.520492 
-4 -0.305827 
-4 -0.251128 
-4 -0.0747617 
-4 -0.137171 
-4 -0.19596 
-4 0.588921 
-4 0.941274 
-4 -0.673699 
-4 -0.891233 
-4 0.823823 
-4 -0.431613 
-4 0.415595 
ZONE T="boundary1"
-2.83068 1 
-3.04332 1 
-2.64602 1 
1.0564 1 
3.671 1 
1.25678 1 
1.15659 1 
0.35941 1 
0.421573 1 
-3.83378 1 
-3.66756 1 
0.228324 1 
-1.07209 1 
-3.53036 1 
3.12024 1 
3.34199 1 
3.5065 1 
-1.83954 1 
-2.01367 1 
1.85859 1 
-2.46135 1 
2.89849 1 
2.61053 1 
0.483735 1 
0.293867 1 
0.0286195 1 
0.162389 1 
0.0964539 1 
-0.0392148 1 
-0.115573 1 
-0.191931 1 
-0.857546 1 
0.608061 1 
-0.27933 1 
0.720242 1 
-0.482316 1 
-0.380823 1 
-0.773827 1 
-0.586212 1 
3.8355 1 
4 1 
-0.690107 1 
-4 1 
-0.964816 1 
0.944413 1 
1.35057 1 
0.776333 1 
-1.20603 1 
-1.33997 1 
1.57414 1 
1.44435 1 
1.70392 1 
-3.21824 1 
-3.39316 1 
2.16791 1 
2.01325 1 
2.32258 1 
-1.6654 1 
-1.42133 1 
-1.50269 1 
-1.58404 1 
-2.23751 1 
0.888418 1 
0.832423 1 
-2.937 1 
-2.73835 1 
1.20669 1 
0.390491 1 
-3.75067 1 
3.23112 1 
-1.9266 1 
-2.55368 1 
3.00937 1 
0.261096 1 
0.326638 1 
0.129422 1 
0.195357 1 
-0.153752 1 
0.452654 1 
0.545898 1 
-0.235631 1 
-0.431569 1 
-0.815687 1 
-0.534264 1 
3.91775 1 
-0.330076 1 
-3.91689 1 
-1.01845 1 
1.1065 1 
1.30367 1 
-1.273 1 
-0.63816 1 
1.50925 1 
3.42425 1 
3.58875 1 
3.75325 1 
-3.13078 1 
-3.3057 1 
2.09058 1 
2.24525 1 
1.78126 1 
1.93592 1 
-3.46176 1 
1.63903 1 
-1.46201 1 
-1.62472 1 
-2.12559 1 
2.75451 1 
2.46656 1 
-1.38065 1 
-1.54336 1 
-1.75247 1 
-3.59896 1 
-0.00529737 1 
0.0625367 1 
-0.0773939 1 
0.664152 1 
0.916416 1 
0.804378 1 
0.748287 1 
1.00041 1 
0.860421 1 
-0.731967 1 
1.39746 1 
-0.911181 1 
-2.34943 1 
-1.13906 1 
ZONE T="boundary2"
4 -0.352803 
4 -0.289441 
4 -0.415694 
4 -0.604367 
4 -0.478585 
4 -0.109915 
4 0.240997 
4 -0.802184 
4 -0.703275 
4 -0.231622 
4 -0.260532 
4 -0.162919 
4 -0.0569117 
4 0.320029 
4 0.413087 
4 0.467671 
4 0.281555 
4 0.143875 
4 0.200439 
4 0.0152001 
4 0.0873119 
4 0.663305 
4 0.565488 
4 1 
4 0.831653 
4 0.358503 
4 -1 
4 -0.321122 
4 -0.384249 
4 -0.541476 
4 -0.75273 
4 -0.274986 
4 -0.197271 
4 -0.0834134 
4 -0.136417 
4 -0.44714 
4 0.440379 
4 0.300792 
4 0.220718 
4 0.172157 
4 0.051256 
4 0.115594 
4 -0.0208558 
4 0.614397 
4 0.516579 
4 0.915826 
4 0.261276 
4 -0.246077 
4 0.339266 
4 0.385795 
4 -0.901092 
4 -0.653821 
4 0.747479 
ZONE T="boundary3"
-3.32914 -1 
-1.41442 -1 
-1.80491 -1 
-2.10646 -1 
3.18822 -1 
3.36674 -1 
-0.153677 -1 
1.25122 -1 
-0.597597 -1 
0.68154 -1 
1.78718 -1 
1.95449 -1 
-3.0827 -1 
-4 -1 
-3.66457 -1 
-2.83627 -1 
-3.49685 -1 
-1.51217 -1 
2.75537 -1 
-2.64455 -1 
-2.45284 -1 
2.3644 -1 
3.0097 -1 
0.00252297 -1 
-0.0371866 -1 
-0.392599 -1 
-0.495098 -1 
0.136168 -1 
-0.0768963 -1 
0.782529 -1 
0.0693457 -1 
0.254434 -1 
0.476626 -1 
-0.230458 -1 
-0.714598 -1 
-0.776066 -1 
-0.837535 -1 
-0.89928 -1 
0.3727 -1 
0.580552 -1 
0.896582 -1 
-0.961024 -1 
-0.311528 -1 
1.01063 -1 
1.13093 -1 
3.52506 -1 
3.68337 -1 
3.84169 -1 
-1.31667 -1 
-1.20059 -1 
-1.08451 -1 
-1.65854 -1 
1.45888 -1 
1.61986 -1 
2.50103 -1 
2.22776 -1 
-2.27965 -1 
4 -1 
-1.95569 -1 
3.27748 -1 
1.87083 -1 
-3.83228 -1 
-2.95949 -1 
-3.41299 -1 
-2.54869 -1 
-0.0173318 -1 
-0.0570417 -1 
-0.115287 -1 
0.0359342 -1 
0.195301 -1 
-0.546348 -1 
-0.443848 -1 
-0.192068 -1 
0.732034 -1 
-0.745332 -1 
-0.868407 -1 
-0.656097 -1 
0.313567 -1 
0.424663 -1 
0.528589 -1 
0.631046 -1 
3.4459 -1 
3.76253 -1 
-1.36555 -1 
3.60422 -1 
-1.14255 -1 
-1.4633 -1 
-1.73173 -1 
1.53937 -1 
1.19107 -1 
1.70352 -1 
1.07078 -1 
0.953608 -1 
0.839555 -1 
2.6282 -1 
2.88254 -1 
3.09896 -1 
-2.36624 -1 
2.43271 -1 
-2.74041 -1 
1.35505 -1 
2.09112 -1 
-2.19306 -1 
2.29608 -1 
0.102757 -1 
-0.270993 -1 
-0.352064 -1 
-1.02277 -1 
-0.806801 -1 
-0.930152 -1 
3.92084 -1 
-3.58071 -1 
-3.20592 -1 
-1.25863 -1 
-1.58536 -1 
ZONE T="boundary4"
-0.343235 0.343447 
0.28418 0.48554 
0.254639 0.49158 
-0.647879 -0.0266873 
0.22508 0.495896 
0.195725 0.498603 
-0.617252 0.0713746 
-0.642915 -0.00183437 
-0.459904 0.262276 
-0.605192 0.0950425 
-0.627587 0.0472753 
-0.636151 0.0228392 
-0.639753 0.0105464 
0.648546 0.0495731 
-0.576193 0.140785 
-0.56798 0.151868 
-0.591469 0.118213 
-0.555033 0.168167 
-0.112276 0.451096 
-0.541482 0.183967 
-0.52899 0.197608 
-0.414857 0.296936 
-0.391448 0.31311 
-0.437744 0.279976 
0.400185 0.441187 
0.371914 0.455554 
0.137515 0.499717 
0.166537 0.49984 
-0.367527 0.32861 
-0.268461 0.384458 
-0.243013 0.397016 
-0.138828 0.441548 
-0.217314 0.409026 
-0.191363 0.420476 
-0.165227 0.431315 
-0.0584514 0.468074 
-0.0036908 0.481901 
0.0240333 0.487499 
-0.0311905 0.475406 
-0.0854532 0.459963 
0.0520614 0.492156 
0.0802681 0.495787 
0.616715 0.154993 
-0.318591 0.357689 
-0.29365 0.371356 
0.594089 0.207754 
0.652914 -0.00291292 
0.652695 0.0101696 
0.427403 0.424594 
0.34302 0.467656 
0.313729 0.477603 
0.56896 0.260887 
0.581962 0.234211 
0.554583 0.287354 
0.49998 0.362367 
0.477627 0.384945 
0.538426 0.313259 
0.52029 0.338318 
0.108833 0.49834 
0.605791 0.181151 
-0.481419 0.243752 
0.643085 0.0759371 
0.639627 0.0891456 
0.63363 0.108973 
0.626871 0.128577 
0.651885 0.0232351 
0.453367 0.40576 
-0.516725 0.210291 
-0.504158 0.222673 
0.269454 0.488776 
0.210421 0.497437 
-0.611415 0.0833055 
-0.63208 0.0351296 
-0.641389 0.0043695 
-0.638006 0.0167081 
-0.572125 0.146355 
-0.583996 0.12961 
-0.561587 0.160081 
-0.548329 0.176128 
-0.403215 0.305115 
-0.426374 0.288556 
-0.448906 0.271229 
0.386186 0.448637 
0.152025 0.499942 
-0.379541 0.320944 
-0.25577 0.390804 
-0.355427 0.336106 
-0.125583 0.446405 
-0.20437 0.414822 
-0.230195 0.403089 
-0.178327 0.42597 
0.0101469 0.484816 
-0.0448493 0.471842 
-0.0988953 0.455619 
-0.535286 0.190833 
0.0661473 0.494104 
-0.645618 -0.0142185 
-0.306158 0.364592 
-0.28109 0.377974 
-0.330954 0.35064 
-0.071982 0.464114 
0.413957 0.433159 
0.328459 0.472875 
0.575571 0.247603 
-0.0174673 0.478762 
0.561949 0.274219 
0.489029 0.373882 
0.529583 0.325954 
0.546714 0.30044 
0.357576 0.461863 
0.123166 0.499181 
0.0945373 0.497207 
0.181139 0.499396 
0.038026 0.489953 
0.299018 0.481803 
0.599992 0.194474 
-0.470745 0.253111 
0.641409 0.0825549 
0.636734 0.099091 
0.621908 0.141828 
0.630335 0.118803 
0.652363 0.0167067 
0.650489 0.036438 
0.646056 0.0628042 
-0.598511 0.106733 
0.611328 0.168102 
0.65288 0.00362945 
0.510367 0.350541 
0.588081 0.221007 
-0.152059 0.43651 
0.465709 0.395601 
-0.510477 0.216519 
-0.622622 0.0594107 
-0.492887 0.233321 
0.23989 0.493941 
-0.522897 0.203989 
0.440576 0.415441 
ZONE T="boundary5"
0.556666 -0.207273 
0.536417 -0.224522 
-0.645767 -0.151416 
-0.632378 -0.200548 
-0.639968 -0.17609 
-0.651042 -0.0516418 
-0.647879 -0.0266873 
-0.649771 -0.126593 
-0.651101 -0.114146 
-0.651986 -0.101644 
-0.400384 -0.422854 
-0.428688 -0.413282 
-0.341406 -0.435381 
-0.371183 -0.430211 
-0.251554 -0.439219 
-0.281368 -0.439677 
-0.164221 -0.430314 
-0.222013 -0.437343 
-0.192849 -0.434292 
-0.107368 -0.420184 
-0.528068 -0.354626 
-0.548642 -0.335695 
0.647671 -0.0540745 
-0.623033 -0.224683 
-0.61193 -0.248435 
-0.599 -0.271615 
-0.135628 -0.425538 
-0.48153 -0.387748 
-0.505658 -0.372049 
-0.079136 -0.414356 
-0.455781 -0.401559 
-0.567347 -0.315431 
-0.311415 -0.438471 
0.00507065 -0.395391 
-0.0229931 -0.401861 
-0.584142 -0.294012 
0.202273 -0.351277 
0.145831 -0.363509 
0.575608 -0.188688 
-0.0510587 -0.408217 
0.0331152 -0.388896 
0.0612612 -0.382415 
0.367677 -0.310152 
0.340783 -0.318191 
0.174094 -0.357372 
0.258352 -0.338885 
0.286078 -0.332402 
0.117636 -0.369708 
0.0893871 -0.376023 
0.23037 -0.345146 
0.313645 -0.325534 
0.393906 -0.301368 
0.469268 -0.26853 
0.444938 -0.280643 
0.651523 -0.028748 
0.514989 -0.240517 
0.652914 -0.00291292 
0.608313 -0.147827 
0.592911 -0.168846 
-0.652409 -0.0766533 
0.641362 -0.0787802 
0.419758 -0.29156 
0.632652 -0.102698 
0.615215 -0.136942 
0.621604 -0.125746 
0.457187 -0.274756 
0.492503 -0.255241 
0.546684 -0.216068 
-0.636385 -0.188387 
-0.649683 -0.0391381 
-0.647989 -0.139042 
-0.651599 -0.107899 
-0.650491 -0.120376 
-0.414634 -0.418354 
-0.356344 -0.433065 
-0.266461 -0.439641 
-0.236777 -0.438446 
-0.538549 -0.345372 
-0.617685 -0.236655 
-0.60568 -0.260147 
-0.121488 -0.422928 
-0.49376 -0.380153 
-0.0932432 -0.417319 
-0.517045 -0.363572 
-0.468802 -0.394925 
-0.296404 -0.439296 
-0.178523 -0.432413 
-0.008959 -0.398634 
-0.59179 -0.282961 
0.566308 -0.198158 
-0.0370216 -0.405059 
0.0471884 -0.385647 
0.35426 -0.31427 
0.188186 -0.354325 
0.272226 -0.335684 
0.103511 -0.372852 
0.131734 -0.366596 
0.244368 -0.342041 
0.216326 -0.348223 
0.299878 -0.329027 
0.38083 -0.305878 
-0.575957 -0.30489 
0.327236 -0.32194 
0.525825 -0.232688 
0.652527 -0.0158474 
0.600842 -0.158507 
0.584461 -0.178944 
-0.652421 -0.0891542 
0.644824 -0.066506 
-0.651949 -0.064137 
-0.558199 -0.325753 
-0.32644 -0.437173 
-0.442358 -0.407702 
-0.20742 -0.435954 
0.0190937 -0.392142 
-0.149912 -0.428014 
0.0753236 -0.379207 
-0.0650905 -0.41132 
0.159964 -0.360433 
0.649909 -0.0414588 
-0.643084 -0.163806 
-0.627909 -0.212696 
0.611827 -0.142423 
0.637302 -0.0908469 
0.627407 -0.114356 
0.618475 -0.131383 
0.451083 -0.277741 
0.46325 -0.271686 
0.480982 -0.262058 
0.503856 -0.248052 
0.432415 -0.286259 
0.406884 -0.296604 
-0.385857 -0.426815 
