ZONE T="boundary0"
-4 -1 
-4 -0.37054 
-4 -0.427278 
-4 -0.12451 
-4 -0.15903 
-4 0.556809 
-4 -0.0209499 
-4 -0.812986 
-4 1 
-4 0.397068 
-4 0.778404 
-4 -0.526625 
-4 -0.625972 
-4 -0.313802 
-4 -0.0899898 
-4 0.0478653 
-4 -0.0554698 
-4 0.152145 
-4 0.327804 
-4 -0.342171 
-4 -0.275109 
-4 -0.236416 
-4 -0.197723 
-4 0.25854 
-4 0.293172 
-4 0.18761 
-4 0.223075 
-4 0.116681 
-4 -0.398909 
-4 -0.14177 
-4 -0.906493 
-4 0.667607 
-4 0.0134577 
-4 -0.0382099 
-4 0.476939 
-4 -0.576299 
-4 -0.476952 
-4 -0.719479 
-4 0.889202 
-4 -0.356355 
-4 -0.255762 
-4 -0.178376 
-4 -0.10725 
-4 -0.0727298 
-4 -0.327986 
-4 0.275856 
-4 0.362436 
-4 -0.294455 
-4 0.205343 
-4 0.134413 
-4 0.240808 
-4 0.310488 
-4 0.169878 
-4 0.0822729 
-4 -0.217069 
ZONE T="boundary1"
0.0121441 1 
0.820782 1 
-0.667513 1 
-0.774096 1 
-0.315279 1 
-0.374435 1 
0.430459 1 
-0.256123 1 
3.68853 1 
-0.882333 1 
-0.588817 1 
0.209978 1 
0.92673 1 
1.02901 1 
3.37707 1 
-2.31759 1 
-2.52568 1 
2.25581 1 
2.99193 1 
-2.77234 1 
-3.019 1 
-3.78392 1 
-3.56784 1 
2.46529 1 
2.1131 1 
2.83335 1 
-4 1 
-3.29342 1 
-0.116506 1 
0.13564 1 
0.0738923 1 
0.714834 1 
0.572647 1 
-0.51012 1 
0.284315 1 
0.357387 1 
-0.186315 1 
-0.052181 1 
-1.04547 1 
-0.963901 1 
1.13129 1 
1.25393 1 
1.53077 1 
1.37657 1 
-1.26564 1 
-1.15556 1 
1.68497 1 
-1.50403 1 
-1.38484 1 
4 1 
-3.43063 1 
-1.77937 1 
-2.1095 1 
1.97039 1 
-1.94444 1 
1.82768 1 
2.67477 1 
-1.6417 1 
-3.15621 1 
-0.720805 1 
-0.344857 1 
-0.828214 1 
-0.628165 1 
-2.42164 1 
3.1845 1 
-2.89567 1 
-3.67588 1 
2.91264 1 
-3.89196 1 
-0.285701 1 
0.172809 1 
0.0430182 1 
0.64374 1 
-0.442278 1 
0.104766 1 
0.501553 1 
0.320851 1 
-0.151411 1 
-0.0200184 1 
-0.549468 1 
-1.00469 1 
-0.221219 1 
1.08015 1 
0.97787 1 
0.767808 1 
0.873756 1 
1.19261 1 
1.45367 1 
1.31525 1 
-1.2106 1 
-0.923117 1 
1.60787 1 
-1.44443 1 
3.84427 1 
3.5328 1 
2.18445 1 
2.04174 1 
2.36055 1 
-2.21355 1 
-1.86191 1 
2.57003 1 
-2.64901 1 
-2.02697 1 
1.75632 1 
2.75406 1 
-1.71054 1 
-0.0843436 1 
0.247146 1 
0.393923 1 
-1.10051 1 
-3.0876 1 
-3.49924 1 
-1.32524 1 
-1.57287 1 
-3.22482 1 
-3.36203 1 
1.89903 1 
ZONE T="boundary2"
4 -0.563981 
4 -0.475365 
4 -0.374027 
4 -0.289507 
4 -0.424696 
4 -0.137013 
4 -0.219689 
4 0.352399 
4 0.593013 
4 0.278809 
4 0.20522 
4 0.125361 
4 0.404875 
4 -0.0790137 
4 -0.0210144 
4 0.0521732 
4 -0.826298 
4 -0.652597 
4 -1 
4 0.45735 
4 0.728675 
4 1 
4 -0.519673 
4 -0.331767 
4 -0.399362 
4 -0.254598 
4 0.16529 
4 -0.0500141 
4 0.0155794 
4 -0.739448 
4 -0.913149 
4 0.315604 
4 0.431112 
4 0.242014 
4 0.378637 
4 -0.178351 
4 0.0887671 
4 -0.108013 
4 0.660844 
4 -0.45003 
4 0.525181 
4 -0.608289 
4 0.864338 
ZONE T="boundary3"
-3.75243 -1 
-4 -1 
3.20454 -1 
-1.35252 -1 
-1.42291 -1 
0.273371 -1 
-0.129201 -1 
-0.06538 -1 
-0.311376 -1 
-0.220289 -1 
3.40341 -1 
3.60227 -1 
0.51256 -1 
-1.23488 -1 
1.81117 -1 
2.00971 -1 
-0.691059 -1 
-0.581858 -1 
0.978803 -1 
4 -1 
2.22011 -1 
2.4305 -1 
-3.12918 -1 
-3.31701 -1 
-2.13937 -1 
-2.42661 -1 
-1.79706 -1 
-1.64518 -1 
-2.57023 -1 
-2.92151 -1 
-2.71385 -1 
-0.903714 -1 
-0.797387 -1 
2.61536 -1 
2.80022 -1 
3.00238 -1 
-0.472658 -1 
0.204123 -1 
0.383367 -1 
0.624092 -1 
0.134874 -1 
0.0666576 -1 
-0.00155875 -1 
-0.392017 -1 
0.857213 -1 
0.735624 -1 
1.09579 -1 
1.21278 -1 
-1.01048 -1 
-1.11724 -1 
-1.4933 -1 
-3.50485 -1 
-1.96822 -1 
1.46755 -1 
1.61262 -1 
3.80114 -1 
1.34016 -1 
-3.87621 -1 
-1.38772 -1 
-0.0972907 -1 
-0.265832 -1 
3.50284 -1 
1.91044 -1 
-0.636459 -1 
2.3253 -1 
-3.22309 -1 
-2.28299 -1 
-1.72112 -1 
-2.81768 -1 
-0.85055 -1 
2.70779 -1 
0.328369 -1 
0.447964 -1 
0.568326 -1 
-0.527258 -1 
0.169498 -1 
-0.0334694 -1 
-0.174745 -1 
-0.432337 -1 
0.100766 -1 
0.0325494 -1 
-0.351696 -1 
1.15428 -1 
-0.957095 -1 
1.0373 -1 
0.918008 -1 
-1.45811 -1 
-0.744223 -1 
-1.2937 -1 
-1.06386 -1 
-1.17606 -1 
-3.62864 -1 
-3.41093 -1 
-1.56924 -1 
-3.02534 -1 
-2.0538 -1 
-1.88264 -1 
3.10346 -1 
3.30398 -1 
1.54009 -1 
1.71189 -1 
-2.64204 -1 
-2.49842 -1 
2.11491 -1 
3.7017 -1 
3.90057 -1 
2.52293 -1 
2.9013 -1 
0.238747 -1 
0.796419 -1 
1.27647 -1 
1.40386 -1 
0.679858 -1 
ZONE T="boundary4"
0.338631 0.386132 
0.350369 0.363044 
-0.187879 0.543084 
-0.212047 0.534796 
-0.235909 0.525626 
-0.60552 0.123368 
-0.615418 0.0438718 
-0.546778 0.265349 
-0.532703 0.287863 
-0.280217 0.505838 
-0.300811 0.495329 
-0.590026 0.174829 
-0.600343 0.143284 
-0.614621 0.0635628 
-0.60965 0.103395 
-0.612695 0.0834205 
-0.454747 0.38247 
-0.519832 0.306528 
-0.494239 0.339501 
-0.481795 0.353942 
-0.506207 0.324685 
-0.409477 0.423191 
-0.425253 0.409874 
-0.468503 0.368415 
-0.393272 0.436008 
-0.37615 0.448678 
-0.358616 0.460796 
-0.615083 0.024425 
-0.340021 0.472771 
-0.258236 0.51612 
-0.440223 0.3964 
-0.0506217 0.572249 
-0.0210768 0.574548 
-0.32103 0.484132 
-0.57746 0.20579 
0.311161 0.431714 
0.32531 0.409732 
0.256699 0.49308 
0.235516 0.509857 
0.294616 0.453813 
0.276519 0.474269 
0.48294 0.14782 
0.362092 0.338329 
0.373665 0.313243 
0.461041 0.171489 
0.100981 0.566625 
0.00905486 0.575333 
0.0400467 0.574383 
-0.0801894 0.568505 
0.130476 0.559593 
0.612846 -0.0525863 
0.608079 -0.032244 
0.211901 0.525295 
0.0705472 0.571547 
0.159078 0.550323 
0.502695 0.127434 
0.593567 0.00725856 
0.570828 0.0475806 
0.556794 0.0670473 
0.522191 0.107127 
0.60168 -0.0123613 
0.539985 0.087504 
0.583384 0.0271831 
-0.162045 0.550873 
-0.108161 0.563674 
-0.135961 0.557645 
-0.562993 0.235972 
0.38564 0.287769 
0.398277 0.262528 
0.186357 0.53884 
0.439856 0.196985 
0.417695 0.228613 
0.531184 0.0974007 
0.344594 0.374651 
-0.2 0.53905 
-0.224019 0.53032 
-0.539879 0.276691 
-0.290558 0.50067 
-0.595474 0.159151 
-0.611306 0.093429 
-0.615159 0.053724 
-0.607714 0.113409 
-0.526363 0.29726 
-0.488074 0.34677 
-0.500283 0.33214 
-0.417419 0.416595 
-0.475207 0.361231 
-0.384763 0.442412 
-0.367433 0.454807 
-0.615392 0.0341473 
-0.349368 0.46686 
-0.269272 0.511075 
-0.247114 0.52097 
-0.0358575 0.573582 
-0.51311 0.315672 
-0.432792 0.403195 
-0.447541 0.389492 
-0.401426 0.429663 
-0.330572 0.478529 
-0.583997 0.190412 
0.318401 0.42085 
0.246287 0.501712 
-0.603054 0.133358 
0.303092 0.442941 
0.285773 0.464245 
0.356286 0.350726 
0.36788 0.325797 
0.471889 0.159533 
0.0245659 0.575089 
-0.461681 0.375496 
0.610668 -0.0423637 
0.22388 0.517851 
0.0858138 0.569355 
0.144876 0.555252 
-0.310968 0.489816 
0.492803 0.1376 
0.563973 0.0574345 
0.597819 -0.00246659 
0.60508 -0.0222349 
0.548538 0.0773991 
0.332115 0.398036 
0.577303 0.0375081 
0.51249 0.11732 
-0.174998 0.547104 
-0.122089 0.560806 
-0.0941974 0.566241 
-0.0654224 0.570552 
0.266808 0.483906 
0.0553266 0.57321 
-0.570445 0.220985 
-0.555102 0.250779 
0.379599 0.300487 
0.39185 0.275098 
-0.149034 0.554387 
0.199279 0.532358 
0.428416 0.212509 
-0.613795 0.0735058 
0.588674 0.0173265 
0.115801 0.563389 
0.172843 0.54488 
0.535613 0.0924755 
0.526708 0.102283 
-0.00600908 0.575143 
0.450252 0.184041 
0.407651 0.245359 
ZONE T="boundary5"
-0.517663 -0.189155 
-0.504644 -0.201616 
-0.602692 -0.0498843 
-0.596939 -0.0674107 
-0.530195 -0.176055 
-0.61106 -0.0135128 
-0.542157 -0.162294 
-0.405814 -0.273208 
-0.420855 -0.264237 
-0.563954 -0.132879 
-0.573655 -0.117221 
0.572427 -0.272955 
0.583328 -0.251695 
-0.590174 -0.0844659 
-0.607407 -0.031912 
-0.582419 -0.101047 
0.56502 -0.285338 
-0.190421 -0.367061 
-0.211074 -0.359661 
-0.230867 -0.352345 
-0.288412 -0.3297 
-0.269539 -0.337372 
-0.250605 -0.34482 
-0.30646 -0.322099 
-0.0805626 -0.402231 
-0.0564475 -0.408887 
-0.103494 -0.395517 
-0.126299 -0.388494 
-0.169699 -0.374246 
-0.148049 -0.381493 
0.60167 -0.203596 
-0.449758 -0.245311 
-0.463858 -0.235171 
-0.553477 -0.147845 
-0.491314 -0.213388 
-0.477647 -0.2246 
-0.3585 -0.298322 
-0.324432 -0.314234 
-0.341518 -0.306436 
-0.390573 -0.281767 
-0.374611 -0.290229 
-0.43543 -0.254988 
0.556986 -0.297334 
-0.615083 0.024425 
0.608861 -0.176915 
0.250767 -0.444625 
0.0744452 -0.436527 
0.0467333 -0.431999 
0.104459 -0.440533 
0.298958 -0.439281 
0.274896 -0.442431 
0.322022 -0.435286 
-0.0321601 -0.415143 
-0.00655936 -0.421217 
0.346481 -0.429908 
0.0192446 -0.426765 
0.39674 -0.414608 
0.419875 -0.4053 
0.442661 -0.394447 
0.464976 -0.381912 
0.486591 -0.367603 
0.370911 -0.423241 
0.541235 -0.317591 
0.524 -0.336121 
0.61745 -0.0938698 
0.612997 -0.156366 
0.617403 -0.114685 
0.615897 -0.135473 
-0.613627 0.0052925 
0.612846 -0.0525863 
0.605502 -0.190319 
0.592768 -0.229379 
0.615954 -0.0731656 
0.195998 -0.446364 
0.223368 -0.446032 
0.16527 -0.445548 
0.134695 -0.443567 
0.505791 -0.35269 
-0.51122 -0.195454 
-0.599949 -0.0586893 
-0.524005 -0.182676 
-0.536262 -0.169248 
-0.413364 -0.268775 
-0.568917 -0.125118 
0.578088 -0.262431 
-0.593685 -0.0759875 
-0.605187 -0.0409322 
-0.609373 -0.0227384 
-0.578156 -0.109197 
-0.200757 -0.363387 
-0.220979 -0.356028 
-0.260081 -0.341122 
-0.278986 -0.333565 
-0.297447 -0.325929 
-0.0685215 -0.405608 
-0.11491 -0.392043 
-0.158885 -0.3779 
-0.456845 -0.240294 
-0.558819 -0.140433 
-0.498035 -0.207565 
-0.470794 -0.22994 
-0.315459 -0.318201 
-0.332989 -0.310371 
-0.350027 -0.30242 
-0.398219 -0.277536 
-0.382615 -0.286046 
-0.366575 -0.294318 
-0.428174 -0.259665 
-0.484529 -0.219053 
-0.547913 -0.155143 
-0.137186 -0.385026 
0.0605693 -0.434356 
0.286941 -0.440979 
0.26284 -0.443643 
-0.0193791 -0.418244 
0.334282 -0.432744 
0.00632352 -0.424061 
0.408376 -0.410126 
0.453929 -0.388374 
0.47592 -0.374962 
0.358738 -0.426734 
0.0894313 -0.438647 
0.532818 -0.327041 
-0.0920428 -0.398915 
0.54934 -0.307639 
0.56108 -0.291387 
-0.586421 -0.0928127 
-0.18007 -0.37068 
0.568802 -0.279193 
0.611078 -0.16667 
0.616826 -0.12509 
0.614613 -0.145942 
0.617614 -0.104276 
0.310509 -0.437405 
-0.612485 -0.00412786 
-0.240745 -0.348608 
0.603644 -0.196973 
0.59744 -0.216564 
0.614604 -0.0628425 
0.616899 -0.0835014 
-0.0443208 -0.412068 
0.209682 -0.446327 
0.237072 -0.445467 
0.38389 -0.41912 
0.180626 -0.446108 
0.119559 -0.442178 
0.149969 -0.444698 
0.0329678 -0.429467 
-0.442628 -0.250202 
-0.614497 0.0148494 
0.431356 -0.400057 
0.515063 -0.344588 
0.588238 -0.240618 
0.607242 -0.183634 
0.496332 -0.360327 
