ZONE T="boundary0"
-4 -1 
-4 -0.246621 
-4 -0.194763 
-4 -0.315686 
-4 -0.368501 
-4 -0.421316 
-4 -0.085988 
-4 0.220989 
-4 0.156415 
-4 0.349615 
-4 0.285563 
-4 -0.775879 
-4 -0.663818 
-4 0.486958 
-4 0.063672 
-4 -0.0290714 
-4 -0.142905 
-4 -0.551757 
-4 0.110044 
-4 0.706833 
-4 0.56025 
-4 1 
-4 0.413666 
-4 -0.220692 
-4 -0.394908 
-4 0.188702 
-4 0.317589 
-4 -0.719848 
-4 0.0173003 
-4 -0.281154 
-4 -0.486537 
-4 -0.342093 
-4 -0.887939 
-4 -0.607788 
-4 0.253276 
-4 0.0868578 
-4 0.523604 
-4 0.633541 
-4 0.853417 
-4 -0.168834 
-4 -0.0575297 
-4 -0.114446 
-4 0.38164 
-4 0.450312 
-4 0.13323 
ZONE T="boundary1"
1.58527 1 
1.12969 1 
1.02424 1 
-0.486179 1 
1.33294 1 
3.44928 1 
4 1 
3.63285 1 
0.319439 1 
-0.576821 1 
0.497438 1 
2.03589 1 
-1.04806 1 
-1.15662 1 
3.2657 1 
-1.78651 1 
-1.95128 1 
-2.11605 1 
-2.30043 1 
2.19397 1 
2.37751 1 
2.56106 1 
2.92866 1 
-3.14504 1 
-3.4302 1 
-3.57265 1 
-3.7151 1 
0.0279838 1 
-0.712634 1 
0.166789 1 
0.60016 1 
-0.0448511 1 
0.408439 1 
0.971513 1 
0.918786 1 
-0.246461 1 
-0.320999 1 
-0.182074 1 
-0.117686 1 
0.810834 1 
0.756858 1 
1.4591 1 
1.73154 1 
-0.395538 1 
-0.848447 1 
-0.948255 1 
-1.38719 1 
-1.50921 1 
-1.26518 1 
-4 1 
-2.85987 1 
-3.00246 1 
-2.4848 1 
-2.67234 1 
1.87781 1 
0.86481 1 
0.702882 1 
0.0973866 1 
0.243114 1 
1.07697 1 
3.81643 1 
-1.10234 1 
-1.8689 1 
3.35749 1 
-2.20824 1 
3.09718 1 
-3.28762 1 
-3.50143 1 
-3.64388 1 
-0.644727 1 
0.945149 1 
-0.28373 1 
0.548799 1 
-0.0812685 1 
1.23132 1 
0.783846 1 
1.52219 1 
1.65841 1 
-0.5315 1 
-0.440858 1 
-0.99816 1 
-1.4482 1 
-1.2109 1 
-1.64786 1 
3.54107 1 
-3.85755 1 
-2.03367 1 
-3.07375 1 
-2.93116 1 
2.28574 1 
2.74486 1 
2.46928 1 
-2.39261 1 
-2.57857 1 
1.95685 1 
1.80467 1 
2.11493 1 
0.837822 1 
0.891798 1 
0.132088 1 
0.0626852 1 
-0.214267 1 
-0.14988 1 
0.204952 1 
-0.00843361 1 
0.997877 1 
-0.358269 1 
0.281277 1 
0.363939 1 
0.452939 1 
0.651521 1 
-0.898351 1 
-0.780541 1 
1.39602 1 
-1.32618 1 
-2.7661 1 
0.72987 1 
ZONE T="boundary2"
4 -0.31705 
4 -0.162687 
4 -0.227275 
4 0.276236 
4 0.209221 
4 0.361032 
4 0.151097 
4 0.479699 
4 0.589236 
4 1 
4 0.698774 
4 0.849387 
4 -0.631962 
4 -0.442818 
4 -0.53739 
4 -1 
4 -0.815981 
4 -0.110691 
4 -0.058696 
4 0.0171378 
4 -0.379934 
4 0.0929717 
4 -0.194981 
4 -0.272162 
4 0.242729 
4 0.180159 
4 0.420365 
4 0.924694 
4 -0.490104 
4 -0.723972 
4 -0.0846937 
4 -0.0207791 
4 -0.348492 
4 0.318634 
4 0.0550547 
4 0.644005 
4 0.122034 
4 0.534467 
4 -0.411376 
4 -0.584676 
4 -0.907991 
4 0.774081 
4 -0.136689 
ZONE T="boundary3"
-3.64752 -1 
-4 -1 
-1.88733 -1 
-1.03383 -1 
-1.55641 -1 
-1.31895 -1 
-0.274539 -1 
-0.344599 -1 
-0.954307 -1 
-0.85058 -1 
0.580348 -1 
0.426989 -1 
0.306421 -1 
0.348847 -1 
-1.72187 -1 
1.60385 -1 
-3.29505 -1 
-2.95728 -1 
-2.29041 -1 
2.34397 -1 
1.75527 -1 
2.04962 -1 
3.18116 -1 
2.79302 -1 
3.38587 -1 
3.59058 -1 
4 -1 
2.56849 -1 
0.00195446 -1 
0.179142 -1 
0.263995 -1 
0.0663709 -1 
-0.062462 -1 
0.810901 -1 
0.733234 -1 
0.88522 -1 
-0.502251 -1 
-0.551298 -1 
0.122757 -1 
-0.13347 -1 
0.50513 -1 
0.655567 -1 
-0.204479 -1 
-0.77451 -1 
-0.600346 -1 
-0.698441 -1 
0.959538 -1 
1.10818 -1 
1.03386 -1 
1.19424 -1 
-1.21615 -1 
-1.11335 -1 
-3.12616 -1 
-2.65628 -1 
1.36636 -1 
1.45242 -1 
1.2803 -1 
2.19679 -1 
-2.47334 -1 
-2.80678 -1 
-0.423425 -1 
-2.08887 -1 
-3.82376 -1 
-1.43768 -1 
-0.309569 -1 
-0.902444 -1 
-0.994067 -1 
0.327634 -1 
-1.63914 -1 
-3.47128 -1 
1.90244 -1 
2.98709 -1 
3.48823 -1 
3.79529 -1 
2.45623 -1 
2.68075 -1 
0.387918 -1 
0.221568 -1 
0.772068 -1 
-0.526774 -1 
0.0945637 -1 
0.150949 -1 
0.285208 -1 
0.0341627 -1 
-0.736476 -1 
1.07102 -1 
1.15121 -1 
-1.16475 -1 
-3.2106 -1 
1.40939 -1 
1.23727 -1 
1.67956 -1 
3.28352 -1 
1.52813 -1 
-2.56481 -1 
2.27038 -1 
-2.38187 -1 
2.1232 -1 
-1.07359 -1 
-2.88203 -1 
-1.8046 -1 
-2.73153 -1 
0.466059 -1 
0.617957 -1 
0.542739 -1 
-0.0979661 -1 
-0.0302537 -1 
-0.168974 -1 
0.6944 -1 
-0.462838 -1 
-0.649393 -1 
-0.575822 -1 
-0.239509 -1 
0.922379 -1 
0.848061 -1 
-0.812545 -1 
-0.384012 -1 
0.996697 -1 
-1.26755 -1 
-1.9881 -1 
-2.18964 -1 
-3.04172 -1 
1.32333 -1 
ZONE T="boundary4"
0.556127 0.197526 
0.502598 0.377848 
0.502257 0.0776773 
-0.571768 -0.00811704 
-0.206943 0.360702 
-0.191323 0.368377 
0.525457 0.349505 
0.514596 0.36417 
-0.574969 -0.0251371 
-0.567694 0.00870668 
0.512082 0.090868 
-0.175599 0.375856 
-0.449728 0.195633 
-0.429981 0.213859 
-0.284525 0.318695 
-0.144278 0.390021 
-0.127154 0.39735 
0.548429 0.164747 
0.552862 0.181181 
-0.577291 -0.0423088 
-0.562767 0.0252723 
-0.557033 0.0414816 
-0.550527 0.0573146 
-0.538667 0.0817035 
-0.470677 0.174537 
-0.483076 0.160934 
-0.494975 0.146883 
0.491447 0.388832 
-0.510638 0.126481 
0.535202 0.333599 
-0.390956 0.246518 
-0.371892 0.261138 
-0.409636 0.231368 
-0.336063 0.286433 
-0.354133 0.274016 
-0.300842 0.308925 
0.480181 0.0524587 
-0.318567 0.297864 
-0.268052 0.328198 
-0.252938 0.336623 
-0.237711 0.344847 
-0.22238 0.352871 
-0.159991 0.383037 
-0.109905 0.404433 
-0.525282 0.104769 
-0.0690034 0.420007 
0.521019 0.104424 
0.558295 0.213904 
0.559404 0.231652 
0.543437 0.316859 
0.491701 0.0649903 
0.400184 0.444766 
0.411822 0.439904 
0.454769 0.41702 
0.468109 0.0404274 
0.467437 0.408407 
0.479604 0.39909 
0.142402 0.470818 
0.172268 0.473587 
0.203077 0.475147 
0.297659 0.470613 
0.265654 0.473864 
0.529099 0.118428 
0.388382 0.449215 
0.434964 0.428646 
0.359031 0.458419 
0.328147 0.465626 
0.536479 0.133291 
-0.518135 0.115743 
0.542837 0.148465 
0.559177 0.249286 
0.552159 0.292391 
0.548212 0.304773 
-0.0895409 0.412404 
-0.0455673 0.428137 
-0.0219092 0.435744 
0.00363955 0.443267 
0.0294318 0.450116 
0.0843163 0.462118 
0.0567536 0.456535 
0.113252 0.466984 
0.233981 0.475299 
0.557554 0.266477 
-0.199145 0.364564 
0.520182 0.356953 
-0.573479 -0.0166063 
-0.43994 0.204839 
-0.135729 0.393716 
0.550783 0.172927 
0.508734 0.37113 
-0.57624 -0.033708 
-0.560002 0.0334132 
-0.553878 0.0494383 
-0.565337 0.0170211 
-0.544828 0.0696215 
-0.476936 0.16779 
-0.489092 0.153965 
-0.502955 0.136796 
-0.381475 0.253894 
-0.400347 0.239005 
-0.345136 0.28028 
-0.363054 0.267634 
-0.292704 0.313844 
-0.309732 0.303439 
-0.260509 0.332436 
0.507262 0.0842039 
-0.230058 0.348883 
-0.183473 0.372142 
-0.245338 0.34076 
-0.214674 0.356811 
-0.276307 0.323479 
-0.118543 0.400924 
-0.532178 0.0933541 
-0.152146 0.386554 
-0.167807 0.379472 
-0.460333 0.185215 
0.557346 0.205697 
-0.569839 0.000321157 
0.539517 0.325326 
0.53051 0.341663 
0.497113 0.383432 
0.497061 0.0712659 
0.406024 0.442388 
0.474205 0.0463827 
0.486015 0.0586567 
0.461163 0.412801 
0.485606 0.394053 
0.157321 0.472352 
0.187664 0.474536 
0.28168 0.472475 
0.423504 0.434503 
0.312942 0.468359 
-0.51443 0.121141 
0.525165 0.111365 
0.532908 0.125801 
0.473588 0.403837 
0.51665 0.0975803 
0.545771 0.156559 
0.53978 0.140827 
0.554629 0.189327 
0.559011 0.222768 
0.559463 0.240471 
0.55029 0.298619 
-0.0792902 0.416254 
-0.0997413 0.408465 
-0.057308 0.424137 
-0.327346 0.292196 
-0.419878 0.222695 
-0.0337604 0.43201 
0.444978 0.423024 
-0.00915944 0.439589 
0.0165122 0.44678 
0.0430684 0.453429 
0.098763 0.464677 
0.127809 0.469035 
0.343654 0.462299 
0.0705128 0.459436 
0.218528 0.475406 
0.249827 0.474791 
0.558547 0.257899 
0.545928 0.310853 
0.555304 0.279527 
0.394303 0.447041 
0.373796 0.454102 
-0.521753 0.110286 
ZONE T="boundary5"
-0.56536 -0.180706 
-0.569662 -0.163433 
-0.508884 -0.311359 
-0.49941 -0.326398 
0.394462 -0.32806 
0.376248 -0.302079 
-0.579301 -0.0767666 
-0.57902 -0.0940957 
-0.526277 -0.280446 
-0.534219 -0.264438 
-0.548421 -0.231598 
-0.560367 -0.197794 
-0.577898 -0.111446 
-0.575947 -0.128835 
-0.573205 -0.1461 
0.415002 -0.362055 
-0.432379 -0.411064 
-0.457119 -0.383311 
-0.088314 -0.611361 
-0.116744 -0.602797 
-0.196255 -0.573129 
-0.144849 -0.593315 
-0.170729 -0.583634 
-0.219794 -0.562536 
-0.242955 -0.551199 
-0.0264391 -0.626667 
0.0402722 -0.638283 
0.0747896 -0.642282 
-0.0575201 -0.619534 
0.00679912 -0.633084 
-0.405215 -0.438113 
-0.390411 -0.451586 
-0.479251 -0.355309 
-0.304826 -0.515863 
-0.26436 -0.539852 
-0.358796 -0.477804 
-0.374809 -0.464933 
-0.323877 -0.503291 
-0.341542 -0.490815 
-0.577291 -0.0423088 
0.428628 -0.393229 
0.110084 -0.644855 
0.145703 -0.64575 
0.422586 -0.37783 
0.215559 -0.641585 
0.433102 -0.492426 
0.351794 -0.596722 
-0.578727 -0.0594768 
0.339965 -0.603742 
0.394766 -0.561013 
0.363107 -0.589085 
0.336061 -0.239502 
0.325833 -0.215027 
0.357853 -0.275959 
0.384715 -0.57126 
0.373901 -0.580789 
0.406049 -0.34618 
0.413417 -0.00731423 
0.385709 -0.0318794 
0.423806 -0.517709 
0.417764 -0.529418 
0.403181 -0.551081 
0.41085 -0.540573 
0.436343 -0.423057 
0.433231 -0.408458 
0.438068 -0.464852 
0.438149 -0.437428 
0.436179 -0.478868 
0.438694 -0.451307 
0.468109 0.0404274 
0.32773 -0.610124 
0.321057 -0.134428 
0.335743 -0.0947004 
0.317674 -0.16157 
-0.28537 -0.527834 
0.24778 -0.63637 
0.319409 -0.188915 
0.18122 -0.644717 
0.358712 -0.0604884 
0.455024 0.0283025 
0.44161 0.0165394 
0.303587 -0.620546 
0.277154 -0.629279 
-0.5676 -0.172093 
-0.504207 -0.318917 
0.385451 -0.315 
-0.579266 -0.0854328 
-0.541601 -0.248139 
-0.578563 -0.102777 
-0.574672 -0.137483 
-0.571527 -0.154785 
-0.444955 -0.397371 
-0.102564 -0.607194 
-0.157828 -0.588578 
-0.183535 -0.578486 
-0.231421 -0.556963 
0.0575107 -0.640457 
-0.0420097 -0.623231 
-0.0729519 -0.615578 
-0.00984904 -0.630025 
-0.397864 -0.444905 
-0.468392 -0.369473 
-0.253702 -0.54561 
-0.366852 -0.471429 
-0.332758 -0.497121 
-0.314402 -0.509653 
-0.382662 -0.458319 
-0.35022 -0.484378 
-0.577024 -0.120152 
0.0924224 -0.643767 
0.127888 -0.645528 
0.418933 -0.369875 
-0.578117 -0.0508837 
0.345929 -0.600316 
0.357507 -0.592988 
-0.517842 -0.29605 
0.330521 -0.227442 
0.366965 -0.28908 
0.379393 -0.576121 
0.389837 -0.56623 
0.400369 -0.337047 
0.399399 -0.0194117 
0.420902 -0.523624 
0.399062 -0.556121 
0.407113 -0.545898 
0.414415 -0.535062 
-0.418999 -0.424791 
0.36857 -0.585023 
0.434941 -0.415725 
0.425756 -0.385471 
0.431087 -0.400796 
0.434791 -0.485681 
0.437281 -0.471882 
0.43857 -0.444362 
0.438525 -0.458086 
0.410644 -0.354051 
0.437401 -0.430223 
0.33389 -0.607015 
0.32707 -0.114072 
-0.530319 -0.272477 
0.428988 -0.505264 
-0.208066 -0.567926 
0.318729 -0.14792 
-0.295145 -0.521925 
-0.274914 -0.533928 
-0.130836 -0.598173 
0.34635 -0.258093 
0.322071 -0.202106 
0.317905 -0.175283 
0.0235114 -0.635839 
0.163469 -0.645491 
0.198415 -0.643433 
0.346355 -0.0770063 
-0.579122 -0.0681181 
0.448349 0.0223843 
0.427532 0.00459043 
0.315779 -0.615612 
0.290463 -0.625193 
0.262538 -0.633117 
0.231718 -0.639273 
-0.562948 -0.189273 
-0.554693 -0.214802 
0.461616 0.0343114 
-0.489551 -0.341007 
0.371759 -0.0457586 
