ZONE T="boundary0"
-4 -0.29611 
-4 -0.222324 
-4 0.336194 
-4 -0.148538 
-4 -0.0491341 
-4 0.0915339 
-4 -1 
-4 -0.834637 
-4 1 
-4 -0.3556 
-4 -0.415091 
-4 -0.542182 
-4 0.202122 
-4 0.406568 
-4 0.509 
-4 0.457784 
-4 0.805716 
-4 0.301007 
-4 0.26582 
-4 0.138423 
-4 0.233971 
-4 0.0446446 
-4 0.611432 
-4 0.708574 
-4 -0.669273 
-4 -0.259217 
-4 -0.185431 
-4 -0.385345 
-4 -0.478636 
-4 0.371381 
-4 0.432176 
-4 0.902858 
-4 -0.0988363 
-4 -0.325855 
-4 0.318601 
-4 0.283414 
-4 0.170273 
-4 0.249896 
-4 0.218046 
-4 0.0680893 
-4 0.114979 
-4 0.483392 
-4 -0.00224476 
-4 0.560216 
-4 0.757145 
-4 0.660003 
-4 -0.605728 
-4 -0.917318 
-4 -0.751955 
ZONE T="boundary1"
-2.66762 1 
-2.46418 1 
-1.38529 1 
-0.522316 1 
-0.751441 1 
-0.870402 1 
1.19245 1 
1.11986 1 
2.69456 1 
0.313727 1 
3.43856 1 
-0.98661 1 
-1.8199 1 
2.54679 1 
-1.98865 1 
-2.15739 1 
3.04835 1 
2.39901 1 
2.22387 1 
-2.87106 1 
1.67007 1 
2.04873 1 
1.38096 1 
-3.629 1 
-4 1 
3.24345 1 
-0.191836 1 
0.690157 1 
0.588244 1 
0.486331 1 
0.400029 1 
0.111123 1 
0.0540458 1 
-0.301994 1 
-0.412153 1 
0.168199 1 
-0.00303083 1 
-0.0601075 1 
-0.246915 1 
0.240963 1 
-0.125972 1 
1.04726 1 
0.832409 1 
-0.63248 1 
0.939833 1 
-1.31467 1 
-1.10282 1 
-1.17344 1 
1.28671 1 
1.52551 1 
4 1 
-1.48434 1 
-1.58338 1 
-3.06453 1 
-3.4435 1 
-3.258 1 
3.71928 1 
-1.24406 1 
-2.5659 1 
-0.810922 1 
1.15615 1 
-0.928506 1 
-2.07302 1 
2.87145 1 
2.31144 1 
1.8594 1 
-3.8145 1 
3.1459 1 
0.639201 1 
0.356878 1 
0.0825842 1 
-0.357073 1 
-0.0315692 1 
-0.158904 1 
-0.274455 1 
0.761283 1 
-0.577398 1 
-0.467235 1 
0.537288 1 
-1.34998 1 
-1.04471 1 
-0.0930396 1 
-0.691961 1 
1.08356 1 
1.23958 1 
1.33383 1 
0.993545 1 
0.44318 1 
1.59779 1 
-1.53386 1 
-1.90427 1 
1.45324 1 
-1.70164 1 
-2.31079 1 
-2.96779 1 
-2.76934 1 
2.62067 1 
2.4729 1 
2.1363 1 
-3.53625 1 
-3.16126 1 
3.34101 1 
3.85964 1 
0.0255075 1 
0.886121 1 
-0.219375 1 
0.204581 1 
0.277345 1 
0.139661 1 
-1.43481 1 
-3.35075 1 
-1.20875 1 
-1.13813 1 
-1.27936 1 
3.57892 1 
ZONE T="boundary2"
4 -0.72413 
4 -0.862065 
4 -0.354431 
4 -0.435829 
4 -0.517228 
4 -0.258164 
4 -0.282231 
4 0.247624 
4 0.270814 
4 0.224434 
4 0.178054 
4 0.298866 
4 0.530274 
4 0.621423 
4 0.439126 
4 0.810711 
4 -0.0609402 
4 0.0115508 
4 -1 
4 0.326918 
4 0.383022 
4 0.131675 
4 0.0716127 
4 -0.133431 
4 -0.306297 
4 -0.195798 
4 -0.620679 
4 1 
4 -0.226981 
4 -0.793098 
4 -0.39513 
4 -0.476529 
4 -0.270198 
4 0.259219 
4 0.201244 
4 0.575849 
4 0.4847 
4 -0.0246947 
4 -0.931033 
4 0.312892 
4 0.236029 
4 0.35497 
4 0.28484 
4 0.411074 
4 0.154864 
4 -0.0971857 
4 -0.164614 
4 -0.568954 
4 0.0415817 
4 0.905356 
4 0.716067 
4 -0.330364 
4 -0.294264 
4 -0.211389 
4 -0.242573 
4 0.101644 
4 -0.672405 
ZONE T="boundary3"
-0.323848 -1 
-0.39383 -1 
-0.0692283 -1 
0.494688 -1 
0.582917 -1 
-1.28108 -1 
-1.39513 -1 
0.677634 -1 
0.869106 -1 
0.772351 -1 
3.61135 -1 
-3.06495 -1 
1.28486 -1 
3.34224 -1 
2.47504 -1 
-2.65859 -1 
2.32568 -1 
-1.04144 -1 
-1.10135 -1 
-2.20489 -1 
-2.03255 -1 
-3.20758 -1 
-4 -1 
-3.6751 -1 
-1.8602 -1 
3.07313 -1 
-1.50918 -1 
3.80568 -1 
4 -1 
2.84876 -1 
-0.132373 -1 
-0.00608321 -1 
0.257015 -1 
-0.253866 -1 
-0.19312 -1 
0.331737 -1 
0.406459 -1 
0.124214 -1 
0.190614 -1 
0.0590652 -1 
-0.745706 -1 
-0.565636 -1 
-0.479733 -1 
0.965861 -1 
1.07256 -1 
1.17926 -1 
1.39046 -1 
1.5437 -1 
-1.16126 -1 
-1.68469 -1 
-3.3502 -1 
1.86196 -1 
2.02697 -1 
2.62439 -1 
-2.43174 -1 
1.69694 -1 
2.17633 -1 
-3.51265 -1 
-0.81964 -1 
-0.893573 -1 
-0.967507 -1 
-0.358839 -1 
0.538803 -1 
-1.3381 -1 
0.630276 -1 
0.820729 -1 
3.4768 -1 
-2.86177 -1 
-1.07139 -1 
-2.11872 -1 
-3.13626 -1 
-3.83755 -1 
3.90284 -1 
-0.223493 -1 
-0.162747 -1 
0.026491 -1 
0.157414 -1 
-0.100801 -1 
-0.0376557 -1 
-0.288857 -1 
0.369098 -1 
0.724993 -1 
-0.655671 -1 
-0.522685 -1 
0.917483 -1 
1.01921 -1 
1.12591 -1 
1.33766 -1 
1.46708 -1 
1.23206 -1 
0.450573 -1 
-1.22117 -1 
-1.59694 -1 
3.20769 -1 
-1.77245 -1 
-3.27889 -1 
2.96094 -1 
2.73657 -1 
1.77945 -1 
-2.54516 -1 
1.94447 -1 
2.54971 -1 
2.40036 -1 
-2.31831 -1 
-3.59388 -1 
-1.94637 -1 
2.251 -1 
2.10165 -1 
0.223814 -1 
0.0916394 -1 
-0.856606 -1 
-0.782673 -1 
-0.436782 -1 
0.294376 -1 
-1.1313 -1 
-1.00447 -1 
1.62032 -1 
-1.45216 -1 
-3.43143 -1 
3.70852 -1 
-0.93054 -1 
ZONE T="boundary4"
-0.612583 0.0390419 
-0.116374 0.403207 
-0.139482 0.396459 
-0.61689 0.018762 
-0.619882 -0.00168079 
0.610821 0.199612 
-0.579645 0.121475 
-0.562783 0.148206 
-0.553137 0.161417 
-0.571554 0.134978 
-0.206187 0.374903 
-0.184381 0.382287 
-0.37941 0.301727 
-0.361931 0.310723 
-0.492234 0.225426 
-0.477245 0.237958 
-0.621585 -0.0222278 
0.636549 0.0735177 
0.636073 0.0552432 
0.554095 0.302564 
0.544425 0.314114 
-0.606961 0.0590413 
-0.60004 0.0786657 
-0.593926 0.0932835 
0.490849 0.363 
0.467982 0.378474 
0.564133 0.28928 
-0.587091 0.107614 
-0.542931 0.17418 
-0.531897 0.186842 
0.573505 0.275423 
0.580927 0.263241 
0.534201 0.325218 
0.62604 0.151654 
-0.162472 0.389375 
-0.519924 0.199491 
-0.461829 0.249945 
-0.506314 0.212746 
-0.446077 0.261335 
-0.429963 0.272165 
-0.413464 0.282484 
-0.343756 0.31956 
-0.325429 0.328013 
-0.306513 0.336317 
-0.39668 0.292282 
-0.227034 0.367533 
-0.267686 0.352233 
-0.287483 0.344293 
-0.24779 0.359881 
-0.0416154 0.422333 
-0.0675319 0.416189 
-0.0155396 0.427962 
-0.0920201 0.409903 
0.619737 0.173891 
0.587924 0.250608 
0.631467 0.0193124 
0.63439 0.0372083 
0.60055 0.22455 
0.635841 0.0919209 
0.443364 0.392588 
0.417453 0.40509 
0.0398295 0.437944 
0.0688205 0.442029 
0.391035 0.41574 
0.523632 0.335683 
0.51259 0.345674 
0.127628 0.447683 
0.157399 0.449095 
0.216743 0.448692 
0.187053 0.449454 
0.275756 0.443499 
0.334506 0.432696 
0.362854 0.425099 
0.305118 0.438872 
0.246223 0.446743 
0.0979759 0.445289 
0.633992 0.110397 
0.631037 0.128992 
0.0120581 0.433283 
-0.127941 0.399876 
-0.618548 0.00856347 
-0.558034 0.154866 
-0.567243 0.141641 
-0.195296 0.378632 
-0.370696 0.306277 
-0.484796 0.23176 
-0.620893 -0.0119418 
0.636461 0.0643754 
0.549328 0.308396 
-0.6149 0.0289358 
-0.60366 0.0689091 
-0.597073 0.0860117 
0.479562 0.370952 
0.559201 0.295988 
-0.58345 0.114588 
-0.590596 0.10049 
-0.53748 0.180568 
0.577281 0.269372 
-0.575678 0.128273 
-0.173438 0.385868 
-0.525975 0.193227 
-0.469589 0.244019 
-0.499333 0.219152 
-0.421754 0.277391 
-0.438065 0.266818 
-0.454002 0.255708 
-0.334612 0.323831 
-0.315989 0.332207 
-0.405107 0.287444 
-0.216623 0.371253 
-0.277599 0.3483 
-0.237425 0.363743 
-0.0545899 0.419324 
-0.0285935 0.425215 
-0.104212 0.406605 
-0.513187 0.206188 
-0.257751 0.356092 
-0.0797907 0.413099 
-0.352867 0.315191 
0.615469 0.186817 
0.633085 0.0282335 
0.594456 0.237686 
0.63634 0.082724 
0.455802 0.385756 
0.054309 0.440087 
0.404328 0.410625 
0.539378 0.319726 
0.518167 0.34074 
0.528976 0.33051 
0.142506 0.448516 
0.2019 0.449218 
0.348733 0.429096 
0.319853 0.435979 
-0.297013 0.340343 
0.261007 0.445288 
0.584488 0.256959 
0.60586 0.212153 
0.635385 0.0462103 
-0.548103 0.167853 
0.635054 0.101172 
0.632645 0.119715 
0.568909 0.282413 
-0.388076 0.297062 
-0.15099 0.392959 
0.377016 0.420636 
0.0833844 0.443767 
0.112791 0.446604 
0.231492 0.447871 
0.0259276 0.4357 
0.430516 0.399063 
0.290464 0.441364 
0.501893 0.354555 
-0.00175792 0.430703 
-0.609934 0.0490865 
0.628716 0.140362 
0.172223 0.44941 
0.623044 0.162816 
ZONE T="boundary5"
-0.600407 -0.164573 
-0.544699 -0.278835 
-0.555483 -0.261351 
0.458903 -0.210337 
-0.455448 -0.384918 
-0.616178 -0.104186 
-0.619282 -0.0838078 
-0.408109 -0.424683 
-0.606707 -0.144566 
-0.59313 -0.184407 
-0.565971 -0.242739 
-0.611976 -0.124432 
-0.371971 -0.449991 
-0.390866 -0.437247 
-0.215404 -0.522454 
-0.239959 -0.514504 
-0.352614 -0.462021 
-0.331616 -0.473981 
-0.264187 -0.505508 
-0.287379 -0.495779 
-0.310168 -0.485101 
-0.533227 -0.295889 
-0.521528 -0.311925 
-0.0843017 -0.546035 
-0.111492 -0.543725 
-0.190002 -0.52948 
-0.137976 -0.540172 
-0.164369 -0.535364 
-0.621585 -0.0222278 
-0.496583 -0.342509 
-0.509248 -0.327532 
-0.575741 -0.223743 
-0.440399 -0.398477 
-0.424897 -0.411521 
-0.621245 -0.0633306 
-0.622026 -0.0427932 
0.598793 -0.0645623 
0.580874 -0.091129 
-0.483408 -0.357047 
0.627313 0.00173523 
0.615408 -0.0322007 
0.607682 -0.0485771 
-0.469664 -0.371216 
-0.584841 -0.204249 
-0.0294427 -0.546431 
-0.0571821 -0.546959 
0.0260472 -0.540612 
-0.0019581 -0.544372 
0.0535267 -0.535176 
0.0812634 -0.527797 
0.108216 -0.518643 
0.212414 -0.461066 
0.186823 -0.478892 
0.134701 -0.50756 
0.161019 -0.494294 
0.237769 -0.440737 
0.262518 -0.418289 
0.286388 -0.394356 
0.310264 -0.368602 
0.354836 -0.318199 
0.332586 -0.343502 
0.438517 -0.229297 
0.4191 -0.248445 
0.400065 -0.268251 
0.519384 -0.156735 
0.499575 -0.174419 
0.377299 -0.292993 
0.537104 -0.140089 
0.55416 -0.122754 
0.572368 -0.101986 
0.588937 -0.0799071 
0.621954 -0.0154363 
0.631467 0.0193124 
0.479513 -0.191998 
-0.550178 -0.270146 
-0.617869 -0.0940183 
-0.596881 -0.174532 
-0.614209 -0.114337 
-0.609468 -0.134533 
-0.381478 -0.443707 
-0.227723 -0.51861 
-0.603677 -0.154608 
-0.342174 -0.468105 
-0.275832 -0.500763 
-0.320946 -0.479647 
-0.527451 -0.303961 
-0.0979091 -0.54505 
-0.20274 -0.526107 
-0.151199 -0.537921 
-0.502981 -0.335075 
-0.539047 -0.287418 
-0.570945 -0.233287 
-0.515458 -0.319783 
-0.399543 -0.431041 
-0.362349 -0.456097 
-0.447981 -0.391762 
-0.432703 -0.405064 
-0.621785 -0.0530682 
0.611683 -0.0404559 
-0.476596 -0.36419 
-0.490057 -0.349834 
-0.0433074 -0.546885 
0.0120736 -0.542705 
-0.416561 -0.418176 
0.0674557 -0.531718 
0.199767 -0.470206 
0.121551 -0.513334 
0.147973 -0.501165 
0.0948151 -0.52345 
0.22525 -0.451113 
0.250295 -0.429693 
0.298415 -0.381572 
0.321463 -0.356089 
0.428742 -0.238795 
0.409528 -0.258288 
-0.560818 -0.252096 
0.50952 -0.165621 
0.528311 -0.148484 
0.545732 -0.131522 
0.563441 -0.112529 
0.584966 -0.0855623 
0.576675 -0.0966005 
0.618826 -0.0238767 
-0.580387 -0.214041 
0.629544 0.0104859 
-0.589091 -0.194373 
-0.620408 -0.0735836 
-0.462613 -0.378127 
-0.252119 -0.510134 
-0.62196 -0.0325078 
0.44865 -0.219742 
-0.298828 -0.490557 
-0.0707462 -0.546671 
-0.177216 -0.532565 
-0.124753 -0.542106 
-0.0156844 -0.545597 
0.0398294 -0.53811 
0.174051 -0.486825 
0.388624 -0.280561 
0.34371 -0.330846 
0.366033 -0.305559 
0.274578 -0.406458 
0.603367 -0.056644 
0.593981 -0.0723116 
0.624784 -0.0068991 
0.489548 -0.183208 
0.469176 -0.201123 
