ZONE T="boundary0"
-4 -0.278255 
-4 -0.234428 
-4 0.439298 
-4 -0.0587599 
-4 0.646259 
-4 0.823129 
-4 0.350251 
-4 0.542778 
-4 0.0965686 
-4 0.159556 
-4 -0.809896 
-4 -0.336531 
-4 -0.394806 
-4 -0.12468 
-4 -0.1906 
-4 -0.619792 
-4 -0.507299 
-4 0.286398 
-4 -0.714844 
-4 -1 
-4 1 
-4 0.222544 
-4 0.734694 
-4 0.394775 
-4 0.491038 
-4 0.128062 
-4 -0.256342 
-4 -0.365668 
-4 -0.09172 
-4 0.0189043 
-4 -0.563546 
-4 0.318325 
-4 0.594519 
-4 0.911565 
-4 -0.904948 
-4 -0.451053 
-4 -0.307393 
-4 -0.212514 
-4 -0.15764 
-4 0.254471 
-4 0.19105 
-4 -0.76237 
-4 -0.667318 
ZONE T="boundary1"
3.75 1 
3.54118 1 
3.33235 1 
0.310943 1 
0.246632 1 
-0.0796958 1 
-0.146935 1 
-0.286606 1 
-0.216771 1 
-0.945552 1 
0.118303 1 
0.182468 1 
0.375254 1 
1.05459 1 
0.996358 1 
-1.46933 1 
-1.32579 1 
-1.60095 1 
1.18121 1 
1.11281 1 
-3.45279 1 
-2.31104 1 
-2.05723 1 
-2.81707 1 
-2.56406 1 
-2.99111 1 
4 1 
2.0459 1 
2.2584 1 
3.0328 1 
2.47091 1 
-0.435081 1 
-0.360844 1 
0.468543 1 
0.515187 1 
0.703038 1 
0.778072 1 
-0.511899 1 
-0.588716 1 
-0.734973 1 
-0.661845 1 
0.0529234 1 
-0.0124563 1 
0.632435 1 
0.561831 1 
-0.875871 1 
-0.805422 1 
0.924732 1 
0.853107 1 
1.36566 1 
-1.18226 1 
-1.05699 1 
-1.73258 1 
-1.89491 1 
-1.25402 1 
1.2496 1 
1.48173 1 
-3.16516 1 
-3.7264 1 
-4 1 
1.74823 1 
2.73324 1 
1.89706 1 
-1.09875 1 
-1.01523 1 
3.64559 1 
0.278787 1 
-0.113316 1 
-0.251688 1 
1.02547 1 
-1.39756 1 
1.14701 1 
-2.18414 1 
3.875 1 
2.15215 1 
-0.397962 1 
0.491865 1 
0.740555 1 
-0.550307 1 
0.343099 1 
-0.698409 1 
-0.47349 1 
0.150385 1 
0.21455 1 
0.0856133 1 
0.0202336 1 
-0.046076 1 
-0.181853 1 
-0.840646 1 
-0.62528 1 
0.960545 1 
-0.910711 1 
0.88892 1 
0.597133 1 
0.81559 1 
0.421898 1 
-1.66677 1 
-1.53514 1 
-1.97607 1 
-1.28991 1 
1.4237 1 
-2.90409 1 
-3.30898 1 
-3.8632 1 
2.36465 1 
3.18258 1 
2.88302 1 
1.61498 1 
-2.43755 1 
-3.07814 1 
2.60207 1 
-3.5896 1 
1.97148 1 
1.82264 1 
1.0837 1 
1.2154 1 
-1.07787 1 
-1.03611 1 
-1.1405 1 
-0.980393 1 
0.538509 1 
-0.323725 1 
-0.770198 1 
0.667736 1 
1.30763 1 
-1.21814 1 
3.43677 1 
-2.69056 1 
-1.81374 1 
ZONE T="boundary2"
4 -0.608615 
4 -0.804308 
4 -0.336095 
4 -0.38196 
4 -0.51822 
4 -0.427824 
4 -0.303719 
4 -0.271342 
4 -0.124926 
4 0.651134 
4 -0.237165 
4 -0.202989 
4 -0.0195095 
4 0.0384809 
4 0.342941 
4 0.403393 
4 0.221758 
4 0.190436 
4 1 
4 0.0964712 
4 0.28235 
4 0.127793 
4 0.557489 
4 0.463844 
4 -1 
4 0.159114 
4 -0.359028 
4 -0.473022 
4 -0.706461 
4 -0.220077 
4 -0.072218 
4 0.373167 
4 0.206097 
4 0.825567 
4 -0.287531 
4 -0.319907 
4 -0.163957 
4 -0.254254 
4 0.604312 
4 0.510667 
4 -0.902154 
4 -0.404892 
4 -0.563417 
4 0.174775 
4 0.252054 
4 0.312645 
4 0.112132 
4 0.143454 
4 0.00948567 
4 0.067476 
4 0.433618 
ZONE T="boundary3"
-3.76675 -1 
-3.53351 -1 
1.06912 -1 
1.33227 -1 
-0.383456 -1 
-0.486002 -1 
1.21566 -1 
-2.74669 -1 
-2.59855 -1 
-1.58417 -1 
0.781447 -1 
0.909264 -1 
3.77464 -1 
-2.89483 -1 
-3.0545 -1 
2.80828 -1 
2.11274 -1 
2.35421 -1 
2.50556 -1 
-2.13654 -1 
-1.96233 -1 
-1.78811 -1 
-3.21417 -1 
3.56649 -1 
-2.36755 -1 
-3.37384 -1 
0.653631 -1 
0.296871 -1 
-0.175448 -1 
-0.0699875 -1 
0.048856 -1 
0.167699 -1 
0.426042 -1 
-1.30627 -1 
-1.23643 -1 
1.14239 -1 
4 -1 
-0.280909 -1 
-1.37611 -1 
1.44887 -1 
1.62222 -1 
-0.711207 -1 
-0.837561 -1 
1.87128 -1 
0.539837 -1 
-0.598604 -1 
-4 -1 
-0.963916 -1 
2.95964 -1 
3.15898 -1 
3.35833 -1 
-1.10017 -1 
2.65692 -1 
1.53555 -1 
-3.65013 -1 
-0.434729 -1 
-2.67262 -1 
0.845356 -1 
-2.97467 -1 
2.42989 -1 
-1.87522 -1 
-3.294 -1 
-0.122718 -1 
-0.0105657 -1 
0.108278 -1 
-1.27135 -1 
1.17902 -1 
3.88732 -1 
-0.332182 -1 
-1.48014 -1 
-1.34119 -1 
1.10576 -1 
0.989192 -1 
-1.68614 -1 
1.39057 -1 
1.27396 -1 
-0.774384 -1 
1.74675 -1 
0.482939 -1 
0.596734 -1 
0.717539 -1 
3.67057 -1 
-0.654905 -1 
-3.88338 -1 
3.05931 -1 
3.25866 -1 
-3.45367 -1 
-2.04943 -1 
-2.25204 -1 
2.23347 -1 
3.46241 -1 
2.88396 -1 
2.7326 -1 
1.99201 -1 
-2.48305 -1 
2.58124 -1 
-2.82076 -1 
-1.1683 -1 
0.232285 -1 
-0.228179 -1 
1.57888 -1 
-0.542303 -1 
-1.03204 -1 
-0.900739 -1 
0.361457 -1 
-3.13433 -1 
1.49221 -1 
ZONE T="boundary4"
-0.739127 0.210188 
-0.76637 0.367093 
-0.745465 0.220834 
0.72519 0.47538 
-0.756552 0.243878 
-0.770579 0.338519 
-0.768918 0.352863 
-0.77135 0.320071 
-0.759955 0.391417 
0.777436 0.342569 
0.777236 0.325768 
-0.677899 0.521234 
-0.708656 0.486639 
0.773803 0.374418 
-0.655431 0.5419 
-0.608125 0.576769 
-0.632296 0.560215 
-0.582412 0.591975 
-0.502906 0.626935 
-0.52998 0.616792 
-0.449885 0.642596 
-0.419089 0.649564 
-0.47661 0.635338 
-0.318873 0.664224 
-0.28369 0.667185 
-0.246665 0.669407 
-0.102945 -0.0797156 
-0.0845717 -0.0815639 
0.77621 0.359049 
-0.0279872 -0.0849164 
0.00818623 -0.0852623 
0.0444295 -0.0842593 
-0.761139 0.256279 
-0.764666 0.268094 
-0.751162 0.231779 
0.119007 -0.0781691 
0.0817431 -0.0818704 
0.190268 -0.0676303 
0.760334 0.417648 
0.754318 0.430517 
0.747551 0.442976 
0.732984 0.465225 
0.231101 -0.059645 
0.382115 -0.0181713 
0.310172 -0.0403027 
0.271628 -0.0503679 
0.348354 -0.0291164 
0.556711 0.0583389 
0.724556 0.19725 
0.737314 0.215175 
-0.750008 0.417876 
0.770301 0.389295 
0.765779 0.403725 
0.529902 0.0438641 
0.621619 0.0995778 
0.641329 0.114356 
0.660357 0.129946 
0.710619 0.179972 
0.695053 0.162756 
0.4714 0.0161566 
-0.770561 0.301971 
0.388324 0.635971 
0.41901 0.630098 
0.530412 0.600274 
0.287769 0.650541 
0.357508 0.641121 
0.322685 0.646172 
0.667709 0.530257 
0.684582 0.516796 
0.636078 0.55164 
0.606662 0.568106 
0.621521 0.560142 
0.576446 0.582407 
0.591653 0.575503 
-0.170596 0.671754 
-0.131585 0.672067 
-0.209634 0.670875 
-0.0905531 0.671887 
-0.0495517 0.671262 
0.0795937 0.666798 
0.0359272 0.668714 
-0.00679565 0.670188 
0.208728 0.658381 
0.248283 0.654774 
0.12322 0.664448 
0.701134 0.501752 
0.748393 0.233123 
0.775349 0.307618 
0.771655 0.289392 
0.765792 0.270326 
0.716936 0.485169 
-0.0661577 -0.0830393 
0.650396 0.542504 
-0.743238 0.432326 
0.75799 0.251572 
0.678435 0.146226 
0.582932 0.0738189 
0.154714 -0.0734412 
-0.556706 0.605079 
0.475773 0.616837 
-0.386631 0.655513 
0.500896 0.0295223 
-0.353979 0.660268 
0.415516 -0.00630176 
0.165999 0.661678 
0.443612 0.00455464 
-0.767446 0.280094 
-0.698069 0.499556 
-0.735705 0.446396 
-0.718615 0.473243 
0.56104 0.588859 
0.503243 0.609052 
0.447486 0.623876 
-0.769862 0.345706 
-0.771159 0.329306 
-0.767752 0.359998 
-0.763465 0.379338 
0.77752 0.334166 
-0.666867 0.53178 
-0.620353 0.568694 
-0.595396 0.584581 
-0.516511 0.62204 
-0.434525 0.646246 
-0.30129 0.665818 
0.776997 0.350822 
-0.00990453 -0.0852606 
0.0263105 -0.0849264 
-0.762996 0.262164 
0.100391 -0.0801789 
0.757426 0.424129 
0.740557 0.45429 
0.210717 -0.0638039 
0.290938 -0.0454772 
0.365273 -0.0237588 
0.329306 -0.034851 
-0.753954 0.237787 
0.731076 0.206111 
-0.758948 0.250043 
0.768168 0.39655 
0.543372 0.0509795 
0.63155 0.106865 
0.65093 0.122044 
0.702954 0.171257 
0.717712 0.18851 
0.403685 0.633131 
0.37293 0.63863 
0.729147 0.470348 
0.34011 0.643739 
-0.742371 0.215467 
0.676247 0.523654 
0.628838 0.555961 
0.584075 0.579013 
-0.151091 0.671974 
-0.0937639 -0.0806864 
-0.0700508 0.671626 
0.0577633 0.667809 
0.228512 0.65665 
0.268035 0.652743 
0.305237 0.648435 
-0.748393 0.226266 
0.743007 0.224054 
0.751026 0.436796 
0.763174 0.410732 
0.768961 0.279786 
0.775156 0.366757 
0.721118 0.480321 
0.77219 0.381889 
0.643284 0.547145 
0.659136 0.536499 
0.77651 0.31667 
0.773723 0.29846 
0.753374 0.242252 
0.762106 0.26086 
0.692986 0.509415 
0.669495 0.137977 
0.602499 0.0863636 
0.569899 0.0659477 
-0.56966 0.598718 
-0.489808 0.631287 
-0.463286 0.639108 
-0.644029 0.55126 
-0.543428 0.611124 
-0.40289 0.652698 
0.515463 0.0365655 
0.486203 0.0227208 
-0.370325 0.658029 
-0.336441 0.662381 
-0.228152 0.670226 
-0.190116 0.671392 
0.172512 -0.0706674 
0.136878 -0.0759443 
0.398859 -0.0123558 
0.187369 0.660101 
-0.265183 0.6684 
0.0630966 -0.0832326 
0.251401 -0.0551651 
0.4296 -0.000964234 
-0.0281718 0.670776 
0.014568 0.669501 
0.144614 0.663124 
-0.111068 0.672037 
0.101411 0.66568 
-0.766149 0.274071 
-0.769304 0.290994 
-0.771151 0.311016 
-0.755323 0.404776 
-0.0753692 -0.0823482 
0.709192 0.49361 
0.686849 0.154385 
-0.6882 0.510591 
-0.739565 0.439408 
-0.746721 0.425149 
-0.727489 0.460026 
-0.713715 0.480001 
-0.703439 0.493157 
0.614128 0.564189 
0.545798 0.594759 
0.489541 0.613062 
0.516869 0.604794 
0.461657 0.620465 
-0.0470855 -0.0841745 
0.457546 0.0102597 
0.433269 0.627083 
0.568767 0.585687 
0.599187 0.571866 
ZONE T="boundary5"
-0.739127 0.210188 
-0.642446 0.118925 
-0.499944 0.0451873 
-0.49084 0.0410275 
-0.226032 -0.0574422 
-0.619038 0.10478 
-0.593826 0.0908816 
-0.400392 0.00164658 
-0.633673 0.113452 
-0.626375 0.109062 
-0.583584 0.0855219 
-0.651132 0.124585 
-0.55919 0.0732372 
-0.566261 0.0767383 
-0.550654 0.069065 
-0.234507 -0.0552753 
-0.268 -0.0459389 
-0.276278 -0.0434455 
-0.573332 0.0802855 
-0.384367 -0.00487521 
-0.542121 0.064947 
-0.340761 -0.0216758 
-0.349868 -0.0182922 
-0.300906 -0.0356081 
-0.519818 0.0543892 
-0.530966 0.0596325 
-0.310672 -0.0323324 
-0.320397 -0.0289793 
-0.376287 -0.00809778 
-0.358941 -0.0148527 
-0.367628 -0.0114983 
-0.259682 -0.0483712 
-0.251334 -0.0507372 
-0.509878 0.0497652 
-0.292731 -0.038278 
-0.284526 -0.0408897 
-0.200441 -0.0634954 
-0.208998 -0.0615536 
-0.471609 0.0323499 
-0.451537 0.0234528 
-0.461479 0.0278389 
-0.726214 0.191874 
-0.719525 0.183665 
-0.481735 0.0369007 
-0.408341 0.004942 
-0.392426 -0.00161646 
-0.669091 0.137213 
-0.441583 0.0191057 
-0.432811 0.0153126 
-0.41619 0.00823283 
-0.424024 0.0115518 
-0.660185 0.130778 
-0.127318 -0.0766768 
-0.732851 0.200815 
-0.705886 0.168846 
-0.698933 0.162076 
-0.187495 -0.0662744 
-0.712589 0.175846 
-0.692038 0.155784 
-0.677109 0.143342 
-0.684952 0.149694 
-0.217528 -0.0595355 
-0.242935 -0.0530413 
-0.174491 -0.0688734 
-0.102945 -0.0797156 
-0.115149 -0.0782781 
-0.139265 -0.0749411 
-0.162853 -0.0710352 
-0.151172 -0.073049 
-0.606461 0.0977052 
-0.330601 -0.0253664 
-0.495393 0.0431038 
-0.638072 0.116167 
-0.588711 0.0881875 
-0.562727 0.0749832 
-0.554924 0.0711451 
-0.272141 -0.0447004 
-0.569798 0.0785068 
-0.54639 0.0670007 
-0.345318 -0.0199916 
-0.525394 0.057004 
-0.315538 -0.0306657 
-0.363287 -0.0131818 
-0.380329 -0.00649141 
-0.263844 -0.0471635 
-0.255511 -0.0495629 
-0.280405 -0.0421756 
-0.288631 -0.0395916 
-0.204722 -0.0625343 
-0.45651 0.0256414 
-0.466546 0.03009 
-0.536547 0.0622818 
-0.722914 0.187734 
-0.51485 0.0520723 
-0.486288 0.0389606 
-0.404368 0.00329025 
-0.396411 1.07754e-05 
-0.437199 0.0172053 
-0.646803 0.121731 
-0.420109 0.00988881 
-0.428419 0.013428 
-0.37196 -0.00980396 
-0.412267 0.00658367 
-0.296821 -0.0369505 
-0.305793 -0.0339806 
-0.702438 0.165431 
-0.630031 0.111244 
-0.622713 0.106909 
-0.388399 -0.00325047 
-0.709269 0.172316 
-0.729585 0.196306 
-0.655677 0.127653 
-0.681053 0.146489 
-0.688517 0.152713 
-0.578463 0.0828915 
-0.446562 0.0212745 
-0.664659 0.133966 
-0.69551 0.158903 
-0.230272 -0.0563681 
-0.180998 -0.0675971 
-0.10905 -0.0790175 
-0.133295 -0.0758288 
-0.157016 -0.072061 
-0.145222 -0.0740147 
-0.121237 -0.0774981 
-0.168676 -0.069973 
-0.193973 -0.0649076 
-0.247137 -0.0518982 
-0.221783 -0.0584983 
-0.238724 -0.0541674 
-0.213266 -0.0605542 
-0.612764 0.101212 
-0.736047 0.205463 
-0.476673 0.034621 
-0.504913 0.0474717 
-0.354408 -0.0165797 
-0.716097 0.17972 
-0.67312 0.14025 
-0.335685 -0.023531 
-0.325503 -0.0271833 
-0.600155 0.0942678 
