ZONE T="boundary0"
-4 -0.305965 
-4 -0.350234 
-4 -0.413372 
-4 -0.217726 
-4 -0.261696 
-4 -0.0755278 
-4 0.00469951 
-4 0.364381 
-4 1 
-4 0.820695 
-4 0.0849268 
-4 -0.173755 
-4 -0.584452 
-4 0.144234 
-4 -1 
-4 -0.692395 
-4 -0.846198 
-4 0.641391 
-4 0.473206 
-4 -0.47651 
-4 0.400656 
-4 0.203542 
-4 0.234683 
-4 0.265824 
-4 0.296965 
-4 0.328106 
-4 -0.381803 
-4 -0.239711 
-4 -0.0354141 
-4 0.910348 
-4 0.114581 
-4 0.731043 
-4 0.557298 
-4 -0.3281 
-4 -0.283831 
-4 -0.444941 
-4 -0.19574 
-4 -0.124642 
-4 0.382519 
-4 0.219112 
-4 0.436931 
-4 0.0448132 
-4 -0.923099 
-4 -0.769296 
-4 0.173888 
-4 0.250253 
-4 0.312536 
-4 0.281395 
-4 0.346244 
-4 -0.638424 
-4 -0.530481 
ZONE T="boundary1"
-4 1 
-2.27379 1 
0.114685 1 
0.759131 1 
0.622198 1 
1.39107 1 
1.5433 1 
-1.39433 1 
-0.136059 1 
0.317359 1 
4 1 
3.551 1 
1.10553 1 
0.972219 1 
3.21893 1 
2.85507 1 
1.7552 1 
-3.25544 1 
-3.50201 1 
-3.751 1 
2.45513 1 
0.0529255 1 
0.176444 1 
-0.00953167 1 
0.246902 1 
0.485264 1 
-0.486509 1 
-0.642393 1 
-0.200129 1 
-0.336806 1 
-0.268468 1 
-0.0719889 1 
-0.411658 1 
-0.802111 1 
-0.722252 1 
-3.00887 1 
-1.23841 1 
-1.11813 1 
-0.899981 1 
0.865675 1 
-2.85723 1 
1.23884 1 
1.92853 1 
2.10186 1 
-1.55025 1 
-1.47229 1 
-2.40925 1 
-2.70559 1 
-1.62954 1 
-1.86744 1 
-2.13834 1 
-1.70884 1 
2.27849 1 
-0.997851 1 
-2.55742 1 
0.690664 1 
1.46719 1 
3.7755 1 
1.03887 1 
3.38496 1 
3.037 1 
-3.6265 1 
0.145565 1 
0.0838053 1 
0.0216969 1 
0.211673 1 
0.401312 1 
-0.564451 1 
-0.302637 1 
-0.0407603 1 
-0.168094 1 
-0.104024 1 
-0.449083 1 
-0.762182 1 
-3.8755 1 
-3.37872 1 
-3.13216 1 
-1.17827 1 
0.553731 1 
1.31496 1 
-2.93305 1 
1.64925 1 
1.84186 1 
2.0152 1 
-1.51127 1 
-2.34152 1 
-2.78141 1 
-2.00289 1 
-1.66919 1 
2.6551 1 
2.36681 1 
2.19018 1 
-0.234299 1 
0.282131 1 
-0.682323 1 
-0.851046 1 
-0.948916 1 
-0.374232 1 
0.812403 1 
0.918947 1 
-1.31637 1 
-1.05799 1 
1.17219 1 
-1.58989 1 
-1.43331 1 
-1.78814 1 
-2.6315 1 
-2.48333 1 
-2.20607 1 
ZONE T="boundary2"
4 -0.842816 
4 -0.685632 
4 -0.413213 
4 -0.24027 
4 -0.19654 
4 0.230027 
4 0.206658 
4 0.0416655 
4 0.0891073 
4 0.645339 
4 -0.124879 
4 0.136549 
4 0.474776 
4 1 
4 -1 
4 -0.0532182 
4 -0.284 
4 0.320218 
4 0.183288 
4 0.260091 
4 0.560058 
4 0.412529 
4 -0.348607 
4 -0.481318 
4 0.290154 
4 0.350282 
4 0.381405 
4 -0.549423 
4 -0.764224 
4 -0.218405 
4 0.218342 
4 0.0653864 
4 -0.16071 
4 0.822669 
4 -0.0890486 
4 -0.00577635 
4 -0.262135 
4 0.517417 
4 0.443653 
4 0.602698 
4 -0.316303 
4 -0.447266 
4 -0.921408 
4 0.275123 
4 0.194973 
4 0.245059 
4 0.33525 
4 0.305186 
4 0.396967 
4 0.365844 
4 0.159919 
4 0.112828 
4 -0.51537 
4 -0.38091 
4 -0.617527 
ZONE T="boundary3"
-1.04343 -1 
-1.15626 -1 
0.241725 -1 
1.03867 -1 
1.16748 -1 
-4 -1 
-3.60146 -1 
0.116228 -1 
0.0558509 -1 
-0.883281 -1 
-0.747646 -1 
-0.612011 -1 
1.5722 -1 
1.73479 -1 
3.29988 -1 
3.54397 -1 
4 -1 
3.77198 -1 
2.66466 -1 
2.00389 -1 
-3.20291 -1 
-2.27396 -1 
-2.0542 -1 
2.86023 -1 
2.46883 -1 
0.176605 -1 
0.306845 -1 
-0.226247 -1 
-0.151656 -1 
0.650359 -1 
0.462749 -1 
-0.0770661 -1 
0.556554 -1 
-0.0106076 -1 
0.384797 -1 
-0.313946 -1 
-0.401644 -1 
0.715235 -1 
0.780111 -1 
1.49091 -1 
1.40961 -1 
-0.963356 -1 
0.844988 -1 
1.28855 -1 
-1.38274 -1 
-0.506828 -1 
-1.2691 -1 
-1.66541 -1 
-1.49638 -1 
2.27299 -1 
-1.83445 -1 
3.05579 -1 
-2.96061 -1 
-2.7183 -1 
-2.49613 -1 
0.909864 -1 
-1.09985 -1 
1.10308 -1 
-3.80073 -1 
0.0860394 -1 
-0.815463 -1 
1.6535 -1 
3.88599 -1 
-3.40219 -1 
-2.16408 -1 
0.274285 -1 
0.209165 -1 
-0.114361 -1 
0.509651 -1 
0.0226217 -1 
-0.0438368 -1 
0.345821 -1 
0.423773 -1 
-0.357795 -1 
-0.679828 -1 
0.747673 -1 
1.53155 -1 
0.812549 -1 
-0.923318 -1 
-1.00339 -1 
-1.32592 -1 
-1.58089 -1 
2.13844 -1 
1.45026 -1 
-1.74993 -1 
1.86934 -1 
2.95801 -1 
3.65798 -1 
2.37091 -1 
-2.83945 -1 
-2.60721 -1 
-2.38504 -1 
-3.08176 -1 
-1.94433 -1 
-1.21268 -1 
2.56675 -1 
2.76245 -1 
0.146416 -1 
-0.270096 -1 
-0.454236 -1 
-0.188952 -1 
-0.559419 -1 
0.974269 -1 
0.603456 -1 
0.682797 -1 
0.877426 -1 
3.42192 -1 
1.22802 -1 
1.34908 -1 
-1.43956 -1 
3.17783 -1 
ZONE T="boundary4"
-0.48854 0.367901 
-0.266347 0.528765 
-0.243599 0.537162 
-0.604038 0.0308541 
-0.605583 0.0505631 
-0.606053 0.0705422 
-0.580819 0.208011 
0.454142 0.183018 
-0.347853 0.488253 
-0.3285 0.499436 
-0.447499 0.411723 
-0.432505 0.425617 
0.577341 0.0865855 
0.626606 -0.00766831 
0.620229 0.0120989 
-0.605429 0.0907463 
-0.601275 0.129046 
-0.603705 0.111065 
-0.598022 0.146946 
-0.575003 0.223505 
-0.568699 0.238807 
-0.590528 0.17768 
-0.557402 0.263292 
-0.56321 0.251125 
-0.534843 0.303997 
-0.524286 0.320415 
0.43495 0.194278 
-0.145363 0.559869 
-0.119311 0.562184 
-0.512975 0.336641 
-0.287725 0.519758 
-0.50108 0.352439 
-0.475459 0.382902 
-0.461732 0.397561 
0.634585 -0.0483247 
0.631364 -0.0277802 
-0.41703 0.438962 
-0.400682 0.452058 
-0.383873 0.464539 
-0.366083 0.476744 
-0.171457 0.555973 
-0.196093 0.550873 
-0.220571 0.544448 
-0.0919692 0.562863 
-0.0649371 0.561689 
-0.0371555 0.558451 
0.612232 0.0313367 
0.602196 0.0506873 
-0.544768 0.287185 
0.399993 0.215419 
0.415752 0.205693 
0.56278 0.102976 
-0.594558 0.162382 
0.368732 0.236439 
0.353374 0.247915 
-0.308742 0.509813 
0.302197 0.292934 
0.216787 0.391011 
0.327258 0.269523 
0.384385 0.22557 
0.474519 0.170829 
0.494597 0.15816 
0.513135 0.145474 
0.068138 0.524068 
0.0921959 0.510195 
0.0167167 0.545666 
0.0430238 0.535889 
-0.0100614 0.553158 
0.115035 0.494453 
0.136701 0.476981 
0.236769 0.366464 
0.257047 0.342045 
0.197444 0.414304 
0.177593 0.436869 
0.157532 0.457708 
0.27909 0.316986 
0.531077 0.131871 
0.590644 0.068968 
0.547369 0.117966 
-0.255022 0.533096 
-0.605954 0.0605494 
-0.338232 0.493941 
-0.440064 0.418737 
0.623618 0.00227993 
-0.604702 0.100917 
-0.599749 0.138014 
-0.571911 0.23118 
-0.560347 0.257228 
-0.529642 0.312255 
0.444547 0.18865 
-0.132355 0.561225 
-0.277086 0.524378 
-0.507099 0.344594 
-0.468661 0.390292 
-0.482066 0.375459 
0.633168 -0.0380222 
-0.408916 0.445585 
-0.518706 0.328581 
-0.454678 0.404705 
-0.375036 0.470726 
-0.357023 0.482586 
-0.424827 0.432359 
-0.158439 0.558112 
-0.208374 0.547819 
-0.105646 0.562752 
-0.0784428 0.562511 
0.607423 0.0411202 
-0.232129 0.540943 
-0.604946 0.040698 
-0.605878 0.0806485 
0.407849 0.210516 
-0.49488 0.360226 
0.616429 0.0218003 
0.570218 0.0949206 
0.425333 0.199955 
0.361002 0.242108 
-0.318674 0.504725 
0.314556 0.281048 
0.376513 0.230939 
0.484608 0.164573 
0.392154 0.220442 
0.0803096 0.517379 
0.0557048 0.530241 
0.00340437 0.549685 
0.126026 0.485911 
-0.392335 0.458375 
0.246849 0.354207 
0.207172 0.402704 
0.167698 0.447418 
0.187625 0.425679 
0.290495 0.304816 
0.522198 0.138794 
0.596612 0.0599487 
-0.551249 0.275325 
-0.565994 0.244984 
0.629182 -0.0176777 
0.464355 0.176964 
-0.539887 0.295639 
0.503934 0.151916 
-0.298287 0.514898 
-0.183809 0.553588 
0.103769 0.502547 
-0.0235571 0.556069 
0.226779 0.378737 
-0.0510153 0.560333 
0.0299731 0.541054 
0.147269 0.46751 
0.267952 0.329412 
-0.602593 0.120069 
0.555204 0.110604 
0.539329 0.125042 
0.584174 0.0779136 
-0.585929 0.192928 
-0.577973 0.215783 
-0.592612 0.170048 
-0.596362 0.154681 
0.340148 0.258517 
ZONE T="boundary5"
0.633382 -0.131713 
-0.556663 -0.11344 
-0.593239 -0.0262311 
-0.597836 -0.00756467 
-0.601445 0.0114618 
-0.604038 0.0308541 
-0.525231 -0.160557 
-0.536246 -0.145511 
0.555776 -0.331231 
-0.565678 -0.096833 
-0.573888 -0.0797828 
-0.416392 -0.268956 
-0.39583 -0.284469 
0.342776 -0.458556 
0.313238 -0.464937 
-0.587693 -0.0444942 
-0.581235 -0.062338 
0.586876 -0.283577 
0.598357 -0.259521 
-0.513631 -0.175153 
-0.197241 -0.39286 
-0.217687 -0.384132 
-0.237225 -0.375362 
-0.275034 -0.35713 
-0.293302 -0.347678 
-0.0384634 -0.445968 
-0.0873535 -0.432339 
-0.110405 -0.425074 
-0.176628 -0.401209 
-0.0629991 -0.439431 
-0.15504 -0.40948 
-0.47841 -0.213831 
-0.490135 -0.20173 
-0.359538 -0.309173 
-0.256594 -0.366238 
-0.327655 -0.328615 
-0.343697 -0.319066 
-0.377859 -0.297088 
0.635592 -0.11076 
0.422354 -0.431699 
0.634585 -0.0483247 
-0.546782 -0.12976 
-0.310571 -0.338317 
0.262243 -0.472295 
0.23634 -0.474455 
0.126566 -0.473532 
0.0978865 -0.470871 
0.0414779 -0.462966 
0.288049 -0.469114 
-0.0124283 -0.452232 
0.0137868 -0.457832 
0.40575 -0.438653 
0.389155 -0.444833 
0.608227 -0.23423 
0.37234 -0.450379 
0.492577 -0.391498 
0.480109 -0.400172 
0.515622 -0.373151 
0.504655 -0.382291 
0.466513 -0.40878 
0.0693359 -0.467304 
0.536561 -0.353219 
0.564301 -0.319972 
0.636299 -0.0690663 
0.636599 -0.0898813 
0.572317 -0.308304 
0.613248 -0.219352 
0.617834 -0.204323 
0.62581 -0.173494 
0.630065 -0.152743 
-0.502098 -0.188635 
0.438651 -0.424046 
-0.441838 -0.247945 
-0.466369 -0.225619 
-0.13328 -0.417335 
0.209537 -0.475676 
0.182723 -0.475928 
0.154612 -0.475207 
-0.595663 -0.0169288 
-0.602874 0.0211402 
-0.530815 -0.15309 
-0.569888 -0.0883586 
-0.406185 -0.27681 
0.32805 -0.461947 
-0.58458 -0.053458 
-0.590587 -0.0353993 
0.592857 -0.271664 
-0.227476 -0.379792 
-0.28419 -0.352448 
-0.0988985 -0.428767 
-0.186954 -0.397082 
-0.165854 -0.405397 
-0.484313 -0.207822 
-0.335701 -0.323882 
-0.386892 -0.290847 
-0.368741 -0.303195 
-0.5416 -0.137693 
-0.301959 -0.343039 
0.112215 -0.472318 
-0.56127 -0.10519 
-0.577672 -0.071107 
0.300666 -0.46716 
-0.246931 -0.370845 
-0.351645 -0.314163 
0.000661038 -0.455118 
0.397482 -0.441823 
0.603498 -0.246956 
-0.0254657 -0.449183 
0.486389 -0.395902 
0.510188 -0.377779 
0.498667 -0.386961 
0.473358 -0.40455 
0.560103 -0.325651 
0.636619 -0.0794714 
0.380773 -0.447683 
0.568376 -0.314184 
0.579883 -0.296109 
0.357619 -0.454689 
0.615594 -0.211853 
0.610794 -0.22681 
0.62805 -0.163141 
0.622047 -0.188966 
0.526315 -0.363419 
0.636252 -0.100328 
0.631852 -0.142249 
0.546426 -0.34245 
-0.0751964 -0.435954 
-0.507921 -0.181943 
0.414088 -0.435262 
-0.207485 -0.388543 
0.430544 -0.427961 
-0.551817 -0.121657 
-0.429245 -0.258607 
-0.59977 0.00192413 
-0.265835 -0.361726 
-0.319138 -0.333509 
0.452738 -0.416698 
-0.519501 -0.16791 
0.635625 -0.0586804 
-0.0507503 -0.442771 
0.634629 -0.121252 
0.275162 -0.470836 
0.249302 -0.473499 
-0.144179 -0.413461 
0.222944 -0.47519 
0.196132 -0.47592 
-0.121863 -0.421264 
0.140582 -0.474486 
0.0835973 -0.469199 
0.055391 -0.465237 
0.0276141 -0.460497 
0.168665 -0.47569 
-0.496168 -0.195229 
-0.472427 -0.219763 
-0.454236 -0.236928 
