ZONE T="boundary0"
-4 -0.59941 
-4 0.299513 
-4 0.233784 
-4 0.454215 
-4 0.384415 
-4 0.524014 
-4 0.616492 
-4 -0.115916 
-4 0.708969 
-4 0.854485 
-4 1 
-4 -0.857524 
-4 0.179628 
-4 0.125473 
-4 0.0320367 
-4 -0.0419397 
-4 -0.199239 
-4 -0.227014 
-4 -0.260534 
-4 -0.422433 
-4 -0.294054 
-4 -0.327575 
-4 -0.715048 
-4 -0.483771 
-4 -1 
-4 -0.361095 
-4 -0.171465 
-4 0.266648 
-4 0.419315 
-4 0.341964 
-4 0.781727 
-4 0.152551 
-4 0.489115 
-4 0.0787547 
-4 -0.0789279 
-4 0.662731 
-4 0.570253 
-4 -0.213127 
-4 -0.00495152 
-4 -0.310815 
-4 -0.657229 
-4 -0.928762 
-4 -0.786286 
-4 0.927242 
-4 -0.453102 
-4 -0.391764 
-4 -0.143691 
-4 -0.277294 
-4 -0.243774 
-4 -0.344335 
-4 -0.185352 
-4 0.206706 
-4 -0.54159 
ZONE T="boundary1"
-3.77558 1 
3.75589 1 
3.51178 1 
2.67944 1 
2.90426 1 
0.121334 1 
0.181243 1 
0.642363 1 
0.757986 1 
0.700174 1 
1.18919 1 
1.29079 1 
-0.34471 1 
1.39239 1 
1.52126 1 
0.850776 1 
-3.55116 1 
-3.3035 1 
-0.821834 1 
2.44977 1 
3.12908 1 
-1.28835 1 
4 1 
-1.56789 1 
1.82883 1 
1.65012 1 
-1.1714 1 
-4 1 
2.22865 1 
2.00753 1 
-2.29513 1 
-2.70559 1 
-2.07637 1 
0.560139 1 
0.943567 1 
0.24368 1 
0.306116 1 
0.0614256 1 
-0.130009 1 
0.370541 1 
0.434966 1 
0.497552 1 
-0.463691 1 
-0.582671 1 
-0.00538068 1 
-0.0721869 1 
-0.702252 1 
-0.187831 1 
-0.266271 1 
-0.938145 1 
1.00018 1 
-1.05446 1 
-1.37984 1 
-1.47132 1 
1.05679 1 
-1.66446 1 
-1.8576 1 
-3.05584 1 
3.63384 1 
2.79185 1 
0.151289 1 
0.72908 1 
1.23999 1 
1.45682 1 
0.804381 1 
-3.42733 1 
3.32043 1 
3.87795 1 
1.73948 1 
-3.88779 1 
2.33921 1 
1.91818 1 
-2.50036 1 
-2.18575 1 
3.01667 1 
0.671269 1 
0.212461 1 
0.274898 1 
0.0913799 1 
0.338329 1 
0.402753 1 
0.528846 1 
0.466259 1 
-0.523181 1 
-0.0387838 1 
0.0280225 1 
0.601251 1 
-0.305491 1 
-0.762043 1 
-0.879989 1 
0.971874 1 
-0.642461 1 
-0.4042 1 
-0.227051 1 
-0.9963 1 
-1.22988 1 
-3.66337 1 
-1.42558 1 
-1.11293 1 
1.58569 1 
1.12299 1 
1.34159 1 
-1.61618 1 
-1.96698 1 
-2.88072 1 
2.11809 1 
-1.76103 1 
-3.17967 1 
2.56461 1 
-0.101098 1 
1.02849 1 
0.897172 1 
-0.15892 1 
-1.3341 1 
-1.51961 1 
ZONE T="boundary2"
4 -0.296191 
4 -0.361332 
4 -0.242326 
4 -0.469957 
4 -0.578583 
4 0.314323 
4 -0.124609 
4 -0.0711958 
4 0.0805141 
4 0.00465917 
4 -0.789292 
4 0.372479 
4 1 
4 -1 
4 -0.178023 
4 0.430635 
4 0.523646 
4 0.616658 
4 0.143708 
4 0.206901 
4 0.260612 
4 0.808329 
4 -0.328761 
4 -0.269258 
4 -0.52427 
4 -0.0979025 
4 0.0425866 
4 -0.683937 
4 -0.415645 
4 -0.0332683 
4 -0.151316 
4 0.401557 
4 0.477141 
4 0.343401 
4 0.570152 
4 0.233756 
4 0.112111 
4 0.175304 
4 -0.894646 
4 0.712493 
4 -0.210174 
4 0.287468 
4 0.904164 
ZONE T="boundary3"
-3.57109 -1 
-1.38833 -1 
-1.31478 -1 
-1.93131 -1 
-1.46188 -1 
0.0680122 -1 
0.191339 -1 
-0.413268 -1 
-2.21627 -1 
-2.07463 -1 
0.129675 -1 
-0.474915 -1 
0.565372 -1 
0.455296 -1 
0.695556 -1 
0.82574 -1 
1.32336 -1 
1.72445 -1 
2.1839 -1 
2.52728 -1 
3.33886 -1 
3.55924 -1 
2.34735 -1 
-3.78555 -1 
-2.3579 -1 
-3.24609 -1 
-3.09486 -1 
3.77962 -1 
4 -1 
3.11848 -1 
-0.308643 -1 
-0.179712 -1 
0.00637286 -1 
-0.0552665 -1 
-0.639518 -1 
-0.35162 -1 
-0.557217 -1 
0.268279 -1 
0.34522 -1 
-0.715127 -1 
-0.90357 -1 
-0.847153 -1 
-0.117489 -1 
-0.265666 -1 
-0.9696 -1 
-1.03563 -1 
-0.790737 -1 
1.07941 -1 
1.20139 -1 
0.952575 -1 
1.51413 -1 
1.41875 -1 
1.61929 -1 
1.87245 -1 
2.02046 -1 
-3.40859 -1 
-1.16769 -1 
-1.62493 -1 
-4 -1 
-2.94363 -1 
-1.78799 -1 
-2.64118 -1 
2.91284 -1 
2.7072 -1 
-1.10166 -1 
-1.35156 -1 
-2.14545 -1 
0.510334 -1 
0.760648 -1 
3.44905 -1 
-3.17048 -1 
3.88981 -1 
3.22867 -1 
-0.0244468 -1 
0.0371925 -1 
-0.382444 -1 
-0.516066 -1 
-0.444091 -1 
-0.598367 -1 
0.160507 -1 
0.229809 -1 
0.0988438 -1 
0.30675 -1 
-0.677323 -1 
-0.875362 -1 
-0.148601 -1 
-1.00261 -1 
-0.818945 -1 
-0.936585 -1 
0.400258 -1 
0.630464 -1 
3.66943 -1 
1.26237 -1 
0.889158 -1 
1.46644 -1 
1.1404 -1 
1.67187 -1 
1.56671 -1 
1.79845 -1 
1.94646 -1 
1.01599 -1 
-1.24124 -1 
-1.5434 -1 
-3.89277 -1 
-3.67832 -1 
-3.01925 -1 
-1.70646 -1 
-2.79241 -1 
-3.32734 -1 
3.01566 -1 
-2.49954 -1 
-2.28709 -1 
2.81002 -1 
2.26563 -1 
-2.00297 -1 
2.61724 -1 
2.43731 -1 
-3.48984 -1 
-1.85965 -1 
-0.0863779 -1 
-0.287155 -1 
-0.752932 -1 
-0.330132 -1 
-0.222689 -1 
-1.06864 -1 
1.37105 -1 
-1.4251 -1 
2.10218 -1 
-1.13468 -1 
ZONE T="boundary4"
0.603786 0.428884 
0.594107 0.442283 
0.584395 0.454005 
0.573991 0.465107 
0.563139 0.475417 
-0.258691 0.448237 
-0.239622 0.459056 
0.625378 0.208143 
0.631791 0.234818 
0.639009 0.335972 
0.636168 0.352605 
-0.60717 -0.0337172 
0.489466 0.52418 
-0.153705 0.500193 
-0.567705 0.102338 
-0.557403 0.125321 
-0.546207 0.147893 
-0.536294 0.166269 
-0.518064 0.19708 
-0.460679 0.277625 
-0.480196 0.252588 
-0.499594 0.225348 
0.640575 0.319055 
-0.439997 0.301739 
-0.421027 0.322 
-0.401266 0.341514 
-0.383336 0.357995 
-0.364868 0.373887 
-0.346717 0.388537 
-0.328121 0.402637 
-0.310857 0.414964 
-0.293258 0.426829 
-0.276114 0.437748 
0.38376 0.559572 
0.404716 0.554658 
0.341811 0.567044 
-0.220261 0.469372 
-0.198969 0.479986 
-0.129733 0.509696 
-0.103664 0.519156 
-0.0773071 0.527847 
0.573389 -0.00800169 
0.561265 -0.0476282 
0.620293 0.399784 
0.567699 -0.0278309 
0.362614 0.563707 
0.467019 0.534222 
0.640088 0.286008 
0.583063 0.0309235 
0.425621 0.548853 
0.617219 0.176401 
0.609082 0.144389 
0.612499 0.414795 
0.446434 0.542065 
0.532048 0.499678 
0.146047 0.57126 
0.220113 0.574714 
0.259707 0.574201 
-0.0199756 0.543935 
0.320901 0.56973 
0.290359 0.572557 
0.551751 0.485106 
0.626929 0.384142 
0.632139 0.368607 
0.638211 0.269125 
0.640893 0.302579 
-0.59969 0.00443216 
-0.177376 0.49001 
-0.589569 0.0422359 
-0.578586 0.0748978 
0.511393 0.512583 
-0.048772 0.53632 
0.0111837 0.551168 
0.07634 0.563092 
0.042568 0.55744 
0.110286 0.567655 
0.600132 0.107008 
0.59166 0.0692892 
0.181912 0.573622 
0.599065 0.435669 
0.589343 0.448219 
0.568638 0.470338 
0.579276 0.459633 
-0.249193 0.45371 
0.628674 0.221468 
0.63775 0.344318 
-0.551913 0.13666 
-0.562669 0.11388 
-0.527365 0.181784 
-0.470582 0.265216 
0.639953 0.327531 
-0.54132 0.157118 
-0.450481 0.289802 
-0.411242 0.331852 
-0.430614 0.311963 
-0.392369 0.349828 
-0.355849 0.381281 
-0.374167 0.366015 
-0.319531 0.408859 
-0.284721 0.432343 
0.394263 0.557216 
-0.267436 0.443047 
-0.209653 0.474753 
-0.141754 0.50503 
-0.116735 0.514523 
-0.090518 0.523597 
-0.302098 0.420955 
0.352227 0.565459 
-0.229976 0.464277 
0.478323 0.529375 
0.57062 -0.0179379 
0.564578 -0.0377606 
0.415201 0.551866 
0.613116 0.160418 
0.456778 0.538274 
0.436069 0.545579 
0.239915 0.574675 
0.331367 0.568466 
0.373207 0.561734 
0.275042 0.573521 
0.55751 0.480337 
0.629682 0.376426 
0.635353 0.251921 
0.61654 0.407365 
0.623765 0.392029 
0.639274 0.277555 
0.640626 0.294289 
0.634307 0.360646 
0.640878 0.310822 
0.608271 0.421919 
0.621325 0.192279 
-0.603757 -0.0145838 
-0.165579 0.495188 
-0.59495 0.0234157 
-0.573311 0.0886822 
0.500533 0.518571 
-0.188208 0.485072 
-0.337473 0.395657 
-0.0630727 0.532192 
-0.0344028 0.540235 
-0.584315 0.0586443 
-0.00442482 0.547673 
0.0594309 0.560402 
0.0268514 0.554424 
0.128152 0.56961 
0.604531 0.125731 
0.595854 0.088168 
-0.490034 0.239066 
0.0932948 0.565511 
0.58741 0.0501003 
0.201008 0.574356 
0.542051 0.492592 
0.521843 0.506322 
0.305646 0.571298 
-0.508973 0.211308 
0.16397 0.572599 
0.578408 0.0114172 
ZONE T="boundary5"
0.545323 -0.0872482 
0.553842 -0.0675243 
-0.479077 -0.492387 
-0.594692 -0.278206 
-0.452563 -0.512231 
-0.466096 -0.502984 
-0.423799 -0.526301 
-0.213995 -0.331408 
-0.569137 -0.355344 
-0.576791 -0.33572 
-0.556249 -0.384228 
-0.320794 -0.517981 
-0.599199 -0.259237 
-0.606061 -0.223227 
-0.608823 -0.204615 
-0.536451 -0.421018 
-0.311575 -0.511882 
-0.546708 -0.402955 
-0.525979 -0.437535 
-0.491587 -0.480445 
-0.366969 -0.533575 
-0.380449 -0.534287 
-0.353953 -0.53136 
-0.275569 -0.472821 
-0.270001 -0.46363 
-0.409221 -0.530719 
-0.288091 -0.489834 
-0.260035 -0.444067 
-0.264913 -0.454176 
-0.330869 -0.523353 
-0.342088 -0.52794 
-0.295247 -0.497715 
0.166468 -0.260765 
0.138792 -0.255267 
-0.302945 -0.504988 
-0.281559 -0.48153 
-0.14489 -0.253643 
-0.25543 -0.433541 
-0.250778 -0.421981 
-0.231114 -0.369246 
-0.237844 -0.387008 
-0.223613 -0.351262 
0.0162261 -0.22847 
-0.00576462 -0.225662 
-0.175755 -0.278604 
-0.160947 -0.265241 
-0.244376 -0.404914 
-0.613836 -0.148026 
-0.614318 -0.129038 
-0.43854 -0.520004 
-0.614177 -0.110009 
-0.609903 -0.0527883 
-0.60717 -0.0337172 
-0.612742 -0.166996 
-0.583503 -0.316495 
-0.61106 -0.185883 
-0.613401 -0.0909591 
0.0626148 -0.237523 
0.0870424 -0.243233 
-0.611982 -0.0719189 
0.524259 -0.125999 
0.0376623 -0.232236 
-0.589576 -0.296934 
0.111782 -0.249137 
-0.200088 -0.308219 
0.279039 -0.26838 
0.255507 -0.269201 
0.196815 -0.265446 
0.327204 -0.261844 
0.302973 -0.265994 
0.352067 -0.2556 
-0.0516637 -0.224552 
-0.113123 -0.237518 
-0.0825179 -0.228566 
0.561265 -0.0476282 
0.400401 -0.236903 
0.37664 -0.247254 
-0.514853 -0.453192 
0.511291 -0.144955 
0.496757 -0.163111 
0.480841 -0.180111 
0.444064 -0.211005 
0.463463 -0.195971 
0.535472 -0.106855 
-0.503518 -0.467339 
-0.39447 -0.533402 
0.23234 -0.268648 
0.423438 -0.224462 
-0.0283463 -0.224202 
0.549717 -0.0774425 
-0.45941 -0.507774 
-0.472674 -0.497833 
-0.573051 -0.345577 
-0.607506 -0.213933 
-0.316129 -0.515046 
-0.541678 -0.412063 
-0.551573 -0.393657 
-0.531309 -0.429357 
-0.485425 -0.486548 
-0.373681 -0.534125 
-0.360417 -0.532653 
-0.272735 -0.468284 
-0.416545 -0.528721 
-0.262433 -0.449168 
-0.336424 -0.525797 
0.15258 -0.25813 
-0.299039 -0.501441 
-0.307199 -0.508541 
-0.278511 -0.47724 
-0.257698 -0.438843 
-0.267413 -0.458953 
-0.347972 -0.52981 
-0.234539 -0.378135 
0.00524342 -0.226916 
-0.168513 -0.27171 
-0.218982 -0.341264 
-0.253075 -0.427799 
-0.24755 -0.413504 
-0.614154 -0.138535 
-0.445621 -0.516303 
-0.614326 -0.119526 
-0.608618 -0.0432441 
-0.613364 -0.157519 
0.0748207 -0.240336 
-0.611024 -0.0623449 
-0.611973 -0.176448 
0.0501426 -0.234784 
-0.612772 -0.0814363 
-0.610009 -0.195261 
-0.592211 -0.287597 
0.0993891 -0.24619 
-0.580228 -0.326145 
-0.153079 -0.259222 
-0.227467 -0.360232 
0.026955 -0.230246 
0.267269 -0.268972 
0.181581 -0.263297 
0.291019 -0.26739 
0.339695 -0.25897 
-0.241126 -0.395994 
-0.129369 -0.244761 
-0.0979734 -0.232389 
0.388632 -0.242326 
-0.520513 -0.445458 
0.488969 -0.171762 
0.453923 -0.203682 
0.504201 -0.154168 
-0.562895 -0.369908 
0.51795 -0.135592 
0.540549 -0.0971252 
0.530027 -0.116518 
0.557671 -0.0576191 
-0.613868 -0.100481 
-0.431226 -0.523363 
-0.586623 -0.306749 
-0.509279 -0.460365 
-0.497647 -0.474008 
-0.597023 -0.268745 
-0.387451 -0.534049 
-0.602876 -0.241295 
0.433891 -0.217939 
-0.207364 -0.319632 
-0.0170407 -0.224733 
-0.0400051 -0.224118 
0.412056 -0.230925 
0.472314 -0.188208 
-0.0671494 -0.22601 
0.125248 -0.252262 
-0.284771 -0.485757 
-0.291613 -0.493858 
-0.325776 -0.520796 
-0.401859 -0.532282 
0.243908 -0.269086 
0.214514 -0.267377 
0.315122 -0.264141 
-0.188602 -0.292825 
0.364441 -0.251682 
