ZONE T="boundary0"
-4 -0.321143 
-4 0.0344876 
-4 -0.077264 
-4 0.35845 
-4 1 
-4 -0.184532 
-4 -0.130898 
-4 -0.253505 
-4 -0.613949 
-4 -1 
-4 0.535258 
-4 0.446854 
-4 -0.370872 
-4 -0.4206 
-4 0.249894 
-4 0.767629 
-4 0.651444 
-4 0.215342 
-4 -0.517275 
-4 0.0903634 
-4 0.321448 
-4 0.284445 
-4 0.146239 
-4 0.180791 
-4 -0.0213882 
-4 -0.157715 
-4 -0.219019 
-4 -0.806974 
-4 0.491056 
-4 -0.287324 
-4 -0.395736 
-4 0.709536 
-4 0.232618 
-4 -0.104081 
-4 -0.468938 
-4 0.0624255 
-4 0.883815 
-4 0.302947 
-4 0.26717 
-4 0.163515 
-4 0.198067 
-4 0.118301 
-4 -0.346007 
-4 0.402652 
-4 0.593351 
-4 0.339949 
-4 -0.565612 
ZONE T="boundary1"
-4 1 
-3.81351 1 
0.936938 1 
0.833359 1 
3.59917 1 
3.79958 1 
2.05284 1 
1.86004 1 
1.14445 1 
1.04069 1 
1.44167 1 
1.34201 1 
0.729779 1 
-1.34909 1 
1.54132 1 
3.07061 1 
2.85525 1 
3.33489 1 
2.24565 1 
2.44277 1 
-2.62703 1 
0.115277 1 
-0.0243973 1 
-1.12891 1 
0.0454399 1 
-0.158187 1 
-0.0912921 1 
-0.217341 1 
-0.425384 1 
-0.558977 1 
-0.35094 1 
-0.91122 1 
-0.801895 1 
-0.625773 1 
-0.692569 1 
0.362027 1 
0.627617 1 
0.525455 1 
-1.239 1 
-1.5885 1 
-1.46879 1 
-3.42549 1 
-3.62701 1 
1.70068 1 
-2.9255 1 
2.63989 1 
-2.06299 1 
-1.88453 1 
4 1 
-1.73651 1 
-2.24144 1 
-3.07473 1 
-0.276496 1 
-1.02007 1 
-0.965644 1 
0.416503 1 
0.163345 1 
0.211414 1 
0.259482 1 
0.307551 1 
-3.22397 1 
-2.43424 1 
-3.90675 1 
0.885149 1 
3.69937 1 
1.95644 1 
1.09257 1 
1.39184 1 
1.4915 1 
2.34421 1 
0.0803584 1 
-0.12474 1 
-0.187764 1 
-0.49218 1 
-0.856558 1 
-0.659171 1 
0.576536 1 
-1.29405 1 
-1.52865 1 
3.46703 1 
0.781569 1 
0.988816 1 
1.78036 1 
1.621 1 
-2.77627 1 
1.24323 1 
3.20275 1 
2.14925 1 
2.54133 1 
-1.97376 1 
2.96293 1 
2.74757 1 
3.89979 1 
-3.72026 1 
-1.81052 1 
-2.15222 1 
-3.00012 1 
-0.246918 1 
-0.0578447 1 
-0.592375 1 
-0.747232 1 
-0.992856 1 
0.0105213 1 
0.678698 1 
0.18738 1 
0.139311 1 
0.235448 1 
0.389265 1 
0.470979 1 
0.334789 1 
0.283517 1 
-0.388162 1 
-0.938432 1 
-0.313718 1 
-3.32473 1 
-1.07449 1 
-1.18396 1 
-3.52625 1 
-3.14935 1 
-2.33784 1 
-1.40894 1 
-1.66251 1 
-2.53064 1 
ZONE T="boundary2"
4 -0.2655 
4 -0.308373 
4 -0.667033 
4 0.0961843 
4 -0.00383974 
4 -1 
4 -0.57277 
4 -0.478508 
4 0.601014 
4 0.73401 
4 0.468019 
4 0.867005 
4 0.163234 
4 0.204393 
4 0.245552 
4 0.297742 
4 0.271647 
4 0.323837 
4 0.349933 
4 0.408976 
4 -0.163246 
4 -0.192937 
4 -0.103864 
4 -0.39344 
4 1 
4 -0.222628 
4 -0.286936 
4 0.0461723 
4 -0.833516 
4 -0.525639 
4 0.667512 
4 0.534517 
4 0.129709 
4 0.224972 
4 0.284695 
4 0.183813 
4 0.336885 
4 0.379454 
4 0.438498 
4 -0.0538518 
4 -0.619901 
4 0.933502 
4 -0.435974 
4 0.800507 
4 0.258599 
4 -0.350907 
4 0.31079 
4 -0.244064 
4 -0.133555 
4 -0.178091 
4 -0.207782 
ZONE T="boundary3"
-3.82049 -1 
-0.0738374 -1 
-1.18659 -1 
-0.203678 -1 
4 -1 
-0.954722 -1 
-0.512473 -1 
0.0395737 -1 
0.103528 -1 
2.09212 -1 
1.69207 -1 
1.87909 -1 
-0.723212 -1 
-0.838967 -1 
-1.40791 -1 
-2.36677 -1 
-3.64097 -1 
-3.2104 -1 
-1.63358 -1 
-1.79871 -1 
2.92789 -1 
2.46083 -1 
3.18022 -1 
-1.96385 -1 
-2.16531 -1 
-2.95652 -1 
-2.66164 -1 
-4 -1 
3.71628 -1 
3.43256 -1 
-0.138758 -1 
0.301801 -1 
-0.0171319 -1 
0.167482 -1 
0.387604 -1 
0.344703 -1 
-0.617842 -1 
-0.30915 -1 
-0.410812 -1 
0.234641 -1 
1.02321 -1 
1.10965 -1 
0.473408 -1 
0.565458 -1 
0.797133 -1 
-1.07066 -1 
-1.29725 -1 
1.50504 -1 
1.4226 -1 
1.59855 -1 
1.22491 -1 
1.34016 -1 
2.61652 -1 
-3.08346 -1 
2.30515 -1 
2.7722 -1 
0.936758 -1 
0.866945 -1 
0.657508 -1 
0.0715507 -1 
1.78558 -1 
-0.78109 -1 
-0.896845 -1 
-3.42569 -1 
-1.71615 -1 
3.05405 -1 
-2.06458 -1 
-2.80908 -1 
-3.73073 -1 
3.85814 -1 
3.57442 -1 
-0.106298 -1 
0.0112209 -1 
0.135505 -1 
-0.0454846 -1 
0.366154 -1 
-0.670527 -1 
-0.359981 -1 
-0.256414 -1 
-0.461642 -1 
0.268221 -1 
1.06643 -1 
0.430506 -1 
-0.565158 -1 
-1.01269 -1 
-1.12862 -1 
-1.24192 -1 
-1.35258 -1 
-1.52075 -1 
1.46382 -1 
1.5518 -1 
1.28254 -1 
1.16728 -1 
1.64531 -1 
1.38138 -1 
-3.01999 -1 
-1.88128 -1 
-2.51421 -1 
1.98561 -1 
2.19863 -1 
3.30639 -1 
-3.14693 -1 
-2.26604 -1 
-3.91024 -1 
2.69436 -1 
0.201062 -1 
0.323252 -1 
-0.171218 -1 
0.979982 -1 
0.901852 -1 
0.519433 -1 
0.611483 -1 
0.72732 -1 
0.832039 -1 
2.38299 -1 
2.53867 -1 
2.85004 -1 
ZONE T="boundary4"
0.39103 0.336133 
0.414629 0.327673 
-0.341181 0.39744 
-0.637458 0.0758927 
-0.635862 0.014596 
-0.379909 0.390786 
-0.360999 0.394504 
-0.62411 0.156898 
0.642693 0.0714545 
-0.637455 0.0349005 
-0.637999 0.0553527 
0.646509 0.0308859 
0.645378 0.0512679 
-0.571383 0.267345 
-0.482285 0.350212 
-0.635806 0.0964077 
-0.633025 0.116838 
-0.618613 0.174615 
-0.629122 0.137029 
-0.60555 0.207748 
-0.61241 0.191539 
-0.561095 0.280903 
-0.497183 0.340509 
-0.580986 0.253167 
-0.597949 0.223547 
-0.549842 0.294135 
0.62345 0.135086 
-0.537915 0.306647 
-0.525035 0.318691 
0.605762 0.16937 
-0.450498 0.367187 
-0.466618 0.359166 
0.612325 0.157828 
-0.511539 0.329918 
-0.433825 0.374343 
-0.41635 0.38072 
-0.398564 0.386143 
0.638437 0.0915044 
-0.589805 0.238597 
-0.321156 0.399517 
-0.300142 0.400847 
-0.278419 0.401427 
-0.134896 0.393298 
-0.108366 0.390902 
-0.21093 0.399387 
-0.233792 0.400601 
-0.186187 0.397659 
0.632626 0.111307 
-0.256633 0.401321 
0.436694 0.318451 
-0.161465 0.395643 
0.644189 -0.00987425 
0.341344 0.350042 
0.315358 0.355587 
0.367152 0.343416 
0.518374 0.269147 
0.536682 0.253516 
0.499248 0.283362 
0.458315 0.307984 
0.0392028 0.379847 
0.0700509 0.378161 
0.101646 0.376525 
0.196248 0.370765 
0.16474 0.37299 
0.258038 0.364608 
0.286756 0.360578 
0.598769 0.18059 
0.646102 0.0105559 
0.553888 0.236752 
0.584786 0.20054 
0.56978 0.219241 
0.47911 0.296354 
-0.0799486 0.388389 
-0.051599 0.386028 
-0.0216218 0.383748 
0.00826234 0.381716 
0.227173 0.368046 
0.133185 0.374853 
0.402883 0.332052 
-0.370477 0.392758 
-0.637861 0.0451234 
0.646138 0.0410874 
-0.636772 0.086162 
-0.634557 0.106643 
-0.637866 0.0656269 
-0.621474 0.165792 
-0.626755 0.146999 
-0.609078 0.199685 
-0.566331 0.274194 
-0.489805 0.345468 
-0.601844 0.215693 
-0.615616 0.183116 
-0.576278 0.260319 
-0.555562 0.287599 
-0.531563 0.312762 
-0.543968 0.300475 
-0.458615 0.363291 
0.609103 0.163633 
0.618125 0.146573 
-0.518368 0.324402 
-0.425132 0.377652 
-0.407493 0.383549 
-0.442212 0.370881 
-0.585486 0.245937 
-0.310656 0.400283 
-0.289284 0.40123 
-0.474517 0.354803 
-0.351108 0.396086 
-0.33118 0.398583 
-0.12163 0.3921 
-0.222358 0.400048 
-0.245211 0.401031 
0.425722 0.323208 
-0.173823 0.396679 
0.640758 0.0815199 
-0.631215 0.126962 
-0.389267 0.388584 
-0.267526 0.401453 
0.328377 0.35294 
0.379132 0.339911 
0.52766 0.261486 
0.508931 0.276415 
0.447579 0.313373 
0.0546267 0.378987 
-0.636788 0.0247385 
0.0858498 0.377339 
0.180498 0.371934 
0.272411 0.362702 
0.628305 0.123299 
-0.504439 0.335319 
0.635719 0.101461 
0.60232 0.175014 
0.646495 0.0207168 
-0.593966 0.231121 
-0.198555 0.398567 
0.354283 0.34687 
-0.148178 0.394485 
-0.0657738 0.387187 
-0.0941572 0.389632 
-0.00668003 0.382702 
0.0237323 0.380754 
0.211717 0.369483 
0.242616 0.366428 
0.148965 0.373956 
0.301079 0.358213 
-0.036611 0.384858 
0.117417 0.375703 
0.644229 0.0613866 
0.64533 0.000323341 
0.577429 0.210007 
0.561964 0.228115 
0.468801 0.302328 
0.489284 0.290022 
0.545417 0.245271 
0.591947 0.190684 
ZONE T="boundary5"
-0.37439 -0.377139 
-0.559591 -0.191442 
-0.548187 -0.208388 
-0.635862 0.014596 
-0.633258 -0.00552139 
-0.321239 -0.409155 
-0.339575 -0.39879 
-0.629685 -0.0253943 
-0.483559 -0.287215 
-0.469124 -0.301602 
-0.625189 -0.0449756 
-0.598613 -0.120453 
-0.606484 -0.102021 
-0.619796 -0.0642981 
-0.613554 -0.0833017 
-0.570411 -0.174121 
-0.454293 -0.315429 
-0.242073 -0.446824 
-0.263128 -0.437846 
-0.283007 -0.428703 
0.615112 -0.1098 
0.623182 -0.0900475 
-0.302621 -0.419009 
-0.357135 -0.388208 
-0.126706 -0.484448 
0.0682918 -0.509146 
-0.510916 -0.25697 
-0.175327 -0.470848 
-0.198162 -0.463354 
-0.220771 -0.455202 
-0.151117 -0.478011 
-0.497485 -0.272344 
-0.536255 -0.22496 
-0.523828 -0.241164 
-0.391088 -0.365748 
0.64084 -0.030182 
-0.423426 -0.341565 
-0.40745 -0.353883 
-0.439021 -0.328772 
0.562579 -0.212922 
0.548983 -0.237417 
-0.589986 -0.138562 
0.630236 -0.0702255 
-0.580538 -0.156525 
0.0380954 -0.508407 
-0.0199098 -0.503783 
0.00906167 -0.506612 
-0.0748946 -0.49559 
-0.0474635 -0.500139 
-0.100884 -0.490422 
0.190422 -0.499346 
0.0984666 -0.508697 
0.159854 -0.503876 
0.12925 -0.50696 
0.277882 -0.477132 
0.249862 -0.485893 
0.33078 -0.455524 
0.304628 -0.467102 
0.40867 -0.40808 
0.384645 -0.425104 
0.431738 -0.389266 
0.454325 -0.368095 
0.492318 -0.324906 
0.47569 -0.345114 
0.358097 -0.441309 
0.508088 -0.303582 
0.574775 -0.190574 
0.644189 -0.00987425 
0.521845 -0.283073 
0.596732 -0.148798 
0.586749 -0.168159 
0.535002 -0.261713 
0.606292 -0.129256 
0.636156 -0.0502884 
0.220588 -0.493334 
-0.553959 -0.199962 
-0.634685 0.00452151 
-0.330443 -0.404037 
-0.476403 -0.29447 
-0.602645 -0.111278 
-0.622603 -0.0546674 
-0.61012 -0.0926992 
-0.273099 -0.433343 
0.619251 -0.0999658 
-0.292848 -0.423925 
-0.348391 -0.39356 
-0.252633 -0.44241 
-0.209496 -0.45936 
-0.365802 -0.382734 
-0.504266 -0.264715 
-0.530102 -0.233109 
-0.542284 -0.21672 
-0.399312 -0.359875 
-0.415484 -0.347783 
-0.44671 -0.322161 
-0.431272 -0.335228 
0.555809 -0.225184 
-0.138936 -0.48132 
-0.575556 -0.16537 
-0.163249 -0.47452 
-0.58535 -0.14759 
0.0531906 -0.508922 
-0.00543611 -0.505325 
-0.0337014 -0.502075 
-0.0879093 -0.493107 
-0.61678 -0.0738343 
0.14457 -0.505591 
0.113868 -0.507994 
0.263932 -0.481705 
0.291326 -0.472306 
0.443215 -0.378878 
0.484138 -0.335121 
0.465201 -0.356787 
0.626832 -0.0801802 
0.3968 -0.416794 
0.344557 -0.448644 
-0.490587 -0.27984 
0.500336 -0.314343 
0.568695 -0.201757 
0.642687 -0.0200567 
0.515074 -0.2934 
-0.517435 -0.249118 
0.591783 -0.158499 
0.580796 -0.179383 
0.528517 -0.272451 
-0.631592 -0.0154791 
0.610783 -0.119565 
0.601574 -0.139057 
0.638656 -0.040272 
-0.594391 -0.129551 
-0.311963 -0.414146 
-0.461765 -0.308576 
-0.38278 -0.371503 
-0.565077 -0.182829 
0.633338 -0.0602989 
-0.113818 -0.487536 
-0.231452 -0.451088 
-0.186772 -0.467183 
0.083382 -0.509073 
0.235275 -0.489808 
0.205544 -0.496532 
-0.0611974 -0.497977 
0.542064 -0.249606 
0.175166 -0.501795 
0.31779 -0.461507 
0.420363 -0.39887 
0.0235709 -0.50764 
-0.627552 -0.0352111 
0.371511 -0.433438 
