ZONE T="boundary0"
-4 -0.573793 
-4 -0.276895 
-4 -0.211873 
-4 0.187365 
-4 0.21623 
-4 0.405712 
-4 0.575059 
-4 0.474326 
-4 0.675792 
-4 0.837896 
-4 -0.08077 
-4 -0.146322 
-4 1 
-4 -0.344805 
-4 -0.412714 
-4 0.0100005 
-4 -0.493254 
-4 0.1585 
-4 0.276664 
-4 0.129636 
-4 0.246447 
-4 0.337098 
-4 0.371405 
-4 0.100771 
-4 0.0553857 
-4 -0.786897 
-4 -0.875 
-4 -1 
-4 -0.244384 
-4 0.201798 
-4 0.524692 
-4 0.756844 
-4 -0.179098 
-4 0.918948 
-4 -0.378759 
-4 -0.113546 
-4 -0.0353848 
-4 -0.533524 
-4 0.172933 
-4 0.144068 
-4 0.231338 
-4 0.306881 
-4 0.625425 
-4 -0.31085 
-4 0.261555 
-4 0.0780783 
-4 0.115203 
-4 0.440019 
-4 0.354251 
-4 0.0326931 
-4 -0.452984 
-4 -0.680345 
-4 -0.830948 
-4 0.388558 
-4 -0.9375 
ZONE T="boundary1"
-3.23579 1 
-3.3955 1 
-3.08798 1 
1.795 1 
1.63019 1 
3.73475 1 
0.202693 1 
0.369426 1 
0.480691 1 
0.705913 1 
0.591956 1 
1.49507 1 
-1.02396 1 
1.04051 1 
1.14939 1 
-3.7776 1 
-4 1 
-2.73484 1 
-2.94017 1 
1.9598 1 
-1.78303 1 
-2.5295 1 
3.60213 1 
3.46951 1 
2.93902 1 
2.69533 1 
2.45164 1 
2.20572 1 
-0.3273 1 
0.0214335 1 
-0.0368078 1 
-0.600581 1 
0.312126 1 
0.150561 1 
0.254826 1 
0.0859971 1 
0.931636 1 
0.818775 1 
-0.095049 1 
-0.808035 1 
-0.704308 1 
1.25467 1 
1.35995 1 
-0.511083 1 
-1.13858 1 
-1.2532 1 
-0.915998 1 
-3.55521 1 
-1.9514 1 
-1.50437 1 
-1.37879 1 
-1.6437 1 
-2.11977 1 
-2.32463 1 
4 1 
-0.164032 1 
-0.233015 1 
-0.421586 1 
-3.31564 1 
-3.16188 1 
1.71259 1 
0.425058 1 
0.648935 1 
1.09495 1 
-3.8888 1 
-2.8375 1 
3.20426 1 
2.57348 1 
-2.63217 1 
-0.00768712 1 
0.176627 1 
0.283476 1 
0.340776 1 
0.0537153 1 
0.22876 1 
0.536324 1 
0.762344 1 
-0.756171 1 
-0.652444 1 
0.986074 1 
0.875205 1 
1.20203 1 
1.56263 1 
1.42751 1 
-1.19589 1 
1.30731 1 
1.8774 1 
3.53582 1 
-3.47535 1 
2.08276 1 
2.81717 1 
-1.86722 1 
-1.71337 1 
-2.03558 1 
-2.2222 1 
3.86738 1 
3.66844 1 
-3.66641 1 
-2.42707 1 
-3.01407 1 
-0.198523 1 
-0.12954 1 
0.118279 1 
-0.280157 1 
-0.374443 1 
-0.466334 1 
-1.08127 1 
-0.555832 1 
-0.96998 1 
-0.862017 1 
-1.57404 1 
-1.316 1 
-1.44158 1 
-0.0659284 1 
2.32868 1 
ZONE T="boundary2"
4 -0.364755 
4 -0.307253 
4 -0.238285 
4 0.385548 
4 0.322015 
4 0.764987 
4 -0.131026 
4 -0.0873614 
4 -0.422258 
4 0.258482 
4 -0.627084 
4 -1 
4 -0.174691 
4 0.0169716 
4 0.121305 
4 0.529975 
4 -0.0351949 
4 0.189893 
4 0.457761 
4 -0.813542 
4 1 
4 -0.336004 
4 -0.272769 
4 0.353781 
4 -0.109194 
4 0.290248 
4 -0.206488 
4 0.0691381 
4 0.647481 
4 -0.393507 
4 -0.524671 
4 -0.0612782 
4 0.224188 
4 0.493868 
4 -0.720313 
4 -0.906771 
4 0.882494 
4 -0.152859 
4 -0.00911166 
4 0.421654 
4 0.155599 
ZONE T="boundary3"
-3.5758 -1 
-1.73789 -1 
-1.34948 -1 
-0.736069 -1 
-0.2796 -1 
-1.25739 -1 
-0.164234 -1 
-0.325538 -1 
0.637225 -1 
1.86528 -1 
2.05199 -1 
-0.425315 -1 
1.19102 -1 
1.088 -1 
-0.841128 -1 
1.30029 -1 
4 -1 
3.64831 -1 
2.51433 -1 
2.7502 -1 
-3.06581 -1 
-2.82892 -1 
-3.32081 -1 
3.47246 -1 
2.98606 -1 
-2.17516 -1 
-2.38359 -1 
-1.95652 -1 
-1.49321 -1 
0.0370437 -1 
-0.0288812 -1 
-0.233662 -1 
-0.0948062 -1 
0.10004 -1 
0.163036 -1 
-0.630581 -1 
-0.525092 -1 
0.238681 -1 
0.314326 -1 
0.415892 -1 
0.984977 -1 
0.870984 -1 
0.517457 -1 
-1.42135 -1 
-1.05575 -1 
-0.946187 -1 
-1.16531 -1 
-3.89395 -1 
-3.7879 -1 
0.756992 -1 
-2.59203 -1 
1.40956 -1 
1.54407 -1 
1.67857 -1 
3.29662 -1 
2.28316 -1 
-4 -1 
1.95864 -1 
-0.375426 -1 
1.13951 -1 
-0.788599 -1 
3.82415 -1 
2.63226 -1 
-3.4483 -1 
3.56038 -1 
2.86813 -1 
-2.27938 -1 
-1.84721 -1 
0.00408125 -1 
-0.256631 -1 
-0.302569 -1 
-0.12952 -1 
-0.198948 -1 
0.131538 -1 
-0.475203 -1 
-0.577836 -1 
-0.683325 -1 
0.200858 -1 
0.92798 -1 
0.466674 -1 
0.365109 -1 
-1.38541 -1 
-1.00097 -1 
-1.30344 -1 
-1.21135 -1 
-1.45728 -1 
-0.893657 -1 
-1.61555 -1 
-3.84092 -1 
0.813988 -1 
-2.94737 -1 
-2.71048 -1 
-3.19331 -1 
-2.48781 -1 
1.35493 -1 
1.24566 -1 
1.47682 -1 
1.61132 -1 
3.14134 -1 
3.38454 -1 
-2.06584 -1 
1.77193 -1 
2.16758 -1 
2.39875 -1 
-0.0618437 -1 
0.0685418 -1 
0.276504 -1 
0.577341 -1 
0.697108 -1 
1.03649 -1 
-1.11053 -1 
-3.68185 -1 
-3.94697 -1 
ZONE T="boundary4"
-0.309035 0.365317 
-0.135341 0.416263 
-0.109376 0.421669 
0.655564 0.0231491 
-0.567017 0.185221 
-0.632493 0.038621 
-0.635241 0.0215629 
-0.628881 0.0555019 
0.636575 0.13143 
0.626846 0.156091 
-0.409545 0.319277 
-0.619149 0.0884459 
0.645017 0.104559 
-0.63812 -0.0126895 
-0.439956 0.301296 
-0.637113 0.0044441 
-0.289908 0.372387 
-0.270662 0.379078 
0.58208 0.238529 
0.571105 0.254579 
0.592462 0.22208 
-0.624417 0.0721528 
-0.607007 0.118407 
-0.613418 0.103598 
-0.600606 0.131569 
-0.593664 0.144466 
-0.517674 0.240706 
-0.554615 0.201004 
-0.541504 0.216179 
-0.578823 0.168546 
-0.183954 0.404709 
-0.159702 0.41071 
-0.529325 0.229151 
0.653716 -0.00388916 
-0.494263 0.261728 
-0.4547 0.291623 
-0.469114 0.281453 
-0.424881 0.310515 
-0.481852 0.271801 
-0.393807 0.327696 
-0.377864 0.335697 
-0.326872 0.35831 
-0.3613 0.343506 
-0.344572 0.350924 
-0.249906 0.385855 
-0.229043 0.392242 
-0.206551 0.398681 
-0.0833039 0.42657 
-0.0281399 0.435177 
0.365653 0.406246 
0.335781 0.416205 
0.545432 0.287024 
0.525944 0.307616 
0.478636 0.347342 
0.451825 0.365086 
0.503031 0.328411 
0.616429 0.178589 
0.15088 0.444937 
0.120202 0.44546 
0.0895526 0.445008 
0.059587 0.443681 
0.244068 0.436597 
0.274949 0.43126 
0.213054 0.440592 
0.181994 0.443341 
0.0297007 0.441533 
0.563476 0.264941 
0.000726984 0.438702 
0.604879 0.200661 
0.655453 0.0367226 
0.65467 0.0502488 
0.651103 0.0775041 
0.305556 0.424493 
-0.0557778 0.431167 
0.395107 0.394467 
0.423894 0.38078 
-0.505637 0.251861 
-0.122372 0.419029 
-0.633976 0.0301089 
0.631909 0.143837 
0.641061 0.118076 
-0.637723 -0.00411701 
-0.2803 0.375778 
0.576672 0.246608 
-0.630795 0.047084 
-0.626755 0.0638553 
-0.610299 0.111039 
-0.616373 0.0960554 
-0.597201 0.138053 
-0.548145 0.208665 
-0.586473 0.156646 
-0.603875 0.125021 
-0.171842 0.407766 
-0.535476 0.222722 
0.654987 0.00960277 
-0.461951 0.286601 
-0.417244 0.314951 
-0.38586 0.331747 
-0.447367 0.29652 
-0.317971 0.361859 
-0.352956 0.347262 
-0.369605 0.339652 
-0.621886 0.080332 
-0.239488 0.389096 
-0.217812 0.395513 
-0.147534 0.413542 
-0.195266 0.401746 
-0.0963522 0.424183 
-0.299489 0.368901 
-0.636285 0.0130147 
0.350787 0.411436 
0.535876 0.297499 
0.465396 0.356466 
0.491012 0.338107 
0.621784 0.167407 
0.135542 0.445324 
0.0745637 0.44445 
-0.2603 0.382516 
0.259537 0.434101 
0.166443 0.444278 
0.197536 0.442115 
-0.013718 0.437024 
-0.335741 0.354666 
0.61078 0.18969 
0.598782 0.211435 
-0.401704 0.32354 
0.65321 0.063916 
0.655145 0.0434898 
0.655594 0.0299357 
0.567329 0.259789 
0.290293 0.428061 
0.320722 0.420546 
0.514691 0.318239 
0.0152039 0.440207 
0.0446351 0.442707 
-0.0419707 0.433247 
0.409612 0.38786 
0.554652 0.276145 
0.104874 0.445352 
-0.0695536 0.428941 
0.228581 0.438755 
0.437997 0.37318 
0.380469 0.400581 
-0.511703 0.246335 
-0.432453 0.305964 
0.587341 0.230349 
-0.560911 0.193187 
-0.573029 0.17696 
0.648356 0.0910956 
-0.499989 0.25684 
-0.523548 0.234978 
-0.475523 0.276679 
-0.488099 0.266818 
ZONE T="boundary5"
-0.576183 -0.234193 
0.466331 -0.266971 
0.441465 -0.285667 
-0.262223 -0.467256 
-0.24068 -0.472739 
-0.519808 -0.310822 
-0.636139 -0.0636142 
-0.637606 -0.0467801 
-0.638276 -0.0297908 
0.641835 -0.0563504 
0.649112 -0.0304673 
-0.627255 -0.113003 
0.619698 -0.105688 
0.631982 -0.0814573 
-0.633902 -0.0802899 
-0.507096 -0.324408 
-0.493968 -0.337431 
-0.630931 -0.0967521 
-0.605987 -0.175933 
-0.617862 -0.144955 
-0.283548 -0.460947 
-0.340977 -0.439244 
-0.358832 -0.43097 
-0.303323 -0.454276 
-0.322845 -0.446877 
-0.375559 -0.422496 
-0.144345 -0.487171 
-0.169333 -0.484939 
-0.194213 -0.481686 
-0.217532 -0.477676 
-0.480375 -0.349966 
-0.466537 -0.361842 
-0.63812 -0.0126895 
-0.539986 -0.286917 
-0.437795 -0.384006 
-0.391988 -0.41345 
-0.452291 -0.373224 
-0.407626 -0.404131 
-0.422941 -0.394285 
0.57648 -0.165845 
0.588748 -0.151165 
0.637219 -0.0690153 
0.653716 -0.00388916 
-0.558834 -0.261323 
-0.118582 -0.488419 
0.512987 -0.22834 
0.531481 -0.211678 
-0.0914766 -0.488604 
-0.00806893 -0.482157 
-0.0643864 -0.487659 
-0.0361785 -0.485494 
0.0204394 -0.477586 
0.25406 -0.397708 
0.0492871 -0.47176 
0.0784041 -0.464671 
0.107747 -0.456321 
0.13727 -0.446722 
0.48998 -0.247971 
0.166978 -0.435883 
0.309603 -0.368779 
0.282003 -0.383577 
0.196368 -0.424037 
0.225383 -0.411289 
0.363491 -0.337484 
0.336745 -0.35342 
0.389968 -0.320865 
0.651755 -0.0172546 
0.605126 -0.129045 
0.56322 -0.180421 
0.549447 -0.194502 
0.415953 -0.303633 
-0.591973 -0.205717 
0.453978 -0.276417 
-0.251477 -0.4701 
-0.636971 -0.0552062 
-0.638043 -0.03829 
0.645801 -0.043505 
0.626118 -0.093718 
-0.635116 -0.0719653 
-0.500592 -0.33098 
-0.629181 -0.104898 
-0.612223 -0.160559 
-0.272916 -0.464204 
-0.349941 -0.435187 
-0.293466 -0.457702 
-0.156851 -0.486181 
-0.205892 -0.479796 
-0.229131 -0.475323 
-0.313118 -0.450667 
-0.487228 -0.34376 
-0.530091 -0.299034 
-0.383812 -0.418044 
-0.459464 -0.367595 
-0.445089 -0.378677 
-0.415325 -0.399273 
-0.473508 -0.355965 
0.582695 -0.158574 
-0.399846 -0.408857 
-0.331945 -0.443141 
0.639605 -0.0627123 
-0.638303 -0.0212397 
-0.567724 -0.247896 
-0.131471 -0.487927 
0.52229 -0.220069 
-0.105031 -0.488655 
-0.0779277 -0.488271 
0.0348893 -0.474818 
0.0638767 -0.468358 
0.122548 -0.451657 
0.501556 -0.238235 
0.152168 -0.441432 
-0.367231 -0.426805 
0.295848 -0.376258 
0.21092 -0.417771 
0.350166 -0.345526 
0.376783 -0.329251 
-0.430411 -0.389209 
0.650518 -0.0238789 
0.59714 -0.140258 
0.569922 -0.173199 
0.556392 -0.187519 
0.634675 -0.0752689 
0.612658 -0.117524 
-0.632508 -0.088538 
-0.549625 -0.274278 
-0.513516 -0.317675 
0.652821 -0.0105854 
0.540536 -0.203165 
-0.18179 -0.483441 
0.478233 -0.25756 
0.006206 -0.480016 
-0.0221087 -0.48397 
0.268076 -0.390729 
0.239767 -0.404596 
0.403021 -0.312331 
0.0931117 -0.460636 
-0.0502729 -0.486725 
0.428779 -0.294742 
0.32322 -0.361174 
-0.584303 -0.22008 
-0.622889 -0.129078 
-0.599241 -0.190948 
0.181718 -0.430079 
