ZONE T="boundary0"
-4 -0.241605 
-4 0.206163 
-4 -0.177901 
-4 0.465004 
-4 0.598753 
-4 0.732502 
-4 -1 
-4 1 
-4 -0.703165 
-4 -0.851583 
-4 -0.305309 
-4 -0.366165 
-4 -0.42702 
-4 -0.0916588 
-4 -0.0096235 
-4 0.0724118 
-4 -0.565093 
-4 0.139287 
-4 0.393933 
-4 0.322861 
-4 0.264512 
-4 -0.209753 
-4 0.531879 
-4 0.866251 
-4 -0.777374 
-4 -0.273457 
-4 -0.396592 
-4 -0.13478 
-4 -0.0506411 
-4 0.0313941 
-4 -0.634129 
-4 0.10585 
-4 0.293687 
-4 0.358397 
-4 0.429468 
-4 0.665628 
-4 -0.925791 
-4 -0.335737 
-4 0.172725 
-4 -0.496056 
-4 0.235338 
ZONE T="boundary1"
0.144421 1 
-0.0410851 1 
-0.105084 1 
-0.302273 1 
0.0836676 1 
-3.44367 1 
-3.2263 1 
0.47574 1 
0.382391 1 
-1.0452 1 
-0.939644 1 
-2.83896 1 
3.76946 1 
1.05839 1 
0.939575 1 
3.53891 1 
-2.33927 1 
-2.1683 1 
-4 1 
-3.72184 1 
-2.66899 1 
3.07783 1 
3.30837 1 
-1.52668 1 
0.289043 1 
0.0229142 1 
-0.23852 1 
-0.171802 1 
-0.366027 1 
-0.494558 1 
-0.578114 1 
-0.661671 1 
0.335717 1 
0.816333 1 
0.693091 1 
0.584415 1 
-0.747879 1 
-0.834087 1 
-1.16427 1 
-1.28333 1 
-1.64434 1 
-1.762 1 
-1.405 1 
1.44936 1 
1.1772 1 
1.31328 1 
1.80837 1 
1.62887 1 
1.53911 1 
-1.87966 1 
-1.99732 1 
4 1 
1.98854 1 
-3.00892 1 
2.81477 1 
2.36021 1 
2.16872 1 
2.55171 1 
0.216732 1 
-0.0730848 1 
-3.33499 1 
0.429066 1 
-0.992422 1 
0.998982 1 
-2.25378 1 
-3.86092 1 
-2.50413 1 
3.1931 1 
-0.00908545 1 
-0.205161 1 
0.0532909 1 
-0.138443 1 
-0.33415 1 
-0.270397 1 
-0.430292 1 
-0.536336 1 
-0.619892 1 
0.31238 1 
0.754712 1 
0.530078 1 
-0.886866 1 
-0.704775 1 
-1.10473 1 
-1.2238 1 
-1.70317 1 
-1.46584 1 
-1.34417 1 
0.638753 1 
1.1178 1 
1.38132 1 
1.24524 1 
1.71862 1 
1.49424 1 
-1.93849 1 
-3.58276 1 
3.65419 1 
3.88473 1 
-2.92394 1 
-2.75397 1 
-3.11761 1 
3.42364 1 
2.9463 1 
2.07863 1 
2.26446 1 
2.45596 1 
1.89846 1 
2.68324 1 
-2.08281 1 
0.114044 1 
0.252887 1 
0.180576 1 
-0.790983 1 
0.359054 1 
-1.58551 1 
-1.82083 1 
0.877954 1 
1.58399 1 
ZONE T="boundary2"
4 -0.510496 
4 -1 
4 -0.71404 
4 -0.314533 
4 -0.285286 
4 -0.213656 
4 0.160889 
4 0.230339 
4 0.280763 
4 0.321675 
4 0.362587 
4 -0.249471 
4 0.0257332 
4 -0.612268 
4 0.0933109 
4 -0.402272 
4 0.415916 
4 0.469244 
4 -0.115752 
4 0.734622 
4 1 
4 0.601933 
4 -0.343779 
4 -0.164704 
4 -0.85702 
4 -0.29991 
4 0.195614 
4 0.255551 
4 0.342131 
4 -0.231564 
4 -0.561382 
4 0.1271 
4 -0.456384 
4 0.389252 
4 0.44258 
4 -0.0450094 
4 0.059522 
4 -0.663154 
4 0.867311 
4 0.668278 
4 -0.267379 
4 -0.329156 
4 -0.373026 
4 -0.18918 
4 -0.140228 
4 0.301219 
4 0.535589 
ZONE T="boundary3"
-1.82252 -1 
-2.01232 -1 
4 -1 
-1.27477 -1 
-1.16321 -1 
1.06699 -1 
-0.541205 -1 
-0.638821 -1 
-3.07244 -1 
0.523392 -1 
0.434017 -1 
0.986931 -1 
-1.05548 -1 
1.7596 -1 
-4 -1 
-3.49919 -1 
-2.24667 -1 
-2.48101 -1 
-3.28582 -1 
-2.62887 -1 
3.10371 -1 
2.90706 -1 
2.21263 -1 
2.06063 -1 
-2.77673 -1 
3.28462 -1 
3.46553 -1 
2.71042 -1 
0.0620932 -1 
0.128577 -1 
0.00148127 -1 
-0.278854 -1 
-0.127473 -1 
-0.0591307 -1 
0.344643 -1 
0.630127 -1 
0.19506 -1 
-0.361892 -1 
-0.237335 -1 
-0.195816 -1 
-0.451548 -1 
0.779365 -1 
0.736862 -1 
0.821868 -1 
0.269852 -1 
-0.947752 -1 
-0.736437 -1 
-0.842094 -1 
3.75 -1 
-1.38634 -1 
1.37709 -1 
1.49383 -1 
1.61057 -1 
-1.50953 -1 
1.22204 -1 
-1.63272 -1 
1.90862 -1 
2.33708 -1 
2.46153 -1 
0.906874 -1 
0.683494 -1 
-1.91742 -1 
-1.21899 -1 
-0.590013 -1 
0.478704 -1 
1.02696 -1 
-1.10934 -1 
-3.7496 -1 
-2.36384 -1 
-3.17913 -1 
-2.55494 -1 
3.00539 -1 
2.13663 -1 
-2.92458 -1 
3.37507 -1 
2.80874 -1 
0.095335 -1 
0.0317872 -1 
-0.0933021 -1 
0.38933 -1 
0.576759 -1 
0.161819 -1 
-0.320373 -1 
-0.216576 -1 
-0.40672 -1 
0.800617 -1 
-0.687629 -1 
-0.789265 -1 
3.875 -1 
-1.33055 -1 
1.5522 -1 
3.60776 -1 
1.14451 -1 
-1.72762 -1 
-1.57112 -1 
-1.44793 -1 
1.29956 -1 
1.83411 -1 
1.68508 -1 
1.98462 -1 
2.3993 -1 
2.58597 -1 
-2.1295 -1 
3.19416 -1 
-2.7028 -1 
-0.0288247 -1 
-0.258095 -1 
0.232456 -1 
-0.161645 -1 
-0.496377 -1 
0.864371 -1 
0.946903 -1 
0.710178 -1 
0.656811 -1 
0.758114 -1 
0.307247 -1 
-0.894923 -1 
-1.00162 -1 
2.27486 -1 
1.43546 -1 
-3.39251 -1 
ZONE T="boundary4"
-0.639811 0.00805485 
-0.640897 0.0265938 
-0.641066 0.045218 
-0.640289 0.063875 
-0.585135 0.228559 
-0.334585 0.376222 
-0.388831 0.364776 
-0.371305 0.369141 
-0.638546 0.0824532 
-0.635827 0.100887 
-0.622533 0.152632 
-0.627765 0.135996 
-0.596946 0.209312 
-0.632149 0.11903 
-0.617026 0.167512 
0.541957 0.262424 
0.521979 0.280629 
-0.610839 0.182062 
-0.604196 0.19586 
-0.506886 0.31034 
0.55863 0.244892 
0.647062 0.0167276 
-0.273252 0.383317 
0.58913 0.206205 
0.511555 0.289082 
-0.531058 0.291092 
-0.562744 0.258611 
-0.5528 0.26988 
-0.494038 0.319094 
-0.461158 0.337762 
-0.480765 0.327228 
-0.519215 0.301017 
-0.572141 0.246867 
-0.423471 0.353862 
-0.406283 0.359687 
-0.442536 0.346337 
-0.294818 0.381369 
-0.353022 0.372988 
-0.228266 0.386012 
-0.204878 0.38689 
-0.154452 0.388086 
-0.12745 0.388519 
-0.251651 0.384809 
-0.179648 0.387577 
-0.314747 0.379072 
0.574354 0.226134 
0.616161 0.161016 
0.627575 0.135659 
0.347563 0.366004 
0.290822 0.377819 
0.319496 0.372492 
0.262021 0.382022 
0.500821 0.297135 
0.452463 0.326793 
0.477129 0.312885 
0.400996 0.349442 
0.427018 0.338947 
0.016201 0.39055 
0.0468806 0.390889 
0.0775389 0.391061 
0.108738 0.390961 
0.170989 0.389445 
0.202041 0.387756 
0.139921 0.390466 
0.232052 0.385345 
0.374445 0.35843 
0.641831 0.088754 
0.635746 0.112384 
0.602805 0.185158 
0.644442 -0.00737565 
0.647509 0.0407763 
-0.100511 0.388901 
-0.0719279 0.389298 
-0.0434188 0.389706 
-0.0135823 0.39014 
0.645761 0.064887 
-0.640467 0.0173183 
-0.641098 0.0359056 
-0.640797 0.0545521 
-0.38009 0.367041 
-0.637309 0.0916889 
-0.625257 0.144348 
-0.639539 0.0731762 
-0.630066 0.127542 
-0.619868 0.160105 
0.532143 0.271718 
-0.607597 0.188999 
-0.614019 0.174824 
-0.600647 0.202627 
-0.63411 0.109984 
-0.591201 0.219034 
0.516807 0.284905 
-0.557841 0.264307 
-0.500516 0.314795 
-0.487451 0.32324 
-0.51311 0.305754 
-0.567512 0.252795 
-0.525198 0.296131 
-0.578793 0.237822 
-0.397585 0.362322 
-0.433056 0.350227 
-0.284041 0.382406 
-0.343817 0.374678 
-0.216572 0.386486 
0.550436 0.253794 
-0.140949 0.388313 
-0.23996 0.385458 
-0.192262 0.387262 
-0.30479 0.380285 
0.581891 0.21628 
-0.262455 0.384115 
0.622144 0.14846 
0.305185 0.375304 
0.333565 0.369409 
0.506226 0.293159 
0.464918 0.320057 
0.489124 0.305235 
0.414084 0.344389 
-0.167049 0.387849 
0.0315417 0.390734 
0.0931384 0.391053 
0.186518 0.388693 
0.155457 0.39003 
0.06221 0.391001 
-0.324677 0.377721 
0.596137 0.195792 
0.646019 0.00464587 
-0.362182 0.371146 
0.566633 0.235632 
0.609718 0.173216 
-0.0862172 0.389099 
-0.113978 0.388713 
-0.0576713 0.3895 
0.361049 0.362383 
0.38778 0.354117 
0.217053 0.386655 
0.247048 0.383806 
-0.0284983 0.389923 
0.439838 0.333077 
0.276439 0.380052 
0.00131055 0.390351 
0.12433 0.390771 
-0.45191 0.342183 
0.644065 0.0768633 
0.639047 0.100634 
-0.414911 0.35687 
-0.542196 0.280759 
0.631904 0.124106 
0.646911 0.0528502 
0.647557 0.0287457 
-0.471049 0.332655 
ZONE T="boundary5"
-0.168012 -0.480924 
-0.19133 -0.474155 
-0.567884 -0.196515 
-0.558024 -0.21171 
-0.621885 -0.0817181 
-0.627009 -0.0642589 
-0.594553 -0.149077 
-0.602363 -0.132608 
-0.639811 0.00805485 
-0.635023 -0.0285566 
-0.63784 -0.0103481 
-0.631402 -0.0465233 
-0.586189 -0.165199 
-0.609547 -0.115867 
-0.577274 -0.181032 
-0.616059 -0.0989106 
-0.503225 -0.282212 
-0.491227 -0.295066 
-0.27697 -0.442266 
-0.257196 -0.45067 
-0.349481 -0.405335 
-0.296495 -0.433303 
-0.332658 -0.414826 
-0.314705 -0.424315 
-0.366037 -0.395392 
-0.117824 -0.492946 
-0.235933 -0.458987 
-0.214434 -0.466672 
-0.143011 -0.487339 
-0.526185 -0.255208 
-0.547797 -0.226522 
-0.537168 -0.241047 
-0.381654 -0.38543 
-0.466142 -0.319624 
-0.396996 -0.375053 
-0.411595 -0.364595 
-0.425907 -0.353748 
-0.44638 -0.337104 
0.0227059 -0.509093 
-0.00695538 -0.507808 
-0.0909799 -0.498 
-0.0355145 -0.505492 
-0.0639954 -0.502138 
0.173743 -0.4965 
0.143446 -0.501814 
0.0826714 -0.508094 
0.0523652 -0.509214 
0.112831 -0.505676 
0.324671 -0.442647 
0.2041 -0.489566 
0.234022 -0.48101 
0.35321 -0.425857 
0.295391 -0.457329 
0.372771 -0.412756 
0.391825 -0.398609 
0.492977 -0.294471 
0.473763 -0.318644 
0.509235 -0.272184 
0.412482 -0.381568 
0.639736 -0.0312409 
0.633086 -0.0547455 
0.523778 -0.250924 
0.537952 -0.229401 
0.564054 -0.188922 
0.551068 -0.209172 
0.577538 -0.167436 
0.590586 -0.14575 
0.624641 -0.0779185 
0.61458 -0.100794 
0.603079 -0.123498 
0.644442 -0.00737565 
0.453676 -0.341516 
0.43245 -0.363231 
0.264994 -0.470166 
-0.179697 -0.477629 
-0.56301 -0.204149 
-0.624539 -0.0730149 
-0.598534 -0.140878 
-0.636536 -0.0194681 
-0.590442 -0.157175 
-0.606035 -0.124271 
-0.619059 -0.0903435 
-0.497275 -0.288685 
-0.267112 -0.446538 
-0.323715 -0.419633 
-0.357793 -0.40042 
-0.246595 -0.454907 
-0.202911 -0.470502 
-0.286765 -0.437855 
-0.514914 -0.268886 
-0.552962 -0.219151 
-0.531728 -0.248166 
-0.373879 -0.390463 
-0.13044 -0.490244 
-0.629302 -0.0554144 
-0.581798 -0.173153 
-0.57264 -0.188811 
-0.38936 -0.380293 
-0.418788 -0.35922 
-0.456354 -0.328469 
0.0078701 -0.508594 
-0.104423 -0.495587 
-0.0497692 -0.503943 
0.158628 -0.499344 
0.0675254 -0.508814 
0.0977654 -0.507051 
0.21912 -0.485495 
0.339081 -0.434496 
0.310151 -0.45023 
0.382383 -0.405799 
0.48351 -0.30667 
0.363069 -0.419426 
0.501205 -0.283401 
-0.155537 -0.484232 
0.636639 -0.0430582 
-0.225211 -0.462908 
0.516571 -0.261598 
0.530896 -0.240181 
0.557578 -0.199056 
0.584128 -0.156631 
-0.542532 -0.233821 
0.629065 -0.0664058 
0.608968 -0.112216 
-0.638935 -0.00115774 
0.596934 -0.13468 
-0.305631 -0.428871 
-0.341101 -0.410137 
-0.612887 -0.10742 
0.64234 -0.0193586 
-0.404331 -0.369873 
-0.633313 -0.0375597 
-0.436229 -0.345531 
0.402266 -0.390228 
0.544523 -0.219291 
0.570834 -0.1782 
0.0375361 -0.509301 
0.188968 -0.493233 
-0.0775046 -0.500184 
0.463864 -0.33021 
0.422585 -0.372532 
-0.478866 -0.30753 
-0.0212446 -0.50678 
0.128162 -0.503925 
0.249591 -0.475825 
0.443212 -0.352522 
0.280295 -0.463992 
0.619782 -0.0894313 
