ZONE T="boundary0"
-4 -0.370872 
-4 0.0210791 
-4 0.184098 
-4 0.251119 
-4 0.304785 
-4 0.446854 
-4 0.825722 
-4 0.549149 
-4 -0.11254 
-4 -0.818978 
-4 0.137231 
-4 0.0903634 
-4 0.35845 
-4 -0.0482053 
-4 -0.504414 
-4 -0.282846 
-4 -0.326859 
-4 -0.176876 
-4 -0.437643 
-4 -0.637956 
-4 0.651444 
-4 1 
-4 -1 
-4 -0.229861 
-4 0.277952 
-4 0.498002 
-4 0.217608 
-4 0.113797 
-4 0.331618 
-4 0.0557212 
-4 -0.304853 
-4 -0.0135631 
-4 -0.144708 
-4 -0.404257 
-4 -0.471028 
-4 -0.571185 
-4 0.402652 
-4 -0.728467 
-4 0.912861 
-4 -0.909489 
-4 -0.0803729 
-4 -0.203368 
-4 -0.256354 
-4 0.160664 
-4 0.600296 
-4 0.738583 
-4 -0.348865 
ZONE T="boundary1"
4 1 
3.66744 1 
1.16688 1 
0.443645 1 
0.535679 1 
-1.12953 1 
-1.239 1 
-0.217341 1 
-0.35094 1 
-0.540366 1 
-0.910981 1 
-3.62701 1 
-3.42549 1 
0.833757 1 
2.05284 1 
0.351612 1 
0.278792 1 
-0.445653 1 
1.44167 1 
1.30427 1 
-1.3539 1 
-1.73651 1 
-1.89975 1 
1.70068 1 
-3.07473 1 
-2.24861 1 
-2.55705 1 
-2.67987 1 
2.44277 1 
3.33489 1 
2.85525 1 
-0.605748 1 
-0.67113 1 
-0.0912921 1 
0.633084 1 
-0.154317 1 
-0.736513 1 
0.0855728 1 
0.0454399 1 
0.205972 1 
0.730488 1 
0.125706 1 
-0.0229261 1 
1.05195 1 
0.937026 1 
-1.02007 1 
1.57117 1 
1.87676 1 
-4 1 
-3.81351 1 
-3.22397 1 
2.24781 1 
-2.43424 1 
-2.9255 1 
-2.06299 1 
2.64901 1 
-1.46879 1 
-1.60265 1 
0.397629 1 
-0.801895 1 
3.83372 1 
0.489662 1 
-1.18427 1 
-3.52625 1 
0.315202 1 
-0.493009 1 
1.37297 1 
-1.29645 1 
-1.81813 1 
-2.61846 1 
3.09507 1 
3.50117 1 
-0.638439 1 
0.584381 1 
-0.185829 1 
-0.703821 1 
0.0655063 1 
-0.28414 1 
0.242382 1 
0.165839 1 
0.105639 1 
-0.398296 1 
-0.122804 1 
0.681786 1 
0.994489 1 
0.782123 1 
-1.0748 1 
1.23557 1 
1.63593 1 
1.50642 1 
1.9648 1 
-3.72026 1 
-3.32473 1 
2.15033 1 
-2.34143 1 
-2.80268 1 
-1.98137 1 
2.34529 1 
2.75213 1 
1.78872 1 
-1.53572 1 
-1.41135 1 
-3.90675 1 
-2.49565 1 
-2.1558 1 
-3.14935 1 
-3.00012 1 
-0.0571091 1 
0.0112569 1 
0.420637 1 
0.37462 1 
-0.856438 1 
1.10941 1 
0.885392 1 
-0.965524 1 
-1.66958 1 
2.54589 1 
-0.573057 1 
-0.769204 1 
ZONE T="boundary2"
4 -0.57277 
4 -0.438273 
4 -0.786385 
4 -0.679578 
4 -0.32947 
4 0.142096 
4 0.176532 
4 1 
4 0.323837 
4 -0.893193 
4 0.778366 
4 0.482854 
4 0.556732 
4 0.408976 
4 -0.261204 
4 -0.22707 
4 -0.383872 
4 -0.295337 
4 -0.0538518 
4 0.0732244 
4 -0.123394 
4 0.29562 
4 -1 
4 0.366407 
4 0.267403 
4 0.210968 
4 0.00968631 
4 -0.192937 
4 -0.158165 
4 -0.505522 
4 -0.732982 
4 0.159314 
4 0.889183 
4 0.519793 
4 0.445915 
4 0.667549 
4 -0.244137 
4 -0.411072 
4 0.309729 
4 -0.626174 
4 -0.946596 
4 -0.839789 
4 0.345122 
4 0.281511 
4 0.239185 
4 0.19375 
4 0.10766 
4 0.0414554 
4 -0.0220827 
4 0.387691 
4 -0.210003 
4 -0.14078 
4 -0.356671 
4 -0.088623 
4 -0.312404 
4 -0.175551 
4 -0.27827 
ZONE T="boundary3"
-3.52166 -1 
2.7722 -1 
-0.954811 -1 
-0.270668 -1 
-0.172249 -1 
-0.120543 -1 
-0.514327 -1 
-1.73463 -1 
-1.65216 -1 
0.294333 -1 
-0.621366 -1 
0.38387 -1 
0.473408 -1 
0.565458 -1 
3.43256 -1 
3.71628 -1 
-3.875 -1 
1.12406 -1 
3.85814 -1 
-0.841608 -1 
-0.728405 -1 
1.91547 -1 
-1.18395 -1 
-1.29269 -1 
-1.5268 -1 
-1.81709 -1 
-1.98201 -1 
-2.19775 -1 
-2.41348 -1 
-2.87255 -1 
-3.11738 -1 
2.61652 -1 
3.05405 -1 
-0.364097 -1 
-0.439212 -1 
-0.0688374 -1 
-0.0128197 -1 
0.0431979 -1 
0.611483 -1 
0.231709 -1 
0.169085 -1 
0.106141 -1 
-3.68111 -1 
0.866945 -1 
4 -1 
0.945075 -1 
-3.36222 -1 
1.02321 -1 
-1.06938 -1 
1.22491 -1 
1.4226 -1 
1.32375 -1 
1.58071 -1 
1.73882 -1 
-1.40143 -1 
2.09212 -1 
2.27648 -1 
2.46083 -1 
-2.64302 -1 
-4 -1 
3.24331 -1 
0.657508 -1 
0.762227 -1 
-0.146396 -1 
-1.6934 -1 
-0.567846 -1 
0.428639 -1 
0.519433 -1 
-0.785006 -1 
-1.23832 -1 
-2.30561 -1 
-2.99497 -1 
-2.08988 -1 
-0.476769 -1 
-0.221458 -1 
-0.317383 -1 
0.0151891 -1 
0.263021 -1 
0.0746696 -1 
0.137613 -1 
-0.674885 -1 
0.339102 -1 
3.92907 -1 
3.78721 -1 
3.57442 -1 
-0.89821 -1 
-3.44194 -1 
-1.0121 -1 
0.98414 -1 
1.17448 -1 
1.07363 -1 
1.37318 -1 
1.50166 -1 
1.27433 -1 
-1.34706 -1 
-1.58948 -1 
-1.12667 -1 
1.65977 -1 
2.0038 -1 
-1.89955 -1 
-1.46412 -1 
1.82715 -1 
2.1843 -1 
2.91313 -1 
-2.75778 -1 
-3.9375 -1 
-3.77805 -1 
-3.60138 -1 
-3.2398 -1 
3.14868 -1 
3.33793 -1 
0.200397 -1 
-0.0408286 -1 
-0.0946902 -1 
0.634495 -1 
0.58847 -1 
0.709867 -1 
0.814586 -1 
-0.401655 -1 
0.90601 -1 
2.53867 -1 
-1.77586 -1 
2.69436 -1 
2.36865 -1 
-2.52825 -1 
ZONE T="boundary4"
-0.136915 0.383486 
-0.161305 0.379552 
-0.635979 0.0552869 
-0.638069 0.0355099 
-0.591943 0.177828 
-0.638982 0.0156809 
-0.208374 0.371547 
-0.231042 0.367448 
0.639381 0.00471801 
0.642057 0.0249435 
-0.371568 0.334512 
-0.294617 0.35464 
-0.274236 0.359009 
-0.423832 0.3156 
-0.406842 0.32238 
0.642678 0.0656543 
0.643153 0.0452069 
-0.63269 0.0748862 
-0.622487 0.113185 
-0.61562 0.131632 
-0.628184 0.094244 
-0.582652 0.191852 
-0.572866 0.205062 
0.623928 0.151377 
0.619199 0.163395 
-0.600489 0.163273 
-0.6084 0.147899 
0.632034 0.12674 
-0.562456 0.217729 
-0.551353 0.229962 
0.637084 0.106436 
-0.500582 0.273749 
-0.314943 0.349955 
-0.527278 0.252899 
-0.514336 0.263539 
-0.456106 0.30058 
-0.48637 0.283257 
-0.440135 0.308398 
-0.353361 0.339935 
-0.389613 0.328602 
-0.25264 0.363348 
-0.185731 0.375473 
-0.110899 0.387536 
-0.0849078 0.391424 
-0.539725 0.241595 
-0.638758 -0.00412566 
0.380497 0.382547 
0.404238 0.373928 
0.640649 0.0860412 
-0.471436 0.292256 
-0.334204 0.345146 
0.354797 0.390381 
0.510399 0.31287 
0.528685 0.296874 
0.490929 0.327647 
0.427633 0.363958 
0.449419 0.353163 
0.0877558 0.410917 
0.0578632 0.40864 
0.179918 0.413456 
0.14906 0.413461 
0.118359 0.412577 
0.300452 0.402592 
0.241394 0.410323 
0.210841 0.41244 
0.328909 0.396881 
0.0280714 0.405815 
-0.000879139 0.402615 
0.602 0.199499 
0.614045 0.175249 
0.589579 0.221076 
0.576192 0.241551 
0.545934 0.279446 
0.561823 0.260872 
0.470652 0.341014 
-0.0573392 0.395353 
-0.0297636 0.399049 
0.271914 0.406972 
-0.149111 0.381536 
-0.637172 0.0454143 
-0.219709 0.369521 
0.640914 0.0148023 
-0.284432 0.356861 
-0.415367 0.319064 
0.643113 0.0554327 
-0.619202 0.122463 
-0.577844 0.198519 
0.621618 0.157407 
-0.604554 0.155641 
0.628224 0.139136 
-0.55698 0.223912 
0.634735 0.11663 
-0.567741 0.211459 
-0.596316 0.170608 
-0.507523 0.268729 
-0.520873 0.258298 
-0.448161 0.304571 
-0.493534 0.278587 
-0.362482 0.337281 
-0.432018 0.312075 
-0.398252 0.325558 
-0.263442 0.361211 
-0.197053 0.373529 
-0.0979053 0.3895 
-0.533572 0.247322 
-0.639009 0.0057765 
0.392423 0.378394 
0.641855 0.0758644 
-0.63059 0.0846003 
-0.324584 0.347597 
0.367697 0.386632 
0.519683 0.305033 
-0.304788 0.352341 
0.50079 0.320424 
0.438604 0.358718 
-0.241844 0.365424 
0.0728009 0.409853 
0.164485 0.413577 
0.226124 0.411527 
0.34189 0.393786 
0.013589 0.404265 
-0.54561 0.235847 
-0.478956 0.287843 
0.616673 0.169344 
-0.380612 0.331622 
0.639052 0.0962686 
0.595942 0.210376 
0.583032 0.23141 
0.537469 0.288317 
0.554046 0.2703 
-0.587392 0.184901 
0.416006 0.369109 
-0.173518 0.377531 
0.480898 0.334494 
-0.123908 0.38553 
0.460129 0.347252 
-0.0711266 0.393415 
-0.0435557 0.397233 
0.103049 0.411838 
0.133702 0.413123 
0.256668 0.408809 
0.286204 0.404938 
0.0429585 0.407291 
0.314712 0.399907 
-0.0153271 0.400874 
-0.612129 0.139817 
-0.463817 0.296501 
-0.634486 0.0651119 
-0.625487 0.103759 
-0.343797 0.342595 
0.642801 0.035062 
-0.63867 0.0256025 
0.608224 0.187474 
0.569162 0.251326 
0.19538 0.413082 
ZONE T="boundary5"
-0.359263 -0.423929 
-0.527862 -0.277658 
-0.458015 -0.35167 
-0.55187 -0.244801 
-0.563013 -0.227792 
-0.60143 -0.156654 
-0.631717 -0.0628478 
-0.635075 -0.0434526 
-0.637439 -0.0238599 
-0.616091 -0.119816 
-0.622185 -0.101048 
-0.609157 -0.138365 
-0.627403 -0.0820677 
-0.573595 -0.210445 
-0.322101 -0.444501 
-0.340846 -0.434508 
-0.410676 -0.389932 
-0.282195 -0.463373 
-0.472977 -0.337867 
-0.3023 -0.454258 
-0.143758 -0.507191 
-0.117616 -0.512115 
0.639381 0.00471801 
-0.260862 -0.472219 
-0.193104 -0.495111 
-0.216298 -0.488127 
-0.239252 -0.480354 
-0.592855 -0.174871 
-0.50148 -0.308744 
-0.514958 -0.293436 
-0.540166 -0.261434 
0.635164 -0.0152367 
-0.426897 -0.377662 
-0.394068 -0.401686 
-0.44267 -0.364916 
0.487063 -0.251176 
0.50282 -0.230903 
-0.168529 -0.50159 
-0.583582 -0.19276 
-0.487457 -0.323575 
0.593477 -0.109766 
0.581673 -0.127792 
-0.638758 -0.00412566 
0.0217323 -0.521531 
-0.00712576 -0.521936 
-0.0360463 -0.521087 
-0.0637217 -0.519124 
-0.0913404 -0.516058 
0.613924 -0.0729968 
0.140446 -0.505496 
0.0515307 -0.519753 
0.110988 -0.511799 
0.0810855 -0.516561 
0.22546 -0.47708 
0.251456 -0.46489 
0.300075 -0.436842 
0.276095 -0.451581 
0.198076 -0.488039 
0.325085 -0.419436 
0.349465 -0.40032 
0.454148 -0.292573 
0.604197 -0.0916487 
0.471196 -0.271427 
0.436673 -0.313346 
0.371735 -0.380897 
0.39346 -0.360092 
0.55392 -0.165752 
0.538217 -0.185901 
0.629475 -0.0348298 
0.622374 -0.0540724 
0.569199 -0.14541 
-0.376843 -0.41308 
0.520542 -0.208299 
0.169594 -0.497563 
0.415284 -0.33735 
-0.55751 -0.236341 
-0.633518 -0.0531707 
-0.636385 -0.0336711 
-0.619243 -0.110465 
-0.612724 -0.129127 
-0.629677 -0.0724831 
-0.331513 -0.439578 
-0.292284 -0.458896 
-0.350097 -0.429292 
-0.130709 -0.509775 
-0.20473 -0.491718 
-0.25009 -0.476375 
-0.597232 -0.165804 
-0.508288 -0.30115 
-0.54609 -0.253167 
-0.521483 -0.285606 
-0.271565 -0.467884 
-0.402418 -0.395875 
-0.450397 -0.358356 
-0.605387 -0.147549 
-0.434835 -0.371352 
0.494942 -0.241032 
-0.156167 -0.504501 
-0.578666 -0.201645 
-0.480278 -0.330783 
-0.534089 -0.269601 
-0.418835 -0.383862 
0.587668 -0.118839 
-0.180844 -0.49846 
0.00730788 -0.521892 
-0.0498917 -0.520245 
-0.0775441 -0.517727 
0.096069 -0.514373 
0.0663295 -0.518337 
-0.624904 -0.0915874 
0.238542 -0.471173 
0.288183 -0.444381 
0.211845 -0.48276 
0.337402 -0.410052 
0.598949 -0.100774 
-0.494534 -0.316221 
0.46272 -0.282038 
0.445471 -0.303011 
0.382709 -0.370618 
0.312701 -0.428325 
0.479154 -0.261318 
0.546101 -0.175845 
0.626089 -0.0445139 
0.561624 -0.155625 
-0.588302 -0.183858 
-0.465554 -0.344831 
0.575506 -0.136649 
0.609195 -0.0823935 
0.618299 -0.0636031 
-0.368096 -0.418573 
-0.568375 -0.219161 
-0.31224 -0.449459 
-0.638233 -0.0140011 
-0.385501 -0.407451 
0.637461 -0.00530157 
0.632497 -0.0250872 
0.529387 -0.197095 
-0.227808 -0.484339 
0.0366445 -0.520817 
0.183902 -0.493007 
0.155075 -0.501734 
-0.104495 -0.514209 
0.51167 -0.219581 
0.12576 -0.508846 
0.263865 -0.458411 
0.360713 -0.390748 
-0.021588 -0.521666 
0.426079 -0.32544 
0.404484 -0.348833 
