ZONE T="boundary0"
-4 -1 
-4 -0.333634 
-4 -0.396344 
-4 -0.219864 
-4 0.223453 
-4 0.16683 
-4 0.269963 
-4 0.316472 
-4 0.866307 
-4 0.732614 
-4 -0.544674 
-4 -0.630292 
-4 0.598921 
-4 0.465228 
-4 0.121619 
-4 0.076408 
-4 -0.116888 
-4 -0.02024 
-4 -0.19412 
-4 -0.276749 
-4 -0.168376 
-4 -0.459055 
-4 -0.815146 
-4 0.39085 
-4 1 
-4 -0.248306 
-4 -0.364989 
-4 0.195142 
-4 0.246708 
-4 0.799461 
-4 0.532075 
-4 0.0990136 
-4 -0.0685639 
-4 0.293217 
-4 -0.206992 
-4 -0.305191 
-4 -0.4277 
-4 -0.587483 
-4 -0.142632 
-4 -0.722719 
-4 -0.501864 
-4 -0.907573 
-4 0.665768 
-4 0.933154 
-4 -0.262528 
-4 -0.181248 
-4 -0.234085 
-4 0.353661 
-4 0.428039 
-4 0.144225 
-4 0.028084 
ZONE T="boundary1"
3.82654 1 
3.65308 1 
0.281136 1 
-0.223442 1 
-0.143448 1 
0.199344 1 
-0.0894239 1 
1.4854 1 
-0.485792 1 
-0.558866 1 
0.371046 1 
1.17212 1 
1.05489 1 
0.937649 1 
0.816802 1 
1.67161 1 
1.74664 1 
-3.22508 1 
2.07672 1 
-1.73402 1 
-1.91747 1 
-2.1419 1 
-2.36633 1 
3.14778 1 
3.30616 1 
-2.48843 1 
0.460955 1 
0.117551 1 
0.0410758 1 
-0.0353998 1 
-0.303436 1 
-0.64596 1 
-0.358077 1 
0.695955 1 
0.578455 1 
-0.733055 1 
-0.412718 1 
-0.823293 1 
-0.91353 1 
-1.02882 1 
4 1 
-1.32031 1 
-1.23221 1 
-3.7754 1 
-3.55081 1 
-4 1 
-3.38794 1 
-1.43544 1 
-1.55057 1 
1.37423 1 
1.27317 1 
1.59658 1 
-2.89934 1 
-2.61052 1 
2.9894 1 
2.63212 1 
2.44443 1 
2.25675 1 
1.8967 1 
2.81076 1 
-1.14411 1 
3.73981 1 
-0.183445 1 
-0.522329 1 
0.326091 1 
1.1135 1 
0.877225 1 
1.70912 1 
-1.82575 1 
-2.25412 1 
3.47962 1 
0.416 1 
0.158448 1 
0.24024 1 
0.0793136 1 
-0.116436 1 
-0.263439 1 
0.002838 1 
-0.0624118 1 
-0.602413 1 
-0.330757 1 
0.637205 1 
-0.689508 1 
-0.449255 1 
-0.868411 1 
0.519705 1 
3.91327 1 
-1.27626 1 
-3.66311 1 
-3.30651 1 
0.756379 1 
0.996267 1 
-1.493 1 
-1.37787 1 
-3.8877 1 
1.22265 1 
1.54099 1 
-1.64229 1 
-2.02969 1 
-3.46937 1 
-2.75493 1 
2.53827 1 
2.35059 1 
2.16674 1 
1.98671 1 
3.22697 1 
2.90008 1 
3.06859 1 
-3.06221 1 
-0.385398 1 
-0.778174 1 
-1.08647 1 
-0.971176 1 
-2.54947 1 
1.42981 1 
-1.18816 1 
-2.42738 1 
1.63409 1 
1.3237 1 
2.72144 1 
1.82167 1 
ZONE T="boundary2"
4 -0.3044 
4 -0.360682 
4 -0.24455 
4 -0.183835 
4 0.444601 
4 0.382864 
4 0.583451 
4 0.722301 
4 0.0581497 
4 -0.104484 
4 -0.680931 
4 -0.840465 
4 -0.0251341 
4 -0.482955 
4 0.141434 
4 1 
4 0.351995 
4 0.276203 
4 0.23128 
4 -0.548947 
4 -1 
4 0.321126 
4 0.186357 
4 -0.416963 
4 -0.332541 
4 -0.274475 
4 -0.214192 
4 0.413733 
4 0.652876 
4 -0.760698 
4 -0.0648092 
4 -0.144159 
4 0.0997917 
4 0.0165078 
4 0.367429 
4 0.514026 
4 0.253741 
4 0.86115 
4 -0.920233 
4 0.298664 
4 0.163895 
4 -0.388822 
4 -0.449959 
4 -0.614939 
4 -0.515951 
4 0.208818 
4 0.33656 
ZONE T="boundary3"
-4 -1 
-3.62922 -1 
0.0647202 -1 
0.120504 -1 
3.77577 -1 
-0.864147 -1 
-0.967891 -1 
-0.760403 -1 
-1.28701 -1 
0.305231 -1 
3.55153 -1 
-0.276674 -1 
-0.195844 -1 
-1.94152 -1 
0.691487 -1 
1.84238 -1 
-3.25844 -1 
2.17446 -1 
2.43108 -1 
2.68769 -1 
3.1354 -1 
-1.58267 -1 
-2.82466 -1 
-2.59344 -1 
-2.15187 -1 
0.390276 -1 
0.475321 -1 
0.583404 -1 
-0.0566586 -1 
-0.126251 -1 
0.00403077 -1 
0.24076 -1 
-0.556074 -1 
-0.658238 -1 
-0.357504 -1 
0.176289 -1 
0.918189 -1 
-1.0764 -1 
1.36533 -1 
1.25157 -1 
1.48045 -1 
1.13781 -1 
-1.18491 -1 
-1.48589 -1 
-1.3891 -1 
-1.7621 -1 
1.59558 -1 
4 -1 
-2.36223 -1 
-0.456789 -1 
1.028 -1 
0.804838 -1 
2.30277 -1 
2.00842 -1 
-3.81461 -1 
0.0926123 -1 
-0.916019 -1 
-0.236259 -1 
-3.44383 -1 
2.55939 -1 
3.34347 -1 
-3.04155 -1 
2.91155 -1 
-2.0467 -1 
0.347754 -1 
-0.161047 -1 
0.0343755 -1 
0.272996 -1 
0.432799 -1 
-0.607156 -1 
-0.317089 -1 
0.637446 -1 
0.529363 -1 
0.148397 -1 
-1.02215 -1 
-0.812275 -1 
-0.70932 -1 
1.30845 -1 
1.42289 -1 
-1.23596 -1 
-1.33805 -1 
1.19469 -1 
-1.85181 -1 
-1.43749 -1 
-1.67238 -1 
-1.53428 -1 
1.53801 -1 
1.71898 -1 
3.88788 -1 
3.66365 -1 
-2.47784 -1 
-2.70905 -1 
-0.0914549 -1 
-0.0263139 -1 
0.208524 -1 
-0.407147 -1 
0.973094 -1 
0.748163 -1 
0.861514 -1 
1.0829 -1 
2.23862 -1 
2.36692 -1 
-1.13066 -1 
1.9254 -1 
2.09144 -1 
-0.506431 -1 
-2.25705 -1 
ZONE T="boundary4"
-0.152738 0.510703 
-0.127065 0.510535 
0.247717 0.365077 
-0.624126 0.0228332 
0.615082 0.0922943 
0.606399 0.106406 
-0.625272 0.044853 
-0.623461 0.0896403 
-0.620481 0.11222 
0.622937 0.077592 
0.629731 0.0627184 
-0.406166 0.431504 
0.487909 0.218682 
0.392747 0.278613 
-0.252591 0.497908 
-0.228426 0.50301 
-0.625057 0.0671426 
0.64048 0.0317267 
-0.616121 0.134843 
-0.610419 0.157365 
0.644325 0.0159231 
-0.595224 0.201748 
-0.603426 0.179697 
-0.578537 0.238876 
-0.587217 0.220565 
-0.569142 0.256814 
-0.536547 0.307972 
-0.52353 0.324975 
0.635617 0.0473395 
-0.494531 0.358068 
-0.509783 0.341398 
-0.425281 0.418363 
-0.478551 0.374033 
-0.386176 0.443913 
-0.365651 0.455346 
0.412953 0.266481 
0.431084 0.255386 
-0.276532 0.491537 
-0.299622 0.484107 
-0.344234 0.465961 
-0.178462 0.509472 
-0.203488 0.506913 
-0.10116 0.508957 
-0.074596 0.505875 
-0.559097 0.274192 
-0.548186 0.291323 
0.50919 0.203679 
0.449034 0.244155 
-0.461512 0.389586 
-0.44379 0.404339 
0.647179 -0.000123725 
0.372372 0.290681 
0.348474 0.304753 
0.324452 0.318929 
0.529885 0.187888 
0.468611 0.231563 
0.0321018 0.478635 
0.0595508 0.467874 
0.141143 0.428014 
0.114015 0.442432 
0.0866159 0.455872 
0.221783 0.380848 
0.168044 0.412834 
0.194959 0.397007 
0.273627 0.349349 
0.598172 0.118271 
0.649917 -0.0325514 
0.64903 -0.0162379 
-0.322369 0.4755 
-0.0482895 0.501363 
-0.0218366 0.495363 
0.00532553 0.487685 
0.299064 0.334041 
0.550544 0.170392 
0.565834 0.155878 
0.580302 0.140469 
-0.139901 0.510793 
0.610845 0.0994167 
-0.622139 0.100954 
0.626449 0.0702096 
0.619122 0.0850056 
-0.240541 0.500616 
-0.625336 0.0560006 
-0.613429 0.146145 
-0.599465 0.190776 
-0.607073 0.168579 
-0.582967 0.229764 
-0.57393 0.247893 
-0.591317 0.211199 
-0.530131 0.316545 
0.638172 0.039573 
-0.50225 0.34982 
-0.516745 0.333261 
-0.415799 0.425045 
-0.48663 0.366141 
-0.37598 0.449752 
-0.396243 0.437827 
0.422034 0.260953 
-0.288122 0.487968 
-0.355006 0.460785 
-0.165609 0.510263 
-0.215983 0.505128 
-0.114104 0.509922 
-0.0878601 0.507599 
-0.553734 0.282817 
0.498609 0.211265 
0.440076 0.249793 
-0.542454 0.29971 
-0.452734 0.397064 
0.402865 0.272564 
0.38257 0.284656 
0.36043 0.297716 
-0.618466 0.123565 
0.458847 0.237893 
0.519621 0.195898 
0.0458813 0.473416 
0.127626 0.435324 
0.181528 0.404969 
-0.564212 0.265556 
0.208386 0.388951 
-0.264601 0.494879 
0.645877 0.00792302 
0.642526 0.0238564 
0.478292 0.22517 
0.602359 0.112391 
0.648227 -0.00816574 
0.632796 0.0550772 
0.649595 -0.0243871 
-0.62443 0.0784047 
-0.311048 0.479947 
-0.434615 0.411458 
-0.190992 0.50836 
-0.0614163 0.503796 
-0.47012 0.381907 
-0.333359 0.470865 
0.0731386 0.462015 
0.10037 0.449278 
0.234755 0.372965 
0.260671 0.357202 
0.336464 0.311829 
-0.00821125 0.491703 
0.0187621 0.483326 
0.286342 0.341677 
-0.0350289 0.498538 
0.15463 0.420499 
0.311756 0.326466 
-0.624869 0.0338355 
0.558285 0.16324 
0.573183 0.148286 
0.589488 0.129579 
0.540338 0.179293 
ZONE T="boundary5"
-0.410061 -0.299104 
-0.389944 -0.312085 
-0.268154 -0.374791 
-0.288626 -0.365759 
-0.110297 -0.42935 
-0.135006 -0.422436 
-0.247278 -0.383491 
-0.349437 -0.335593 
-0.369853 -0.324144 
-0.557614 -0.157468 
-0.544481 -0.175343 
-0.624126 0.0228332 
-0.621646 0.00112048 
0.480966 -0.372236 
0.501247 -0.35621 
-0.606517 -0.0616885 
-0.61786 -0.020234 
0.459764 -0.386813 
-0.569612 -0.13925 
0.56508 -0.286001 
-0.61281 -0.0411614 
-0.204211 -0.399934 
-0.226235 -0.391771 
-0.308906 -0.356287 
0.433986 -0.402047 
0.407427 -0.415342 
-0.085418 -0.435727 
-0.32929 -0.346193 
-0.182024 -0.40766 
-0.158597 -0.415289 
-0.580528 -0.120572 
0.583636 -0.256504 
-0.500129 -0.225351 
-0.448932 -0.27085 
-0.466802 -0.256154 
-0.530539 -0.192517 
-0.515664 -0.209254 
-0.429719 -0.285395 
0.644366 -0.0978083 
0.640915 -0.114105 
0.574667 -0.271485 
0.626585 -0.162274 
0.636781 -0.130204 
-0.0596478 -0.441712 
0.132292 -0.465495 
0.103683 -0.464414 
0.0751507 -0.46243 
-0.0337134 -0.447093 
-0.00701568 -0.451951 
0.251602 -0.459071 
0.282287 -0.454146 
0.191304 -0.464658 
0.161794 -0.465612 
0.221255 -0.462523 
0.345068 -0.438915 
0.313746 -0.447444 
0.512591 -0.346197 
0.614009 -0.194498 
0.523518 -0.335723 
0.534087 -0.324711 
0.544179 -0.313267 
0.591856 -0.241474 
0.648876 -0.0652185 
0.647034 -0.0815164 
0.554948 -0.299886 
0.599592 -0.226178 
-0.590351 -0.101392 
0.649852 -0.0488988 
0.649917 -0.0325514 
-0.483749 -0.241072 
0.60701 -0.210434 
0.0474307 -0.459668 
0.376489 -0.428244 
0.0198298 -0.456129 
-0.599023 -0.0817621 
-0.400058 -0.305681 
-0.278413 -0.370328 
-0.122671 -0.42596 
-0.359685 -0.329941 
-0.551159 -0.166488 
-0.623054 0.0119588 
0.491242 -0.364396 
-0.619917 -0.0095848 
0.470483 -0.379697 
-0.215244 -0.395908 
0.420818 -0.408918 
-0.236777 -0.387683 
-0.319127 -0.351301 
-0.0978763 -0.432607 
-0.146821 -0.418923 
-0.170331 -0.411535 
-0.457939 -0.263591 
-0.53761 -0.184011 
-0.439398 -0.27822 
-0.419953 -0.292342 
-0.379944 -0.318192 
0.642732 -0.105975 
0.569957 -0.278798 
0.631965 -0.146328 
-0.563732 -0.148438 
-0.0725515 -0.438794 
0.117982 -0.46507 
-0.523191 -0.200966 
0.0894081 -0.463532 
-0.020381 -0.449606 
0.266974 -0.456793 
0.176553 -0.465273 
0.20629 -0.463742 
0.329469 -0.443409 
-0.575198 -0.129985 
0.298061 -0.451005 
0.447012 -0.394662 
0.506969 -0.351261 
0.620533 -0.178477 
0.52886 -0.330273 
0.539193 -0.319043 
0.587812 -0.249025 
0.64806 -0.0733787 
-0.339396 -0.340958 
0.549643 -0.306641 
0.579231 -0.264042 
0.59578 -0.233855 
0.560095 -0.293003 
0.645798 -0.0896779 
-0.507975 -0.217379 
0.518108 -0.341016 
-0.615494 -0.0307353 
-0.585576 -0.111051 
0.63893 -0.122175 
0.649475 -0.0570645 
0.650001 -0.0407247 
-0.193137 -0.403852 
-0.475346 -0.248694 
-0.298791 -0.361079 
-0.492012 -0.233289 
-0.257738 -0.379194 
0.147042 -0.465683 
0.603354 -0.218331 
-0.0466978 -0.444479 
0.0612796 -0.461149 
0.236447 -0.460964 
0.392072 -0.422066 
0.00639228 -0.454128 
0.0336167 -0.457994 
0.360865 -0.433834 
-0.602919 -0.0717801 
-0.609818 -0.0514716 
-0.59483 -0.0916396 
0.610562 -0.20249 
