ZONE T="boundary0"
-4 1 
-4 0.809743 
-4 0.259735 
-4 0.301078 
-4 0.342421 
-4 0.619485 
-4 0.442572 
-4 0.531028 
-4 0.210819 
-4 -0.0199336 
-4 -0.101414 
-4 -0.199037 
-4 -0.23154 
-4 0.161902 
-4 0.0615468 
-4 -0.150225 
-4 -0.486645 
-4 -0.296547 
-4 -0.407847 
-4 -0.368449 
-4 -0.264044 
-4 -0.32905 
-4 -0.614983 
-4 -0.743322 
-4 -1 
-4 0.904871 
-4 0.280407 
-4 0.714614 
-4 0.4868 
-4 -0.215288 
-4 0.18636 
-4 0.111724 
-4 0.235277 
-4 0.32175 
-4 0.392496 
-4 0.575257 
-4 -0.0606738 
-4 0.0208066 
-4 -0.174631 
-4 -0.388148 
-4 -0.247792 
-4 -0.312799 
-4 -0.280295 
-4 -0.12582 
-4 -0.447246 
-4 -0.550814 
-4 -0.679153 
-4 -0.871661 
-4 -0.34875 
ZONE T="boundary1"
-2.66288 1 
-4 1 
1.08068 1 
-0.164726 1 
-0.0718674 1 
0.429717 1 
0.347141 1 
4 1 
3.74859 1 
-1.27954 1 
-1.17329 1 
-0.265552 1 
-0.215139 1 
-0.463852 1 
-0.965046 1 
-1.06704 1 
0.856237 1 
1.3951 1 
1.17796 1 
0.96846 1 
2.99435 1 
-0.863396 1 
2.37771 1 
1.51497 1 
1.69682 1 
3.49718 1 
2.22081 1 
3.37147 1 
3.24576 1 
2.5346 1 
2.76448 1 
-2.02763 1 
-2.45202 1 
-3.08863 1 
0.305853 1 
0.264566 1 
0.0844026 1 
0.0209911 1 
-0.366378 1 
0.147814 1 
0.20619 1 
0.641464 1 
0.535591 1 
-0.561327 1 
-1.38076 1 
-0.761745 1 
-0.661536 1 
0.748851 1 
-3.68553 1 
-3.38708 1 
1.27524 1 
-3.5363 1 
-2.24115 1 
-1.48197 1 
-1.64804 1 
-1.81411 1 
-3.23785 1 
1.87866 1 
-3.84276 1 
-0.118297 1 
0.388429 1 
3.87429 1 
-1.22641 1 
-0.240346 1 
0.912349 1 
-0.914221 1 
1.60589 1 
3.30862 1 
-2.55745 1 
-2.87575 1 
0.28521 1 
0.0526969 1 
-0.0254381 1 
-0.315965 1 
0.177002 1 
0.235378 1 
0.588527 1 
-1.01604 1 
-0.512589 1 
-0.415115 1 
-1.33015 1 
0.482654 1 
-0.81257 1 
-0.711641 1 
1.02457 1 
1.2266 1 
0.802544 1 
0.695158 1 
-3.61092 1 
-2.34659 1 
-2.13439 1 
-1.56501 1 
-1.92087 1 
-1.73108 1 
2.87941 1 
2.29926 1 
2.45616 1 
-3.46169 1 
2.04974 1 
3.62288 1 
2.64954 1 
-3.76415 1 
-3.92138 1 
1.78774 1 
-0.189932 1 
0.326497 1 
0.116108 1 
-1.12016 1 
1.33517 1 
1.45503 1 
-1.43136 1 
-3.16324 1 
1.12932 1 
-3.31246 1 
3.12006 1 
-0.611431 1 
3.43432 1 
ZONE T="boundary2"
4 -0.329942 
4 -0.272142 
4 -0.221462 
4 1 
4 -0.106876 
4 0.0391661 
4 0.484084 
4 0.666708 
4 -1 
4 -0.849346 
4 -0.698691 
4 -0.170782 
4 -0.196122 
4 -0.508111 
4 -0.419026 
4 0.0802346 
4 0.121303 
4 -0.0429708 
4 -0.603401 
4 0.412193 
4 0.340302 
4 0.575396 
4 0.258036 
4 0.285458 
4 0.203286 
4 0.175958 
4 0.230614 
4 -0.301042 
4 -0.246802 
4 0.833354 
4 -0.924673 
4 -0.774018 
4 -0.183452 
4 -0.208792 
4 -0.138829 
4 -0.463569 
4 0.100769 
4 -0.00190234 
4 -0.555756 
4 0.448139 
4 0.376248 
4 0.621052 
4 0.52974 
4 0.271747 
4 -0.0749235 
4 -0.374484 
4 0.31288 
4 0.244325 
4 0.21695 
4 0.189622 
4 0.148631 
4 0.0597004 
4 -0.651046 
ZONE T="boundary3"
-0.29303 -1 
-0.219736 -1 
0.0725611 -1 
0.142307 -1 
0.600129 -1 
0.528105 -1 
0.336851 -1 
0.45608 -1 
1.58078 -1 
3.11308 -1 
-3.25101 -1 
-3.03932 -1 
4 -1 
0.783708 -1 
0.895135 -1 
1.68545 -1 
1.94563 -1 
-3.73135 -1 
2.12634 -1 
2.84515 -1 
2.57722 -1 
-1.79396 -1 
-2.01706 -1 
3.55654 -1 
3.33481 -1 
3.77827 -1 
-0.14999 -1 
-0.00384192 -1 
0.212053 -1 
-0.0802449 -1 
0.274452 -1 
-0.366325 -1 
-0.443485 -1 
0.691919 -1 
-0.520646 -1 
-0.866595 -1 
-0.746324 -1 
-0.986866 -1 
-1.11431 -1 
-1.37005 -1 
1.00656 -1 
1.12423 -1 
1.24189 -1 
-3.46271 -1 
-1.3059 -1 
-1.24176 -1 
2.30706 -1 
-1.49833 -1 
-1.57224 -1 
1.359 -1 
1.47612 -1 
-1.64615 -1 
-2.7085 -1 
-2.47433 -1 
-2.24017 -1 
-2.87391 -1 
-0.633485 -1 
-4 -1 
2.44214 -1 
-0.256383 -1 
0.107434 -1 
0.564117 -1 
0.396466 -1 
-3.14516 -1 
0.839421 -1 
1.81554 -1 
2.03599 -1 
2.71119 -1 
3.44568 -1 
3.66741 -1 
3.88914 -1 
0.0343596 -1 
-0.115118 -1 
0.17718 -1 
-0.329678 -1 
0.646024 -1 
-0.482065 -1 
-0.0420434 -1 
-0.404905 -1 
-0.806459 -1 
-0.926731 -1 
0.492093 -1 
0.737813 -1 
0.950848 -1 
1.06539 -1 
1.18306 -1 
-3.59703 -1 
-1.27383 -1 
2.2167 -1 
3.22395 -1 
-1.53529 -1 
1.41756 -1 
-1.43419 -1 
-1.60919 -1 
-1.72005 -1 
-2.59141 -1 
-1.90551 -1 
-2.35725 -1 
-2.12862 -1 
-2.7912 -1 
-0.184863 -1 
-0.689904 -1 
-0.577065 -1 
0.243252 -1 
0.305651 -1 
-3.35686 -1 
-2.95661 -1 
-1.05059 -1 
-1.17804 -1 
1.30045 -1 
-3.86568 -1 
2.50968 -1 
1.52845 -1 
1.63311 -1 
-1.33797 -1 
2.97912 -1 
2.3746 -1 
ZONE T="boundary4"
-0.636709 -0.012259 
-0.632923 0.0347891 
0.633655 0.123749 
0.63674 0.109896 
-0.628374 0.0581272 
-0.622001 0.0811547 
-0.635682 0.0112949 
-0.384654 0.313674 
-0.407132 0.303512 
-0.361606 0.323214 
-0.338345 0.332108 
-0.191828 0.377556 
-0.16646 0.384159 
-0.290672 0.348561 
-0.613783 0.103755 
-0.598066 0.136483 
-0.60375 0.125751 
-0.578502 0.167382 
0.555766 0.281121 
0.564847 0.269328 
-0.565089 0.184879 
-0.591958 0.147002 
-0.522059 0.229283 
-0.536699 0.215721 
-0.216817 0.370741 
0.639349 0.0129093 
0.589396 0.231411 
0.581675 0.244375 
-0.489317 0.255491 
-0.470336 0.268529 
-0.505977 0.242798 
-0.450755 0.280598 
0.642064 0.0681168 
-0.314565 0.340575 
0.430903 0.379167 
-0.241748 0.363618 
-0.266244 0.356274 
-0.141034 0.390462 
-0.0893553 0.402258 
-0.0368223 0.412698 
-0.0101336 0.417322 
0.0166797 0.421454 
-0.063147 0.407677 
-0.550672 0.201412 
0.245556 0.42923 
0.276459 0.425404 
0.596469 0.218606 
0.642458 0.0542177 
0.639187 0.0959858 
0.641106 0.0266068 
0.545682 0.293067 
0.629938 0.137613 
0.473725 0.354846 
0.487033 0.345748 
0.460046 0.363379 
0.307384 0.420051 
0.535063 0.304524 
0.524063 0.315355 
0.500034 0.336005 
0.51258 0.325691 
0.0713614 0.42811 
0.0994054 0.430502 
0.127567 0.432138 
0.156526 0.432957 
0.185557 0.432831 
0.338616 0.412918 
0.215565 0.431624 
0.625679 0.15126 
0.642139 0.0403371 
0.57349 0.257051 
-0.429234 0.292504 
-0.115238 0.396526 
0.0439552 0.425087 
0.369927 0.403798 
0.400908 0.392542 
0.603148 0.205589 
0.61542 0.178618 
0.635274 0.116839 
-0.625413 0.0697018 
-0.634522 0.0230664 
-0.395935 0.308691 
-0.350002 0.327734 
-0.179153 0.380894 
-0.600961 0.131145 
-0.608984 0.114851 
0.560371 0.275274 
-0.630873 0.0465004 
-0.595063 0.141771 
-0.529461 0.22259 
0.585591 0.237926 
-0.479909 0.262131 
-0.497722 0.249243 
-0.373164 0.31853 
-0.460617 0.274681 
-0.326476 0.336405 
-0.302635 0.344622 
-0.229293 0.367218 
-0.254007 0.359988 
-0.153756 0.387348 
-0.0234901 0.415069 
0.00326097 0.419453 
-0.0762622 0.405015 
-0.5141 0.236138 
-0.278471 0.352465 
-0.204332 0.374185 
-0.543779 0.208656 
-0.0499961 0.41024 
0.261027 0.427495 
0.638043 0.102954 
0.640318 0.0197455 
0.550793 0.287153 
0.631869 0.1307 
0.480426 0.350369 
0.466931 0.359182 
0.640965 0.0820832 
0.540439 0.298857 
0.506366 0.330919 
0.518379 0.320586 
0.529624 0.310001 
0.0853732 0.429397 
0.142041 0.432661 
0.17104 0.433017 
0.323049 0.416703 
0.230571 0.430581 
-0.636408 -0.000473695 
0.627875 0.144457 
0.642388 0.0472743 
0.642349 0.0611688 
0.569233 0.263235 
0.641712 0.0334642 
0.113478 0.431419 
0.291954 0.422922 
-0.102307 0.399435 
0.0576473 0.426678 
0.385513 0.398434 
-0.128145 0.393534 
0.0303055 0.423344 
0.354341 0.408601 
-0.558008 0.193255 
-0.571939 0.176239 
-0.618116 0.0925349 
0.577644 0.250752 
-0.440062 0.286676 
0.599857 0.212124 
0.592982 0.225035 
-0.585424 0.157318 
0.445633 0.371566 
0.416029 0.386131 
0.493587 0.340948 
0.609502 0.192203 
0.620797 0.165031 
0.200565 0.43237 
-0.418237 0.29812 
ZONE T="boundary5"
0.139699 -0.496028 
0.112958 -0.504188 
-0.227416 -0.494499 
-0.255745 -0.484974 
0.265599 -0.433814 
0.241525 -0.449061 
-0.60066 -0.174205 
-0.618123 -0.128731 
-0.550647 -0.262834 
-0.564979 -0.240958 
-0.460366 -0.364205 
-0.610064 -0.151552 
-0.636709 -0.012259 
-0.633827 -0.0592557 
-0.636068 -0.0357959 
-0.624801 -0.105736 
-0.578063 -0.218907 
-0.630054 -0.0825653 
-0.19872 -0.502719 
-0.170049 -0.509551 
-0.283871 -0.474061 
-0.0263 -0.523828 
-0.0549055 -0.523637 
-0.0835596 -0.522113 
-0.112398 -0.519252 
-0.141162 -0.515078 
-0.481039 -0.345005 
-0.438174 -0.382928 
-0.535255 -0.284032 
-0.518493 -0.304865 
-0.500437 -0.325185 
-0.338519 -0.448352 
-0.364883 -0.4336 
-0.414743 -0.400846 
-0.390218 -0.417805 
-0.589983 -0.196637 
0.548244 -0.159765 
0.527584 -0.18245 
0.636879 -0.000636999 
0.40014 -0.318101 
0.00207803 -0.522671 
0.639349 0.0129093 
0.0302552 -0.520147 
0.0581613 -0.516239 
0.0857209 -0.510931 
0.165946 -0.486436 
0.216888 -0.462935 
0.191671 -0.475409 
0.289136 -0.41724 
0.312154 -0.399422 
0.378554 -0.339714 
0.356824 -0.360495 
0.334558 -0.380584 
0.421358 -0.296095 
0.442621 -0.273457 
0.485062 -0.227649 
0.506463 -0.204907 
0.567316 -0.137322 
0.633714 -0.0139868 
0.585139 -0.113968 
-0.311473 -0.461855 
0.463668 -0.250704 
0.625334 -0.0401467 
0.614331 -0.0655256 
0.600909 -0.090044 
0.126382 -0.500289 
-0.241634 -0.489898 
0.253654 -0.441592 
-0.55794 -0.251978 
-0.60551 -0.16294 
-0.635143 -0.0475449 
-0.62163 -0.117282 
-0.614252 -0.140197 
-0.632126 -0.070941 
-0.213113 -0.498772 
-0.184422 -0.506296 
-0.26987 -0.47968 
-0.0406021 -0.5239 
-0.0692396 -0.523039 
-0.126802 -0.517327 
-0.449383 -0.373699 
-0.543082 -0.273527 
-0.509589 -0.315134 
-0.351788 -0.441132 
-0.426566 -0.392027 
-0.402582 -0.409472 
-0.58415 -0.207839 
0.537989 -0.17117 
-0.470817 -0.354728 
-0.0121029 -0.523419 
0.016183 -0.521582 
0.0442332 -0.518369 
0.0993833 -0.50774 
0.152885 -0.491412 
0.17888 -0.481099 
0.229293 -0.456163 
0.277461 -0.42567 
0.367754 -0.350176 
0.300737 -0.408457 
0.410793 -0.307136 
0.432023 -0.284802 
0.495752 -0.216257 
-0.57164 -0.230003 
0.389402 -0.328962 
0.557902 -0.148646 
0.638203 0.00611879 
0.635384 -0.00733351 
-0.627604 -0.0941909 
-0.595459 -0.185486 
-0.527003 -0.294551 
-0.155635 -0.512478 
-0.325075 -0.455262 
-0.0979931 -0.520847 
-0.490857 -0.335211 
-0.377644 -0.425852 
0.071975 -0.513763 
0.204359 -0.469345 
0.323442 -0.390111 
0.453158 -0.262086 
-0.297743 -0.468118 
0.345769 -0.370631 
0.576407 -0.125783 
0.474352 -0.239153 
0.629856 -0.0271772 
-0.636593 -0.0240336 
0.620136 -0.0529718 
0.607886 -0.0779342 
0.593251 -0.102157 
0.517048 -0.193692 
