ZONE T="boundary0"
-4 -1 
-4 -0.731322 
-4 -0.485265 
-4 -0.355936 
-4 0.153033 
-4 0.225594 
-4 0.280462 
-4 0.493731 
-4 0.620298 
-4 -0.139937 
-4 -0.644501 
-4 1 
-4 0.746866 
-4 0.0990582 
-4 0.0450838 
-4 -0.0201578 
-4 0.33533 
-4 -0.299022 
-4 -0.246748 
-4 -0.194474 
-4 -0.41285 
-4 -0.0853995 
-4 -0.557681 
-4 0.414531 
-4 0.189313 
-4 0.253028 
-4 0.557015 
-4 -0.865661 
-4 0.873433 
-4 0.072071 
-4 -0.220611 
-4 -0.167206 
-4 -0.384393 
-4 -0.112668 
-4 -0.327479 
-4 -0.521473 
-4 -0.449057 
-4 -0.687912 
-4 -0.601091 
-4 0.683582 
-4 0.307896 
-4 0.126045 
-4 -0.272885 
-4 0.012463 
-4 -0.0527786 
-4 0.454131 
-4 0.374931 
ZONE T="boundary1"
-3.62701 1 
-3.33336 1 
-2.55609 1 
-2.82845 1 
1.04229 1 
0.937214 1 
0.520693 1 
0.412312 1 
-0.805107 1 
-2.03076 1 
-1.87935 1 
-0.427164 1 
0.247349 1 
0.178761 1 
0.110173 1 
-1.45768 1 
-1.55928 1 
-0.563804 1 
4 1 
2.99162 1 
1.14272 1 
-4 1 
3.46555 1 
3.73278 1 
0.32983 1 
-1.2405 1 
-3.81351 1 
1.67491 1 
2.04516 1 
3.1496 1 
3.30758 1 
2.44614 1 
-0.632125 1 
-0.355431 1 
-0.0908407 1 
-0.157648 1 
-0.0240331 1 
-0.220673 1 
-0.283697 1 
-0.700445 1 
0.629073 1 
-0.90977 1 
-1.01733 1 
-1.1249 1 
-1.35609 1 
-1.72794 1 
0.832137 1 
1.24315 1 
0.730605 1 
1.46714 1 
1.35514 1 
1.86004 1 
2.24565 1 
2.83364 1 
2.63989 1 
-3.08091 1 
-2.95468 1 
-2.29342 1 
0.04307 1 
-3.48019 1 
-2.69227 1 
0.989752 1 
0.466502 1 
-1.95505 1 
0.213055 1 
1.09251 1 
3.59917 1 
3.22859 1 
-0.495484 1 
-0.391297 1 
-0.124245 1 
0.144467 1 
-0.252185 1 
-0.189161 1 
0.28859 1 
-0.666285 1 
0.574883 1 
-0.752776 1 
-0.963551 1 
-1.07111 1 
-1.1827 1 
-1.29829 1 
-1.50848 1 
-1.64361 1 
-1.40689 1 
1.19294 1 
0.371071 1 
-0.857438 1 
0.884675 1 
0.781371 1 
0.679839 1 
1.41114 1 
1.57103 1 
1.9526 1 
1.76747 1 
-3.72026 1 
2.14541 1 
2.91263 1 
2.3459 1 
2.73677 1 
2.54302 1 
3.07061 1 
-3.0178 1 
-3.20714 1 
3.38656 1 
-2.16209 1 
-2.42475 1 
-1.80365 1 
-0.319564 1 
-0.597965 1 
0.0766216 1 
0.00951844 1 
-0.0574369 1 
3.86639 1 
1.29915 1 
-3.90675 1 
-2.89157 1 
ZONE T="boundary2"
4 -0.267554 
4 -0.308441 
4 -0.185413 
4 -0.226483 
4 0.332564 
4 0.0282545 
4 0.45067 
4 0.819086 
4 1 
4 -0.574644 
4 -0.431104 
4 -0.787322 
4 -0.0693232 
4 -0.349329 
4 0.308248 
4 0.125832 
4 0.391617 
4 0.544421 
4 0.638173 
4 0.259617 
4 0.283932 
4 0.180566 
4 0.235301 
4 -1 
4 0.207934 
4 -0.680983 
4 -0.287998 
4 -0.205948 
4 0.909543 
4 -0.502874 
4 -0.127368 
4 -0.247019 
4 -0.328885 
4 0.320406 
4 0.0770434 
4 -0.0205343 
4 0.421144 
4 0.497546 
4 0.591297 
4 0.271774 
4 0.153199 
4 -0.893661 
4 0.221617 
4 0.19425 
4 0.29609 
4 0.247459 
4 0.362091 
4 -0.390216 
4 0.728629 
4 -0.734153 
4 -0.627814 
ZONE T="boundary3"
-4 -1 
-3.76065 -1 
-1.77595 -1 
-0.140539 -1 
0.284581 -1 
0.206358 -1 
-0.0738374 -1 
-0.00713593 -1 
1.1147 -1 
0.997824 -1 
1.22419 -1 
-0.294909 -1 
-0.954804 -1 
0.761685 -1 
2.08827 -1 
2.29285 -1 
-3.52129 -1 
-3.36585 -1 
-2.89952 -1 
-3.2104 -1 
-1.32724 -1 
-1.17409 -1 
-2.06603 -1 
2.9973 -1 
2.75119 -1 
3.81085 -1 
-2.50574 -1 
-2.28588 -1 
-1.06445 -1 
3.24341 -1 
2.52202 -1 
0.458826 -1 
0.371704 -1 
0.328143 -1 
0.128135 -1 
0.875534 -1 
0.647836 -1 
0.553331 -1 
-0.393096 -1 
1.33368 -1 
1.45614 -1 
1.57859 -1 
-0.605479 -1 
1.73114 -1 
1.88369 -1 
-0.491284 -1 
-0.837239 -1 
-0.719674 -1 
-1.40382 -1 
-1.62817 -1 
-1.4804 -1 
3.43256 -1 
3.62171 -1 
-2.70263 -1 
4 -1 
-3.88032 -1 
0.24547 -1 
-0.0404867 -1 
1.05626 -1 
2.19056 -1 
-3.64097 -1 
-1.25067 -1 
-1.92099 -1 
2.87425 -1 
-2.39581 -1 
-1.11927 -1 
3.12036 -1 
-2.17595 -1 
2.63661 -1 
0.415265 -1 
0.349923 -1 
-0.107188 -1 
0.0604997 -1 
0.818609 -1 
0.167247 -1 
-0.217724 -1 
0.506079 -1 
-0.344003 -1 
0.936679 -1 
0.600583 -1 
1.27894 -1 
1.16944 -1 
1.51736 -1 
1.39491 -1 
1.65487 -1 
1.80742 -1 
0.70476 -1 
-0.548381 -1 
-0.896022 -1 
-0.662576 -1 
-0.778456 -1 
-1.00963 -1 
-0.44219 -1 
-1.36553 -1 
-1.55429 -1 
3.33798 -1 
3.52713 -1 
-1.70206 -1 
-3.44357 -1 
2.40744 -1 
1.98598 -1 
3.90543 -1 
-3.05496 -1 
-2.60419 -1 
-2.80107 -1 
0.306362 -1 
3.71628 -1 
-1.44211 -1 
-3.28813 -1 
ZONE T="boundary4"
-0.624673 0.0843901 
-0.248276 0.493513 
0.584315 0.146324 
0.625788 0.083489 
-0.624087 0.0234508 
-0.625398 0.0435607 
0.614031 0.105371 
0.600422 0.125998 
-0.566811 0.267188 
-0.557529 0.282746 
-0.609816 0.166158 
-0.590866 0.218745 
-0.536874 0.313047 
-0.525522 0.327731 
0.645243 0.0269499 
-0.373281 0.451709 
-0.354419 0.460764 
-0.6256 0.0638921 
-0.615148 0.145932 
-0.619428 0.125505 
-0.622614 0.104943 
-0.547638 0.297909 
-0.597764 0.201818 
-0.604097 0.184326 
-0.575376 0.25145 
-0.583349 0.235389 
-0.500492 0.356377 
-0.426189 0.42013 
0.513173 0.209778 
0.532558 0.19523 
-0.472707 0.383417 
-0.457751 0.396276 
-0.486869 0.370186 
-0.409188 0.431342 
-0.292788 0.48332 
-0.3142 0.476644 
-0.391742 0.441772 
-0.442286 0.408487 
-0.334478 0.469201 
-0.225274 0.49692 
-0.201658 0.499149 
-0.176771 0.50014 
0.650803 -0.0123345 
0.648762 0.00737229 
-0.271127 0.488886 
0.640257 0.046153 
0.651418 -0.0323133 
0.472281 0.236798 
0.312802 0.32048 
0.33789 0.30826 
0.361572 0.296662 
0.385039 0.284964 
0.260519 0.346248 
0.233416 0.359909 
0.287597 0.332821 
0.492947 0.22365 
0.451021 0.249488 
0.407386 0.273479 
-0.51329 0.342311 
0.429427 0.261665 
-0.126524 0.498015 
-0.0461291 0.483608 
0.0363754 0.45598 
0.0641477 0.444218 
0.176707 0.389028 
0.205038 0.374423 
0.0922278 0.431347 
0.00880588 0.466521 
0.550694 0.180119 
0.592578 0.136344 
0.568 0.163871 
0.633767 0.0650351 
-0.151927 0.49977 
-0.0999193 0.494713 
-0.0190172 0.475863 
-0.0735311 0.489992 
0.120178 0.417781 
0.148446 0.403541 
-0.624881 0.033498 
0.60745 0.115838 
-0.562247 0.275014 
-0.531271 0.320446 
-0.363901 0.456346 
-0.617421 0.135748 
-0.552659 0.290377 
-0.60102 0.193105 
-0.607056 0.175274 
-0.594395 0.210315 
-0.579435 0.243457 
-0.587184 0.227102 
-0.571169 0.259361 
-0.542332 0.305533 
0.522949 0.20262 
-0.465295 0.389925 
-0.479855 0.376874 
-0.621158 0.115247 
-0.303535 0.480118 
-0.417749 0.42583 
-0.400521 0.436654 
-0.450081 0.402464 
-0.612609 0.15608 
-0.344498 0.465103 
-0.213482 0.498191 
-0.189223 0.499816 
0.649964 -0.00246071 
-0.434299 0.414395 
-0.259731 0.491351 
-0.324383 0.473046 
0.642933 0.0366012 
-0.625277 0.0741488 
-0.382567 0.446848 
0.325353 0.314366 
-0.623783 0.0946819 
0.373326 0.290839 
0.246964 0.353052 
0.300203 0.326634 
0.461693 0.243212 
0.396237 0.279261 
-0.519479 0.335084 
0.440262 0.255637 
0.0503006 0.450215 
0.190874 0.38172 
0.541726 0.187802 
0.596556 0.131215 
0.588498 0.141379 
0.576312 0.155249 
-0.625639 0.0537263 
-0.49375 0.363352 
0.651289 -0.022317 
0.637194 0.0556589 
-0.506961 0.349409 
0.559473 0.172136 
-0.236797 0.495367 
0.482663 0.230305 
-0.281992 0.486241 
-0.164349 0.500123 
-0.139218 0.499064 
0.274053 0.339511 
0.418438 0.267624 
0.503124 0.216812 
-0.113204 0.496547 
-0.032537 0.479899 
-0.0867013 0.492526 
-0.00506313 0.471348 
0.0226324 0.461386 
0.219224 0.367145 
0.349744 0.302471 
-0.0597968 0.486977 
0.0782219 0.437876 
0.106229 0.42463 
0.134329 0.410702 
0.162584 0.3963 
0.647188 0.0171962 
0.629954 0.0743413 
0.62016 0.09457 
ZONE T="boundary5"
-0.315792 -0.359541 
-0.519951 -0.205355 
-0.556458 -0.158562 
-0.544914 -0.174648 
-0.621689 0.00360283 
-0.624087 0.0234508 
-0.60189 -0.0722923 
-0.608302 -0.0538914 
-0.594549 -0.0903165 
-0.618236 -0.0159241 
-0.567201 -0.142128 
-0.613766 -0.0350812 
-0.401131 -0.309606 
-0.44861 -0.274353 
-0.2396 -0.394317 
-0.259282 -0.386059 
-0.350977 -0.340619 
-0.278791 -0.377394 
-0.297383 -0.368667 
0.635333 -0.131933 
-0.367964 -0.330702 
-0.106234 -0.438851 
-0.153474 -0.425241 
-0.218832 -0.40253 
-0.197897 -0.410312 
-0.175771 -0.418011 
-0.12994 -0.432308 
-0.506623 -0.22004 
-0.492777 -0.23432 
-0.478497 -0.248141 
-0.532754 -0.190206 
-0.417255 -0.298386 
-0.384711 -0.320357 
-0.463766 -0.261502 
-0.577223 -0.125154 
0.621815 -0.17106 
-0.333487 -0.350282 
0.628991 -0.151497 
-0.58631 -0.107949 
0.112267 -0.472008 
0.0826986 -0.470481 
0.0532216 -0.467997 
-0.00299025 -0.460697 
-0.0296261 -0.456096 
0.0250487 -0.464752 
-0.0561053 -0.450807 
0.142568 -0.472528 
0.263083 -0.462875 
0.172886 -0.471938 
0.233509 -0.467142 
0.203314 -0.47016 
0.403743 -0.420194 
0.319248 -0.450756 
-0.0812532 -0.445127 
0.645259 -0.0922041 
0.346519 -0.442704 
0.291671 -0.457407 
0.375356 -0.432397 
0.429742 -0.40694 
0.503482 -0.354862 
0.479859 -0.374362 
0.52182 -0.337297 
0.539031 -0.318398 
0.454967 -0.391844 
0.604214 -0.212474 
0.650645 -0.0523303 
0.651418 -0.0323133 
0.613993 -0.190374 
0.593718 -0.23423 
0.640819 -0.112082 
0.648564 -0.0722926 
-0.433119 -0.286624 
0.567449 -0.280298 
0.553762 -0.299901 
0.587567 -0.246103 
0.581127 -0.257817 
-0.550771 -0.166666 
-0.623024 0.0135114 
-0.605216 -0.0631329 
-0.620096 -0.00618321 
-0.611159 -0.0445217 
-0.249462 -0.390238 
-0.288109 -0.373079 
-0.3595 -0.335712 
-0.229238 -0.398478 
-0.186855 -0.414221 
-0.499757 -0.227236 
-0.485691 -0.241288 
-0.409233 -0.304055 
-0.526422 -0.19784 
-0.538911 -0.182487 
-0.598334 -0.0813507 
-0.37637 -0.325584 
-0.456242 -0.267992 
-0.471186 -0.254883 
-0.572312 -0.133699 
-0.324665 -0.354961 
0.632262 -0.141747 
0.0974756 -0.471367 
0.067949 -0.469356 
-0.0163246 -0.458485 
0.0110134 -0.462824 
-0.590539 -0.0991837 
0.157729 -0.472376 
0.188109 -0.471202 
-0.61613 -0.0255319 
-0.306612 -0.364154 
-0.0937635 -0.442063 
0.332936 -0.446908 
0.3055 -0.454249 
-0.0686974 -0.448043 
0.389649 -0.426527 
0.491863 -0.364848 
-0.34226 -0.345501 
0.530588 -0.327997 
0.442486 -0.399613 
-0.0428841 -0.453537 
0.651201 -0.042327 
0.512799 -0.346235 
0.609194 -0.201464 
0.62549 -0.16131 
0.617979 -0.180747 
0.599059 -0.223397 
-0.58187 -0.116606 
0.638192 -0.122039 
0.64317 -0.102171 
0.649762 -0.0623267 
-0.425232 -0.292567 
-0.440914 -0.280552 
0.647056 -0.0822713 
-0.513349 -0.212755 
-0.561921 -0.150405 
-0.269059 -0.381778 
-0.118106 -0.435646 
-0.141727 -0.42884 
-0.392957 -0.315038 
-0.208385 -0.406475 
-0.164642 -0.421685 
0.546543 -0.309267 
0.584386 -0.251981 
0.127414 -0.472403 
0.277409 -0.460308 
0.24832 -0.465174 
0.416851 -0.41378 
0.0391221 -0.466478 
0.218428 -0.468812 
0.361015 -0.437768 
0.467578 -0.38334 
0.560758 -0.290207 
0.574463 -0.269166 
0.590675 -0.240185 
