ZONE T="boundary0"
-4 -0.826639 
-4 -1 
-4 -0.222982 
-4 0.309414 
-4 0.268636 
-4 0.810086 
-4 0.620172 
-4 0.43175 
-4 0.225433 
-4 0.182231 
-4 -0.171463 
-4 1 
-4 0.0249609 
-4 -0.119944 
-4 0.525961 
-4 -0.197222 
-4 -0.442719 
-4 -0.547998 
-4 -0.335215 
-4 -0.388967 
-4 -0.653277 
-4 0.142913 
-4 -0.0474914 
-4 0.350193 
-4 -0.279099 
-4 -0.25104 
-4 0.103596 
-4 -0.913319 
-4 0.289025 
-4 0.715129 
-4 0.203832 
-4 0.905043 
-4 0.478855 
-4 -0.210102 
-4 -0.495358 
-4 -0.362091 
-4 -0.600638 
-4 -0.0112653 
-4 -0.265069 
-4 -0.184343 
-4 -0.237011 
-4 -0.307157 
-4 -0.415843 
-4 -0.145703 
-4 -0.0837175 
-4 0.390971 
-4 0.247034 
-4 0.329803 
-4 0.123255 
-4 -0.739958 
-4 0.573067 
-4 0.162572 
-4 0.0642783 
ZONE T="boundary1"
-3.61864 1 
0.787495 1 
0.692663 1 
0.882327 1 
-0.173002 1 
-0.240621 1 
1.58812 1 
1.312 1 
1.19199 1 
0.977159 1 
1.07199 1 
-1.47177 1 
-1.56788 1 
3.48358 1 
3.74179 1 
-2.83831 1 
1.84244 1 
3.17288 1 
2.86217 1 
-3.16982 1 
-4 1 
-2.51218 1 
2.59903 1 
2.21254 1 
-2.33487 1 
-2.12413 1 
-0.308241 1 
-0.039122 1 
-0.46203 1 
0.201586 1 
0.15005 1 
-0.106062 1 
0.253123 1 
-0.665754 1 
0.385356 1 
0.0296958 1 
-0.385135 1 
0.304659 1 
0.579358 1 
0.466054 1 
-0.916866 1 
-0.79131 1 
-0.728532 1 
1.45006 1 
-1.05017 1 
-1.18347 1 
-1.27957 1 
-1.37567 1 
2.08917 1 
-1.74063 1 
-1.91338 1 
-1.65425 1 
-3.3525 1 
-2.98714 1 
2.3359 1 
-2.68948 1 
-3.80932 1 
0.0985137 1 
-0.563892 1 
-0.983516 1 
4 1 
0.740079 1 
-0.206812 1 
1.25199 1 
-1.51982 1 
3.61269 1 
3.01752 1 
-2.2295 1 
0.175818 1 
-0.0725921 1 
-0.139532 1 
-0.00471308 1 
-0.346688 1 
0.345008 1 
0.636011 1 
0.522706 1 
0.425705 1 
-0.759921 1 
0.834911 1 
1.02458 1 
1.38103 1 
0.929743 1 
1.51909 1 
1.71528 1 
-1.32762 1 
1.96581 1 
1.13199 1 
-1.827 1 
-3.48557 1 
-2.01875 1 
-3.07848 1 
-2.91272 1 
2.15085 1 
2.46747 1 
-2.42353 1 
2.7306 1 
-2.7639 1 
-3.71398 1 
3.32823 1 
2.27422 1 
-2.60083 1 
-3.26116 1 
-3.90466 1 
0.0641047 1 
-0.512961 1 
-0.274431 1 
0.278891 1 
0.227354 1 
0.124282 1 
-0.854088 1 
-0.423582 1 
-0.614823 1 
-1.01684 1 
-1.69744 1 
-1.61106 1 
-1.11682 1 
-1.23152 1 
-1.42372 1 
-0.697143 1 
3.8709 1 
-0.950191 1 
ZONE T="boundary2"
4 -0.61872 
4 -0.462767 
4 -0.285979 
4 -0.17753 
4 -0.80936 
4 0.207833 
4 0.257087 
4 0.329 
4 0.293043 
4 0.0169299 
4 0.158579 
4 0.809899 
4 -1 
4 0.379005 
4 0.429011 
4 0.619798 
4 0.524405 
4 -0.402272 
4 -0.341778 
4 -0.230181 
4 -0.124879 
4 -0.0539744 
4 0.714849 
4 1 
4 -0.540744 
4 -0.71404 
4 0.23246 
4 0.0877545 
4 0.404008 
4 0.572102 
4 -0.372025 
4 -0.313878 
4 -0.25808 
4 -0.151204 
4 -0.203855 
4 -0.0894265 
4 -0.0185223 
4 -0.90468 
4 0.667324 
4 0.311022 
4 0.183206 
4 0.275065 
4 -0.43252 
4 0.354003 
4 0.476708 
4 0.762374 
4 0.90495 
ZONE T="boundary3"
-4 -1 
-0.0761482 -1 
-0.0369249 -1 
0.381352 -1 
-0.181722 -1 
-0.115371 -1 
0.145419 -1 
-1.2712 -1 
0.0500052 -1 
1.89868 -1 
1.71602 -1 
0.516178 -1 
-0.840967 -1 
-1.4983 -1 
1.32853 -1 
1.2543 -1 
-3.16221 -1 
-0.248073 -1 
-0.338004 -1 
-3.69455 -1 
2.08133 -1 
3.67153 -1 
-0.946314 -1 
0.898195 -1 
4 -1 
2.48311 -1 
2.28222 -1 
1.03913 -1 
-3.38911 -1 
3.34307 -1 
3.10996 -1 
2.67998 -1 
-2.24741 -1 
-1.66445 -1 
-1.84912 -1 
-2.69818 -1 
-2.46105 -1 
0.0977119 -1 
0.604724 -1 
0.693269 -1 
-0.623906 -1 
-0.52592 -1 
0.201783 -1 
0.258147 -1 
0.795732 -1 
-0.732436 -1 
-0.427935 -1 
1.43829 -1 
-1.16143 -1 
1.1096 -1 
1.18006 -1 
-1.05166 -1 
-1.38475 -1 
1.54805 -1 
-2.93531 -1 
-2.03378 -1 
2.87686 -1 
-3.84728 -1 
-0.0565365 -1 
-0.148547 -1 
1.80735 -1 
1.29141 -1 
-0.293039 -1 
1.99 -1 
3.83577 -1 
2.38266 -1 
0.968663 -1 
-3.54183 -1 
3.5073 -1 
3.22651 -1 
-1.75679 -1 
-2.57961 -1 
0.00654013 -1 
0.121565 -1 
0.648997 -1 
-0.0957598 -1 
0.560451 -1 
-0.574913 -1 
0.229965 -1 
0.319749 -1 
0.448765 -1 
0.846964 -1 
-0.678171 -1 
-0.382969 -1 
-0.476927 -1 
-0.89364 -1 
1.14483 -1 
1.07436 -1 
-1.10655 -1 
-1.32798 -1 
-0.998987 -1 
1.38341 -1 
1.63204 -1 
-1.44152 -1 
-0.786701 -1 
-1.58138 -1 
2.18177 -1 
-3.04876 -1 
-2.35423 -1 
-2.1406 -1 
-1.94145 -1 
2.77842 -1 
2.99341 -1 
2.58154 -1 
0.0738585 -1 
-0.214898 -1 
0.173601 -1 
-3.92364 -1 
-2.81674 -1 
0.744501 -1 
1.49317 -1 
1.21718 -1 
-1.21632 -1 
-3.27566 -1 
-3.77091 -1 
ZONE T="boundary4"
-0.246274 0.492217 
-0.596249 0.195638 
0.544129 0.17704 
-0.582427 0.224936 
-0.453706 0.385317 
-0.630014 0.0185208 
-0.269021 0.485679 
-0.22329 0.497746 
-0.290113 0.478632 
0.645471 0.00981265 
0.648906 -0.0132265 
-0.435949 0.399469 
-0.198639 0.502507 
-0.173838 0.506108 
-0.628732 0.0742261 
-0.630138 0.055525 
-0.366692 0.44436 
-0.349108 0.453518 
-0.630564 0.0369392 
-0.626354 0.0929412 
-0.623022 0.111608 
-0.60833 0.164732 
-0.618782 0.1301 
-0.613936 0.147513 
-0.570977 0.246156 
-0.558545 0.266831 
-0.472285 0.369115 
-0.496909 0.345103 
-0.519651 0.319819 
-0.540172 0.293723 
-0.417616 0.412855 
-0.400974 0.424021 
-0.383936 0.434557 
-0.330171 0.46249 
-0.310914 0.470715 
0.525527 0.193537 
-0.147474 0.508654 
-0.12109 0.509897 
0.595931 0.120139 
0.611114 0.0975435 
0.562021 0.159696 
0.578936 0.141359 
0.341194 0.330274 
0.31693 0.346745 
0.292161 0.363283 
0.267226 0.379553 
0.506346 0.209451 
0.484325 0.22687 
0.438016 0.261897 
0.413763 0.279551 
0.461915 0.244039 
0.365302 0.313685 
0.389667 0.296679 
0.0488344 0.486712 
-0.00876487 0.500674 
-0.037116 0.505229 
-0.0657504 0.508296 
0.019812 0.49454 
0.134152 0.45438 
0.10588 0.466617 
0.216099 0.41116 
0.18921 0.426503 
0.07741 0.477424 
0.162218 0.440807 
0.241791 0.395624 
0.632365 0.0548094 
0.622738 0.0764938 
0.650301 -0.0366369 
0.639942 0.0325874 
-0.0933621 0.509806 
-0.589571 0.210399 
-0.234811 0.495108 
-0.279602 0.482264 
0.647445 -0.00166527 
-0.444902 0.392488 
-0.186259 0.504452 
-0.629556 0.0648855 
-0.357941 0.44902 
-0.630411 0.0277273 
-0.602569 0.180296 
-0.621013 0.12088 
-0.611224 0.156153 
-0.616455 0.138834 
-0.564885 0.256569 
-0.484792 0.35731 
-0.530128 0.306942 
-0.463089 0.377324 
-0.426853 0.406259 
-0.392503 0.429368 
-0.320582 0.466696 
-0.375359 0.439538 
0.534907 0.185379 
-0.13429 0.509438 
-0.257682 0.489073 
-0.549584 0.280432 
-0.160671 0.507544 
-0.339683 0.458097 
0.60377 0.109014 
0.570617 0.15066 
-0.624804 0.102296 
-0.409346 0.418516 
0.32908 0.338527 
0.304567 0.355039 
0.27972 0.371456 
0.495382 0.218211 
0.425923 0.270757 
-0.627662 0.0835996 
0.377507 0.3052 
-0.300553 0.474781 
-0.0229144 0.503137 
-0.051415 0.506952 
0.0343682 0.490816 
0.120076 0.460657 
-0.210991 0.50027 
0.202705 0.418931 
0.175768 0.433772 
0.515992 0.201559 
-0.630473 0.0462358 
-0.576822 0.235612 
0.617147 0.087146 
0.642964 0.0212664 
0.553183 0.168482 
0.587638 0.130919 
0.353267 0.321994 
0.0631735 0.482248 
0.091702 0.472192 
0.228986 0.403465 
-0.0795474 0.509228 
0.473152 0.235485 
0.401742 0.288141 
0.254542 0.387643 
-0.107226 0.51003 
0.00555891 0.497794 
0.636402 0.0437878 
0.627789 0.0657619 
0.649859 -0.0249134 
0.449999 0.253 
0.148245 0.447736 
-0.508488 0.332649 
ZONE T="boundary5"
0.378863 -0.415074 
0.348006 -0.425533 
-0.205822 -0.392122 
-0.1846 -0.398799 
-0.521427 -0.215449 
-0.533204 -0.202935 
-0.6285 0.000319779 
-0.626042 -0.0176018 
-0.575507 -0.147995 
-0.565784 -0.162448 
-0.622667 -0.0351899 
-0.60051 -0.101957 
-0.607294 -0.0858344 
-0.630014 0.0185208 
-0.618396 -0.0524514 
-0.38526 -0.316985 
-0.400453 -0.30846 
-0.613266 -0.0693277 
-0.584554 -0.133106 
-0.266357 -0.370874 
-0.226938 -0.385092 
-0.246702 -0.378148 
-0.2848 -0.363693 
-0.303133 -0.356186 
-0.320404 -0.348749 
-0.337549 -0.340982 
-0.0905511 -0.423914 
-0.0647017 -0.429545 
-0.139184 -0.41183 
-0.161948 -0.40551 
-0.114934 -0.418097 
-0.592912 -0.117735 
-0.509225 -0.227549 
-0.544582 -0.189912 
-0.555448 -0.176434 
-0.353792 -0.333234 
-0.429518 -0.290651 
-0.369887 -0.325143 
0.400291 -0.406461 
0.490565 -0.354117 
0.466785 -0.37095 
0.620864 -0.175525 
0.611004 -0.197978 
0.533797 -0.315398 
0.550914 -0.296111 
0.102676 -0.451632 
0.132133 -0.452667 
0.0161135 -0.443453 
-0.01137 -0.439369 
0.253148 -0.446015 
0.162207 -0.452723 
0.192302 -0.451702 
0.285053 -0.440865 
-0.0387094 -0.434639 
0.512875 -0.335658 
0.421368 -0.396765 
0.444404 -0.384595 
0.316861 -0.434043 
0.0733087 -0.449688 
0.566759 -0.27545 
0.649687 -0.0601161 
0.647173 -0.0835127 
0.578863 -0.257394 
0.600906 -0.21859 
0.590142 -0.238529 
0.629503 -0.15301 
0.63695 -0.129949 
0.650301 -0.0366369 
0.642881 -0.1068 
0.0446471 -0.446956 
0.222756 -0.449494 
-0.470742 -0.261089 
-0.48386 -0.250372 
-0.457293 -0.271379 
-0.443548 -0.281225 
0.363516 -0.420546 
-0.195225 -0.395504 
-0.527371 -0.209244 
-0.627391 -0.00865647 
-0.570728 -0.155276 
-0.604005 -0.0939378 
-0.629379 0.00941115 
-0.620646 -0.043848 
-0.392882 -0.312769 
-0.580118 -0.140603 
-0.610387 -0.0776188 
-0.236834 -0.38166 
-0.293983 -0.35998 
-0.275593 -0.367322 
-0.328995 -0.344907 
-0.0776424 -0.426795 
-0.216395 -0.388651 
-0.173289 -0.402204 
-0.588827 -0.125471 
-0.538955 -0.196478 
-0.550084 -0.183228 
-0.345689 -0.337149 
-0.377596 -0.321108 
-0.59681 -0.109893 
0.389628 -0.410895 
-0.615942 -0.0609222 
0.47883 -0.362754 
0.61606 -0.186807 
0.542528 -0.305907 
0.117398 -0.452267 
0.00235737 -0.441494 
0.147168 -0.452825 
0.269131 -0.443636 
-0.256544 -0.374553 
-0.0250551 -0.437083 
0.523537 -0.325736 
0.455702 -0.37795 
0.410891 -0.401746 
0.332494 -0.430012 
-0.127074 -0.415019 
0.572936 -0.266506 
0.595625 -0.228615 
0.559021 -0.285922 
0.606056 -0.208333 
0.625325 -0.164321 
0.633394 -0.141532 
-0.311784 -0.352507 
0.432977 -0.390852 
0.648659 -0.0718367 
0.650239 -0.0483799 
-0.15058 -0.408719 
-0.102757 -0.421063 
0.640105 -0.118421 
-0.361861 -0.329233 
0.0879833 -0.450771 
0.0589665 -0.448422 
0.237969 -0.447918 
0.207539 -0.450751 
-0.0517207 -0.432161 
0.501896 -0.345101 
0.177258 -0.452352 
0.0303667 -0.445298 
0.301002 -0.437667 
-0.560692 -0.169497 
-0.624472 -0.0264173 
0.645237 -0.0951931 
0.584614 -0.248029 
-0.515377 -0.22155 
-0.477343 -0.255784 
-0.496723 -0.239163 
-0.464059 -0.266287 
-0.450457 -0.276356 
-0.415102 -0.299751 
-0.436568 -0.285989 
