ZONE T="boundary0"
-4 -0.65335 
-4 -0.826675 
-4 -0.278288 
-4 -0.253966 
-4 -0.341963 
-4 0.20019 
-4 0.257288 
-4 0.391474 
-4 0.468562 
-4 -0.0360863 
-4 0.064353 
-4 -0.400994 
-4 -0.556687 
-4 -0.460025 
-4 -1 
-4 -0.086306 
-4 -0.136526 
-4 -0.229645 
-4 0.668373 
-4 1 
-4 -0.183085 
-4 0.132272 
-4 0.568467 
-4 0.314386 
-4 -0.740012 
-4 -0.266127 
-4 0.228739 
-4 0.0141334 
-4 -0.605018 
-4 -0.508356 
-4 -0.913337 
-4 -0.111416 
-4 0.834187 
-4 -0.310126 
-4 -0.241806 
-4 -0.371479 
-4 -0.43051 
-4 -0.0611962 
-4 0.166231 
-4 0.518514 
-4 -0.206365 
-4 -0.159805 
-4 0.285837 
-4 0.0983124 
-4 0.430018 
-4 0.61842 
-4 0.35293 
ZONE T="boundary1"
-2.65542 1 
-2.90801 1 
1.24119 1 
1.4549 1 
3.83902 1 
0.88943 1 
0.154771 1 
0.515644 1 
0.268355 1 
0.690088 1 
1.04331 1 
-0.0900718 1 
0.211563 1 
-0.208646 1 
4 1 
-0.300016 1 
-0.391386 1 
1.67401 1 
-0.723458 1 
-0.622201 1 
-3.16675 1 
-2.40283 1 
-2.23851 1 
3.0755 1 
2.79492 1 
2.25535 1 
2.39024 1 
2.52514 1 
-1.89736 1 
-4 1 
-3.42549 1 
-3.71275 1 
0.43843 1 
0.361217 1 
-0.0302939 1 
0.0921275 1 
0.029484 1 
-0.506794 1 
0.602866 1 
-0.824714 1 
1.34804 1 
1.56445 1 
3.67804 1 
3.35608 1 
2.07424 1 
1.89313 1 
-1.45013 1 
-1.72054 1 
-3.29612 1 
-1.02649 1 
-0.925605 1 
-1.24549 1 
-1.13599 1 
-1.34781 1 
-2.07418 1 
-2.78171 1 
3.91951 1 
-0.345701 1 
-0.672829 1 
-2.32067 1 
2.93521 1 
2.32279 1 
-3.56912 1 
-3.85637 1 
0.399824 1 
-0.254331 1 
-0.149359 1 
0.477037 1 
0.183167 1 
0.0608058 1 
0.239959 1 
-0.000404927 1 
-0.0601829 1 
-0.44909 1 
0.559255 1 
-0.564497 1 
-0.774086 1 
0.789759 1 
1.14225 1 
0.966369 1 
1.40147 1 
1.29462 1 
1.50968 1 
3.51706 1 
3.21579 1 
3.75853 1 
1.98368 1 
-1.58533 1 
-3.36081 1 
2.66003 1 
-0.97605 1 
-1.19074 1 
-3.23143 1 
-1.39897 1 
-2.15634 1 
-1.80895 1 
-1.98577 1 
-3.03738 1 
1.78357 1 
0.123449 1 
0.314786 1 
0.646477 1 
-0.87516 1 
-1.29665 1 
-1.08124 1 
2.16479 1 
1.61923 1 
-2.52913 1 
2.45769 1 
ZONE T="boundary2"
4 -0.374283 
4 -0.232325 
4 -0.106009 
4 -0.173926 
4 0.117381 
4 0.778366 
4 0.352298 
4 -0.478321 
4 0.0355132 
4 0.29562 
4 1 
4 0.556732 
4 -0.679578 
4 -1 
4 -0.839789 
4 -0.303845 
4 0.408976 
4 0.247435 
4 0.482854 
4 0.19925 
4 -0.578949 
4 -0.139967 
4 -0.0352477 
4 0.889183 
4 -0.919894 
4 -0.203126 
4 -0.339064 
4 -0.268085 
4 -0.426302 
4 0.380637 
4 0.445915 
4 0.323959 
4 0.519793 
4 0.0764473 
4 0.223342 
4 0.667549 
4 0.158315 
4 0.271527 
4 -0.629264 
4 -0.759683 
4 -0.528635 
ZONE T="boundary3"
3.85098 -1 
3.40393 -1 
3.17837 -1 
-0.590576 -1 
-0.391041 -1 
-1.41028 -1 
-1.53926 -1 
0.331757 -1 
0.254607 -1 
-4 -1 
-1.18183 -1 
-0.0784062 -1 
-0.135582 -1 
-3.77009 -1 
-3.54018 -1 
-1.29606 -1 
1.52877 -1 
2.4465 -1 
-2.97752 -1 
-2.62064 -1 
-2.8209 -1 
-2.00453 -1 
-1.83638 -1 
4 -1 
2.9528 -1 
2.82622 -1 
2.69965 -1 
-2.21245 -1 
2.20857 -1 
-0.255884 -1 
-0.0177541 -1 
0.0428981 -1 
-0.463073 -1 
-0.319009 -1 
-0.192758 -1 
0.110178 -1 
0.177458 -1 
0.431597 -1 
0.531438 -1 
0.76108 -1 
0.646259 -1 
-0.687691 -1 
-0.81726 -1 
0.877682 -1 
-1.08255 -1 
-0.98327 -1 
-0.900265 -1 
0.994284 -1 
1.10881 -1 
1.22333 -1 
3.55295 -1 
-3.33716 -1 
3.70196 -1 
1.42293 -1 
1.32313 -1 
1.6346 -1 
1.97064 -1 
1.80262 -1 
1.71861 -1 
-3.13414 -1 
-1.66824 -1 
-2.42038 -1 
3.29115 -1 
-1.47477 -1 
0.293182 -1 
-0.106994 -1 
-3.65513 -1 
-1.23894 -1 
-2.72077 -1 
-1.92045 -1 
2.88951 -1 
3.06558 -1 
-2.10849 -1 
0.012572 -1 
-0.526824 -1 
-0.287446 -1 
-0.224321 -1 
-0.16417 -1 
-0.0480801 -1 
0.0765382 -1 
0.143818 -1 
0.216033 -1 
0.481518 -1 
0.381677 -1 
-0.355025 -1 
0.70367 -1 
-0.639133 -1 
-0.752475 -1 
-1.13219 -1 
0.588849 -1 
-1.03291 -1 
-0.941767 -1 
1.16607 -1 
-3.88504 -1 
3.62746 -1 
3.77647 -1 
0.935983 -1 
1.37303 -1 
1.05154 -1 
-3.43867 -1 
2.76294 -1 
0.819381 -1 
1.58168 -1 
1.47585 -1 
1.88663 -1 
1.76061 -1 
-3.23565 -1 
-1.75231 -1 
-2.89921 -1 
2.57307 -1 
-3.05583 -1 
2.0896 -1 
2.32753 -1 
-2.52051 -1 
-2.31642 -1 
3.92549 -1 
-0.427057 -1 
-0.858763 -1 
3.47844 -1 
1.27323 -1 
1.6766 -1 
-1.35317 -1 
-1.60375 -1 
ZONE T="boundary4"
0.614011 0.18005 
0.624286 0.154245 
-0.132038 0.443365 
0.651189 0.042509 
0.648737 0.0638417 
-0.443694 0.285072 
-0.457355 0.273322 
-0.242941 0.404148 
-0.222165 0.412633 
-0.594409 0.0917428 
-0.318419 0.368271 
0.551183 0.298129 
-0.622443 -0.00419808 
-0.61887 0.0153768 
0.565648 0.276375 
0.578621 0.254115 
0.587849 0.236606 
-0.614254 0.0348422 
-0.608619 0.0540994 
-0.601981 0.0731131 
-0.585949 0.109957 
-0.577541 0.126111 
0.499879 0.356802 
0.518269 0.338422 
-0.559509 0.156214 
0.43846 0.403862 
0.459864 0.389544 
-0.5398 0.184285 
-0.368874 0.339082 
-0.384849 0.328774 
-0.529344 0.197725 
-0.507132 0.22381 
-0.483176 0.249026 
-0.429582 0.296501 
-0.415157 0.307518 
-0.35266 0.348989 
0.605535 0.199546 
-0.400138 0.318348 
-0.335649 0.358832 
-0.281918 0.386666 
-0.262528 0.395626 
-0.300271 0.377677 
-0.201194 0.420645 
-0.178813 0.428607 
-0.107644 0.450088 
-0.0815379 0.45656 
-0.0552481 0.462335 
0.633441 0.127979 
0.639762 0.10655 
0.651589 0.000298018 
-0.624974 -0.0238231 
0.415212 0.417396 
0.391375 0.4294 
0.644902 0.0851519 
0.365334 0.440635 
0.535308 0.318935 
0.000791111 0.472172 
0.0908599 0.480836 
0.121754 0.481692 
0.0600268 0.478883 
0.248571 0.472386 
0.280188 0.466359 
0.309659 0.459144 
0.596596 0.218836 
0.558584 0.287372 
0.0303468 0.475999 
0.652158 0.0213828 
0.480464 0.37378 
-0.156238 0.436041 
0.3389 0.450284 
-0.0273104 0.467659 
0.153312 0.481379 
0.184835 0.479803 
0.21671 0.476838 
0.619273 0.167197 
0.65014 0.0531948 
-0.232578 0.40845 
-0.620785 0.00561178 
0.572285 0.265333 
0.583304 0.245397 
-0.61156 0.0445065 
-0.616689 0.0251388 
-0.59831 0.0824745 
-0.58183 0.118078 
-0.590288 0.1009 
0.509227 0.347768 
-0.568813 0.141336 
0.449272 0.39687 
-0.376893 0.333979 
-0.518421 0.210925 
-0.450568 0.279248 
-0.422407 0.30206 
-0.436679 0.290838 
-0.470443 0.261365 
0.609833 0.189824 
-0.360796 0.344085 
-0.605421 0.0636478 
-0.344183 0.353962 
-0.407684 0.312984 
-0.272249 0.391201 
-0.291119 0.382223 
-0.252759 0.399941 
-0.190028 0.424692 
-0.119862 0.446802 
-0.0684133 0.459536 
-0.534624 0.191046 
0.63673 0.117301 
-0.327061 0.363601 
-0.495321 0.23658 
-0.392526 0.32361 
-0.211702 0.416698 
0.426941 0.410811 
0.403381 0.423574 
0.543417 0.308666 
0.106303 0.481404 
-0.623837 -0.0139951 
0.294971 0.462943 
0.554926 0.292781 
0.0155531 0.474202 
0.592277 0.227747 
0.601122 0.209217 
-0.309372 0.373026 
0.646981 0.0745249 
0.65186 0.0319535 
0.642478 0.095885 
0.562158 0.281901 
0.52695 0.328823 
0.47029 0.38183 
0.629024 0.141167 
-0.144161 0.439779 
-0.0946132 0.453411 
0.49031 0.365452 
-0.167548 0.43239 
0.324342 0.454919 
0.352184 0.445642 
0.0451746 0.477561 
0.0754345 0.479994 
-0.013277 0.470019 
0.264419 0.469575 
0.378437 0.43521 
0.137535 0.481689 
0.169082 0.480753 
-0.0412993 0.465098 
0.232668 0.474803 
0.200789 0.478498 
0.65207 0.010834 
-0.549894 0.170418 
ZONE T="boundary5"
-0.440148 -0.411669 
-0.560825 -0.285111 
-0.57084 -0.268186 
0.591745 -0.151304 
-0.624892 -0.101894 
-0.622415 -0.121114 
-0.603292 -0.196487 
-0.609438 -0.177809 
-0.618998 -0.140189 
-0.580089 -0.250796 
-0.61466 -0.159105 
-0.33338 -0.464072 
-0.352964 -0.457285 
-0.271334 -0.478463 
-0.292519 -0.47471 
-0.313507 -0.469822 
-0.371514 -0.449776 
-0.203057 -0.483027 
-0.226574 -0.482703 
-0.249002 -0.481188 
-0.179557 -0.482109 
-0.538492 -0.317526 
-0.526236 -0.332942 
-0.155019 -0.47988 
-0.130574 -0.47643 
-0.407034 -0.432224 
-0.42394 -0.422274 
-0.485688 -0.375431 
-0.513323 -0.347757 
-0.499805 -0.361921 
-0.550021 -0.301588 
-0.45588 -0.400292 
-0.471052 -0.388216 
-0.626941 -0.0630413 
0.429007 -0.271959 
0.399998 -0.285217 
0.604117 -0.13478 
0.516945 -0.220451 
0.538371 -0.204182 
-0.626409 -0.0825136 
0.496638 -0.234247 
-0.626469 -0.0434589 
-0.389708 -0.441328 
-0.596345 -0.214843 
-0.588583 -0.233006 
0.575852 -0.169572 
-0.0798115 -0.465661 
-0.105125 -0.471611 
-0.0534706 -0.458355 
-0.0272281 -0.45008 
0.140268 -0.384809 
0.111681 -0.396441 
0.645709 -0.0408715 
0.640407 -0.060803 
1.30713e-05 -0.440603 
0.0830985 -0.40813 
0.168566 -0.373487 
0.19686 -0.362437 
0.252316 -0.341586 
0.224618 -0.351878 
0.282755 -0.330453 
0.341888 -0.308632 
0.312987 -0.319405 
0.475781 -0.247094 
0.548726 -0.195531 
0.651589 0.000298018 
0.649439 -0.0204919 
0.5588 -0.186511 
0.615365 -0.117255 
0.625125 -0.099196 
0.633542 -0.0802583 
0.452651 -0.260008 
-0.624974 -0.0238231 
0.370467 -0.297515 
0.0551363 -0.419447 
0.027162 -0.430445 
-0.565929 -0.276707 
-0.606469 -0.187184 
-0.620823 -0.130673 
-0.612157 -0.168489 
-0.343215 -0.460807 
-0.281952 -0.476727 
-0.303046 -0.472407 
-0.362285 -0.453647 
-0.2378 -0.482095 
-0.191306 -0.48272 
-0.532451 -0.325305 
-0.142783 -0.478302 
-0.415545 -0.427351 
-0.260188 -0.479978 
-0.519862 -0.340424 
-0.492822 -0.368757 
-0.544346 -0.309624 
-0.555517 -0.293413 
-0.448079 -0.406073 
-0.432105 -0.417067 
-0.478442 -0.381908 
-0.463534 -0.394342 
0.414568 -0.278729 
0.598074 -0.143152 
0.527773 -0.212478 
-0.625772 -0.0922148 
0.506869 -0.22747 
-0.167279 -0.481152 
-0.584429 -0.241947 
-0.616942 -0.149674 
-0.626831 -0.0532484 
-0.398425 -0.436881 
0.58397 -0.160593 
-0.0924452 -0.468768 
-0.066615 -0.462135 
-0.592557 -0.223966 
0.125971 -0.390609 
0.643255 -0.0508911 
-0.0135845 -0.445435 
0.0973919 -0.402287 
0.182708 -0.367928 
0.238466 -0.346706 
0.327457 -0.314053 
0.486275 -0.240783 
0.297885 -0.324936 
0.650714 -0.0101188 
0.543583 -0.1999 
0.553802 -0.191067 
-0.323481 -0.467076 
0.609902 -0.126124 
-0.575561 -0.259544 
0.620415 -0.10832 
0.629519 -0.0898115 
0.464283 -0.253677 
0.647774 -0.0307196 
-0.599916 -0.205704 
-0.625849 -0.0336324 
-0.506643 -0.354917 
-0.626799 -0.0727821 
-0.380663 -0.445666 
0.440887 -0.266099 
-0.214822 -0.483024 
-0.11783 -0.474169 
0.154412 -0.37912 
-0.0403242 -0.454325 
0.356207 -0.303138 
0.0691254 -0.413812 
0.210738 -0.357124 
0.0136075 -0.435593 
0.0411645 -0.424994 
0.38528 -0.291472 
0.267543 -0.336003 
-0.623773 -0.111521 
0.637167 -0.0706002 
0.567468 -0.178192 
