ZONE T="boundary0"
-4 -0.824676 
-4 -0.128923 
-4 -0.203075 
-4 -0.39779 
-4 0.320222 
-4 0.393704 
-4 0.517125 
-4 0.255539 
-4 0.188064 
-4 0.135365 
-4 0.0826652 
-4 -0.0760259 
-4 0.455415 
-4 -0.449804 
-4 -0.549578 
-4 1 
-4 0.758563 
-4 -0.274426 
-4 -0.345777 
-4 -0.0231288 
-4 -0.649351 
-4 -1 
-4 -0.165999 
-4 0.356963 
-4 0.28788 
-4 0.221801 
-4 0.109015 
-4 0.424559 
-4 -0.499691 
-4 0.879281 
-4 0.161714 
-4 -0.310101 
-4 -0.23875 
-4 -0.102474 
-4 0.0297682 
-4 -0.599464 
-4 0.48627 
-4 0.637844 
-4 -0.912338 
-4 -0.737013 
-4 -0.0495774 
-4 -0.423797 
-4 -0.371784 
ZONE T="boundary1"
-3.55081 1 
-3.75 1 
3.79599 1 
3.59197 1 
0.0371915 1 
-0.0227159 1 
0.0945806 1 
0.284786 1 
0.968219 1 
0.40074 1 
-3.10847 1 
-3.32964 1 
3.29737 1 
-0.432943 1 
-1.46396 1 
-1.57843 1 
-1.138 1 
-4 1 
-1.92184 1 
-2.10124 1 
-2.28064 1 
3.00296 1 
2.82672 1 
-2.9047 1 
1.78618 1 
1.99848 1 
2.43064 1 
2.65049 1 
2.21079 1 
0.549019 1 
-0.158404 1 
-0.0826232 1 
0.15197 1 
0.218378 1 
-0.234185 1 
-0.333564 1 
0.857975 1 
0.747731 1 
-0.612977 1 
1.08282 1 
-0.814858 1 
-1.27308 1 
-1.36852 1 
-1.6929 1 
1.19743 1 
-0.908894 1 
4 1 
-0.713918 1 
1.61788 1 
1.44959 1 
-1.00293 1 
-2.70094 1 
-2.49079 1 
1.32351 1 
-0.283875 1 
0.648375 1 
-3.6504 1 
3.69398 1 
0.0072378 1 
-3.21905 1 
3.44467 1 
-1.52119 1 
-2.19094 1 
-3.875 1 
-3.00659 1 
1.89233 1 
2.73861 1 
0.474879 1 
-0.120514 1 
0.185174 1 
0.123275 1 
-0.0526695 1 
-0.196295 1 
0.251582 1 
0.342763 1 
0.802853 1 
-0.52296 1 
1.02552 1 
-1.3208 1 
-1.41624 1 
-1.63566 1 
1.14012 1 
-0.861876 1 
3.89799 1 
-0.663447 1 
1.70203 1 
1.53374 1 
-1.20554 1 
-1.07047 1 
-3.44022 1 
-2.38571 1 
2.54056 1 
2.10463 1 
-1.80737 1 
2.32071 1 
1.38655 1 
3.15017 1 
2.91484 1 
0.065886 1 
-0.25903 1 
0.698053 1 
0.598697 1 
-0.308719 1 
-0.955911 1 
0.913097 1 
-0.383254 1 
-0.764388 1 
-2.80282 1 
1.26047 1 
-2.01154 1 
-2.59586 1 
ZONE T="boundary2"
4 -0.574575 
4 -0.271271 
4 -0.320555 
4 -0.210229 
4 0.180587 
4 0.104595 
4 0.240307 
4 0.304987 
4 -0.0472133 
4 0.409445 
4 0.0123292 
4 0.0584618 
4 0.357216 
4 0.686061 
4 0.590745 
4 0.84303 
4 -1 
4 -0.787287 
4 -0.158492 
4 -0.106756 
4 0.495429 
4 -0.369838 
4 -0.472207 
4 1 
4 -0.295913 
4 -0.24075 
4 0.142591 
4 0.210447 
4 0.272647 
4 0.0815282 
4 0.638403 
4 -0.893644 
4 -0.132624 
4 0.38333 
4 0.331101 
4 0.0353955 
4 0.452437 
4 0.543087 
4 -0.0174421 
4 -0.184361 
4 -0.0769846 
4 -0.345197 
4 -0.421022 
4 0.921515 
4 0.764545 
4 -0.680931 
4 -0.523391 
ZONE T="boundary3"
0.248399 -1 
0.186214 -1 
-0.255839 -1 
-3.39609 -1 
-3.24528 -1 
-0.194805 -1 
0.321698 -1 
0.668967 -1 
3.53428 -1 
2.07951 -1 
0.999762 -1 
-0.945402 -1 
-1.07628 -1 
-1.55043 -1 
-1.70075 -1 
1.9382 -1 
4 -1 
-2.02766 -1 
2.61805 -1 
1.49397 -1 
-3.77345 -1 
-3.5469 -1 
-2.55231 -1 
-2.85607 -1 
2.85114 -1 
3.08423 -1 
3.30926 -1 
-0.00378787 -1 
-0.0687797 -1 
-0.38674 -1 
0.0601205 -1 
0.124029 -1 
-0.321289 -1 
-0.133771 -1 
0.394997 -1 
0.484977 -1 
0.574957 -1 
-0.479996 -1 
0.88137 -1 
0.762978 -1 
-0.814529 -1 
-0.879966 -1 
-0.69389 -1 
-0.573252 -1 
-0.633571 -1 
1.12424 -1 
1.24872 -1 
-1.43459 -1 
-1.19751 -1 
-1.31874 -1 
1.71608 -1 
1.37134 -1 
-4 -1 
1.60502 -1 
3.76714 -1 
2.22083 -1 
2.41944 -1 
-1.85107 -1 
-2.20425 -1 
-2.37828 -1 
-3.05068 -1 
0.217307 -1 
-3.32068 -1 
-1.01084 -1 
-1.62559 -1 
-3.66017 -1 
-2.70419 -1 
2.7346 -1 
3.19674 -1 
-0.0362838 -1 
0.0281663 -1 
0.0920746 -1 
-0.288564 -1 
-0.164288 -1 
-0.354015 -1 
-0.225322 -1 
0.358347 -1 
0.285049 -1 
0.529967 -1 
-0.433368 -1 
0.715973 -1 
0.439987 -1 
0.621962 -1 
-0.847247 -1 
-0.75421 -1 
-0.526624 -1 
-0.603412 -1 
1.18648 -1 
-1.13689 -1 
-1.37667 -1 
1.82714 -1 
-1.25813 -1 
-1.49251 -1 
3.88357 -1 
1.43265 -1 
1.31003 -1 
2.32013 -1 
2.51874 -1 
2.15017 -1 
2.00885 -1 
-2.11596 -1 
-1.93936 -1 
-1.77591 -1 
-3.14798 -1 
3.42177 -1 
-2.29127 -1 
-2.4653 -1 
3.65071 -1 
2.96769 -1 
0.155121 -1 
-0.101276 -1 
-0.663731 -1 
1.5495 -1 
1.66055 -1 
-2.95337 -1 
0.822174 -1 
0.940566 -1 
-0.912684 -1 
1.062 -1 
-3.88672 -1 
-3.47149 -1 
ZONE T="boundary4"
0.443814 0.382634 
0.419805 0.394727 
0.645591 0.0439582 
0.645586 0.0593935 
-0.629973 -0.0176199 
0.56044 0.284296 
-0.536872 0.200093 
-0.52344 0.214013 
-0.23178 0.373983 
-0.254799 0.366168 
0.596335 0.227516 
-0.625178 0.0270434 
-0.614187 0.0710173 
-0.606345 0.0924752 
-0.573969 0.153271 
-0.586157 0.133711 
0.642985 0.0134999 
0.64473 0.0287012 
-0.549687 0.18554 
-0.562238 0.169768 
-0.596983 0.113406 
-0.136423 0.402253 
-0.111764 0.408539 
-0.423632 0.290674 
-0.184869 0.388685 
-0.160974 0.395579 
-0.277182 0.358151 
-0.478498 0.253426 
-0.494324 0.240617 
-0.442814 0.278766 
-0.461463 0.266092 
0.549979 0.29729 
-0.403945 0.301888 
-0.383915 0.312415 
0.628513 0.152371 
0.633258 0.136821 
-0.363359 0.322439 
-0.342571 0.331894 
-0.32109 0.341048 
0.526667 0.322228 
0.513827 0.334072 
0.579688 0.256511 
-0.299445 0.349726 
0.610633 0.198229 
-0.208661 0.381426 
-0.0608881 0.42014 
-0.0863877 0.41456 
-0.509633 0.227168 
0.617146 0.183104 
-0.0345883 0.42538 
-0.00815374 0.430098 
0.570373 0.270654 
0.644726 0.0748536 
0.643027 0.0903983 
0.467014 0.369011 
0.486725 0.35567 
0.395233 0.405297 
0.500522 0.345199 
0.538891 0.309769 
0.0192405 0.434377 
0.104165 0.443327 
0.134016 0.444771 
0.16395 0.445237 
0.194492 0.444626 
0.255067 0.439826 
0.285086 0.435467 
0.314419 0.429773 
0.225033 0.442835 
0.0754056 0.441067 
0.637246 0.121436 
0.640536 0.105855 
-0.628336 0.00475069 
0.0467706 0.438018 
0.34269 0.422795 
0.369636 0.414618 
-0.620464 0.0491791 
0.431904 0.388868 
0.645697 0.0516748 
-0.530233 0.207126 
-0.243305 0.370122 
-0.610455 0.0818142 
-0.580226 0.143591 
0.643968 0.0210867 
-0.556067 0.177736 
-0.591745 0.12365 
-0.543366 0.192892 
-0.124107 0.405446 
-0.172934 0.392177 
-0.266007 0.362207 
-0.486475 0.247101 
-0.452205 0.272529 
0.555288 0.290856 
-0.393971 0.307232 
0.630966 0.14462 
-0.433281 0.284815 
-0.352994 0.327232 
-0.331855 0.336533 
0.52032 0.32823 
0.588281 0.242169 
-0.310288 0.345442 
0.603712 0.212984 
-0.373672 0.317501 
-0.220234 0.377749 
-0.196779 0.385101 
-0.148712 0.398964 
-0.0736516 0.417407 
-0.502047 0.233971 
-0.470046 0.259848 
-0.413838 0.29637 
-0.0213849 0.427807 
0.565489 0.277534 
0.645261 0.0671283 
0.645269 0.0363224 
0.476972 0.362493 
0.455527 0.376015 
0.544511 0.303597 
0.493684 0.350515 
0.623112 0.167841 
0.507241 0.339715 
0.532857 0.316075 
0.119083 0.444167 
0.179222 0.445074 
0.299787 0.4328 
0.270101 0.43782 
0.20977 0.443884 
-0.0990897 0.411604 
0.635336 0.12915 
0.643978 0.0826361 
0.638983 0.113664 
0.575111 0.263635 
0.613952 0.190693 
0.641877 0.0981412 
-0.601847 0.103021 
-0.626948 0.0159229 
-0.629342 -0.00642199 
-0.288332 0.353991 
-0.0477523 0.422824 
0.0329926 0.43628 
0.328599 0.426466 
0.356217 0.418887 
0.061076 0.439638 
0.0897753 0.4423 
0.00552947 0.432315 
0.240065 0.44149 
0.407596 0.400191 
0.148979 0.445131 
0.382499 0.410136 
-0.568219 0.1616 
-0.516603 0.22066 
-0.623014 0.038151 
-0.617518 0.0601523 
ZONE T="boundary5"
0.439714 -0.257039 
-0.5835 -0.214944 
-0.593591 -0.193626 
-0.500303 -0.335949 
-0.355191 -0.449898 
-0.377671 -0.436791 
-0.219309 -0.504301 
-0.243062 -0.497546 
-0.560066 -0.257037 
-0.546747 -0.277553 
-0.51703 -0.316819 
-0.442519 -0.390626 
-0.462939 -0.373033 
-0.399545 -0.422695 
-0.628854 -0.0623501 
-0.626194 -0.0845734 
-0.629973 -0.0176199 
-0.602543 -0.17216 
-0.610331 -0.150487 
0.579854 -0.124613 
0.558483 -0.148947 
-0.622191 -0.106693 
-0.616892 -0.128661 
-0.572244 -0.236238 
-0.0591432 -0.522872 
-0.193829 -0.510363 
-0.266541 -0.489789 
-0.288967 -0.481335 
-0.421265 -0.407263 
-0.0867708 -0.522964 
-0.11417 -0.521696 
-0.141194 -0.519128 
-0.0316445 -0.521388 
-0.00412487 -0.518478 
-0.168155 -0.515264 
-0.482462 -0.354529 
-0.532413 -0.297464 
-0.333346 -0.461399 
-0.630131 -0.0400049 
0.607005 -0.0860926 
0.642985 0.0134999 
0.636882 -0.0162603 
0.632549 -0.0307636 
0.46252 -0.236984 
0.485228 -0.217139 
0.0231142 -0.514149 
0.077098 -0.501088 
0.0503263 -0.50833 
0.420471 -0.273982 
0.103746 -0.492321 
0.129859 -0.482159 
0.256473 -0.409698 
0.231527 -0.426984 
0.181115 -0.457486 
0.155575 -0.470576 
0.206408 -0.442949 
0.281566 -0.391005 
0.401133 -0.290932 
0.378877 -0.310303 
0.356459 -0.329617 
0.306237 -0.371546 
0.589596 -0.112066 
0.598768 -0.0990672 
0.640364 -0.0015068 
0.614587 -0.0726788 
0.62135 -0.0590586 
0.62737 -0.0450292 
-0.311047 -0.471968 
0.535505 -0.171946 
0.510674 -0.194748 
0.331493 -0.350762 
-0.588667 -0.204342 
-0.366503 -0.44347 
-0.23122 -0.501049 
-0.55353 -0.267375 
-0.508779 -0.326482 
-0.452832 -0.38195 
-0.606577 -0.161374 
0.569393 -0.136983 
-0.624355 -0.0956631 
-0.619697 -0.117715 
-0.206602 -0.507476 
-0.277796 -0.485676 
-0.0729553 -0.523092 
-0.127696 -0.520574 
-0.0178661 -0.520112 
-0.154696 -0.517356 
-0.491491 -0.345342 
-0.524835 -0.307231 
-0.5397 -0.287594 
-0.344328 -0.455764 
-0.388686 -0.429865 
-0.410493 -0.415104 
-0.472811 -0.363897 
0.634821 -0.0235449 
-0.613759 -0.139619 
0.473874 -0.227051 
-0.56627 -0.246705 
-0.630234 -0.028812 
-0.598197 -0.182948 
-0.254841 -0.493791 
0.00952199 -0.516492 
0.0904775 -0.496885 
0.116865 -0.487414 
0.244075 -0.41846 
0.168421 -0.464192 
0.19384 -0.450367 
0.269089 -0.400452 
0.390019 -0.300626 
0.367686 -0.319975 
0.293959 -0.38135 
0.430099 -0.26551 
0.410811 -0.282461 
-0.577987 -0.225652 
0.584793 -0.118394 
0.594259 -0.105622 
0.610884 -0.0794369 
0.624458 -0.0520878 
0.602966 -0.0926322 
0.630062 -0.0379351 
0.638731 -0.00891045 
0.641785 0.00597602 
0.61806 -0.065916 
-0.322251 -0.466801 
0.523183 -0.183445 
0.547148 -0.160601 
-0.300054 -0.476764 
-0.045384 -0.522305 
0.0637578 -0.504889 
-0.181018 -0.512959 
0.344008 -0.340222 
-0.431989 -0.399069 
0.0367569 -0.511422 
0.142786 -0.476535 
-0.100477 -0.522498 
0.219047 -0.435103 
0.318911 -0.361209 
0.497987 -0.205973 
-0.627693 -0.0734827 
-0.629668 -0.0511884 
0.451116 -0.246998 
