ZONE T="boundary0"
-4 -0.710183 
-4 -0.855091 
-4 -0.232355 
-4 0.195116 
-4 0.459109 
-4 0.254577 
-4 0.284307 
-4 0.695749 
-4 0.0463805 
-4 -0.11416 
-4 0.386574 
-4 -0.202807 
-4 -0.527331 
-4 0.847874 
-4 0.314038 
-4 0.350306 
-4 0.577429 
-4 0.224846 
-4 -0.173258 
-4 -0.390114 
-4 -0.618757 
-4 1 
-4 -0.458722 
-4 -1 
-4 -0.311235 
-4 -0.271795 
-4 -0.350674 
-4 0.120748 
-4 -0.782637 
-4 0.269442 
-4 -0.217581 
-4 0.299173 
-4 0.36844 
-4 0.332172 
-4 0.422841 
-4 0.518269 
-4 0.636589 
-4 -0.0338899 
-4 -0.66447 
-4 0.923937 
-4 0.771812 
-4 -0.424418 
-4 -0.927546 
-4 0.239712 
-4 -0.143709 
-4 -0.188032 
-4 -0.252075 
-4 -0.291515 
-4 -0.370394 
-4 0.157932 
-4 -0.493027 
-4 -0.573044 
-4 0.0835642 
-4 0.209981 
-4 -0.330955 
ZONE T="boundary1"
2.14983 1 
3.47335 1 
1.42028 1 
1.518 1 
-0.0238252 1 
-0.277157 1 
-0.329192 1 
-0.225122 1 
0.424049 1 
0.340229 1 
0.207532 1 
-3.50738 1 
0.699544 1 
1.03619 1 
-1.26144 1 
-1.36664 1 
1.81116 1 
1.61572 1 
2.87829 1 
3.2978 1 
0.603707 1 
0.507869 1 
-3.16975 1 
-2.00264 1 
1.98049 1 
-3.75369 1 
-2.65799 1 
3.82445 1 
3.6489 1 
-2.82291 1 
4 1 
-2.24786 1 
2.53683 1 
-0.162856 1 
0.0529406 1 
-0.525508 1 
0.130236 1 
-0.100591 1 
-0.42735 1 
-1.04789 1 
0.801946 1 
-0.757771 1 
-0.835192 1 
-4 1 
-3.63053 1 
1.29416 1 
1.16804 1 
-1.15467 1 
-1.47183 1 
-1.69897 1 
-1.8508 1 
-2.49308 1 
2.34333 1 
2.70756 1 
-0.602929 1 
-0.68035 1 
-0.94154 1 
0.904347 1 
1.46914 1 
-0.303175 1 
-0.251139 1 
0.382139 1 
-1.31404 1 
1.71344 1 
3.08805 1 
0.555788 1 
2.06516 1 
3.73668 1 
3.91223 1 
-2.99633 1 
0.465959 1 
0.651626 1 
-0.476429 1 
0.27388 1 
-3.87684 1 
-3.69211 1 
0.750745 1 
1.2311 1 
-1.41924 1 
-1.5854 1 
-1.77489 1 
1.10212 1 
1.35722 1 
-1.92672 1 
-2.12525 1 
-2.37047 1 
-3.33856 1 
-3.56895 1 
1.56686 1 
2.44008 1 
1.89583 1 
2.6222 1 
2.79293 1 
-0.378271 1 
-0.564218 1 
-0.641639 1 
-0.796481 1 
-0.71906 1 
-0.131724 1 
-0.0622081 1 
0.0915885 1 
0.0145577 1 
-0.193989 1 
-0.888366 1 
0.853146 1 
-0.994714 1 
0.97027 1 
0.168884 1 
-1.10128 1 
2.24658 1 
-1.20806 1 
-2.57554 1 
-2.74045 1 
3.38558 1 
3.56113 1 
ZONE T="boundary2"
4 -0.411817 
4 -0.232069 
4 -0.283684 
4 0.0775952 
4 0.151381 
4 0.225167 
4 -0.844157 
4 -0.688313 
4 1 
4 -1 
4 0.259576 
4 0.293986 
4 0.446165 
4 -0.588323 
4 -0.488334 
4 -0.151684 
4 0.370076 
4 0.812672 
4 0.00314823 
4 -0.0712987 
4 0.535755 
4 -0.335299 
4 0.625345 
4 -0.257876 
4 0.114488 
4 -0.766235 
4 -0.922078 
4 0.276781 
4 -0.538329 
4 -0.191876 
4 -0.638318 
4 0.906336 
4 0.242372 
4 0.332031 
4 0.188274 
4 0.0403717 
4 -0.0340752 
4 -0.111491 
4 -0.373558 
4 -0.450075 
4 0.40812 
4 0.49096 
4 0.58055 
4 0.719008 
4 -0.309492 
ZONE T="boundary3"
-1.99387 -1 
1.57938 -1 
0.152701 -1 
1.73709 -1 
-1.07622 -1 
-0.972654 -1 
-0.351892 -1 
0.550466 -1 
0.223715 -1 
-0.559225 -1 
0.657464 -1 
1.28143 -1 
-1.28721 -1 
-3.51791 -1 
-3.75895 -1 
-3.03336 -1 
-3.27563 -1 
-2.8206 -1 
4 -1 
3.5955 -1 
2.88402 -1 
3.191 -1 
2.73053 -1 
0.294728 -1 
-0.18423 -1 
0.393789 -1 
0.344259 -1 
0.98585 -1 
0.875156 -1 
0.0804932 -1 
-0.226145 -1 
0.00828498 -1 
-0.268061 -1 
-0.0879725 -1 
-0.663614 -1 
1.42167 -1 
1.35155 -1 
0.764461 -1 
-0.455558 -1 
1.13364 -1 
1.20754 -1 
-0.870329 -1 
-0.768003 -1 
-1.17979 -1 
-1.39464 -1 
-1.5226 -1 
-2.60785 -1 
-2.39945 -1 
1.95639 -1 
2.17569 -1 
-1.82222 -1 
-1.65057 -1 
-2.19105 -1 
2.37637 -1 
2.57704 -1 
-4 -1 
1.65823 -1 
-1.02444 -1 
-3.63843 -1 
-3.15449 -1 
3.79775 -1 
3.03751 -1 
3.39325 -1 
0.259222 -1 
0.369024 -1 
0.930503 -1 
0.116597 -1 
0.472128 -1 
0.0443891 -1 
-0.61142 -1 
1.38661 -1 
0.603965 -1 
0.819808 -1 
-0.507392 -1 
1.17059 -1 
1.50052 -1 
1.31649 -1 
0.710962 -1 
-0.819166 -1 
-1.128 -1 
-0.921491 -1 
-0.715809 -1 
-1.34093 -1 
1.24448 -1 
-2.50365 -1 
2.06604 -1 
1.84674 -1 
-1.2335 -1 
-1.7364 -1 
-2.92698 -1 
-2.09246 -1 
2.80728 -1 
2.4767 -1 
2.27603 -1 
1.05975 -1 
-1.90805 -1 
-3.87948 -1 
-3.39677 -1 
-0.0398438 -1 
0.188208 -1 
-0.309976 -1 
-0.205188 -1 
-0.403725 -1 
-0.136101 -1 
0.319494 -1 
-0.247103 -1 
-1.58659 -1 
-1.45862 -1 
-2.29525 -1 
2.65379 -1 
-2.71423 -1 
ZONE T="boundary4"
-0.154602 0.502137 
-0.127654 0.504102 
-0.274043 0.4774 
-0.252344 0.483931 
-0.228935 0.489928 
-0.205316 0.494912 
-0.611674 0.15672 
0.646589 0.0138716 
-0.633745 0.0336942 
0.651691 -0.0359421 
0.65032 -0.0108374 
-0.633149 0.0516462 
-0.315292 0.462254 
-0.295474 0.469991 
-0.600133 0.186303 
-0.587006 0.21429 
-0.633426 0.0158866 
-0.617066 0.140208 
-0.631635 0.0696958 
-0.629215 0.0877327 
0.56859 0.158369 
0.551827 0.17567 
-0.625908 0.105707 
-0.576145 0.234601 
-0.528437 0.304889 
-0.564421 0.25442 
-0.551775 0.27374 
-0.37083 0.435645 
-0.518279 0.316992 
-0.540417 0.289544 
-0.496531 0.340572 
-0.482333 0.354506 
-0.452416 0.380739 
-0.467623 0.367896 
-0.436748 0.393011 
-0.420822 0.404573 
-0.352982 0.445033 
-0.334811 0.453761 
-0.404493 0.415551 
0.596411 0.12475 
-0.18002 0.499099 
-0.621761 0.123484 
-0.387838 0.4259 
0.609181 0.106014 
0.318114 0.356352 
0.292524 0.372868 
0.239838 0.404751 
0.26633 0.389113 
0.212789 0.419776 
0.493108 0.227879 
0.513973 0.210289 
0.34344 0.339458 
0.445788 0.265745 
0.469658 0.246963 
-0.0443631 0.502163 
-0.0153425 0.498656 
0.0423702 0.487298 
0.534335 0.19225 
0.129115 0.45915 
0.157391 0.44713 
0.0134287 0.493726 
0.100333 0.469963 
0.0713817 0.479366 
0.621168 0.0852179 
0.582966 0.141959 
0.648747 0.00159194 
0.640449 0.0382795 
0.631967 0.0620622 
-0.100704 0.504794 
-0.0724746 0.504164 
0.369209 0.321759 
0.185363 0.433924 
0.394655 0.303768 
0.420442 0.284945 
-0.141139 0.503279 
-0.263226 0.480775 
-0.217151 0.492546 
0.651302 -0.023371 
-0.633561 0.0426745 
-0.30542 0.466217 
-0.593788 0.2004 
-0.6337 0.0247889 
-0.614455 0.14849 
-0.240671 0.487055 
-0.630535 0.0787295 
0.560311 0.16712 
-0.627669 0.0967399 
-0.581685 0.224504 
-0.558211 0.264154 
-0.523405 0.31098 
-0.534502 0.297276 
-0.489497 0.347606 
-0.460079 0.374388 
-0.507588 0.328951 
-0.428837 0.398864 
-0.343936 0.44948 
-0.412706 0.410136 
-0.444638 0.386947 
-0.284796 0.473804 
-0.167328 0.500761 
-0.546175 0.281699 
-0.192691 0.497149 
-0.396211 0.4208 
0.602958 0.115496 
-0.325091 0.458101 
0.305354 0.364661 
0.25313 0.397012 
0.279468 0.381056 
0.503586 0.219133 
0.457767 0.256403 
-0.361948 0.440421 
-0.47504 0.36127 
-0.0298329 0.50059 
-0.379377 0.430848 
0.14331 0.453286 
0.0859075 0.474834 
0.524222 0.201345 
0.615383 0.0957401 
0.589817 0.133457 
0.575884 0.150259 
-0.623938 0.11462 
0.649608 -0.00461258 
0.643814 0.0261529 
0.647742 0.00774543 
0.63649 0.0502747 
-0.570391 0.244575 
0.543158 0.184042 
-0.114183 0.504607 
-0.0584077 0.503334 
0.481425 0.237465 
0.33081 0.347947 
0.356358 0.330649 
0.171434 0.440659 
0.199131 0.426964 
-0.000929084 0.496368 
0.0279355 0.490689 
0.381968 0.312805 
0.433164 0.275401 
0.114779 0.464717 
0.226364 0.412361 
0.0569194 0.483506 
-0.0865859 0.504652 
0.407592 0.294406 
-0.632505 0.060681 
0.626832 0.0737674 
-0.606165 0.171614 
-0.619502 0.131874 
ZONE T="boundary5"
-0.44222 -0.288198 
-0.461917 -0.274623 
-0.565605 -0.173159 
-0.618649 -0.0692379 
-0.623284 -0.0528666 
0.651497 -0.0485303 
0.650735 -0.061102 
0.540916 -0.301903 
0.651691 -0.0359421 
-0.600062 -0.116237 
-0.607026 -0.100909 
-0.613226 -0.0852445 
-0.575134 -0.159597 
-0.487132 -0.255142 
-0.217102 -0.38842 
-0.196089 -0.394773 
-0.238017 -0.38173 
-0.277258 -0.368107 
-0.31289 -0.354374 
-0.295126 -0.361397 
-0.329767 -0.347346 
-0.150761 -0.407279 
-0.102244 -0.418911 
-0.126559 -0.413307 
-0.173478 -0.401212 
-0.499269 -0.244803 
-0.632201 -0.00172976 
-0.633426 0.0158866 
-0.474674 -0.265087 
-0.545089 -0.198812 
-0.522852 -0.22268 
-0.53412 -0.211009 
-0.555587 -0.186211 
-0.5112 -0.233968 
-0.346521 -0.339992 
-0.362531 -0.332576 
-0.584068 -0.145605 
-0.426301 -0.298279 
-0.410083 -0.307844 
-0.39434 -0.316534 
-0.627108 -0.0361298 
-0.630087 -0.0190849 
0.549908 -0.29164 
-0.257687 -0.375083 
0.593297 -0.228678 
0.121112 -0.447435 
0.0913899 -0.446281 
0.0617534 -0.444248 
-0.0229615 -0.433974 
-0.0503163 -0.429344 
0.182525 -0.446773 
0.151806 -0.44764 
0.213831 -0.444701 
0.27572 -0.436669 
0.245082 -0.441338 
-0.0763407 -0.42438 
0.306243 -0.430528 
0.334986 -0.423236 
-0.378391 -0.324812 
0.416596 -0.392817 
0.390662 -0.404253 
0.441845 -0.379771 
0.466334 -0.365003 
0.511857 -0.330494 
0.531546 -0.311825 
0.489674 -0.348617 
-0.592398 -0.131138 
0.566196 -0.270875 
0.580502 -0.249888 
0.626473 -0.160043 
0.635276 -0.135616 
0.616308 -0.183878 
0.605126 -0.206874 
0.639037 -0.12336 
0.642367 -0.110983 
0.647577 -0.0861283 
0.033079 -0.441487 
0.36347 -0.414393 
0.00452108 -0.437998 
-0.452144 -0.281522 
-0.621072 -0.0610813 
0.651186 -0.0548183 
-0.603639 -0.108615 
-0.616039 -0.0772749 
-0.570443 -0.166429 
-0.206608 -0.391638 
-0.304023 -0.357925 
-0.321344 -0.350899 
-0.114415 -0.416163 
-0.162132 -0.404292 
-0.227573 -0.385118 
-0.184797 -0.398039 
-0.610224 -0.0931146 
-0.49324 -0.250021 
-0.632928 0.00707113 
-0.468333 -0.269905 
-0.528536 -0.216893 
-0.550399 -0.192563 
-0.354545 -0.336325 
-0.418228 -0.303124 
-0.434302 -0.293304 
-0.40224 -0.312242 
-0.628708 -0.027626 
-0.138674 -0.410346 
-0.57968 -0.152651 
-0.625304 -0.0445223 
-0.247865 -0.378446 
-0.286206 -0.364789 
0.106245 -0.446972 
0.0765628 -0.445371 
-0.0366526 -0.431733 
0.167168 -0.447345 
0.260427 -0.439177 
0.32066 -0.427064 
-0.0893064 -0.421708 
0.403714 -0.398728 
0.429324 -0.386495 
0.454215 -0.372595 
0.521871 -0.321339 
0.500935 -0.339762 
0.536277 -0.306907 
0.54546 -0.296813 
0.558236 -0.281402 
-0.370482 -0.328738 
-0.588317 -0.13842 
0.587029 -0.239362 
-0.631256 -0.0104204 
0.631063 -0.147896 
0.61085 -0.195441 
0.637208 -0.129502 
-0.38639 -0.320722 
-0.59632 -0.123733 
-0.267487 -0.371637 
-0.338162 -0.343711 
0.64942 -0.0736464 
0.621549 -0.172028 
0.136457 -0.447667 
0.291019 -0.433786 
-0.0633418 -0.426926 
0.0474057 -0.442962 
0.198187 -0.445892 
0.377138 -0.409517 
0.47815 -0.357018 
-0.00923292 -0.436064 
0.0187877 -0.439831 
0.229473 -0.443187 
0.599329 -0.21784 
0.573511 -0.260492 
0.645213 -0.0986046 
0.651666 -0.0422385 
0.640757 -0.117187 
-0.505277 -0.239433 
-0.480944 -0.260163 
0.349288 -0.41901 
-0.560663 -0.179736 
-0.517072 -0.228371 
-0.539661 -0.204961 
