ZONE T="boundary0"
-4 -0.263126 
-4 0.587038 
-4 0.30938 
-4 0.102023 
-4 -0.514977 
-4 -1 
-4 -0.697057 
-4 1 
-4 0.793519 
-4 0.427037 
-4 -0.237618 
-4 -0.318083 
-4 -0.37304 
-4 -0.606017 
-4 -0.444008 
-4 -0.0747426 
-4 -0.161091 
-4 -0.212109 
-4 0.0116059 
-4 0.25091 
-4 0.192441 
-4 0.368208 
-4 0.507037 
-4 -0.290605 
-4 -0.848529 
-4 0.89676 
-4 -0.250372 
-4 -0.345561 
-4 -0.560497 
-4 -0.479493 
-4 -0.408524 
-4 -0.651537 
-4 -0.117917 
-4 -0.1866 
-4 -0.0315684 
-4 0.280145 
-4 0.0568146 
-4 0.338794 
-4 0.221675 
-4 0.547038 
-4 0.690279 
-4 -0.304344 
-4 -0.224863 
-4 -0.276866 
-4 0.397623 
-4 0.467037 
-4 0.147232 
ZONE T="boundary1"
1.07486 1 
1.18402 1 
-0.226207 1 
0.506184 1 
-0.172471 1 
0.19244 1 
0.126215 1 
-0.482519 1 
-3.37765 1 
3.01464 1 
2.76436 1 
1.87017 1 
0.843705 1 
0.724775 1 
3.81623 1 
3.63246 1 
1.54211 1 
-4 1 
2.07622 1 
2.28227 1 
-3.5539 1 
3.44869 1 
2.52331 1 
-0.831361 1 
-0.949508 1 
-2.37825 1 
-2.5837 1 
-2.1728 1 
0.000388931 1 
-0.0591736 1 
-0.118736 1 
-0.300315 1 
-0.374423 1 
-0.590614 1 
0.605844 1 
0.332595 1 
0.258665 1 
0.0633022 1 
0.95928 1 
-0.710988 1 
0.406525 1 
-1.06765 1 
-1.17617 1 
3.26492 1 
1.41765 1 
1.29318 1 
-1.28468 1 
-3.77695 1 
-1.67031 1 
-1.53203 1 
-1.40836 1 
1.70614 1 
-2.98282 1 
-3.2014 1 
-2.78326 1 
-1.80859 1 
-1.9907 1 
4 1 
1.12944 1 
0.159328 1 
2.8895 1 
0.78424 1 
3.72435 1 
2.17924 1 
2.64384 1 
-0.890434 1 
-2.48097 1 
-0.0889549 1 
-0.199339 1 
-0.145604 1 
-0.263261 1 
-0.337369 1 
-0.536566 1 
-0.428471 1 
0.556014 1 
0.225553 1 
0.0318455 1 
-0.650801 1 
0.665309 1 
-0.771174 1 
0.456355 1 
0.901493 1 
-1.12191 1 
3.13978 1 
1.35541 1 
-1.00858 1 
-1.23043 1 
-3.66542 1 
-3.88847 1 
-1.60117 1 
-1.34652 1 
-3.09211 1 
-2.68348 1 
1.78816 1 
-2.27552 1 
-3.46577 1 
1.9732 1 
-1.89964 1 
-2.88304 1 
-3.28952 1 
3.54058 1 
2.40279 1 
3.35681 1 
0.29563 1 
0.36956 1 
0.0947588 1 
-0.0293923 1 
1.01707 1 
-1.47019 1 
1.47988 1 
1.62413 1 
1.2386 1 
3.90812 1 
-2.08175 1 
-1.73945 1 
ZONE T="boundary2"
4 -0.843873 
4 -0.480977 
4 0.12538 
4 0.176719 
4 -0.687747 
4 0.337418 
4 0.29433 
4 0.21398 
4 0.251242 
4 0.0740416 
4 0.868762 
4 -0.584362 
4 0.406232 
4 0.475046 
4 -0.369659 
4 0.737523 
4 -0.275794 
4 -0.33837 
4 -0.185638 
4 0.606285 
4 -1 
4 -0.126769 
4 -0.215072 
4 -0.0263639 
4 -0.0765666 
4 -0.244506 
4 -0.307082 
4 -0.425318 
4 1 
4 0.15105 
4 0.232611 
4 -0.532669 
4 0.19535 
4 0.315874 
4 0.272786 
4 0.440639 
4 0.371825 
4 -0.636054 
4 0.540665 
4 -0.921937 
4 -0.76581 
4 0.099711 
4 -0.156204 
4 0.0238389 
4 -0.0514653 
4 -0.101668 
4 -0.26015 
4 -0.291438 
4 -0.397488 
4 -0.322726 
4 -0.354014 
4 -0.453147 
4 0.671904 
4 0.934381 
4 0.803142 
4 -0.200355 
4 -0.229789 
ZONE T="boundary3"
-1.2719 -1 
-1.17946 -1 
-0.346323 -1 
0.0343533 -1 
-0.0355794 -1 
0.262741 -1 
0.221938 -1 
0.33748 -1 
0.412219 -1 
-4 -1 
-3.64048 -1 
-1.8675 -1 
-1.69463 -1 
-1.36435 -1 
-0.856111 -1 
1.96005 -1 
-2.61834 -1 
-2.20886 -1 
3.58651 -1 
-1.52177 -1 
-3.07786 -1 
-2.87476 -1 
2.85716 -1 
3.14009 -1 
2.60943 -1 
3.42301 -1 
-3.28096 -1 
3.75 -1 
-0.184387 -1 
-0.263262 -1 
-0.441901 -1 
-0.642229 -1 
0.181135 -1 
0.107744 -1 
0.581046 -1 
-0.105512 -1 
-0.746978 -1 
0.906409 -1 
1.0122 -1 
-0.537479 -1 
-1.07235 -1 
-0.965244 -1 
0.690831 -1 
0.800616 -1 
4 -1 
1.11757 -1 
1.3215 -1 
1.42007 -1 
1.22294 -1 
1.53496 -1 
1.64986 -1 
1.80495 -1 
-3.46072 -1 
2.16087 -1 
2.36169 -1 
-1.22568 -1 
-0.000613044 -1 
0.24234 -1 
-3.82024 -1 
-1.78106 -1 
-1.31813 -1 
-2.03818 -1 
-1.6082 -1 
-2.97631 -1 
2.99863 -1 
-3.17941 -1 
-2.74655 -1 
-0.223825 -1 
0.374849 -1 
0.201537 -1 
0.300111 -1 
0.496632 -1 
-0.304793 -1 
-0.394112 -1 
-0.801545 -1 
0.959306 -1 
-0.694603 -1 
-1.12591 -1 
0.745723 -1 
0.853513 -1 
-1.44306 -1 
3.875 -1 
1.37079 -1 
1.06489 -1 
1.47752 -1 
1.59241 -1 
1.72741 -1 
1.17025 -1 
-3.37084 -1 
-3.5506 -1 
1.8825 -1 
2.06046 -1 
2.48556 -1 
3.28155 -1 
-0.0705457 -1 
-0.14495 -1 
0.0710488 -1 
0.14444 -1 
-0.910678 -1 
3.66825 -1 
1.27222 -1 
-2.4136 -1 
3.50476 -1 
0.635938 -1 
-1.0188 -1 
-0.589854 -1 
-0.48969 -1 
2.7333 -1 
2.26128 -1 
ZONE T="boundary4"
-0.47237 0.302475 
-0.497286 0.280761 
-0.254243 0.418622 
-0.232933 0.425413 
-0.186994 0.438068 
-0.210047 0.432045 
0.500963 0.305259 
-0.643218 -0.00882294 
0.646527 0.0820877 
0.650573 0.0680052 
-0.642009 0.00803219 
0.522566 0.283304 
-0.60015 0.147203 
0.476989 0.326731 
-0.633564 0.0584574 
-0.629189 0.0749793 
-0.639994 0.0249042 
-0.637173 0.0417496 
-0.612545 0.121162 
0.653908 0.0539001 
-0.618626 0.106305 
-0.586252 0.171925 
-0.575898 0.188237 
-0.162358 0.443806 
-0.137575 0.448878 
-0.350618 0.379466 
-0.543053 0.23225 
-0.554481 0.21801 
-0.565461 0.203319 
0.365247 0.398541 
0.380072 0.391119 
-0.400134 0.352782 
-0.38422 0.361939 
-0.415786 0.343177 
-0.531912 0.245243 
-0.367537 0.370931 
-0.332659 0.387929 
-0.445192 0.323317 
-0.624098 0.0911953 
-0.295026 0.40385 
-0.275369 0.411273 
-0.314483 0.395911 
-0.111291 0.453515 
-0.0292874 0.463251 
-0.0571297 0.460736 
-0.0848902 0.457422 
0.659561 -0.0172967 
0.659944 -0.00306381 
0.65842 0.0254864 
0.659561 0.0112345 
0.636495 0.109861 
0.304718 0.423763 
0.274041 0.433824 
0.335083 0.412069 
0.570093 0.224531 
0.583674 0.20513 
0.464234 0.337091 
0.437461 0.356764 
0.540494 0.262878 
0.409207 0.374878 
-0.000279595 0.465011 
0.0287664 0.465889 
0.0587623 0.465853 
0.0887401 0.464836 
0.119431 0.462744 
0.243188 0.442335 
0.181127 0.455115 
0.212024 0.449438 
0.641851 0.0959652 
0.630578 0.123548 
0.656543 0.0396422 
0.595563 0.187079 
0.606876 0.168675 
0.618105 0.148732 
-0.520361 0.257873 
0.150027 0.459553 
0.555949 0.243543 
-0.485001 0.291816 
-0.24361 0.422087 
-0.19854 0.435132 
0.648632 0.0750701 
-0.642713 -0.000388316 
0.489148 0.316188 
-0.631471 0.0667433 
-0.638682 0.0333435 
-0.635466 0.0501244 
-0.606577 0.134291 
-0.615661 0.113764 
-0.58116 0.180135 
-0.149983 0.446425 
-0.548827 0.225178 
-0.560037 0.210713 
0.372686 0.394883 
-0.392209 0.357416 
-0.407995 0.348036 
-0.359106 0.375255 
-0.375909 0.366493 
-0.626734 0.0831158 
-0.285222 0.407625 
-0.304781 0.399945 
-0.26483 0.415018 
-0.174695 0.441021 
-0.124449 0.451288 
-0.0432176 0.462094 
-0.0981043 0.455559 
-0.341667 0.383758 
-0.57075 0.195827 
0.659848 -0.0101829 
0.659084 0.018368 
0.289441 0.428982 
-0.621441 0.0987785 
0.319977 0.418114 
0.576952 0.214878 
0.470654 0.331963 
-0.323597 0.391979 
0.531662 0.273207 
0.423476 0.366044 
0.0142401 0.465561 
0.0437645 0.465992 
0.104095 0.463925 
-0.593403 0.159678 
0.258664 0.438258 
0.196605 0.452435 
0.644265 0.0890523 
0.633602 0.116733 
0.639245 0.102941 
0.394762 0.383218 
0.659848 0.00408789 
0.652326 0.0609729 
0.657572 0.0325762 
0.655315 0.0467878 
0.601298 0.177925 
0.612598 0.158763 
-0.221512 0.428806 
0.624542 0.136238 
-0.01479 0.46424 
0.134744 0.461288 
0.165599 0.457486 
-0.0710218 0.459179 
-0.641101 0.01648 
-0.526189 0.251604 
-0.537533 0.238791 
0.589684 0.196147 
0.548318 0.253288 
0.563093 0.23409 
0.511934 0.294448 
-0.509008 0.269504 
0.0737555 0.465469 
0.451005 0.347143 
-0.458941 0.313105 
-0.430635 0.333464 
0.227645 0.446057 
0.350259 0.405515 
ZONE T="boundary5"
-0.560176 -0.259836 
-0.608108 -0.181849 
-0.634311 -0.106861 
-0.637615 -0.0910662 
-0.640222 -0.0750275 
-0.355108 -0.402346 
-0.373376 -0.39563 
-0.540611 -0.283134 
-0.643218 -0.00882294 
0.646416 -0.0867008 
-0.620402 -0.152777 
0.656509 -0.0455088 
-0.630339 -0.122377 
0.650499 -0.0731288 
-0.625693 -0.137698 
-0.460049 -0.351415 
-0.210014 -0.433213 
-0.255151 -0.427265 
-0.27683 -0.423351 
-0.233348 -0.43049 
-0.336272 -0.408493 
-0.317221 -0.413968 
-0.16164 -0.436722 
-0.186597 -0.435252 
-0.136641 -0.437529 
-0.64211 -0.0587423 
-0.643252 -0.0422732 
-0.110164 -0.437722 
-0.476076 -0.340454 
-0.44355 -0.361661 
-0.530164 -0.294202 
-0.506033 -0.316852 
-0.491318 -0.328996 
-0.391369 -0.388228 
-0.297109 -0.418999 
-0.426489 -0.371262 
-0.409033 -0.380136 
-0.577743 -0.235417 
0.641659 -0.100039 
0.636222 -0.113208 
-0.0836789 -0.43729 
-0.0279885 -0.434573 
-0.055822 -0.436221 
0.00106988 -0.432279 
0.0601048 -0.425952 
0.030074 -0.429441 
0.15126 -0.411973 
0.120713 -0.417235 
0.213141 -0.399345 
0.182278 -0.405991 
0.0900556 -0.421924 
0.244126 -0.391897 
0.335425 -0.364325 
0.305323 -0.374482 
0.476744 -0.294824 
-0.593783 -0.209414 
0.50169 -0.276844 
0.52288 -0.2595 
0.559476 -0.224357 
0.541593 -0.24239 
-0.643628 -0.0256173 
0.659561 -0.0172967 
0.575031 -0.207175 
0.60356 -0.170678 
0.589811 -0.189241 
0.630172 -0.126107 
0.658412 -0.0314653 
0.653863 -0.059417 
0.450108 -0.311603 
0.422493 -0.326843 
0.394098 -0.340626 
0.274885 -0.383634 
0.365038 -0.353081 
0.616237 -0.151292 
-0.636051 -0.0989822 
-0.639009 -0.0830618 
-0.364273 -0.399073 
-0.550618 -0.271674 
-0.614552 -0.167439 
-0.63241 -0.114641 
-0.623128 -0.145266 
-0.266007 -0.425397 
-0.244262 -0.428961 
-0.32677 -0.411313 
-0.174124 -0.436073 
-0.642777 -0.0505144 
-0.221692 -0.43194 
-0.149143 -0.437205 
-0.64126 -0.0668957 
-0.451855 -0.356628 
-0.535441 -0.288718 
-0.498745 -0.323009 
-0.382408 -0.392016 
-0.435071 -0.366553 
-0.400242 -0.384271 
-0.286987 -0.421258 
-0.468124 -0.346024 
-0.0419011 -0.435467 
0.0450975 -0.427765 
0.0155785 -0.430926 
-0.417807 -0.37579 
0.135999 -0.414677 
0.197729 -0.402755 
0.105395 -0.41965 
-0.307187 -0.41657 
0.166785 -0.409062 
0.320419 -0.369536 
-0.585994 -0.222558 
0.512411 -0.268326 
0.532345 -0.251064 
0.48936 -0.286034 
-0.643538 -0.0339476 
-0.345718 -0.405505 
0.550641 -0.233479 
0.567348 -0.215852 
0.596813 -0.180054 
0.63902 -0.106656 
0.633272 -0.119692 
0.657555 -0.0384998 
0.648544 -0.0799408 
0.65227 -0.0662949 
0.64412 -0.0933992 
0.659082 -0.0243887 
0.655278 -0.0524804 
-0.483761 -0.334811 
-0.643522 -0.0172178 
-0.628099 -0.130063 
-0.198313 -0.434315 
0.58253 -0.198299 
-0.123403 -0.437707 
-0.0134537 -0.433497 
0.463553 -0.303416 
0.436405 -0.319414 
-0.0969201 -0.437581 
0.408381 -0.33391 
-0.0697475 -0.436831 
0.0750893 -0.424005 
0.29014 -0.379177 
0.259535 -0.387873 
0.228657 -0.395718 
0.379637 -0.347015 
0.623476 -0.13885 
0.610048 -0.161083 
-0.601208 -0.195768 
-0.569179 -0.247785 
-0.518331 -0.305774 
0.350287 -0.358849 
