ZONE T="boundary0"
-4 -0.21797 
-4 -0.175909 
-4 0.0600571 
-4 0.393416 
-4 -0.133847 
-4 -0.431223 
-4 0.774909 
-4 0.471617 
-4 -0.811656 
-4 0.549818 
-4 -0.264307 
-4 -0.310644 
-4 -0.370934 
-4 -0.527268 
-4 -0.623313 
-4 -1 
-4 -0.0127949 
-4 0.257388 
-4 0.291395 
-4 0.195149 
-4 0.325402 
-4 1 
-4 0.132909 
-4 -0.19694 
-4 -0.287476 
-4 -0.340789 
-4 -0.479245 
-4 -0.401078 
-4 -0.57529 
-4 -0.0733209 
-4 0.0236311 
-4 0.662363 
-4 -0.717485 
-4 0.887454 
-4 -0.905828 
-4 -0.154878 
-4 -0.241139 
-4 0.274391 
-4 0.359409 
-4 0.432517 
-4 0.510717 
-4 0.226268 
-4 0.308399 
-4 0.164029 
-4 0.0964832 
ZONE T="boundary1"
4 1 
3.68103 1 
-0.829009 1 
0.21998 1 
-0.497303 1 
-3.32131 1 
-1.39013 1 
1.76285 1 
-1.97531 1 
3.52155 1 
2.96941 1 
3.16574 1 
-2.35808 1 
-2.9634 1 
-1.80875 1 
-0.171262 1 
-0.091013 1 
0.310035 1 
0.0595805 1 
-0.0107636 1 
0.174952 1 
0.129924 1 
-0.440246 1 
0.390505 1 
-0.720212 1 
-0.611415 1 
-0.224244 1 
-0.330208 1 
-0.277226 1 
-3.65572 1 
-3.82786 1 
0.583663 1 
0.470974 1 
1.06155 1 
1.12566 1 
-0.93919 1 
-1.04937 1 
0.755597 1 
0.814844 1 
-1.26495 1 
-1.15716 1 
1.30796 1 
1.18977 1 
0.933336 1 
-1.51531 1 
-1.58867 1 
-1.66203 1 
-4 1 
1.5945 1 
1.51033 1 
1.42615 1 
1.67868 1 
1.94166 1 
-2.14188 1 
3.36207 1 
2.75958 1 
2.12047 1 
2.54975 1 
2.33511 1 
-3.48852 1 
-2.57428 1 
-2.76884 1 
-0.38319 1 
0.696351 1 
0.87409 1 
0.997444 1 
3.84052 1 
3.06758 1 
0.0244084 1 
0.152438 1 
0.197466 1 
-0.468774 1 
0.35027 1 
-0.554359 1 
-0.197753 1 
-0.303717 1 
-3.74179 1 
-0.131138 1 
0.527318 1 
-0.250735 1 
1.09361 1 
-0.774611 1 
-0.884099 1 
0.78522 1 
-1.21106 1 
1.24886 1 
-1.55199 1 
-1.45272 1 
-1.32754 1 
-1.73539 1 
-3.91393 1 
1.46824 1 
1.63659 1 
1.85226 1 
-1.10327 1 
-1.62535 1 
1.36705 1 
-2.05859 1 
3.2639 1 
3.44181 1 
2.8645 1 
-1.89203 1 
2.03107 1 
-3.14236 1 
2.44243 1 
2.22779 1 
-2.46618 1 
-2.67156 1 
-2.24998 1 
3.60129 1 
0.265008 1 
-0.356699 1 
-0.0508883 1 
0.0947525 1 
0.43074 1 
-0.411718 1 
0.725974 1 
1.0295 1 
0.844467 1 
0.640007 1 
0.903713 1 
1.15771 1 
-0.665814 1 
2.65467 1 
-0.99428 1 
-2.86612 1 
-3.57212 1 
-3.40492 1 
1.72077 1 
1.55241 1 
0.96539 1 
ZONE T="boundary2"
4 -0.440566 
4 -0.388608 
4 -0.324179 
4 -0.264597 
4 -0.206733 
4 0.18997 
4 0.114972 
4 -0.492523 
4 0.244882 
4 1 
4 -0.70828 
4 -1 
4 0.814489 
4 -0.164623 
4 -0.122514 
4 -0.0750282 
4 0.317586 
4 0.382344 
4 -0.294388 
4 -0.0275425 
4 0.0437146 
4 0.447102 
4 0.53804 
4 0.628979 
4 -0.85414 
4 -0.414587 
4 -0.356394 
4 -0.235665 
4 0.152471 
4 0.217426 
4 -0.600401 
4 -0.185678 
4 -0.143569 
4 -0.0987711 
4 0.281234 
4 0.349965 
4 -0.309284 
4 -0.466544 
4 -0.0512854 
4 0.00808607 
4 0.0793432 
4 0.414723 
4 -0.279492 
4 0.492571 
4 0.583509 
4 -0.92707 
4 -0.78121 
4 0.907245 
4 0.721734 
ZONE T="boundary3"
-3.55348 -1 
3.3405 -1 
-0.744028 -1 
0.0578246 -1 
0.116382 -1 
-0.286661 -1 
-0.359022 -1 
0.277241 -1 
-0.214301 -1 
-3.10039 -1 
-0.63744 -1 
-0.530852 -1 
0.17494 -1 
-1.46814 -1 
0.602517 -1 
0.717707 -1 
3.78017 -1 
4 -1 
0.818545 -1 
2.08625 -1 
-1.70054 -1 
-2.09119 -1 
-1.89586 -1 
2.9005 -1 
-2.48945 -1 
-2.71941 -1 
-2.29032 -1 
-0.145247 -1 
-0.0761926 -1 
-0.00918402 -1 
0.382284 -1 
0.487327 -1 
-0.444937 -1 
0.919383 -1 
-4 -1 
-3.77674 -1 
1.13798 -1 
1.02868 -1 
-1.04138 -1 
-1.11152 -1 
-0.892702 -1 
-0.967039 -1 
1.24456 -1 
1.35114 -1 
-1.18165 -1 
-1.28616 -1 
-1.39067 -1 
1.50149 -1 
1.79664 -1 
1.94145 -1 
-1.54561 -1 
1.65183 -1 
3.56033 -1 
2.23106 -1 
-3.25142 -1 
3.12067 -1 
-2.94936 -1 
2.4557 -1 
2.68033 -1 
0.0871033 -1 
-0.584146 -1 
0.660112 -1 
3.89008 -1 
-1.99353 -1 
-2.60443 -1 
-2.19075 -1 
-0.11072 -1 
-0.0426883 -1 
0.0243203 -1 
0.145661 -1 
0.22609 -1 
0.329762 -1 
0.434806 -1 
-0.179774 -1 
-0.250481 -1 
-0.322842 -1 
-0.401979 -1 
0.544922 -1 
0.868964 -1 
-3.88837 -1 
-0.487894 -1 
-0.690734 -1 
0.768126 -1 
-1.07645 -1 
-0.929871 -1 
1.29785 -1 
-1.23391 -1 
-1.33842 -1 
-1.14658 -1 
1.42631 -1 
1.19127 -1 
1.08333 -1 
0.974031 -1 
1.86904 -1 
-1.4294 -1 
-1.62307 -1 
-1.7982 -1 
1.72424 -1 
2.15866 -1 
-3.40245 -1 
3.01058 -1 
-3.02488 -1 
3.45042 -1 
-3.17591 -1 
2.34338 -1 
2.56801 -1 
-2.83438 -1 
3.23059 -1 
-2.38988 -1 
2.01385 -1 
-3.66511 -1 
-1.00421 -1 
-1.50687 -1 
1.57666 -1 
-0.818365 -1 
2.79041 -1 
3.67025 -1 
ZONE T="boundary4"
-0.204165 0.396123 
-0.181413 0.403875 
-0.622847 -0.000908547 
-0.437781 0.279072 
-0.309466 0.353341 
-0.289526 0.362403 
-0.367106 0.323969 
-0.348275 0.334142 
0.640756 0.11438 
-0.537142 0.186666 
-0.591598 0.102778 
-0.581536 0.122281 
-0.619255 0.0203348 
0.547869 0.307558 
-0.614318 0.0414275 
0.556272 0.297036 
-0.608048 0.0622461 
0.572027 0.27485 
0.586881 0.250306 
-0.600454 0.0827455 
-0.57036 0.141166 
-0.54877 0.172127 
-0.559854 0.156985 
0.636381 0.131631 
0.405284 0.41345 
0.430357 0.401321 
-0.247991 0.379771 
-0.226157 0.388157 
-0.268842 0.371294 
0.522597 0.334962 
0.649257 0.0449262 
0.648606 0.0622063 
-0.484709 0.240909 
-0.498992 0.22756 
-0.469995 0.25377 
-0.45411 0.266711 
0.64432 0.096911 
-0.385333 0.313499 
-0.329213 0.343847 
-0.158512 0.411189 
-0.403269 0.302512 
-0.134715 0.418281 
-0.0857337 0.43126 
-0.0605475 0.437083 
-0.524947 0.200727 
-0.420713 0.291079 
-0.512199 0.214369 
0.648871 0.0278521 
0.647421 0.0108316 
-0.110773 0.424897 
0.597487 0.230311 
0.60741 0.209643 
0.450998 0.389779 
-0.625107 -0.0222299 
0.379732 0.423961 
0.539069 0.317762 
0.488423 0.364483 
0.471059 0.376996 
0.505143 0.350947 
0.0208961 0.451858 
0.108743 0.460426 
0.139566 0.461464 
0.23288 0.457546 
0.07892 0.458421 
0.263383 0.453677 
0.351768 0.433604 
0.631148 0.149072 
0.64695 0.0795139 
0.619643 0.18101 
-0.0339816 0.442592 
-0.00727174 0.447462 
0.049195 0.455487 
0.293871 0.448346 
0.322893 0.441769 
0.170424 0.461393 
0.20166 0.460118 
-0.192808 0.400053 
-0.29952 0.357924 
-0.357722 0.329115 
-0.586711 0.112604 
-0.621217 0.00974117 
-0.616952 0.0309198 
0.55212 0.302337 
-0.611346 0.0518859 
0.564357 0.28609 
0.57967 0.262708 
-0.60441 0.0725547 
-0.554395 0.164617 
-0.5652 0.149137 
-0.576082 0.131803 
-0.543031 0.179457 
0.417915 0.407581 
-0.237094 0.384017 
0.649059 0.0535711 
-0.491906 0.234294 
-0.462111 0.260312 
0.642646 0.105668 
-0.446 0.272963 
-0.376255 0.318796 
-0.338772 0.33905 
-0.319366 0.348649 
-0.258437 0.375583 
-0.16998 0.407587 
-0.146631 0.414794 
-0.0731565 0.434241 
-0.531112 0.193755 
-0.21518 0.392192 
-0.429298 0.285148 
-0.279207 0.366901 
-0.412036 0.296865 
-0.394341 0.308072 
-0.518634 0.207605 
0.648281 0.0193303 
-0.0982703 0.428145 
0.602545 0.220023 
0.638666 0.12303 
0.440758 0.395694 
0.543517 0.312702 
0.530976 0.326498 
0.479828 0.370859 
0.513999 0.343095 
0.461123 0.383535 
0.12415 0.46108 
-0.50565 0.221019 
-0.624141 -0.0115518 
0.248153 0.455784 
0.633855 0.140379 
0.649195 0.0363862 
0.647899 0.0708717 
0.592293 0.240366 
0.49688 0.357835 
0.61371 0.195405 
0.64575 0.0882298 
-0.122761 0.421649 
-0.596178 0.0928289 
0.625658 0.165136 
0.392585 0.418891 
-0.0206416 0.445109 
-0.0472808 0.439916 
0.035033 0.453771 
0.0640463 0.457067 
0.0938235 0.459543 
0.27866 0.451198 
0.308424 0.445241 
0.00679752 0.449754 
0.154995 0.461571 
0.217284 0.458999 
0.36582 0.428986 
0.337387 0.437885 
0.186049 0.460911 
-0.477406 0.247401 
ZONE T="boundary5"
0.335828 -0.317231 
0.308893 -0.334693 
-0.196966 -0.509278 
-0.172164 -0.512151 
-0.590316 -0.210783 
-0.559161 -0.270844 
-0.570449 -0.251268 
0.404873 -0.272651 
0.383841 -0.286285 
-0.580845 -0.231196 
-0.617386 -0.128274 
-0.621358 -0.107275 
0.616645 -0.0848375 
0.587865 -0.127421 
-0.598684 -0.19041 
0.631016 -0.0543837 
0.624292 -0.0698861 
-0.612258 -0.149148 
-0.606007 -0.169878 
0.5985 -0.113491 
-0.245273 -0.499959 
-0.268676 -0.49362 
-0.626058 -0.0435848 
-0.221652 -0.505139 
-0.291039 -0.486403 
-0.146481 -0.513788 
-0.120813 -0.514072 
-0.0683814 -0.51046 
-0.0421418 -0.506527 
0.558049 -0.15978 
-0.452435 -0.394409 
-0.470286 -0.378714 
-0.43389 -0.409271 
-0.546885 -0.28998 
-0.334332 -0.46903 
-0.313086 -0.478134 
-0.355174 -0.458957 
-0.414933 -0.423101 
-0.625728 -0.0649094 
-0.395387 -0.436052 
-0.624152 -0.0861329 
0.644901 -0.00594514 
-0.375526 -0.447962 
0.473682 -0.226564 
0.452014 -0.241399 
-0.094516 -0.512965 
0.641323 -0.0224088 
0.541509 -0.174907 
0.0107042 -0.49425 
-0.0155541 -0.501081 
0.0632335 -0.476252 
0.115326 -0.452867 
0.089201 -0.465259 
0.0371628 -0.485904 
0.141049 -0.439453 
0.16783 -0.424355 
0.194273 -0.408506 
0.222304 -0.390944 
0.250136 -0.373015 
0.279535 -0.353843 
0.495073 -0.211415 
0.428548 -0.257101 
0.509819 -0.200504 
0.52431 -0.189238 
0.362707 -0.299903 
0.647421 0.0108316 
0.607983 -0.0994647 
0.636693 -0.0385566 
0.573432 -0.144091 
-0.625107 -0.0222299 
-0.487408 -0.362214 
-0.503746 -0.344955 
-0.533496 -0.308808 
-0.519188 -0.327049 
0.322354 -0.325951 
-0.184583 -0.510872 
-0.564919 -0.261122 
0.394364 -0.279479 
-0.575757 -0.241289 
-0.619516 -0.117802 
-0.594617 -0.200644 
-0.585692 -0.221041 
0.627779 -0.0621891 
-0.609265 -0.159553 
-0.61496 -0.138745 
-0.257013 -0.496932 
-0.209335 -0.507365 
-0.2799 -0.490143 
-0.159333 -0.513138 
-0.133648 -0.514098 
-0.0552353 -0.508668 
-0.46145 -0.386663 
-0.553138 -0.280485 
-0.32376 -0.473703 
-0.34481 -0.464111 
-0.424489 -0.416293 
-0.60247 -0.180188 
-0.443247 -0.401945 
-0.622904 -0.0967237 
-0.233494 -0.502693 
0.462871 -0.234014 
-0.081432 -0.511887 
0.643246 -0.0142061 
-0.626051 -0.0542496 
-0.0288116 -0.503981 
0.102326 -0.459195 
0.0762784 -0.470899 
0.181097 -0.416506 
0.154497 -0.432005 
0.208325 -0.399783 
0.23624 -0.38201 
0.264842 -0.363439 
0.416725 -0.264899 
0.502474 -0.205997 
0.532984 -0.182162 
0.549875 -0.167448 
0.373276 -0.293097 
-0.385523 -0.442118 
0.603344 -0.106547 
0.620586 -0.0774216 
0.593282 -0.120532 
0.484416 -0.219043 
0.633983 -0.0465163 
-0.365412 -0.453574 
0.580785 -0.135875 
0.646296 0.00242284 
0.63914 -0.0305205 
0.517102 -0.19492 
-0.625744 -0.0329002 
-0.625093 -0.0755325 
0.565854 -0.152047 
-0.405233 -0.429687 
-0.495676 -0.353679 
-0.540303 -0.299474 
-0.511571 -0.336092 
-0.478942 -0.370562 
0.349263 -0.308562 
0.440299 -0.249278 
-0.107657 -0.513695 
-0.302111 -0.482397 
-0.526448 -0.318012 
0.0502555 -0.481233 
0.0239862 -0.490243 
-0.00238113 -0.497835 
0.128246 -0.446272 
0.294208 -0.344262 
0.612426 -0.0922174 
