ZONE T="boundary0"
-4 0.133003 
-4 0.180802 
-4 0.220426 
-4 0.647647 
-4 0.530196 
-4 0.26005 
-4 0.398906 
-4 0.329478 
-4 -0.168376 
-4 -0.23357 
-4 -0.203476 
-4 -0.450492 
-4 -0.387173 
-4 0.464551 
-4 0.0852039 
-4 0.0110631 
-4 -0.0630776 
-4 -0.0981771 
-4 -0.133277 
-4 -0.564931 
-4 -0.679371 
-4 -0.323854 
-4 -0.839685 
-4 0.765098 
-4 -1 
-4 1 
-4 0.294764 
-4 -0.263665 
-4 0.200614 
-4 0.588921 
-4 0.364192 
-4 0.240238 
-4 -0.218523 
-4 -0.418832 
-4 0.497373 
-4 0.109103 
-4 0.0481335 
-4 0.156903 
-4 -0.0260072 
-4 -0.115727 
-4 -0.622151 
-4 -0.507712 
-4 -0.759528 
-4 0.706372 
-4 -0.919843 
-4 0.882549 
-4 0.277407 
-4 0.312121 
-4 -0.150826 
-4 -0.248617 
-4 -0.293759 
-4 -0.355513 
-4 -0.0806273 
-4 0.431728 
-4 -0.185926 
ZONE T="boundary1"
-2.92671 1 
-3.11876 1 
1.34918 1 
1.26843 1 
2.16766 1 
3.75325 1 
3.5065 1 
1.16438 1 
-0.0392148 1 
-0.620844 1 
-0.526207 1 
-0.964816 1 
-1.16815 1 
-1.26421 1 
-1.75236 1 
1.5799 1 
1.72987 1 
-3.66756 1 
1.42993 1 
-2.36757 1 
-2.10344 1 
-2.73466 1 
-1.83931 1 
3.12024 1 
-3.39316 1 
2.90674 1 
0.35941 1 
0.315715 1 
-0.43157 1 
0.499705 1 
0.451405 1 
0.272019 1 
0.228324 1 
0.0964539 1 
-0.115573 1 
-0.191931 1 
0.162389 1 
-0.857546 1 
0.548005 1 
0.403105 1 
0.0286198 1 
-0.380823 1 
0.716418 1 
-0.261004 1 
-0.330076 1 
1.06033 1 
0.948428 1 
0.596305 1 
0.836531 1 
-1.07209 1 
-3.83378 1 
-0.739195 1 
4 1 
-1.37785 1 
-1.49149 1 
1.50491 1 
1.87131 1 
-4 1 
-1.6654 1 
-2.55111 1 
2.69323 1 
2.5079 1 
2.32258 1 
2.01275 1 
-3.02273 1 
1.30881 1 
3.62987 1 
1.21641 1 
-0.573525 1 
-1.21618 1 
1.65489 1 
1.38955 1 
-2.23551 1 
-1.97138 1 
3.31337 1 
0.337562 1 
0.475555 1 
0.250172 1 
-0.153753 1 
0.523855 1 
-0.00529737 1 
0.427255 1 
-0.29554 1 
1.00438 1 
0.656361 1 
-3.53036 1 
0.892479 1 
-1.01845 1 
-0.478889 1 
-0.680019 1 
-0.798371 1 
3.87662 1 
-1.43467 1 
-0.911181 1 
1.11235 1 
1.46742 1 
-3.25596 1 
-2.64289 1 
3.01349 1 
-2.83068 1 
-3.75067 1 
0.381257 1 
0.293867 1 
0.129422 1 
0.195357 1 
-0.0773936 1 
0.0625368 1 
-0.226468 1 
-0.406197 1 
-0.35545 1 
2.60057 1 
2.79998 1 
2.24512 1 
-1.12012 1 
0.776474 1 
1.54241 1 
2.09021 1 
-1.57845 1 
-1.79583 1 
2.41524 1 
-1.70888 1 
-1.32103 1 
-2.45934 1 
-3.91689 1 
1.94203 1 
1.80059 1 
0.572155 1 
ZONE T="boundary2"
4 -0.352803 
4 -0.312908 
4 -1 
4 -0.736245 
4 0.831653 
4 0.663305 
4 -0.231622 
4 -0.538429 
4 -0.47249 
4 0.200439 
4 0.240997 
4 -0.289441 
4 -0.265974 
4 -0.392699 
4 -0.197271 
4 -0.128567 
4 -0.162919 
4 -0.0569117 
4 0.0147434 
4 -0.604367 
4 0.0873119 
4 0.15988 
4 0.281555 
4 0.467671 
4 0.394892 
4 0.565488 
4 1 
4 0.322114 
4 0.358503 
4 -0.332855 
4 -0.868122 
4 0.747479 
4 -0.505459 
4 0.220718 
4 -0.277707 
4 -0.372751 
4 -0.301174 
4 -0.248798 
4 -0.214446 
4 -0.145743 
4 -0.0210842 
4 -0.0927394 
4 -0.432594 
4 -0.670306 
4 -0.571398 
4 0.0510277 
4 0.431281 
4 0.614397 
4 0.18016 
4 0.915826 
4 -0.180095 
4 0.301834 
4 0.261276 
4 0.340308 
4 0.376697 
4 0.516579 
4 0.123596 
ZONE T="boundary3"
4 -1 
1.63373 -1 
1.82456 -1 
-1.08451 -1 
-0.961024 -1 
0.0717404 -1 
0.136168 -1 
-0.597597 -1 
1.45888 -1 
-0.837535 -1 
-0.717566 -1 
-0.363266 -1 
-0.480596 -1 
1.35505 -1 
-0.304601 -1 
-1.28063 -1 
-1.18257 -1 
2.67378 -1 
2.13479 -1 
1.97967 -1 
2.32828 -1 
3.55837 -1 
1.01063 -1 
1.13093 -1 
-2.7183 -1 
-2.60033 -1 
-2.30534 -1 
-2.10646 -1 
-3.32914 -1 
-3.07221 -1 
-2.83627 -1 
2.82578 -1 
3.36674 -1 
3.09626 -1 
-0.156316 -1 
-0.0666951 -1 
0.00252265 -1 
0.200595 -1 
-0.201126 -1 
-0.245936 -1 
0.286647 -1 
0.3727 -1 
0.896582 -1 
0.782529 -1 
3.75 -1 
0.580552 -1 
0.476626 -1 
1.25122 -1 
0.68154 -1 
-3.79303 -1 
-4 -1 
-3.58606 -1 
-1.38875 -1 
-1.70223 -1 
-1.90759 -1 
-2.45284 -1 
2.52178 -1 
-1.80491 -1 
-1.49687 -1 
-1.59955 -1 
1.72915 -1 
-1.02277 -1 
0.103954 -1 
-0.777551 -1 
-0.539096 -1 
-0.657582 -1 
-1.2316 -1 
2.05723 -1 
2.23153 -1 
1.07078 -1 
-2.65932 -1 
-2.2059 -1 
-3.20068 -1 
-2.77729 -1 
2.74978 -1 
-0.111505 -1 
-0.421931 -1 
0.0371316 -1 
0.168381 -1 
-0.178721 -1 
-0.0320862 -1 
-0.333934 -1 
-0.275268 -1 
0.329673 -1 
-1.13354 -1 
0.243621 -1 
0.953608 -1 
3.875 -1 
0.528589 -1 
0.631046 -1 
-3.89651 -1 
0.839555 -1 
1.19107 -1 
1.40696 -1 
1.5463 -1 
1.30313 -1 
-3.68954 -1 
-1.33469 -1 
0.732034 -1 
-2.95424 -1 
-2.37909 -1 
-2.52658 -1 
-2.00703 -1 
2.42503 -1 
-1.75357 -1 
3.46256 -1 
3.65419 -1 
3.2315 -1 
2.96102 -1 
2.59778 -1 
1.90212 -1 
-0.223531 -1 
-0.89928 -1 
0.424663 -1 
-3.4576 -1 
-1.65089 -1 
-1.44281 -1 
-1.54821 -1 
-1.85625 -1 
ZONE T="boundary4"
-0.387697 0.300358 
-0.362936 0.314047 
-0.312276 0.339654 
-0.337716 0.327146 
0.173984 0.479163 
0.202804 0.479384 
-0.458904 0.254479 
-0.475693 0.241831 
0.145473 0.477723 
-0.64754 -0.0267949 
-0.492108 0.228678 
-0.643223 -0.00185602 
-0.637046 0.0228632 
-0.101979 0.424592 
-0.0751755 0.433214 
0.40762 0.434753 
0.435477 0.420104 
0.582731 0.266425 
0.59588 0.240473 
0.231856 0.478256 
0.261196 0.475635 
0.652384 0.0833812 
0.646207 0.109714 
-0.570082 0.150494 
-0.628986 0.0472888 
0.290631 0.47138 
0.320199 0.465311 
-0.578362 0.139718 
-0.593662 0.117623 
-0.54314 0.181403 
-0.56146 0.161008 
-0.517133 0.206903 
-0.412085 0.285882 
-0.530356 0.194369 
-0.0211298 0.448782 
-0.607258 0.0947741 
-0.435834 0.270618 
-0.260561 0.363343 
-0.234435 0.374567 
0.117084 0.475159 
-0.286492 0.351728 
-0.128719 0.415449 
-0.208186 0.385392 
-0.048195 0.441305 
-0.155299 0.40586 
0.0611595 0.467083 
0.0335467 0.461738 
0.638377 0.135979 
0.629189 0.16219 
-0.181813 0.395825 
0.378868 0.447148 
0.550974 0.316793 
0.567861 0.291978 
0.48738 0.384112 
0.510691 0.363166 
0.531959 0.340581 
0.462226 0.403153 
0.0890306 0.471588 
0.349655 0.457288 
0.656626 0.0570392 
0.618878 0.188478 
0.658702 0.0307736 
-0.619047 0.0712989 
0.00613792 0.455619 
0.607809 0.214472 
0.658448 0.00476935 
-0.633242 0.0351479 
-0.375362 0.307291 
-0.325026 0.333466 
0.188392 0.479434 
-0.467345 0.248218 
-0.48395 0.235317 
-0.640363 0.0105579 
-0.0885986 0.428966 
0.421694 0.427703 
0.589464 0.25353 
0.246543 0.477138 
0.649511 0.0965961 
0.305462 0.468572 
-0.574266 0.145139 
-0.552448 0.171339 
-0.504761 0.217954 
-0.565812 0.155784 
-0.586199 0.128798 
-0.536805 0.187942 
-0.600662 0.106316 
-0.523795 0.20069 
-0.447449 0.262666 
-0.247517 0.369005 
0.131264 0.476576 
-0.299409 0.345749 
-0.11537 0.420079 
-0.221329 0.380027 
-0.061708 0.437329 
-0.142029 0.410708 
0.0473312 0.464513 
-0.0346854 0.44512 
0.63392 0.149131 
-0.168575 0.400893 
0.393361 0.441221 
-0.399949 0.293223 
-0.350363 0.320673 
0.559647 0.304544 
0.499255 0.373885 
0.541701 0.328876 
0.449026 0.411903 
0.10304 0.473496 
0.217336 0.478995 
0.15972 0.478589 
0.575506 0.279325 
-0.273548 0.357588 
0.334993 0.461542 
0.275943 0.473716 
0.364351 0.452475 
0.0750749 0.469448 
0.654756 0.0702488 
0.624139 0.175374 
0.642468 0.122897 
-0.624238 0.0593826 
0.657944 0.0439268 
0.0198196 0.458771 
0.521558 0.352094 
0.61343 0.201511 
-0.195018 0.390657 
-0.00751901 0.452285 
0.601944 0.227518 
0.475002 0.393897 
-0.64561 -0.0142885 
0.658874 0.0177666 
-0.631171 0.0412362 
-0.613366 0.0831407 
-0.635201 0.0290237 
-0.42403 0.278363 
ZONE T="boundary5"
-0.627926 -0.202144 
-0.618315 -0.226741 
0.11567 -0.390826 
0.142787 -0.381425 
-0.57934 -0.298241 
-0.650702 -0.0770144 
-0.650023 -0.0518645 
-0.64754 -0.0267949 
-0.642186 -0.152364 
-0.6359 -0.177325 
-0.64676 -0.127307 
-0.649606 -0.102169 
-0.397601 -0.441882 
-0.368375 -0.451756 
-0.308244 -0.464804 
-0.338465 -0.459388 
-0.277902 -0.468133 
-0.247771 -0.469529 
-0.217932 -0.469199 
0.251733 -0.342831 
-0.130996 -0.459882 
-0.188535 -0.467352 
0.197243 -0.362268 
0.170039 -0.371874 
-0.159536 -0.464183 
-0.0749645 -0.448482 
-0.562722 -0.320746 
-0.524032 -0.362778 
-0.544285 -0.342309 
-0.594117 -0.274965 
0.633187 -0.0934975 
-0.102935 -0.454625 
-0.501965 -0.381984 
-0.478173 -0.399691 
-0.425808 -0.429826 
-0.452704 -0.415723 
0.0343376 -0.417858 
0.571773 -0.176725 
-0.047452 -0.441665 
-0.0200197 -0.434205 
0.0614532 -0.409107 
0.436783 -0.267935 
0.411618 -0.27999 
-0.607075 -0.251066 
0.385737 -0.291454 
0.359495 -0.30234 
0.00719207 -0.426251 
0.0885258 -0.400085 
0.305996 -0.323005 
0.224531 -0.35257 
0.46145 -0.255036 
0.485214 -0.241411 
0.278934 -0.332981 
0.332862 -0.312828 
0.590103 -0.157628 
0.508396 -0.226794 
0.530675 -0.211222 
0.655771 -0.020832 
0.55185 -0.194593 
0.62098 -0.115937 
0.606575 -0.137339 
0.65065 -0.0458277 
0.6431 -0.0701036 
0.658448 0.00476935 
0.129235 -0.386139 
-0.650586 -0.0644361 
-0.649008 -0.0393101 
-0.632108 -0.189799 
-0.648398 -0.114765 
-0.644683 -0.139876 
-0.623306 -0.214516 
-0.383084 -0.447101 
-0.323403 -0.462362 
-0.293102 -0.466717 
-0.232852 -0.469567 
-0.203226 -0.468455 
0.183645 -0.367077 
-0.571229 -0.309642 
-0.534346 -0.35273 
-0.0889311 -0.451655 
-0.490239 -0.391067 
-0.411823 -0.436132 
-0.513179 -0.37259 
-0.0337191 -0.438007 
-0.639246 -0.164897 
-0.14525 -0.46217 
0.0479062 -0.41352 
0.424251 -0.274064 
-0.612881 -0.23899 
-0.174022 -0.465925 
-0.465596 -0.407958 
0.372648 -0.296964 
-0.0611905 -0.445158 
-0.00639909 -0.430287 
0.0207773 -0.422102 
0.102105 -0.395476 
0.0749982 -0.404624 
0.4734 -0.248342 
0.238139 -0.347709 
0.265342 -0.33792 
0.319446 -0.317951 
0.292478 -0.328016 
-0.553696 -0.331694 
0.398719 -0.285808 
0.496884 -0.234231 
0.449177 -0.2616 
0.346203 -0.307633 
0.519632 -0.219152 
0.561966 -0.185836 
0.581125 -0.167361 
0.614023 -0.126806 
0.598556 -0.147664 
0.65352 -0.0333951 
-0.116947 -0.457371 
0.627352 -0.104866 
0.210892 -0.357425 
-0.439395 -0.423041 
-0.26285 -0.469057 
0.541385 -0.203069 
-0.600796 -0.263125 
-0.586931 -0.286734 
0.156418 -0.376659 
-0.650374 -0.0896038 
0.647177 -0.058062 
0.638431 -0.0819249 
0.657419 -0.00806557 
-0.353492 -0.45585 
