ZONE T="boundary0"
-4 -0.39779 
-4 -0.449804 
-4 -0.274426 
-4 -0.203075 
-4 -0.0760259 
-4 -0.13955 
-4 0.254143 
-4 0.591561 
-4 0.795781 
-4 0.387818 
-4 0.320981 
-4 0.135365 
-4 0.188064 
-4 1 
-4 -0.345777 
-4 0.221103 
-4 0.00331966 
-4 0.0826652 
-4 -0.649351 
-4 -1 
-4 -0.549578 
-4 -0.824676 
-4 0.48969 
-4 -0.423797 
-4 -0.23875 
-4 -0.107788 
-4 0.693671 
-4 0.354399 
-4 -0.171313 
-4 0.89789 
-4 -0.310101 
-4 0.204584 
-4 -0.0363531 
-4 0.109015 
-4 0.161714 
-4 0.0429924 
-4 -0.499691 
-4 -0.737013 
-4 -0.912338 
-4 0.540625 
-4 0.237623 
-4 0.287562 
-4 0.438754 
-4 -0.371784 
-4 -0.599464 
ZONE T="boundary1"
1.4707 1 
3.06205 1 
-1.36852 1 
0.40074 1 
0.309559 1 
-0.713918 1 
-1.75013 1 
-1.57843 1 
0.0945806 1 
0.156479 1 
0.462648 1 
-0.358409 1 
1.08678 1 
-1.92568 1 
3.86826 1 
-4 1 
2.84536 1 
2.62868 1 
2.42162 1 
2.21456 1 
-2.95405 1 
-2.49079 1 
-3.55081 1 
0.638866 1 
0.524557 1 
0.218378 1 
0.263968 1 
0.753175 1 
0.807481 1 
0.696021 1 
-0.0905601 1 
-0.158404 1 
-0.283875 1 
-0.0227159 1 
-0.432943 1 
0.0359324 1 
0.970399 1 
-0.57343 1 
0.861787 1 
0.916093 1 
-0.908894 1 
-0.811406 1 
-1.02345 1 
-1.138 1 
-1.25326 1 
1.20316 1 
-3.7754 1 
2.01137 1 
1.80818 1 
-2.10124 1 
1.33693 1 
1.63944 1 
-3.10847 1 
-2.29601 1 
-2.79963 1 
3.47303 1 
3.26754 1 
-3.32964 1 
-3.44022 1 
4 1 
3.73652 1 
3.60477 1 
0.355149 1 
-1.66428 1 
0.12553 1 
2.73702 1 
2.31809 1 
-1.83791 1 
0.581712 1 
0.431694 1 
0.493603 1 
0.241173 1 
0.780328 1 
0.667443 1 
-0.124482 1 
-0.22114 1 
-0.321142 1 
-0.056638 1 
-0.395676 1 
0.286764 1 
0.00660825 1 
0.187429 1 
-0.643674 1 
-0.503187 1 
0.88894 1 
0.834634 1 
-0.86015 1 
-1.08073 1 
-0.762662 1 
-1.31089 1 
-3.66311 1 
1.02859 1 
-1.47347 1 
1.90978 1 
1.40381 1 
1.55507 1 
-2.19862 1 
-2.64521 1 
-2.01346 1 
2.11296 1 
2.52515 1 
2.95371 1 
3.37029 1 
3.16479 1 
0.0652565 1 
0.724598 1 
0.943246 1 
-3.49551 1 
1.72381 1 
-3.38493 1 
1.14497 1 
-0.966171 1 
-1.19563 1 
-3.03126 1 
-3.21905 1 
-2.87684 1 
1.27005 1 
3.93413 1 
3.80239 1 
3.67064 1 
3.5389 1 
-3.8877 1 
-2.3934 1 
ZONE T="boundary2"
4 -1 
4 -0.369838 
4 -0.472207 
4 0.119525 
4 0.180587 
4 0.211687 
4 0.271394 
4 0.300001 
4 -0.271271 
4 -0.320555 
4 0.0584618 
4 0.625071 
4 0.500095 
4 -0.576569 
4 -0.680931 
4 -0.840465 
4 0.428655 
4 0.750047 
4 -0.243076 
4 -0.214882 
4 -0.158492 
4 -0.104254 
4 -0.0500153 
4 0.328609 
4 0.357216 
4 0.242787 
4 0.392936 
4 0.875 
4 1 
4 -0.421022 
4 0.150056 
4 0.285698 
4 -0.295913 
4 0.562583 
4 -0.524388 
4 -0.760698 
4 -0.345197 
4 0.464375 
4 0.687559 
4 -0.920233 
4 -0.62875 
4 -0.228979 
4 -0.257174 
4 -0.186687 
4 -0.0771346 
4 0.342912 
4 0.257091 
4 0.375076 
4 0.314305 
4 0.410795 
4 0.196137 
4 0.227237 
4 0.0889932 
4 -0.131373 
4 0.00422326 
4 0.812524 
4 0.9375 
ZONE T="boundary3"
-2.02766 -1 
-2.20297 -1 
3.53428 -1 
4 -1 
2.61805 -1 
0.668967 -1 
0.775169 -1 
-1.07146 -1 
-1.19751 -1 
-0.517107 -1 
-0.400643 -1 
-0.0043296 -1 
0.576972 -1 
0.484977 -1 
0.88137 -1 
-0.945402 -1 
-3.54707 -1 
2.07951 -1 
-3.69804 -1 
-2.83393 -1 
-3.05068 -1 
-1.70075 -1 
2.85114 -1 
-1.43459 -1 
-2.37828 -1 
3.30926 -1 
-0.19492 -1 
-0.258047 -1 
-0.0680611 -1 
-0.131793 -1 
-0.329345 -1 
0.123167 -1 
0.188562 -1 
0.369466 -1 
-0.633571 -1 
-0.711529 -1 
-0.867445 -1 
0.0594188 -1 
0.253956 -1 
-1.00843 -1 
-4 -1 
1.12424 -1 
1.00281 -1 
1.24779 -1 
1.48818 -1 
1.60502 -1 
1.37134 -1 
-3.39609 -1 
1.77161 -1 
-1.31605 -1 
-1.56767 -1 
-2.61718 -1 
2.22083 -1 
2.41944 -1 
-3.22338 -1 
3.08423 -1 
-0.575339 -1 
-0.789487 -1 
1.9382 -1 
3.76714 -1 
0.722068 -1 
-1.13448 -1 
-0.458875 -1 
-2.9423 -1 
2.7346 -1 
-0.226484 -1 
-0.0999268 -1 
-0.293696 -1 
-0.163356 -1 
0.155864 -1 
0.427222 -1 
-0.67255 -1 
0.091293 -1 
-0.0361953 -1 
-0.364994 -1 
0.221259 -1 
-0.906423 -1 
-0.976916 -1 
0.311711 -1 
0.530974 -1 
0.62297 -1 
-3.84902 -1 
0.828269 -1 
1.06352 -1 
0.942088 -1 
1.18602 -1 
1.5466 -1 
1.30957 -1 
-3.47158 -1 
3.42177 -1 
-3.62255 -1 
-1.03994 -1 
-1.37532 -1 
-1.25678 -1 
-1.63421 -1 
-1.8642 -1 
-2.72555 -1 
2.32013 -1 
-3.30973 -1 
-2.11532 -1 
-2.29063 -1 
2.51874 -1 
2.96769 -1 
3.19674 -1 
1.68832 -1 
-2.49773 -1 
0.0275446 -1 
-0.546223 -1 
-0.604455 -1 
-0.828466 -1 
-0.750508 -1 
-3.13703 -1 
1.42976 -1 
1.8549 -1 
2.15017 -1 
2.00885 -1 
-1.50113 -1 
ZONE T="boundary4"
0.446758 0.390819 
0.422721 0.403643 
-0.418426 0.291984 
-0.399241 0.304164 
-0.0611986 0.434141 
-0.0866216 0.428257 
0.62969 0.15303 
0.634565 0.137249 
-0.554523 0.165926 
-0.471637 0.25248 
-0.487459 0.238752 
0.581341 0.259465 
0.597649 0.22969 
-0.623357 0.00066066 
-0.18438 0.400315 
-0.160735 0.407846 
-0.607534 0.0667884 
-0.614301 0.0449935 
0.618222 0.184295 
-0.599286 0.0882239 
-0.619578 0.0229081 
-0.578573 0.129543 
-0.589611 0.10917 
-0.566272 0.149241 
-0.529327 0.196825 
-0.542027 0.181955 
0.541237 0.314491 
0.552163 0.30155 
-0.516066 0.211134 
-0.275291 0.366493 
-0.62566 -0.0216784 
-0.379683 0.315706 
-0.455331 0.265612 
-0.437125 0.279157 
-0.359633 0.326751 
0.562454 0.288106 
0.572209 0.274028 
-0.318315 0.34742 
-0.297104 0.357103 
-0.339307 0.337241 
-0.207869 0.392335 
-0.136391 0.415082 
-0.111898 0.421838 
-0.0348907 0.439617 
0.0190638 0.448842 
-0.502008 0.225198 
0.644984 0.0902406 
0.647955 0.0278654 
0.64656 0.0124975 
0.638729 0.121655 
0.648141 0.0588914 
0.64697 0.0745204 
0.611741 0.199723 
0.469925 0.376436 
0.398068 0.414905 
0.34521 0.433704 
0.372338 0.42489 
0.529165 0.327448 
0.489557 0.362406 
0.516459 0.339797 
0.503266 0.351429 
0.0755374 0.455468 
0.104477 0.45759 
0.164787 0.459025 
0.195642 0.458076 
0.134609 0.458829 
0.256807 0.452423 
0.287116 0.447549 
0.226474 0.455886 
0.642239 0.105879 
0.648476 0.0432873 
-0.230662 0.384102 
-0.253296 0.375427 
-0.00844253 0.444481 
0.0466957 0.452484 
0.316713 0.441289 
0.434842 0.397422 
-0.408885 0.298156 
-0.0739259 0.431267 
-0.479611 0.245688 
0.589758 0.244721 
-0.172575 0.404137 
-0.611098 0.0559472 
-0.603587 0.0775742 
-0.621651 0.0118155 
-0.584252 0.119443 
-0.560502 0.157657 
-0.535756 0.189457 
0.546777 0.308086 
-0.522767 0.204044 
-0.62469 -0.0104901 
-0.389507 0.310011 
-0.463545 0.259122 
-0.427835 0.285657 
0.567414 0.281124 
-0.307737 0.35232 
-0.286222 0.361856 
-0.328841 0.342394 
-0.349504 0.332062 
-0.196144 0.396381 
-0.124162 0.418521 
-0.0480603 0.436954 
-0.369698 0.3213 
-0.594618 0.0987755 
0.576856 0.266797 
0.647368 0.0201714 
-0.0992767 0.425113 
0.647657 0.0667135 
0.604902 0.214804 
0.410479 0.409458 
0.358835 0.429483 
0.535281 0.321045 
0.496475 0.356998 
0.522888 0.333701 
0.47985 0.369574 
0.0899991 0.45664 
0.180219 0.4587 
0.119538 0.458336 
-0.509102 0.21823 
0.27199 0.450166 
0.211069 0.457141 
0.557389 0.294889 
0.646075 0.0823929 
0.643703 0.0980759 
0.615037 0.192033 
0.636725 0.129472 
0.648414 0.0510916 
0.509932 0.345692 
0.64057 0.113786 
0.458462 0.383822 
-0.148581 0.411524 
-0.219285 0.388273 
0.648324 0.0355727 
-0.242 0.37982 
0.632201 0.145162 
-0.264316 0.371015 
-0.0216811 0.442128 
0.0328676 0.450755 
0.301954 0.444606 
0.331012 0.437685 
0.0611057 0.454081 
0.00529669 0.44675 
0.241659 0.454321 
0.149697 0.459061 
0.385274 0.420081 
-0.54837 0.174015 
-0.494792 0.232038 
-0.617123 0.0339947 
-0.446295 0.272474 
-0.572571 0.139485 
0.624211 0.168755 
ZONE T="boundary5"
-0.563119 -0.262081 
-0.550284 -0.282718 
-0.620739 -0.110853 
-0.624019 -0.0886711 
-0.625955 -0.0664098 
-0.603174 -0.176638 
-0.610286 -0.15484 
0.641149 -0.0175869 
-0.616152 -0.132907 
-0.574754 -0.241149 
-0.487523 -0.360047 
-0.200873 -0.509651 
-0.226146 -0.504777 
-0.317443 -0.475645 
-0.295447 -0.484395 
-0.24975 -0.499014 
-0.273113 -0.492124 
0.441044 -0.248434 
-0.148849 -0.515573 
-0.0953899 -0.515986 
-0.122259 -0.516495 
-0.175458 -0.513228 
-0.0416011 -0.510578 
-0.0683919 -0.514008 
-0.536385 -0.302739 
-0.505038 -0.34141 
-0.468296 -0.378568 
0.595707 -0.113949 
-0.521399 -0.322196 
0.465491 -0.23115 
-0.339662 -0.465602 
0.516126 -0.193496 
0.541594 -0.17224 
-0.361417 -0.454526 
0.620076 -0.0745188 
0.637149 -0.0322425 
0.586087 -0.126384 
0.644288 -0.00267346 
-0.62566 -0.0216784 
0.39897 -0.277627 
0.374484 -0.294405 
0.564786 -0.150211 
0.575698 -0.138545 
-0.594873 -0.198243 
-0.626515 -0.0440523 
0.420074 -0.26306 
0.0115193 -0.499377 
-0.0148769 -0.505681 
0.0378582 -0.491615 
0.0637713 -0.482533 
0.0896234 -0.472046 
-0.58541 -0.219707 
0.140278 -0.447497 
0.115053 -0.460366 
0.165776 -0.433282 
0.216724 -0.401844 
0.190907 -0.418219 
-0.42708 -0.412663 
-0.405528 -0.427921 
0.489673 -0.213643 
0.242282 -0.384954 
0.295119 -0.348887 
0.322539 -0.330004 
0.604708 -0.10099 
-0.383788 -0.441764 
0.64656 0.0124975 
0.612738 -0.0879964 
0.632288 -0.0466486 
0.626567 -0.0608019 
0.349894 -0.311229 
-0.448125 -0.396127 
0.268777 -0.366983 
-0.556832 -0.272481 
-0.622543 -0.0997864 
-0.625156 -0.0775551 
-0.606874 -0.165786 
-0.618603 -0.121913 
-0.21354 -0.507374 
-0.306494 -0.480145 
-0.237982 -0.502036 
-0.284324 -0.488387 
-0.108821 -0.516421 
-0.162169 -0.514577 
-0.0549733 -0.512474 
-0.496394 -0.350836 
-0.478026 -0.369429 
-0.529011 -0.312559 
-0.54346 -0.292815 
-0.328611 -0.470753 
0.529006 -0.183043 
0.639257 -0.0249442 
0.590975 -0.120226 
0.642828 -0.0101533 
-0.513336 -0.331903 
0.386731 -0.286023 
0.570305 -0.144437 
-0.599158 -0.187492 
0.453284 -0.239816 
-0.62641 -0.0552354 
-0.188188 -0.511601 
0.430569 -0.255761 
-0.00163714 -0.502703 
0.40953 -0.270355 
0.0247388 -0.495666 
0.076759 -0.477441 
-0.580203 -0.230489 
0.127728 -0.454054 
-0.56906 -0.251684 
0.153088 -0.440499 
0.203861 -0.410103 
-0.416399 -0.420426 
0.229535 -0.393448 
0.308827 -0.339443 
0.553391 -0.161437 
-0.350604 -0.46019 
-0.37268 -0.448281 
-0.590267 -0.209031 
0.60881 -0.0945472 
0.616502 -0.0813091 
0.600293 -0.107529 
0.623419 -0.0677067 
0.336212 -0.32061 
0.629531 -0.0537671 
0.634825 -0.0394814 
0.645535 0.00489543 
-0.394742 -0.434974 
0.580964 -0.132525 
-0.61337 -0.143914 
0.362187 -0.302815 
-0.626266 -0.0328585 
-0.261472 -0.495707 
-0.458321 -0.387474 
-0.0282061 -0.508309 
0.102402 -0.466343 
-0.13556 -0.516211 
-0.437706 -0.404527 
-0.0818773 -0.51518 
0.0508708 -0.487234 
0.178395 -0.425839 
0.25555 -0.375998 
0.502986 -0.203682 
0.281955 -0.357946 
0.477617 -0.222443 
