ZONE T="boundary0"
-4 -0.20802 
-4 -0.345777 
-4 -0.27674 
-4 0.0234198 
-4 -0.0504848 
-4 -0.124389 
-4 0.288789 
-4 -0.39779 
-4 -0.549578 
-4 -0.649351 
-4 -0.449804 
-4 -0.824676 
-4 0.0899064 
-4 0.201333 
-4 0.156393 
-4 0.331305 
-4 -1 
-4 1 
-4 0.808956 
-4 0.617913 
-4 0.246273 
-4 0.416338 
-4 0.517125 
-4 -0.311258 
-4 -0.0874371 
-4 -0.599464 
-4 -0.423797 
-4 -0.24238 
-4 -0.371784 
-4 -0.166204 
-4 -0.0135325 
-4 0.0566631 
-4 0.178863 
-4 0.310047 
-4 -0.499691 
-4 -0.912338 
-4 0.904478 
-4 -0.737013 
-4 0.713435 
-4 0.267531 
-4 0.373822 
-4 0.12315 
-4 0.466732 
-4 0.567519 
-4 0.223803 
ZONE T="boundary1"
4 1 
3.81865 1 
0.145576 1 
0.221746 1 
-0.414953 1 
0.508941 1 
0.39434 1 
-1.5336 1 
-1.90073 1 
3.45596 1 
0.741054 1 
-1.38826 1 
-1.46093 1 
-2.23526 1 
1.8391 1 
1.43974 1 
1.58462 1 
-3.06589 1 
-2.90859 1 
-2.43671 1 
-2.7513 1 
-3.55081 1 
3.27461 1 
2.47152 1 
0.0086831 1 
-0.0520405 1 
-0.173929 1 
0.308043 1 
-0.229811 1 
0.0694067 1 
0.858567 1 
0.623541 1 
-0.285692 1 
-0.112985 1 
1.08388 1 
0.971225 1 
-0.511189 1 
-1.65062 1 
-1.76765 1 
1.18937 1 
1.29486 1 
-1.28335 1 
-1.17844 1 
1.71186 1 
2.03728 1 
-0.736233 1 
-0.77917 1 
-4 1 
3.63731 1 
-0.950916 1 
-3.7754 1 
-1.0078 1 
2.23546 1 
2.9911 1 
3.13286 1 
-3.30835 1 
-2.03381 1 
2.70758 1 
-0.350323 1 
-0.607424 1 
-0.693297 1 
-0.822107 1 
-0.865043 1 
-1.06468 1 
2.84934 1 
3.90933 1 
0.45164 1 
-1.4246 1 
1.51218 1 
-2.98724 1 
-2.59401 1 
-0.0216787 1 
0.351192 1 
-0.20187 1 
0.79981 1 
0.264894 1 
0.682297 1 
0.566241 1 
-0.257752 1 
-0.143457 1 
1.02755 1 
-0.463071 1 
-1.49726 1 
-1.70914 1 
1.13663 1 
-1.33581 1 
1.64824 1 
1.77548 1 
1.93819 1 
-0.757702 1 
0.914896 1 
3.54663 1 
-1.2309 1 
2.13637 1 
-3.8877 1 
3.06198 1 
2.35349 1 
3.72798 1 
-3.18712 1 
-3.42958 1 
-3.66311 1 
-1.96727 1 
-1.83419 1 
-2.13453 1 
2.58955 1 
-2.33599 1 
-0.0825127 1 
0.0390449 1 
-0.318008 1 
0.107491 1 
0.183661 1 
-0.559306 1 
-0.382638 1 
-0.65036 1 
-0.843575 1 
-1.03624 1 
-0.979356 1 
-1.12156 1 
-0.90798 1 
-0.800638 1 
-2.82995 1 
2.92022 1 
3.20374 1 
1.24211 1 
1.3673 1 
2.77846 1 
-1.59211 1 
3.36529 1 
-0.714765 1 
ZONE T="boundary2"
4 -0.419916 
4 -0.517467 
4 -0.0343997 
4 0.0465288 
4 0.127457 
4 0.16886 
4 0.210262 
4 1 
4 -0.615019 
4 -0.193872 
4 -1 
4 0.268461 
4 -0.245281 
4 0.436769 
4 0.381714 
4 -0.358303 
4 -0.29669 
4 0.577577 
4 0.718385 
4 -0.711264 
4 -0.807509 
4 -0.114136 
4 0.326659 
4 -0.468692 
4 0.00606455 
4 0.148159 
4 0.189561 
4 -0.219576 
4 0.409242 
4 -0.270985 
4 -0.389109 
4 0.507173 
4 0.647981 
4 -0.566243 
4 -0.663141 
4 -0.759387 
4 -0.154004 
4 -0.903755 
4 0.29756 
4 0.239362 
4 0.354187 
4 -0.0742677 
4 -0.327496 
4 0.859192 
4 0.086993 
ZONE T="boundary3"
-3.77345 -1 
-3.5469 -1 
-1.81948 -1 
-1.66561 -1 
-1.24116 -1 
-1.16234 -1 
-1.42596 -1 
0.123752 -1 
0.181016 -1 
3.44121 -1 
3.06856 -1 
-0.555124 -1 
0.941722 -1 
-0.683146 -1 
-0.925877 -1 
-1.0047 -1 
0.772255 -1 
1.8038 -1 
0.45749 -1 
0.571906 -1 
-3.39609 -1 
3.72061 -1 
4 -1 
-2.72634 -1 
-2.24096 -1 
-2.50857 -1 
2.01724 -1 
2.50345 -1 
2.34138 -1 
-0.0727615 -1 
-0.26669 -1 
-0.340883 -1 
-0.448003 -1 
-0.192497 -1 
0.389986 -1 
-0.132629 -1 
0.322482 -1 
0.686321 -1 
0.251749 -1 
-0.00313686 -1 
0.0664878 -1 
-0.804512 -1 
1.24134 -1 
-1.08352 -1 
0.858189 -1 
1.02526 -1 
-4 -1 
1.48231 -1 
-1.33356 -1 
1.36182 -1 
1.1333 -1 
-2.94411 -1 
1.64305 -1 
1.56268 -1 
-3.24528 -1 
2.66552 -1 
2.86704 -1 
-1.97336 -1 
-3.66017 -1 
-1.74255 -1 
-1.20175 -1 
-1.54578 -1 
0.152384 -1 
3.25489 -1 
-0.965287 -1 
0.514698 -1 
3.8603 -1 
-2.37477 -1 
2.17931 -1 
-0.303787 -1 
-0.394443 -1 
-0.102696 -1 
-0.501564 -1 
-0.619135 -1 
0.423738 -1 
0.629114 -1 
0.356234 -1 
-0.162563 -1 
-0.229594 -1 
-0.865195 -1 
0.815222 -1 
0.729288 -1 
0.983489 -1 
-0.743829 -1 
3.58091 -1 
-3.88672 -1 
-1.12293 -1 
-1.28736 -1 
1.42206 -1 
1.30158 -1 
1.18732 -1 
-2.83522 -1 
-1.37976 -1 
1.60287 -1 
-3.32068 -1 
-3.47149 -1 
1.52249 -1 
1.72343 -1 
-3.09469 -1 
1.91052 -1 
2.76628 -1 
2.9678 -1 
-2.61745 -1 
-2.10716 -1 
-1.89642 -1 
2.58449 -1 
2.42242 -1 
0.0951198 -1 
0.0316755 -1 
0.216382 -1 
0.287115 -1 
-0.0379492 -1 
1.07928 -1 
0.899956 -1 
-1.04411 -1 
ZONE T="boundary4"
-0.640121 0.0333526 
-0.382142 0.369347 
-0.638596 0.0100927 
0.547648 0.253602 
0.558664 0.241663 
0.61247 0.163002 
-0.425749 0.357402 
-0.40423 0.363964 
-0.565626 0.262634 
-0.289597 0.380902 
-0.265147 0.381907 
-0.446814 0.349525 
-0.57755 0.247084 
-0.631453 0.126989 
0.378039 0.353233 
0.402458 0.345123 
-0.638856 0.0802581 
-0.635946 0.103703 
0.605006 0.176928 
0.642982 0.0137189 
-0.625353 0.149963 
-0.608368 0.194347 
-0.617644 0.172474 
-0.598988 0.212905 
-0.58856 0.230695 
0.643806 0.0289079 
0.438255 0.330428 
0.449872 0.324827 
-0.215346 0.382513 
-0.190047 0.382382 
-0.552955 0.2771 
-0.538442 0.291542 
0.630516 0.119467 
-0.505982 0.317565 
-0.522996 0.304876 
-0.487015 0.329651 
-0.46724 0.340303 
0.643769 0.044189 
0.638411 0.0896657 
0.634867 0.104714 
-0.313197 0.379287 
-0.336692 0.376887 
0.511396 0.286222 
0.52435 0.275622 
-0.359691 0.373606 
-0.240661 0.382395 
0.000429397 0.381832 
-0.0282382 0.38155 
-0.137775 0.381813 
-0.163885 0.382112 
0.352723 0.360252 
-0.640229 0.0567704 
0.641063 0.0746276 
0.641305 -0.00150201 
0.326151 0.36629 
0.497941 0.296181 
0.484138 0.305426 
0.536252 0.264887 
0.0585594 0.382585 
0.0880509 0.382887 
0.118444 0.382991 
0.210422 0.380586 
0.17963 0.382 
0.270347 0.375281 
0.240403 0.378409 
0.298312 0.371343 
0.569202 0.229212 
0.61928 0.14868 
0.625275 0.13424 
0.59699 0.190385 
0.588437 0.203444 
0.579061 0.21655 
0.642858 0.0594102 
0.469951 0.314024 
0.426472 0.335671 
-0.11076 0.381556 
-0.0838174 0.38141 
-0.055986 0.381405 
0.0290187 0.382196 
0.14883 0.382748 
0.553222 0.247693 
-0.41504 0.360842 
-0.277375 0.381479 
-0.639533 0.0217118 
-0.571713 0.254955 
0.3903 0.349337 
-0.637595 0.0920052 
0.608819 0.170009 
-0.628603 0.138529 
-0.633898 0.115384 
-0.613201 0.183493 
-0.593912 0.221881 
0.6435 0.0213074 
-0.621698 0.161287 
-0.58318 0.238974 
0.444084 0.327673 
-0.202695 0.38247 
-0.545827 0.28445 
-0.514604 0.311374 
-0.477224 0.335154 
-0.496612 0.323784 
0.636745 0.0972148 
-0.324956 0.378195 
0.517938 0.281002 
-0.301403 0.380183 
-0.370943 0.371613 
-0.228003 0.382494 
-0.0139035 0.381677 
-0.150829 0.38196 
0.365422 0.356896 
-0.640356 0.0450614 
-0.252905 0.382206 
-0.639731 0.0685257 
0.639844 0.0821652 
-0.34821 0.37537 
0.642248 0.00609675 
-0.530837 0.298345 
0.632792 0.11212 
0.339471 0.363422 
0.491093 0.300883 
0.542015 0.25931 
0.504728 0.291283 
0.0733048 0.382753 
0.103247 0.382973 
0.195029 0.381386 
0.312257 0.368963 
0.563998 0.235493 
0.62237 0.141498 
0.592781 0.196959 
0.530364 0.270325 
0.601071 0.183701 
0.615964 0.155883 
0.643423 0.0518059 
0.64207 0.0670315 
0.574195 0.222931 
0.627995 0.126888 
0.45999 0.319571 
0.583816 0.210045 
0.643896 0.0365484 
0.414531 0.340567 
-0.176965 0.382257 
-0.0972876 0.381467 
0.432384 0.333093 
-0.124266 0.381673 
-0.0699006 0.381388 
0.0147246 0.382008 
0.0437895 0.382395 
0.225419 0.379606 
0.255387 0.376973 
0.164231 0.382447 
0.284347 0.373442 
-0.0421106 0.38146 
0.133637 0.382921 
-0.559409 0.269971 
-0.603823 0.203699 
-0.457107 0.345088 
-0.436346 0.353632 
-0.393224 0.366805 
0.477092 0.309804 
ZONE T="boundary5"
-0.592809 -0.145722 
-0.602825 -0.124286 
-0.58174 -0.166841 
0.601878 -0.119245 
-0.556395 -0.20847 
-0.542386 -0.228711 
-0.635717 -0.0129731 
-0.638596 0.0100927 
-0.631539 -0.035801 
-0.611733 -0.102582 
-0.626124 -0.0583356 
-0.619507 -0.0806045 
-0.569619 -0.187711 
-0.458484 -0.323335 
-0.477309 -0.305384 
-0.239981 -0.458312 
-0.26226 -0.449041 
-0.168578 -0.482881 
-0.217427 -0.466894 
-0.305804 -0.428474 
-0.284196 -0.439101 
-0.0320247 -0.510449 
-0.115644 -0.496452 
-0.193129 -0.475278 
-0.142221 -0.490109 
-0.49514 -0.286867 
-0.527447 -0.248687 
-0.511736 -0.268072 
0.586447 -0.148334 
0.570143 -0.177046 
-0.350346 -0.403712 
-0.37302 -0.389471 
-0.416948 -0.358227 
-0.438085 -0.341206 
-0.328291 -0.416477 
0.615411 -0.0904288 
0.626783 -0.0612366 
0.460762 -0.345262 
0.0538286 -0.515527 
0.0250728 -0.514892 
-0.00366769 -0.513178 
0.0829373 -0.515032 
0.111947 -0.51335 
0.256453 -0.484256 
0.227822 -0.493162 
0.141186 -0.510386 
0.170168 -0.506105 
0.198999 -0.500412 
0.284782 -0.473581 
0.312616 -0.461061 
0.339796 -0.446623 
0.366232 -0.430176 
0.391766 -0.411683 
0.439091 -0.369128 
0.471172 -0.332649 
0.490982 -0.306381 
0.500414 -0.292771 
0.518662 -0.264395 
0.536019 -0.235419 
0.415997 -0.391382 
0.553139 -0.206208 
0.631514 -0.0464674 
0.638808 -0.0166289 
0.635532 -0.0316109 
0.641305 -0.00150201 
-0.395135 -0.374386 
-0.0602882 -0.506715 
-0.0880468 -0.50206 
-0.597942 -0.135062 
-0.549484 -0.218655 
-0.637323 -0.0014605 
-0.633787 -0.0244157 
-0.622961 -0.0695127 
-0.615758 -0.091642 
-0.467991 -0.314458 
-0.251156 -0.453763 
-0.228736 -0.462689 
-0.295042 -0.433874 
-0.273267 -0.444157 
-0.180884 -0.479177 
-0.15543 -0.486605 
-0.486325 -0.296222 
-0.519691 -0.25846 
-0.535009 -0.238769 
0.578364 -0.162727 
-0.36175 -0.396698 
-0.427604 -0.349824 
-0.448379 -0.332378 
-0.607411 -0.113488 
-0.317099 -0.422572 
-0.205312 -0.471184 
0.621376 -0.0759412 
0.0106952 -0.514168 
0.0683861 -0.515425 
-0.0178579 -0.51194 
0.242201 -0.488913 
-0.563111 -0.198156 
0.18462 -0.503438 
0.126584 -0.512031 
-0.57579 -0.17734 
0.298799 -0.467544 
0.353156 -0.43863 
0.379162 -0.421156 
0.450118 -0.357371 
0.466015 -0.338996 
0.49574 -0.299606 
0.527413 -0.24995 
-0.503539 -0.277558 
0.544587 -0.220816 
0.481261 -0.319655 
0.62923 -0.0538782 
0.594304 -0.133863 
0.637265 -0.0241407 
0.633611 -0.039063 
0.640157 -0.00908214 
0.608854 -0.104935 
-0.339375 -0.410191 
-0.587393 -0.156343 
-0.628984 -0.0471043 
-0.38415 -0.382034 
-0.0461725 -0.508706 
-0.0741872 -0.504507 
0.0974515 -0.514343 
-0.406122 -0.366415 
-0.128958 -0.493391 
0.0394483 -0.515347 
0.155703 -0.508415 
0.213459 -0.496979 
0.326326 -0.45407 
-0.101869 -0.499374 
0.404058 -0.401746 
0.270698 -0.479133 
0.427733 -0.380454 
0.561659 -0.191635 
0.509686 -0.278679 
