ZONE T="boundary0"
-4 -1 
-4 -0.345805 
-4 0.170764 
-4 0.272364 
-4 0.506082 
-4 0.416714 
-4 0.323772 
-4 0.10501 
-4 0.0392548 
-4 -0.182284 
-4 0.220955 
-4 0.579662 
-4 -0.617265 
-4 0.826621 
-4 -0.282861 
-4 -0.40875 
-4 -0.513007 
-4 -0.0161298 
-4 -0.232572 
-4 -0.0715144 
-4 0.653242 
-4 1 
-4 -0.808632 
-4 -0.126899 
-4 0.0721322 
-4 0.246659 
-4 0.542872 
-4 0.195859 
-4 0.298068 
-4 0.370243 
-4 0.461398 
-4 0.137887 
-4 -0.377277 
-4 -0.314333 
-4 -0.460878 
-4 -0.565136 
-4 0.616452 
-4 0.739932 
-4 -0.904316 
-4 -0.712949 
-4 0.913311 
-4 -0.207428 
-4 -0.257717 
-4 -0.0992068 
-4 0.0115625 
-4 -0.0438221 
-4 -0.154591 
ZONE T="boundary1"
1.46992 1 
1.60531 1 
1.78565 1 
1.32299 1 
4 1 
3.65656 1 
-0.0449343 1 
0.025856 1 
-1.16502 1 
0.944413 1 
0.426557 1 
-1.26556 1 
-3.36081 1 
-3.54487 1 
-2.00534 1 
-1.81494 1 
3.48485 1 
3.31313 1 
2.90357 1 
2.67156 1 
-2.43587 1 
-2.2206 1 
-3.77243 1 
-2.99153 1 
-3.08414 1 
-2.80631 1 
2.43955 1 
3.10835 1 
2.20277 1 
1.96599 1 
-0.540025 1 
0.167969 1 
-0.116415 1 
0.239292 1 
0.0966463 1 
-0.187896 1 
0.332924 1 
0.53181 1 
0.838365 1 
0.637063 1 
0.737714 1 
1.06024 1 
1.17606 1 
-0.746764 1 
-0.643394 1 
-1.06133 1 
-0.957645 1 
-4 1 
-0.852205 1 
-1.3661 1 
-1.49532 1 
-1.62454 1 
-0.258917 1 
-0.329938 1 
-0.38246 1 
-0.434981 1 
-3.17675 1 
1.53761 1 
1.69548 1 
3.82828 1 
-0.00953914 1 
-1.21529 1 
-3.45284 1 
-1.91014 1 
3.39899 1 
2.78756 1 
-2.11297 1 
-3.03783 1 
3.21074 1 
2.08438 1 
-0.0806746 1 
0.0612513 1 
-0.152155 1 
0.379741 1 
0.132308 1 
0.891389 1 
0.687388 1 
0.479183 1 
1.00232 1 
1.11815 1 
-0.695079 1 
-3.65865 1 
-1.00949 1 
-3.88622 1 
1.39645 1 
1.24952 1 
0.584436 1 
-1.31583 1 
-1.43071 1 
-1.71974 1 
-2.32823 1 
2.55556 1 
2.32116 1 
3.00596 1 
-2.62109 1 
-2.89892 1 
3.5707 1 
-0.223406 1 
-0.294428 1 
-0.356199 1 
-0.487503 1 
-0.799485 1 
-0.904925 1 
0.203631 1 
0.286108 1 
-1.55993 1 
0.78804 1 
-1.11318 1 
-3.26878 1 
-3.13045 1 
1.87582 1 
-0.591709 1 
-0.408721 1 
ZONE T="boundary2"
4 -0.693198 
4 -0.369101 
4 -0.330657 
4 0.0454781 
4 -0.292213 
4 0.264447 
4 0.194633 
4 0.106345 
4 0.341461 
4 1 
4 0.51099 
4 -0.189049 
4 -0.598255 
4 -0.503312 
4 0.426225 
4 0.633242 
4 0.755495 
4 -0.0850249 
4 -0.119843 
4 -0.436207 
4 -0.846599 
4 -1 
4 -0.257825 
4 -0.223437 
4 -0.154661 
4 -0.0153888 
4 -0.349879 
4 -0.311435 
4 0.22954 
4 0.150489 
4 0.302954 
4 -0.550784 
4 0.383843 
4 0.468607 
4 0.572116 
4 0.694368 
4 -0.469759 
4 -0.923299 
4 0.877747 
4 -0.769898 
4 -0.275019 
4 -0.171855 
4 -0.102434 
4 -0.0502068 
4 -0.137252 
4 0.0759115 
4 0.0150446 
4 -0.402654 
4 -0.645726 
4 -0.206243 
4 -0.240631 
ZONE T="boundary3"
-3.67466 -1 
-4 -1 
-1.75666 -1 
3.75415 -1 
0.00430459 -1 
-0.1938 -1 
-1.02813 -1 
0.301862 -1 
-0.83951 -1 
-0.552943 -1 
-1.62759 -1 
-1.3829 -1 
-1.26727 -1 
1.24036 -1 
1.35219 -1 
-1.1477 -1 
1.87975 -1 
2.19308 -1 
2.35558 -1 
-3.51199 -1 
-3.34932 -1 
-3.17456 -1 
2.93725 -1 
-2.64533 -1 
-2.9998 -1 
-2.76348 -1 
3.13984 -1 
2.73466 -1 
-1.93577 -1 
-2.32102 -1 
-2.11487 -1 
3.50831 -1 
-0.461046 -1 
-0.129497 -1 
-0.318916 -1 
-0.389981 -1 
-0.0651949 -1 
0.0738041 -1 
0.221619 -1 
-0.256358 -1 
0.68705 -1 
-0.742176 -1 
0.382104 -1 
0.147712 -1 
0.795646 -1 
0.480279 -1 
0.578453 -1 
-0.644841 -1 
-1.49853 -1 
4 -1 
1.12776 -1 
1.46401 -1 
1.72893 -1 
1.59647 -1 
2.54512 -1 
-2.52717 -1 
2.03058 -1 
0.905401 -1 
1.01515 -1 
-3.83733 -1 
-1.32508 -1 
1.29628 -1 
-1.08791 -1 
-3.43065 -1 
-2.88164 -1 
2.83595 -1 
-1.84621 -1 
-2.21795 -1 
3.32407 -1 
-0.506995 -1 
-0.161648 -1 
-0.354448 -1 
0.0390543 -1 
-0.287637 -1 
-0.790843 -1 
0.341983 -1 
0.26174 -1 
0.741348 -1 
0.529366 -1 
0.632751 -1 
-0.693508 -1 
-0.933818 -1 
-1.44071 -1 
-3.59332 -1 
3.63123 -1 
1.4081 -1 
1.53024 -1 
-1.69213 -1 
2.45035 -1 
2.27433 -1 
-2.58625 -1 
-2.4241 -1 
-3.08718 -1 
-3.26194 -1 
2.63989 -1 
-2.70441 -1 
1.95517 -1 
-2.02532 -1 
1.80434 -1 
3.03854 -1 
3.87708 -1 
0.431191 -1 
-0.0304452 -1 
-0.225079 -1 
0.110758 -1 
0.184665 -1 
-0.0973461 -1 
-0.598892 -1 
-0.425513 -1 
0.960278 -1 
0.850523 -1 
1.18406 -1 
1.07146 -1 
-1.20748 -1 
1.6627 -1 
-1.56306 -1 
2.11183 -1 
ZONE T="boundary4"
-0.601515 0.154969 
-0.589773 0.179378 
-0.638243 0.00692874 
-0.636396 0.031371 
0.644746 -0.0318207 
0.614911 0.0688963 
0.62616 0.0445049 
0.643287 -0.0188587 
-0.632799 0.0560027 
-0.627471 0.0807704 
-0.507818 0.301183 
0.308761 0.418461 
0.332824 0.398123 
-0.45395 0.356565 
-0.432587 0.375264 
-0.620445 0.105578 
0.0990198 0.519307 
0.126625 0.512576 
-0.611772 0.130335 
-0.576653 0.203513 
-0.563813 0.224905 
-0.550184 0.245803 
-0.537032 0.264449 
-0.0138412 0.531193 
-0.410443 0.393063 
-0.387589 0.409914 
-0.523187 0.282596 
-0.491724 0.319161 
-0.473223 0.338241 
-0.364037 0.425809 
-0.33984 0.440711 
-0.263679 0.479192 
-0.237222 0.489843 
-0.315026 0.454594 
-0.289621 0.467434 
-0.210321 0.499346 
-0.127354 0.520685 
-0.0991788 0.525294 
-0.155336 0.514798 
-0.182992 0.507679 
0.0145721 0.530407 
0.0428745 0.528193 
-0.0707969 0.528606 
-0.0423717 0.530581 
0.0709994 0.524515 
0.549604 0.16088 
0.52949 0.183632 
0.601389 0.0926228 
0.153955 0.504236 
0.180888 0.494263 
0.445657 0.279542 
0.284213 0.437107 
0.356503 0.376146 
0.509133 0.206314 
0.488004 0.230212 
0.467078 0.254494 
0.568168 0.138761 
0.259146 0.454016 
0.207469 0.482573 
0.233522 0.469189 
0.634958 0.0194924 
0.608387 0.0809003 
0.585695 0.115908 
0.641176 -0.00602068 
0.379363 0.353206 
0.401969 0.329081 
0.424011 0.304466 
-0.595802 0.167249 
-0.637536 0.0191663 
0.620811 0.0568278 
0.644099 -0.0253304 
-0.630338 0.0684302 
0.320919 0.408441 
-0.443367 0.366027 
-0.634808 0.0437176 
-0.624152 0.0932289 
0.11287 0.516135 
-0.606816 0.142724 
-0.616292 0.118021 
-0.570336 0.214271 
-0.557094 0.235417 
-0.583356 0.191523 
-0.543693 0.255186 
-0.399104 0.401607 
-0.530197 0.273589 
-0.499858 0.31025 
-0.463679 0.3475 
-0.352017 0.433386 
-0.421608 0.384279 
-0.250508 0.484659 
-0.302391 0.461149 
-0.223823 0.49474 
-0.327506 0.447783 
-0.113292 0.52315 
-0.169204 0.511392 
0.0287375 0.529481 
-0.056596 0.529762 
-0.0281101 0.53106 
0.0850452 0.522102 
0.0569612 0.526539 
-0.375896 0.417984 
-0.515595 0.291966 
0.539594 0.172297 
-0.196702 0.503662 
-0.482572 0.328796 
0.167495 0.499449 
-0.085007 0.527115 
0.296614 0.427951 
0.344782 0.387263 
0.477509 0.242326 
0.558982 0.149901 
0.456376 0.267026 
-0.141378 0.517899 
0.14035 0.508604 
0.271802 0.445742 
0.220596 0.476078 
0.194266 0.488618 
0.611712 0.0749325 
0.604945 0.0867956 
0.593742 0.1044 
0.519309 0.19497 
0.642313 -0.0124263 
0.638389 0.0068143 
0.246447 0.461794 
-0.276712 0.473451 
0.498531 0.218229 
0.577084 0.127451 
0.000370338 0.530977 
0.368033 0.364775 
0.413047 0.316825 
0.43487 0.292036 
0.390747 0.341219 
0.630863 0.0321055 
ZONE T="boundary5"
0.235484 -0.415082 
0.207748 -0.416735 
0.625187 -0.159482 
-0.184158 -0.375763 
-0.155399 -0.381289 
0.473263 -0.345708 
0.449341 -0.359167 
-0.299307 -0.349881 
-0.638243 0.00692874 
0.639999 -0.109201 
0.633653 -0.134519 
0.645684 -0.0577356 
0.644746 -0.0318207 
-0.611956 -0.131977 
-0.620817 -0.110071 
0.517744 -0.313879 
0.537968 -0.295495 
-0.636629 -0.041108 
-0.212884 -0.369933 
-0.27066 -0.357039 
-0.0144394 -0.404063 
-0.0704502 -0.395928 
-0.0985461 -0.391369 
-0.126988 -0.386465 
-0.241805 -0.363699 
-0.0423073 -0.400186 
0.60259 -0.20816 
-0.502952 -0.26265 
-0.601305 -0.153229 
-0.559032 -0.212214 
-0.541747 -0.230072 
-0.57479 -0.193405 
0.644062 -0.0835632 
-0.523031 -0.246917 
-0.355613 -0.333623 
-0.383124 -0.324227 
-0.446745 -0.296918 
-0.458684 -0.290624 
-0.481503 -0.277218 
0.424264 -0.37114 
0.398438 -0.381532 
-0.638324 -0.0172479 
0.614774 -0.184052 
0.372204 -0.390355 
0.345317 -0.397814 
-0.434631 -0.302869 
0.180005 -0.417499 
0.0134854 -0.407566 
0.041215 -0.410618 
0.290704 -0.408766 
0.263139 -0.412456 
0.0967226 -0.415233 
0.124493 -0.416676 
0.0690187 -0.413198 
0.152229 -0.417453 
0.318116 -0.403919 
0.547477 -0.285727 
0.49625 -0.330525 
-0.633152 -0.0645656 
-0.62788 -0.0875837 
0.556571 -0.275582 
0.573476 -0.254254 
0.588801 -0.231651 
-0.327811 -0.342075 
-0.588908 -0.173716 
-0.49235 -0.270115 
-0.409376 -0.314054 
0.221623 -0.416025 
-0.169785 -0.378562 
0.461418 -0.352644 
0.637096 -0.121928 
0.645541 -0.0447664 
-0.616606 -0.121113 
0.528041 -0.304891 
-0.198529 -0.372888 
-0.285002 -0.353531 
-0.0845039 -0.393684 
-0.1412 -0.38391 
-0.227355 -0.366863 
-0.550546 -0.221294 
-0.567084 -0.202954 
-0.369413 -0.329054 
-0.452737 -0.293816 
-0.470199 -0.284102 
0.4369 -0.365358 
0.41143 -0.376532 
-0.638505 -0.00515876 
0.620197 -0.171859 
0.358809 -0.394259 
0.0273441 -0.409148 
-0.0283794 -0.402169 
0.27694 -0.410749 
0.110604 -0.416033 
0.055111 -0.411971 
-0.000483252 -0.405864 
0.166117 -0.417572 
0.193879 -0.417223 
0.304436 -0.406493 
0.385383 -0.386127 
0.331753 -0.401028 
0.542773 -0.29066 
0.484896 -0.338328 
-0.630743 -0.0761265 
0.0828655 -0.414286 
0.552076 -0.280701 
0.565234 -0.265085 
-0.606843 -0.14271 
0.642325 -0.0964289 
0.249324 -0.413896 
0.138359 -0.417151 
-0.256246 -0.360427 
-0.341744 -0.337955 
-0.112773 -0.388951 
-0.0563848 -0.398097 
-0.313584 -0.346067 
0.507157 -0.322408 
0.645186 -0.0706691 
-0.582038 -0.183696 
0.629663 -0.147083 
-0.635117 -0.0528703 
-0.497683 -0.266428 
-0.513126 -0.254955 
-0.624573 -0.0988979 
-0.532532 -0.238653 
-0.595309 -0.163595 
-0.486956 -0.273711 
-0.637702 -0.0291939 
0.581334 -0.243085 
0.595879 -0.220013 
0.608876 -0.196204 
-0.396306 -0.319284 
-0.44071 -0.299935 
-0.422074 -0.308621 
