ZONE T="boundary0"
-4 -0.318083 
-4 -0.381046 
-4 0.176467 
-4 0.213689 
-4 0.753519 
-4 0.630278 
-4 0.507037 
-4 0.875 
-4 -0.574261 
-4 -0.852256 
-4 0.437623 
-4 0.117149 
-4 0.0578318 
-4 0.25091 
-4 0.368208 
-4 0.309559 
-4 0.280235 
-4 -0.0747426 
-4 -0.0084554 
-4 -0.444008 
-4 -0.143426 
-4 -0.212109 
-4 -0.265096 
-4 -0.704513 
-4 0.568658 
-4 -1 
-4 1 
-4 -0.349564 
-4 0.195078 
-4 0.691898 
-4 0.47233 
-4 0.0874905 
-4 0.232299 
-4 0.294897 
-4 -0.041599 
-4 -0.412527 
-4 -0.177767 
-4 -0.109084 
-4 -0.639387 
-4 -0.509134 
-4 -0.778385 
-4 -0.926128 
-4 0.814259 
-4 0.9375 
-4 0.146808 
-4 0.0246882 
-4 0.338884 
-4 0.402916 
-4 0.537848 
-4 0.599468 
-4 -0.291589 
-4 -0.238602 
-4 0.265573 
ZONE T="boundary1"
-3.875 1 
3.61583 1 
3.80792 1 
1.89118 1 
1.70614 1 
1.48977 1 
1.18624 1 
-0.391417 1 
0.41939 1 
0.00206428 1 
-0.0591736 1 
0.724775 1 
0.0633022 1 
3.06174 1 
-2.78326 1 
-2.99233 1 
-1.8305 1 
-1.9907 1 
-2.18447 1 
-2.37825 1 
-3.2014 1 
3.42375 1 
3.23167 1 
2.07622 1 
2.52331 1 
2.29977 1 
-0.172471 1 
-0.596753 1 
-0.227208 1 
-0.281944 1 
0.127871 1 
0.332595 1 
0.262518 1 
0.506184 1 
-0.7135 1 
-0.830248 1 
0.842028 1 
0.956838 1 
0.19244 1 
1.07165 1 
0.61548 1 
1.30083 1 
1.3953 1 
-3.37765 1 
-3.75 1 
-3.5539 1 
-0.946543 1 
-1.06284 1 
-1.29226 1 
-1.38678 1 
-1.48129 1 
-1.17755 1 
-1.5758 1 
-4 1 
-1.67031 1 
2.89181 1 
2.70756 1 
2.18799 1 
4 1 
3.71187 1 
1.79866 1 
1.59796 1 
-0.0285547 1 
0.0326832 1 
-2.88779 1 
-1.9106 1 
-2.28136 1 
3.32771 1 
2.41154 1 
-0.115822 1 
-0.494085 1 
-0.19984 1 
-0.33668 1 
0.0955867 1 
0.297556 1 
0.462787 1 
-0.771874 1 
0.375992 1 
0.783401 1 
0.899433 1 
0.160156 1 
1.01424 1 
0.670127 1 
1.12894 1 
0.560832 1 
1.24354 1 
1.34807 1 
-3.09686 1 
-3.28952 1 
-3.65195 1 
-0.655127 1 
-1.00469 1 
-1.43403 1 
-2.58075 1 
-3.8125 1 
-3.9375 1 
-2.08758 1 
2.97677 1 
2.79969 1 
3.1467 1 
2.61544 1 
2.13211 1 
1.9837 1 
-1.75041 1 
3.51979 1 
2.24388 1 
0.227479 1 
-0.254576 1 
-1.23491 1 
-3.46577 1 
-0.888396 1 
-1.1202 1 
-1.62306 1 
-1.52854 1 
1.44254 1 
-1.33952 1 
3.90396 1 
ZONE T="boundary2"
4 -0.610732 
4 0.12538 
4 0.21398 
4 0.254155 
4 0.29433 
4 0.0620589 
4 -0.0012625 
4 0.606285 
4 -1 
4 0.350281 
4 0.406232 
4 0.506258 
4 0.704714 
4 0.803142 
4 -0.0661823 
4 -0.187804 
4 -0.131102 
4 -0.244506 
4 -0.307082 
4 -0.480977 
4 -0.369659 
4 -0.740488 
4 -0.275794 
4 1 
4 0.274243 
4 0.378257 
4 0.234068 
4 0.16968 
4 0.0303982 
4 0.0937196 
4 0.556272 
4 0.753928 
4 -0.0337224 
4 -0.159453 
4 -0.216155 
4 0.456245 
4 -0.425318 
4 -0.870244 
4 -0.26015 
4 -0.291438 
4 -0.33837 
4 -0.0986423 
4 0.322306 
4 -0.545854 
4 -0.67561 
4 0.655499 
4 0.901571 
ZONE T="boundary3"
-1.6082 -1 
-1.50252 -1 
2.74209 -1 
2.87476 -1 
-1.07235 -1 
-0.964232 -1 
0.262741 -1 
0.181135 -1 
0.33748 -1 
0.412219 -1 
1.11757 -1 
0.79862 -1 
-3.875 -1 
-3.26929 -1 
-3.07786 -1 
-0.441901 -1 
-2.05521 -1 
-1.8675 -1 
1.42823 -1 
1.53496 -1 
-0.74917 -1 
-3.73036 -1 
-3.46072 -1 
2.60943 -1 
3.11903 -1 
-2.61834 -1 
-2.24292 -1 
4 -1 
3.68165 -1 
1.80495 -1 
2.16087 -1 
-2.8481 -1 
-0.263262 -1 
0.690831 -1 
-0.642229 -1 
1.01199 -1 
-0.856111 -1 
-0.0355794 -1 
0.0343533 -1 
-1.23459 -1 
-0.184387 -1 
-0.542065 -1 
-0.397242 -1 
0.551525 -1 
0.906409 -1 
1.21954 -1 
-1.39684 -1 
-1.15347 -1 
-4 -1 
1.3215 -1 
3.3633 -1 
1.66996 -1 
-1.31572 -1 
2.38515 -1 
-0.352582 -1 
0.107744 -1 
-0.105512 -1 
0.621178 -1 
2.80843 -1 
-1.01829 -1 
0.221938 -1 
0.374849 -1 
-3.17358 -1 
-1.96135 -1 
1.4816 -1 
-3.80268 -1 
2.67576 -1 
-2.43063 -1 
3.84082 -1 
1.98291 -1 
-2.73322 -1 
-0.695699 -1 
0.300111 -1 
-0.802641 -1 
-0.000613044 -1 
-0.910172 -1 
-0.592147 -1 
-3.59554 -1 
0.481872 -1 
0.852515 -1 
0.744725 -1 
-1.11291 -1 
-3.9375 -1 
1.06478 -1 
0.959199 -1 
1.16855 -1 
3.52247 -1 
1.37487 -1 
1.73746 -1 
-1.27515 -1 
1.60246 -1 
-2.14906 -1 
-1.73785 -1 
-1.55536 -1 
2.27301 -1 
2.49729 -1 
2.99689 -1 
3.24116 -1 
-0.374912 -1 
-0.307922 -1 
-0.491983 -1 
-0.419572 -1 
0.0710488 -1 
0.14444 -1 
-0.223825 -1 
-0.14495 -1 
-0.0705457 -1 
0.586351 -1 
-1.44968 -1 
-1.19403 -1 
-1.35628 -1 
0.656004 -1 
-3.36501 -1 
-2.96298 -1 
1.27052 -1 
ZONE T="boundary4"
-0.602125 0.150486 
0.64496 0.0784006 
0.640053 0.092186 
-0.371799 0.378367 
-0.354918 0.387101 
-0.620282 0.109269 
0.652775 0.050352 
0.655615 0.0361406 
0.495155 0.299676 
0.471127 0.321311 
-0.52356 0.262743 
-0.568147 0.207052 
0.649227 0.0643955 
-0.641171 0.027549 
-0.638437 0.0444306 
-0.630641 0.0777758 
-0.63492 0.0611889 
-0.61431 0.124227 
0.657689 0.0220157 
-0.625651 0.0940706 
-0.299364 0.411951 
-0.279689 0.419471 
-0.336986 0.395745 
-0.258534 0.426879 
-0.237179 0.433687 
-0.557212 0.222154 
-0.545936 0.236664 
-0.500739 0.286068 
-0.476051 0.308244 
-0.44908 0.329575 
0.374742 0.38726 
0.403638 0.370425 
-0.40428 0.359773 
-0.388427 0.369158 
-0.419853 0.349928 
-0.643103 0.0106543 
-0.644232 -0.00620966 
-0.578532 0.191566 
-0.318822 0.403882 
-0.191113 0.446227 
-0.166396 0.451821 
-0.141529 0.456693 
-0.0886677 0.464635 
-0.115157 0.461058 
-0.588453 0.175467 
-0.0329073 0.469591 
-0.00384217 0.470809 
0.659395 -0.0207616 
0.628284 0.119536 
0.659594 -0.006516 
0.659023 0.00778044 
0.458384 0.3318 
0.431711 0.351828 
0.330158 0.409272 
0.300067 0.421754 
0.360046 0.395015 
0.565512 0.219275 
0.579573 0.200114 
0.535128 0.257285 
0.550941 0.23808 
0.0252435 0.47109 
0.0552519 0.470387 
0.146363 0.461799 
0.115854 0.465794 
0.269649 0.432645 
0.634454 0.105973 
0.591895 0.182315 
0.615306 0.144451 
0.603641 0.164148 
0.516931 0.277668 
-0.214235 0.440287 
0.0852139 0.468657 
-0.0608246 0.467542 
0.177337 0.456518 
0.23903 0.442012 
0.20807 0.449985 
0.642584 0.0853209 
-0.363389 0.382793 
0.654286 0.0432645 
0.4833 0.31067 
0.647177 0.0714234 
-0.639902 0.0360057 
-0.632874 0.0695065 
-0.636774 0.0528299 
0.651087 0.0573955 
-0.608443 0.137462 
0.656744 0.0290916 
-0.628236 0.0859507 
-0.289553 0.415779 
-0.345983 0.391487 
-0.24788 0.430358 
-0.551635 0.229456 
-0.562746 0.214651 
-0.512339 0.27459 
-0.46273 0.319118 
-0.488571 0.297352 
0.389309 0.379047 
-0.534959 0.249884 
-0.396387 0.364522 
-0.412103 0.354908 
-0.623044 0.101697 
-0.380146 0.373823 
-0.643767 0.00222888 
-0.309122 0.407986 
-0.269138 0.423251 
-0.178775 0.449115 
-0.101925 0.462945 
-0.0183796 0.470316 
-0.573411 0.199357 
-0.327932 0.399877 
-0.642236 0.0191129 
-0.583573 0.183565 
-0.595488 0.163086 
0.659404 0.000635963 
0.445196 0.342012 
0.315191 0.415703 
0.367421 0.391188 
-0.617371 0.116778 
0.572607 0.209742 
0.464795 0.326603 
0.543115 0.247749 
0.0402507 0.470866 
0.131127 0.46394 
0.284923 0.427382 
0.637327 0.0991093 
0.621999 0.1321 
0.631436 0.112785 
0.526146 0.267581 
0.65845 0.0149068 
0.597847 0.173283 
0.659591 -0.0136401 
-0.202695 0.443339 
0.609583 0.154364 
0.585798 0.191259 
-0.15398 0.454347 
-0.128359 0.458974 
0.558289 0.228725 
-0.225731 0.43707 
0.0702405 0.469652 
0.100547 0.467365 
-0.0468739 0.468673 
0.0106996 0.471067 
0.161877 0.459313 
0.223594 0.446168 
-0.0747574 0.466196 
0.254393 0.437504 
0.192737 0.453411 
0.506197 0.288825 
0.417811 0.361333 
0.345197 0.402343 
-0.434619 0.339971 
ZONE T="boundary5"
-0.293574 -0.407236 
-0.607981 -0.178361 
-0.61457 -0.164115 
-0.593337 -0.205534 
-0.640905 -0.0723137 
-0.638206 -0.0882923 
-0.634804 -0.104012 
-0.64288 -0.0560744 
-0.559 -0.254953 
-0.549262 -0.266499 
0.637354 -0.117176 
-0.620552 -0.1496 
-0.630726 -0.119436 
-0.625967 -0.134649 
-0.576937 -0.231067 
-0.489035 -0.32193 
-0.473601 -0.332892 
-0.229749 -0.418501 
-0.251562 -0.415263 
-0.273275 -0.411428 
-0.351726 -0.391458 
-0.644105 -0.0396371 
-0.370063 -0.385137 
-0.106375 -0.427606 
-0.132914 -0.426768 
-0.157948 -0.425468 
-0.206381 -0.421351 
-0.182946 -0.423625 
-0.503955 -0.310264 
-0.516435 -0.299584 
-0.528455 -0.288391 
-0.539076 -0.277651 
-0.388154 -0.378167 
-0.457391 -0.34334 
-0.440726 -0.353072 
0.654243 -0.0630069 
0.625021 -0.143106 
0.631506 -0.13021 
-0.332822 -0.397257 
-0.423515 -0.362161 
-0.405996 -0.37051 
-0.313731 -0.402439 
-0.644562 -0.0229994 
-0.644232 -0.00620966 
0.0051835 -0.425993 
-0.0239682 -0.427145 
-0.0518906 -0.427781 
0.0644321 -0.422159 
0.0343005 -0.424358 
0.155933 -0.412102 
0.125262 -0.416076 
0.218015 -0.401886 
0.187039 -0.407373 
0.0945071 -0.419436 
0.249073 -0.395503 
0.340553 -0.370298 
0.310406 -0.379814 
0.455033 -0.318628 
0.50618 -0.283606 
0.527066 -0.266018 
0.562858 -0.230186 
0.545416 -0.248597 
0.481486 -0.301769 
0.65843 -0.0349572 
0.659395 -0.0207616 
0.592347 -0.194322 
0.577987 -0.212627 
0.605699 -0.175414 
0.618002 -0.15572 
0.642595 -0.103888 
0.656708 -0.0490423 
0.647163 -0.090448 
0.651061 -0.0767895 
-0.568188 -0.243175 
0.427537 -0.333822 
-0.079829 -0.427937 
0.39921 -0.34742 
0.279917 -0.388172 
0.370175 -0.359541 
-0.585374 -0.218452 
-0.61135 -0.171272 
-0.639647 -0.0803186 
-0.641987 -0.0642055 
-0.554187 -0.260774 
-0.617639 -0.15689 
-0.636594 -0.0961716 
-0.632852 -0.111747 
-0.623342 -0.142154 
-0.481381 -0.327498 
-0.262432 -0.413423 
-0.28344 -0.409405 
-0.360922 -0.388377 
-0.119646 -0.427253 
-0.145434 -0.426182 
-0.218074 -0.420001 
-0.19467 -0.422557 
-0.510251 -0.304989 
-0.533819 -0.283074 
-0.522505 -0.294051 
-0.37914 -0.381735 
-0.643588 -0.0478628 
-0.465555 -0.338207 
-0.449111 -0.348296 
-0.496563 -0.316184 
0.628333 -0.136694 
-0.342298 -0.394437 
-0.414798 -0.366424 
-0.303671 -0.404916 
-0.644431 -0.031321 
-0.628431 -0.127069 
-0.0379279 -0.427521 
0.0493713 -0.423324 
0.140608 -0.414169 
0.202545 -0.404729 
0.1715 -0.409828 
0.0794758 -0.420864 
0.325527 -0.375208 
0.516761 -0.274976 
0.554253 -0.239502 
0.536362 -0.257435 
0.493988 -0.292899 
0.57052 -0.221491 
0.599149 -0.184956 
0.621576 -0.149448 
0.640053 -0.110563 
0.634504 -0.123726 
0.655567 -0.0560408 
0.649198 -0.0836433 
0.652741 -0.0699187 
0.644961 -0.097196 
0.657663 -0.0420112 
0.659008 -0.0278657 
-0.644496 -0.0146027 
-0.323297 -0.399924 
-0.432169 -0.357707 
-0.240666 -0.416954 
-0.397112 -0.374425 
-0.170452 -0.424617 
0.585276 -0.203561 
0.0197455 -0.425235 
-0.0093897 -0.42663 
0.468397 -0.310414 
0.441398 -0.326431 
-0.0931025 -0.427832 
0.109893 -0.41783 
-0.0658595 -0.427921 
0.413466 -0.340814 
0.295199 -0.384131 
0.264525 -0.391963 
0.233567 -0.398807 
0.384768 -0.353661 
-0.544225 -0.272126 
-0.572617 -0.237161 
-0.589415 -0.212031 
-0.563649 -0.249107 
-0.581214 -0.224797 
0.611998 -0.165659 
-0.600929 -0.192093 
0.355424 -0.365085 
