ZONE T="boundary0"
-4 -1 
-4 -0.441084 
-4 -0.246523 
-4 -0.305164 
-4 0.551745 
-4 0.195116 
-4 -0.613577 
-4 -0.70879 
-4 0.459109 
-4 0.366473 
-4 1 
-4 0.775873 
-4 0.287821 
-4 -0.363805 
-4 -0.195149 
-4 -0.518364 
-4 -0.00376277 
-4 -0.143775 
-4 -0.0737688 
-4 0.0624325 
-4 0.663809 
-4 0.128628 
-4 0.261603 
-4 0.228359 
-4 0.314038 
-4 -0.854395 
-4 0.412791 
-4 0.887936 
-4 -0.334484 
-4 -0.275843 
-4 -0.479724 
-4 -0.402445 
-4 -0.169462 
-4 -0.108772 
-4 0.0293349 
-4 -0.0387658 
-4 0.505427 
-4 -0.661183 
-4 -0.565971 
-4 0.607777 
-4 0.161872 
-4 0.244981 
-4 -0.220836 
-4 0.0955302 
-4 0.340256 
-4 0.719841 
-4 0.300929 
-4 0.274712 
-4 0.211738 
ZONE T="boundary1"
-3.13294 1 
-3.34317 1 
0.325899 1 
0.380644 1 
0.914679 1 
0.769305 1 
-0.28709 1 
0.271154 1 
-1.06219 1 
-1.45749 1 
3.25513 1 
3.11158 1 
-0.607698 1 
-0.72209 1 
0.614892 1 
-1.82503 1 
-1.35149 1 
-0.949336 1 
1.42028 1 
1.29217 1 
2.33679 1 
2.16155 1 
-4 1 
1.04391 1 
3.62756 1 
-3.55339 1 
-3.75 1 
-1.62624 1 
-2.64949 1 
0.0984253 1 
0.0529406 1 
-0.225122 1 
0.00745592 1 
0.14391 1 
0.207532 1 
0.497768 1 
-0.419132 1 
-0.353111 1 
-0.163153 1 
-0.100591 1 
-0.513415 1 
-0.836482 1 
0.979294 1 
-1.15384 1 
-1.24549 1 
1.16804 1 
4 1 
3.81378 1 
-1.54186 1 
-2.02382 1 
1.54839 1 
2.68095 1 
2.50887 1 
1.76735 1 
-2.33666 1 
-2.89122 1 
1.9863 1 
-0.0380288 1 
2.96804 1 
2.82449 1 
-3.23805 1 
0.353272 1 
3.18336 1 
-0.664894 1 
1.35623 1 
3.44135 1 
-3.6517 1 
0.075683 1 
0.175721 1 
0.55633 1 
-0.386121 1 
-0.131872 1 
0.439206 1 
0.692098 1 
-0.3201 1 
-0.466273 1 
-0.560557 1 
-0.779286 1 
-1.00576 1 
-0.256106 1 
-0.194137 1 
0.946986 1 
-1.19966 1 
-0.892909 1 
1.0116 1 
1.10597 1 
3.90689 1 
0.841992 1 
-1.40449 1 
-1.29849 1 
-1.72564 1 
-1.92443 1 
1.48433 1 
2.59491 1 
-3.875 1 
-3.44828 1 
-2.77035 1 
1.65787 1 
-2.18024 1 
3.72067 1 
1.87683 1 
-2.49308 1 
-0.0693099 1 
0.121168 1 
0.298526 1 
0.239343 1 
-0.0152864 1 
0.0301983 1 
-1.10801 1 
-1.58405 1 
-1.49967 1 
2.24917 1 
2.07393 1 
1.23011 1 
2.89627 1 
2.75272 1 
2.42283 1 
-3.01208 1 
3.03981 1 
ZONE T="boundary2"
4 -0.246575 
4 -0.302851 
4 -0.359128 
4 -0.44589 
4 0.752146 
4 0.0789079 
4 0.232197 
4 -0.853088 
4 -0.706177 
4 -1 
4 -0.204839 
4 -0.0796317 
4 -0.163103 
4 -0.532652 
4 0.357366 
4 0.294781 
4 0.155552 
4 0.504293 
4 0.430829 
4 -0.000361918 
4 0.62822 
4 1 
4 -0.274713 
4 -0.402509 
4 -0.779633 
4 -0.926544 
4 -0.225707 
4 -0.183971 
4 -0.489271 
4 -0.330989 
4 -0.619415 
4 0.326074 
4 0.11723 
4 0.467561 
4 0.039273 
4 0.566256 
4 0.690183 
4 0.876073 
4 0.394098 
4 0.193874 
4 0.263489 
4 -0.121368 
4 -0.0399968 
ZONE T="boundary3"
-4 -1 
-3.75895 -1 
-0.767087 -1 
-0.66251 -1 
-0.871664 -1 
0.236756 -1 
0.98454 -1 
1.09688 -1 
2.57909 -1 
-0.583877 -1 
-0.505243 -1 
0.447386 -1 
0.53894 -1 
-0.0520771 -1 
-0.31823 -1 
-0.255892 -1 
0.130727 -1 
0.068647 -1 
-1.40445 -1 
-1.28129 -1 
-3.51791 -1 
-0.968654 -1 
4 -1 
2.36374 -1 
2.15887 -1 
-2.99996 -1 
-1.74809 -1 
2.99113 -1 
3.18783 -1 
-2.43195 -1 
-2.20026 -1 
-1.96857 -1 
-0.442906 -1 
0.355831 -1 
0.00656697 -1 
-0.110721 -1 
-0.183307 -1 
0.650504 -1 
0.762069 -1 
-1.17347 -1 
-1.06564 -1 
-1.52761 -1 
0.873305 -1 
1.44229 -1 
1.65782 -1 
1.20921 -1 
3.79696 -1 
3.39087 -1 
-3.20069 -1 
1.32575 -1 
3.59391 -1 
-2.79923 -1 
1.80591 -1 
1.95401 -1 
-2.61559 -1 
2.79443 -1 
-0.380568 -1 
-3.87948 -1 
-0.714798 -1 
-0.819376 -1 
1.04071 -1 
-0.54456 -1 
0.493163 -1 
-0.287061 -1 
0.099687 -1 
-1.34287 -1 
-3.63843 -1 
-0.920159 -1 
2.26131 -1 
3.08948 -1 
-2.08441 -1 
-2.31611 -1 
-0.474074 -1 
0.296294 -1 
-0.022755 -1 
-0.0813991 -1 
-0.147014 -1 
-0.219599 -1 
0.183741 -1 
0.594722 -1 
0.706286 -1 
-0.623193 -1 
-1.11956 -1 
-1.01715 -1 
-1.22738 -1 
-1.85833 -1 
-1.63785 -1 
1.55005 -1 
1.15305 -1 
3.28935 -1 
3.89848 -1 
3.49239 -1 
-2.8996 -1 
-3.3593 -1 
1.26748 -1 
1.38402 -1 
1.87996 -1 
-2.52377 -1 
2.47141 -1 
2.68676 -1 
3.69543 -1 
2.89278 -1 
-2.70741 -1 
-3.10033 -1 
-0.411737 -1 
-0.349399 -1 
0.037607 -1 
0.401609 -1 
0.817687 -1 
0.928922 -1 
-1.46603 -1 
1.73186 -1 
2.05644 -1 
ZONE T="boundary4"
0.648327 -0.0275574 
-0.312764 0.43002 
-0.273618 0.447961 
-0.293324 0.439281 
-0.207433 0.472348 
-0.18389 0.479384 
-0.636587 0.0311401 
-0.60467 0.136019 
-0.617832 0.103103 
-0.365818 0.400877 
-0.34875 0.41091 
0.642154 0.0221076 
-0.252307 0.45659 
-0.230742 0.464559 
-0.63917 0.0129517 
-0.640873 -0.00518461 
-0.62883 0.0674423 
-0.633131 0.0493395 
-0.623711 0.0854062 
-0.575134 0.192584 
-0.562673 0.21243 
-0.415279 0.367774 
-0.590562 0.165151 
-0.549466 0.231794 
-0.53553 0.250697 
-0.520868 0.269049 
-0.462094 0.329785 
-0.446892 0.342946 
-0.476851 0.316134 
-0.382588 0.390358 
-0.330895 0.420724 
-0.431282 0.355607 
-0.13305 0.491866 
-0.15857 0.486054 
-0.105824 0.497087 
-0.399103 0.37931 
0.568838 0.175513 
0.581333 0.156566 
0.554827 0.196038 
0.33448 0.427482 
0.308283 0.442413 
0.281079 0.455871 
0.508512 0.261514 
0.47133 0.308689 
0.40636 0.37475 
0.428807 0.354134 
0.450461 0.332086 
0.359163 0.411452 
0.383162 0.393849 
-0.0495479 0.504751 
0.0704316 0.50701 
0.0398151 0.508304 
0.193711 0.487178 
0.223663 0.478301 
0.524685 0.23908 
0.540589 0.216499 
0.605108 0.117006 
0.59334 0.137364 
0.616479 0.0949914 
0.644551 0.00980467 
0.64639 -0.00260527 
0.635655 0.0467211 
0.627056 0.0709797 
-0.0784488 0.501337 
-0.0205663 0.507071 
-0.499674 0.293057 
0.00962891 0.508303 
0.252857 0.467844 
0.490206 0.285615 
0.101339 0.504324 
0.132363 0.500157 
0.163309 0.494437 
-0.283502 0.443694 
-0.195689 0.47596 
-0.611566 0.119685 
-0.35732 0.405955 
-0.241555 0.460657 
-0.637986 0.0220604 
-0.631082 0.0584144 
-0.634964 0.0402591 
-0.640131 0.003893 
-0.626369 0.0764517 
-0.569001 0.202568 
-0.597853 0.150698 
-0.556158 0.222172 
-0.528292 0.259947 
-0.542586 0.24131 
-0.454547 0.336427 
-0.339858 0.415882 
-0.374241 0.395678 
-0.46953 0.323021 
-0.439137 0.349338 
-0.321863 0.425437 
-0.262996 0.452358 
-0.145834 0.489067 
-0.119459 0.494597 
-0.407234 0.373603 
-0.303078 0.434723 
0.575134 0.166068 
0.561866 0.185794 
0.321488 0.435141 
0.294777 0.449342 
0.417718 0.364593 
-0.620865 0.0942853 
0.43977 0.343247 
0.371285 0.402822 
0.0551319 0.507823 
-0.390886 0.384895 
0.208748 0.482945 
0.547725 0.206277 
0.599328 0.127244 
0.610944 0.106075 
0.645541 0.00361064 
0.639169 0.0344856 
0.643421 0.0159698 
-0.423328 0.361753 
-0.171258 0.482826 
0.631594 0.0589356 
0.532657 0.2278 
-0.219119 0.468548 
-0.092154 0.499333 
-0.0350668 0.506049 
0.587407 0.147008 
-0.510443 0.281204 
0.346933 0.419645 
0.461029 0.320509 
-0.00547328 0.507839 
0.0247236 0.50846 
0.516647 0.25033 
-0.0640131 0.50318 
-0.488425 0.304754 
0.267053 0.462062 
0.48088 0.297245 
0.0859021 0.505843 
0.116877 0.502427 
0.499457 0.273638 
0.178558 0.491007 
0.147873 0.497493 
0.647651 -0.0150567 
0.238333 0.473279 
0.621976 0.0830777 
0.39489 0.384461 
-0.583047 0.178978 
ZONE T="boundary5"
-0.217231 -0.383638 
0.648327 -0.0275574 
-0.239296 -0.381733 
-0.576359 -0.231237 
-0.566313 -0.244102 
-0.282022 -0.377099 
-0.636217 -0.0933004 
-0.340156 -0.367776 
-0.357916 -0.363961 
-0.632712 -0.110146 
-0.638878 -0.0761609 
-0.628365 -0.126709 
-0.585852 -0.217776 
-0.594697 -0.203825 
-0.623175 -0.142989 
-0.640687 -0.0587364 
-0.617184 -0.158873 
-0.30265 -0.374267 
-0.26134 -0.379522 
-0.321452 -0.371253 
-0.392346 -0.354867 
-0.375524 -0.359615 
-0.144207 -0.388552 
-0.169624 -0.387018 
-0.19342 -0.38543 
-0.495542 -0.307752 
-0.520971 -0.289174 
-0.533011 -0.278923 
-0.508489 -0.298767 
0.647913 -0.0524259 
-0.555688 -0.256401 
-0.544638 -0.267954 
-0.442063 -0.336678 
-0.425203 -0.343627 
0.540722 -0.269167 
-0.458563 -0.328967 
-0.475356 -0.32007 
0.531172 -0.278245 
-0.610415 -0.174334 
-0.641692 -0.0232203 
-0.640873 -0.00518461 
-0.118839 -0.389968 
0.0210599 -0.396403 
-0.00818519 -0.395283 
-0.0917778 -0.391388 
-0.0364547 -0.394058 
-0.0647861 -0.39273 
0.140961 -0.397997 
0.110257 -0.398227 
0.0502882 -0.397316 
0.0802748 -0.397963 
0.171663 -0.397143 
0.26401 -0.3895 
0.233732 -0.392988 
0.32261 -0.379292 
0.294189 -0.384867 
-0.40896 -0.349535 
0.377868 -0.364423 
0.350833 -0.372424 
0.403773 -0.355257 
0.521289 -0.286958 
0.477808 -0.318646 
0.453953 -0.332419 
0.429151 -0.344634 
0.500718 -0.303164 
0.558231 -0.250621 
0.573887 -0.231703 
0.588044 -0.212431 
0.624046 -0.148472 
0.633152 -0.1251 
0.61324 -0.170982 
0.601089 -0.192397 
0.640236 -0.101273 
-0.602917 -0.189307 
-0.641627 -0.0410891 
0.64519 -0.0770191 
0.202703 -0.395518 
-0.228265 -0.382719 
-0.571415 -0.23773 
-0.34905 -0.365932 
-0.637656 -0.0847481 
-0.630645 -0.118456 
-0.590361 -0.210855 
-0.581188 -0.224564 
-0.639892 -0.0674606 
-0.620283 -0.15097 
-0.31206 -0.372814 
-0.330816 -0.369577 
-0.383956 -0.357312 
-0.156914 -0.387802 
-0.181522 -0.386246 
-0.250321 -0.38067 
-0.271686 -0.378357 
-0.527056 -0.284124 
0.648413 -0.0399943 
-0.550237 -0.262248 
-0.561078 -0.250318 
-0.433673 -0.340246 
-0.366738 -0.361858 
-0.467019 -0.324628 
-0.45036 -0.33292 
-0.641392 -0.0141981 
-0.131522 -0.389272 
0.00643786 -0.395865 
-0.105307 -0.390688 
-0.050619 -0.393405 
0.125608 -0.398183 
0.0652802 -0.397681 
0.248884 -0.391377 
0.308427 -0.382231 
0.3644 -0.368595 
0.441649 -0.338724 
0.416539 -0.350132 
-0.292344 -0.375738 
-0.400679 -0.352278 
0.511151 -0.295248 
0.526271 -0.282648 
0.566202 -0.241282 
0.53599 -0.273751 
0.549639 -0.260047 
-0.538896 -0.273513 
0.581099 -0.222167 
-0.417112 -0.346661 
0.628833 -0.136876 
0.607338 -0.181787 
0.636948 -0.11326 
-0.606762 -0.181868 
-0.51479 -0.294047 
-0.625876 -0.134883 
-0.641267 -0.0499192 
-0.485557 -0.314084 
-0.598899 -0.196618 
-0.64177 -0.0321557 
0.646837 -0.0647517 
0.618847 -0.159824 
-0.205326 -0.384564 
0.0356735 -0.396889 
0.218225 -0.394375 
0.187186 -0.396435 
0.390881 -0.360015 
0.465997 -0.325736 
-0.0782798 -0.392068 
-0.022319 -0.394685 
0.095265 -0.398149 
0.27912 -0.387335 
0.156313 -0.397656 
0.33676 -0.376026 
-0.634572 -0.101746 
-0.613899 -0.166647 
-0.50207 -0.303337 
0.594711 -0.202508 
0.642985 -0.0891993 
0.489404 -0.311114 
