ZONE T="boundary0"
-4 -0.39779 
-4 -0.449804 
-4 -0.274426 
-4 -0.203075 
-4 -0.0760259 
-4 -0.13955 
-4 0.254143 
-4 0.591561 
-4 0.795781 
-4 0.387818 
-4 0.320981 
-4 0.135365 
-4 0.188064 
-4 1 
-4 -0.345777 
-4 0.221103 
-4 0.00331966 
-4 0.0826652 
-4 -0.649351 
-4 -1 
-4 -0.549578 
-4 -0.824676 
-4 0.48969 
-4 -0.423797 
-4 -0.23875 
-4 -0.107788 
-4 0.693671 
-4 0.354399 
-4 -0.171313 
-4 0.89789 
-4 -0.310101 
-4 0.204584 
-4 -0.0363531 
-4 0.109015 
-4 0.161714 
-4 0.0429924 
-4 -0.499691 
-4 -0.737013 
-4 -0.912338 
-4 0.540625 
-4 0.237623 
-4 0.287562 
-4 0.438754 
-4 -0.371784 
-4 -0.599464 
ZONE T="boundary1"
1.4707 1 
3.06205 1 
-1.36852 1 
0.40074 1 
0.309559 1 
-0.713918 1 
-1.75013 1 
-1.57843 1 
0.0945806 1 
0.156479 1 
0.462648 1 
-0.358409 1 
1.08678 1 
-1.92568 1 
3.86826 1 
-4 1 
2.84536 1 
2.62868 1 
2.42162 1 
2.21456 1 
-2.95405 1 
-2.49079 1 
-3.55081 1 
0.638866 1 
0.524557 1 
0.218378 1 
0.263968 1 
0.753175 1 
0.807481 1 
0.696021 1 
-0.0905601 1 
-0.158404 1 
-0.283875 1 
-0.0227159 1 
-0.432943 1 
0.0359324 1 
0.970399 1 
-0.57343 1 
0.861787 1 
0.916093 1 
-0.908894 1 
-0.811406 1 
-1.02345 1 
-1.138 1 
-1.25326 1 
1.20316 1 
-3.7754 1 
2.01137 1 
1.80818 1 
-2.10124 1 
1.33693 1 
1.63944 1 
-3.10847 1 
-2.29601 1 
-2.79963 1 
3.47303 1 
3.26754 1 
-3.32964 1 
-3.44022 1 
4 1 
3.73652 1 
3.60477 1 
0.355149 1 
-1.66428 1 
0.12553 1 
2.73702 1 
2.31809 1 
-1.83791 1 
0.581712 1 
0.431694 1 
0.493603 1 
0.241173 1 
0.780328 1 
0.667443 1 
-0.124482 1 
-0.22114 1 
-0.321142 1 
-0.056638 1 
-0.395676 1 
0.286764 1 
0.00660825 1 
0.187429 1 
-0.643674 1 
-0.503187 1 
0.88894 1 
0.834634 1 
-0.86015 1 
-1.08073 1 
-0.762662 1 
-1.31089 1 
-3.66311 1 
1.02859 1 
-1.47347 1 
1.90978 1 
1.40381 1 
1.55507 1 
-2.19862 1 
-2.64521 1 
-2.01346 1 
2.11296 1 
2.52515 1 
2.95371 1 
3.37029 1 
3.16479 1 
0.0652565 1 
0.724598 1 
0.943246 1 
-3.49551 1 
1.72381 1 
-3.38493 1 
1.14497 1 
-0.966171 1 
-1.19563 1 
-3.03126 1 
-3.21905 1 
-2.87684 1 
1.27005 1 
3.93413 1 
3.80239 1 
3.67064 1 
3.5389 1 
-3.8877 1 
-2.3934 1 
ZONE T="boundary2"
4 -1 
4 -0.369838 
4 -0.472207 
4 0.119525 
4 0.180587 
4 0.211687 
4 0.271394 
4 0.300001 
4 -0.271271 
4 -0.320555 
4 0.0584618 
4 0.625071 
4 0.500095 
4 -0.576569 
4 -0.680931 
4 -0.840465 
4 0.428655 
4 0.750047 
4 -0.243076 
4 -0.214882 
4 -0.158492 
4 -0.104254 
4 -0.0500153 
4 0.328609 
4 0.357216 
4 0.242787 
4 0.392936 
4 0.875 
4 1 
4 -0.421022 
4 0.150056 
4 0.285698 
4 -0.295913 
4 0.562583 
4 -0.524388 
4 -0.760698 
4 -0.345197 
4 0.464375 
4 0.687559 
4 -0.920233 
4 -0.62875 
4 -0.228979 
4 -0.257174 
4 -0.186687 
4 -0.0771346 
4 0.342912 
4 0.257091 
4 0.375076 
4 0.314305 
4 0.410795 
4 0.196137 
4 0.227237 
4 0.0889932 
4 -0.131373 
4 0.00422326 
4 0.812524 
4 0.9375 
ZONE T="boundary3"
-2.02766 -1 
-2.20297 -1 
3.53428 -1 
4 -1 
2.61805 -1 
0.668967 -1 
0.775169 -1 
-1.07146 -1 
-1.19751 -1 
-0.517107 -1 
-0.400643 -1 
-0.0043296 -1 
0.576972 -1 
0.484977 -1 
0.88137 -1 
-0.945402 -1 
-3.54707 -1 
2.07951 -1 
-3.69804 -1 
-2.83393 -1 
-3.05068 -1 
-1.70075 -1 
2.85114 -1 
-1.43459 -1 
-2.37828 -1 
3.30926 -1 
-0.19492 -1 
-0.258047 -1 
-0.0680611 -1 
-0.131793 -1 
-0.329345 -1 
0.123167 -1 
0.188562 -1 
0.369466 -1 
-0.633571 -1 
-0.711529 -1 
-0.867445 -1 
0.0594188 -1 
0.253956 -1 
-1.00843 -1 
-4 -1 
1.12424 -1 
1.00281 -1 
1.24779 -1 
1.48818 -1 
1.60502 -1 
1.37134 -1 
-3.39609 -1 
1.77161 -1 
-1.31605 -1 
-1.56767 -1 
-2.61718 -1 
2.22083 -1 
2.41944 -1 
-3.22338 -1 
3.08423 -1 
-0.575339 -1 
-0.789487 -1 
1.9382 -1 
3.76714 -1 
0.722068 -1 
-1.13448 -1 
-0.458875 -1 
-2.9423 -1 
2.7346 -1 
-0.226484 -1 
-0.0999268 -1 
-0.293696 -1 
-0.163356 -1 
0.155864 -1 
0.427222 -1 
-0.67255 -1 
0.091293 -1 
-0.0361953 -1 
-0.364994 -1 
0.221259 -1 
-0.906423 -1 
-0.976916 -1 
0.311711 -1 
0.530974 -1 
0.62297 -1 
-3.84902 -1 
0.828269 -1 
1.06352 -1 
0.942088 -1 
1.18602 -1 
1.5466 -1 
1.30957 -1 
-3.47158 -1 
3.42177 -1 
-3.62255 -1 
-1.03994 -1 
-1.37532 -1 
-1.25678 -1 
-1.63421 -1 
-1.8642 -1 
-2.72555 -1 
2.32013 -1 
-3.30973 -1 
-2.11532 -1 
-2.29063 -1 
2.51874 -1 
2.96769 -1 
3.19674 -1 
1.68832 -1 
-2.49773 -1 
0.0275446 -1 
-0.546223 -1 
-0.604455 -1 
-0.828466 -1 
-0.750508 -1 
-3.13703 -1 
1.42976 -1 
1.8549 -1 
2.15017 -1 
2.00885 -1 
-1.50113 -1 
ZONE T="boundary4"
0.447059 0.391833 
0.423025 0.404766 
-0.418011 0.292458 
-0.398889 0.304762 
-0.0613953 0.436102 
-0.0868213 0.430189 
0.629754 0.152958 
0.634656 0.137144 
-0.553714 0.165646 
-0.47104 0.252617 
-0.48681 0.238795 
0.581429 0.259716 
0.597696 0.229831 
-0.6228 0.000233236 
-0.184527 0.402027 
-0.160904 0.409628 
-0.606794 0.0663773 
-0.613612 0.044575 
0.618255 0.184298 
-0.598508 0.0878246 
-0.61895 0.0224847 
-0.577754 0.129187 
-0.588806 0.108789 
-0.565453 0.148921 
-0.528562 0.19665 
-0.541237 0.181724 
0.541425 0.314998 
0.552326 0.30199 
-0.515334 0.211022 
-0.275287 0.36783 
-0.625181 -0.0221102 
-0.379395 0.316431 
-0.45479 0.265849 
-0.436646 0.279509 
-0.359407 0.327604 
0.562592 0.288481 
0.572321 0.27434 
-0.318206 0.348523 
-0.29705 0.358325 
-0.339141 0.33822 
-0.207986 0.393967 
-0.136578 0.416925 
-0.112094 0.42373 
-0.0350779 0.441598 
0.0189139 0.450834 
-0.501314 0.225159 
0.645194 0.090051 
0.648383 0.027568 
0.647046 0.0121716 
0.638853 0.12152 
0.648454 0.0586484 
0.64723 0.074304 
0.611771 0.199769 
0.470214 0.377338 
0.398366 0.41613 
0.345473 0.435123 
0.372623 0.426214 
0.529378 0.328027 
0.489829 0.363207 
0.516695 0.34045 
0.503521 0.352156 
0.0754469 0.457434 
0.104423 0.45953 
0.164817 0.460884 
0.195717 0.459881 
0.134596 0.460733 
0.256968 0.454097 
0.287317 0.449145 
0.226593 0.457629 
0.642404 0.105716 
0.648845 0.0430173 
-0.230744 0.385644 
-0.253338 0.37687 
-0.00861429 0.446473 
0.0465726 0.454467 
0.316948 0.4428 
0.435145 0.398491 
-0.408502 0.298691 
-0.0741249 0.433215 
-0.478987 0.245777 
0.589823 0.244916 
-0.172734 0.405885 
-0.610383 0.055532 
-0.602826 0.0771683 
-0.621058 0.0113901 
-0.583439 0.119073 
-0.559687 0.157356 
-0.534977 0.189253 
0.546953 0.308559 
-0.522017 0.203899 
-0.624171 -0.0109196 
-0.389187 0.310672 
-0.462975 0.259308 
-0.427388 0.286069 
0.567539 0.281468 
-0.307655 0.353484 
-0.286194 0.363137 
-0.328705 0.343436 
-0.349308 0.332978 
-0.196276 0.398055 
-0.124354 0.42039 
-0.0482531 0.438927 
-0.369441 0.322089 
-0.593825 0.0983843 
0.576955 0.267078 
0.647825 0.0198599 
-0.0994755 0.427027 
0.647943 0.0664839 
0.604937 0.214896 
0.41078 0.410632 
0.35911 0.430856 
0.535482 0.321588 
0.496739 0.357762 
0.523112 0.334317 
0.480132 0.370425 
0.0899264 0.458594 
0.180271 0.460533 
0.119504 0.460259 
-0.508388 0.218154 
0.272172 0.451802 
0.211166 0.458917 
0.557539 0.295296 
0.646309 0.0821898 
0.643889 0.0978996 
0.615067 0.192057 
0.636832 0.129353 
0.648755 0.0508352 
0.510178 0.346382 
0.640714 0.113637 
0.458759 0.38478 
-0.148759 0.413338 
-0.219385 0.389861 
0.648722 0.0352891 
-0.242063 0.381314 
0.632277 0.145074 
-0.264335 0.372406 
-0.0218612 0.444115 
0.0327305 0.452744 
0.302172 0.44616 
0.331262 0.439151 
0.0609984 0.456057 
0.00513522 0.448742 
0.2418 0.456031 
0.149705 0.460944 
0.385566 0.421356 
-0.547569 0.173758 
-0.49412 0.232039 
-0.616463 0.0335736 
-0.445785 0.272768 
-0.571751 0.139146 
0.624255 0.168719 
ZONE T="boundary5"
-0.563593 -0.262685 
-0.550823 -0.283338 
-0.620614 -0.111322 
-0.623802 -0.0891271 
-0.625648 -0.0668554 
-0.603322 -0.17716 
-0.610345 -0.155342 
0.641753 -0.0179715 
-0.616119 -0.133392 
-0.575154 -0.241735 
-0.488269 -0.360698 
-0.201917 -0.509064 
-0.22715 -0.504402 
-0.318365 -0.47587 
-0.296383 -0.4845 
-0.250725 -0.49882 
-0.274066 -0.492091 
0.441728 -0.24785 
-0.150005 -0.514497 
-0.0967135 -0.514349 
-0.123493 -0.515146 
-0.176551 -0.512411 
-0.0431405 -0.508347 
-0.0698194 -0.512075 
-0.536984 -0.303372 
-0.50574 -0.34206 
-0.469081 -0.379211 
0.596658 -0.114503 
-0.522052 -0.32284 
0.466342 -0.230925 
-0.340572 -0.465931 
0.517159 -0.193806 
0.542647 -0.172704 
-0.362315 -0.454943 
0.620897 -0.0750171 
0.637811 -0.0326568 
0.587072 -0.126943 
0.644833 -0.00302849 
-0.625181 -0.0221102 
0.399265 -0.276338 
0.374505 -0.292683 
0.56582 -0.150751 
0.576711 -0.139101 
-0.595108 -0.198786 
-0.62612 -0.04449 
0.420578 -0.262135 
0.00974448 -0.496572 
-0.0165337 -0.503157 
0.0359709 -0.488544 
0.0617852 -0.479224 
0.0875609 -0.46853 
-0.585729 -0.220272 
0.138164 -0.443698 
0.112943 -0.456685 
0.163702 -0.429423 
0.214911 -0.398073 
0.188935 -0.414364 
-0.427925 -0.413257 
-0.406394 -0.428471 
0.490637 -0.213712 
0.240691 -0.381343 
0.294133 -0.345856 
0.321908 -0.327385 
0.605619 -0.10153 
-0.384672 -0.442255 
0.647046 0.0121716 
0.613607 -0.0885181 
0.633006 -0.0470921 
0.627338 -0.061274 
0.349615 -0.309071 
-0.448943 -0.396751 
0.26747 -0.363623 
-0.557339 -0.273093 
-0.622372 -0.100249 
-0.624894 -0.0780056 
-0.606978 -0.166298 
-0.618525 -0.12239 
-0.214563 -0.506896 
-0.307423 -0.480312 
-0.238971 -0.501753 
-0.285268 -0.488425 
-0.110098 -0.51493 
-0.163292 -0.513633 
-0.0564557 -0.510392 
-0.497119 -0.351487 
-0.478793 -0.370077 
-0.529638 -0.313198 
-0.54403 -0.293442 
-0.329527 -0.471032 
0.530055 -0.183441 
0.63989 -0.0253436 
0.591943 -0.120784 
0.643403 -0.010523 
-0.514015 -0.332551 
0.386893 -0.284519 
0.571329 -0.144986 
-0.599351 -0.188025 
0.454058 -0.239419 
-0.626058 -0.0556767 
-0.189255 -0.510902 
0.431166 -0.25501 
-0.00335323 -0.500036 
0.409933 -0.26925 
0.0229068 -0.492725 
0.0747314 -0.474024 
-0.580564 -0.231064 
0.125611 -0.450308 
-0.569499 -0.252279 
0.150988 -0.436663 
0.201962 -0.40628 
-0.417255 -0.420999 
0.227827 -0.389746 
0.308017 -0.336611 
0.554439 -0.161946 
-0.351508 -0.460565 
-0.373571 -0.448737 
-0.590545 -0.209585 
0.609701 -0.095079 
0.617347 -0.0818195 
0.601225 -0.108077 
0.624216 -0.0681922 
0.335757 -0.318217 
0.630275 -0.0542251 
0.635514 -0.0399103 
0.646051 0.00455508 
-0.395618 -0.435497 
0.581964 -0.133084 
-0.613384 -0.144407 
0.362061 -0.300874 
-0.625828 -0.033293 
-0.262435 -0.495596 
-0.459123 -0.388109 
-0.0298036 -0.505931 
0.100311 -0.462739 
-0.136754 -0.515 
-0.438538 -0.405138 
-0.0832515 -0.513396 
0.0489319 -0.48404 
0.176365 -0.421974 
0.254095 -0.372502 
0.503991 -0.203884 
0.280805 -0.354741 
0.478531 -0.222374 
