ZONE T="boundary0"
-4 -0.26717 
-4 -0.334576 
-4 -0.228453 
-4 -0.0610872 
-4 -0.125412 
-4 0.444288 
-4 0.612228 
-4 0.709171 
-4 -0.189736 
-4 1 
-4 0.321862 
-4 -1 
-4 -0.801092 
-4 0.0949786 
-4 0.146435 
-4 0.259877 
-4 0.197891 
-4 0.0169457 
-4 -0.602184 
-4 -0.502083 
-4 0.528258 
-4 0.806114 
-4 -0.401983 
-4 -0.300873 
-4 -0.247811 
-4 -0.0932494 
-4 0.660699 
-4 -0.157574 
-4 -0.900546 
-4 -0.209095 
-4 0.120707 
-4 0.172163 
-4 0.383075 
-4 0.29087 
-4 -0.0220707 
-4 0.0559622 
-4 -0.552134 
-4 0.570243 
-4 0.757642 
-4 0.903057 
-4 -0.701638 
-4 -0.36828 
-4 -0.452033 
-4 0.228884 
-4 0.486273 
ZONE T="boundary1"
-3.24488 1 
1.70633 1 
1.84015 1 
1.26838 1 
3.7442 1 
3.48841 1 
0.821421 1 
0.36878 1 
4 1 
-0.276282 1 
-3.73514 1 
-4 1 
-0.0683075 1 
1.04343 1 
3.12467 1 
-1.32397 1 
-1.22117 1 
1.46205 1 
1.36522 1 
2.20074 1 
1.97398 1 
-1.56682 1 
2.94854 1 
2.77241 1 
-1.74328 1 
2.4275 1 
-2.35351 1 
-2.6865 1 
-3.01949 1 
-1.91974 1 
-0.136584 1 
-0.204861 1 
0.00158563 1 
0.0714787 1 
-0.347704 1 
-0.512283 1 
-0.429994 1 
-0.607529 1 
0.202354 1 
0.136916 1 
0.255607 1 
0.714129 1 
0.606838 1 
-0.702774 1 
-0.907434 1 
-0.805104 1 
0.308861 1 
0.517768 1 
0.428698 1 
-1.11837 1 
0.932425 1 
-1.44539 1 
-1.0129 1 
1.1559 1 
1.58419 1 
-2.13662 1 
-3.47027 1 
0.876923 1 
1.77324 1 
3.61631 1 
3.8721 1 
-3.86757 1 
3.30654 1 
-1.27257 1 
1.41364 1 
2.08736 1 
2.86048 1 
2.31412 1 
-2.52 1 
-0.170723 1 
-0.240572 1 
-0.102446 1 
-0.0333609 1 
0.0365322 1 
-0.311993 1 
-0.471138 1 
-0.559906 1 
0.104198 1 
0.228981 1 
0.660484 1 
-0.388849 1 
-0.655152 1 
-0.856269 1 
0.33882 1 
0.473233 1 
0.398739 1 
0.562303 1 
0.987927 1 
1.3168 1 
-1.50611 1 
-1.65505 1 
-1.38468 1 
-1.83151 1 
-0.960169 1 
1.52312 1 
-2.02818 1 
-3.13219 1 
2.59995 1 
-3.35758 1 
-3.60271 1 
-2.24506 1 
1.90706 1 
-2.853 1 
0.169635 1 
0.282234 1 
0.849172 1 
0.904674 1 
0.767775 1 
1.09967 1 
1.21214 1 
-0.753939 1 
-1.06564 1 
3.0366 1 
-1.16977 1 
1.64526 1 
ZONE T="boundary2"
4 -0.846799 
4 -0.693597 
4 -0.195413 
4 0.176427 
4 0.242782 
4 -0.0956766 
4 0.321829 
4 0.377585 
4 0.433341 
4 1 
4 -1 
4 -0.16647 
4 -0.0130967 
4 0.0694832 
4 0.122955 
4 0.544853 
4 0.772426 
4 0.658639 
4 -0.253298 
4 -0.354803 
4 -0.427366 
4 -0.560482 
4 -0.224355 
4 -0.318522 
4 -0.282241 
4 -0.770198 
4 0.209605 
4 0.405463 
4 -0.923399 
4 -0.131073 
4 0.0281932 
4 0.149691 
4 0.282305 
4 0.349707 
4 0.489097 
4 0.715533 
4 0.0962192 
4 -0.0543867 
4 -0.493924 
4 0.601746 
4 0.886213 
4 -0.627039 
4 -0.238827 
4 -0.336663 
4 -0.391085 
4 -0.26777 
4 -0.300382 
4 -0.180941 
4 -0.209884 
ZONE T="boundary3"
-1.47584 -1 
3.11828 -1 
-0.0897323 -1 
3.48761 -1 
-0.0250612 -1 
-1.2834 -1 
1.21437 -1 
1.09421 -1 
1.69824 -1 
1.93591 -1 
2.88725 -1 
2.30407 -1 
2.11999 -1 
4 -1 
3.7438 -1 
-3.1097 -1 
-2.88809 -1 
-2.65906 -1 
-2.19319 -1 
-1.95636 -1 
-4 -1 
-3.66566 -1 
-3.33132 -1 
0.637545 -1 
0.338973 -1 
0.434138 -1 
-0.153689 -1 
0.258872 -1 
-0.287989 -1 
-0.217646 -1 
-0.358333 -1 
0.178772 -1 
0.109191 -1 
-0.490227 -1 
-0.935102 -1 
-0.622122 -1 
0.745786 -1 
0.859915 -1 
-0.723872 -1 
0.529303 -1 
0.974045 -1 
-0.825622 -1 
-1.16399 -1 
-1.04458 -1 
-1.37962 -1 
1.58869 -1 
-1.7161 -1 
2.59566 -1 
2.44986 -1 
1.47915 -1 
1.34676 -1 
-2.43003 -1 
0.0396099 -1 
3.30294 -1 
1.15429 -1 
3.00276 -1 
2.02795 -1 
3.8719 -1 
-2.77358 -1 
-2.07478 -1 
-3.83283 -1 
-3.49849 -1 
0.386555 -1 
0.298922 -1 
-0.252818 -1 
-0.323161 -1 
-0.121711 -1 
-0.185668 -1 
0.143982 -1 
-0.0573968 -1 
-0.42428 -1 
-0.556175 -1 
0.80285 -1 
-0.672997 -1 
0.691665 -1 
0.91698 -1 
-0.880362 -1 
-1.33151 -1 
3.6157 -1 
-1.59597 -1 
-2.9989 -1 
2.74145 -1 
2.37697 -1 
2.21203 -1 
2.52276 -1 
1.28056 -1 
1.64347 -1 
1.53392 -1 
1.81707 -1 
-1.83623 -1 
-2.31161 -1 
-2.54455 -1 
-3.22051 -1 
0.00727434 -1 
0.218822 -1 
0.0744005 -1 
-0.774747 -1 
0.481721 -1 
0.583424 -1 
-0.989843 -1 
-1.22369 -1 
-1.10429 -1 
1.41295 -1 
-1.42773 -1 
1.03412 -1 
ZONE T="boundary4"
-0.346696 0.360898 
-0.247536 0.38947 
0.645529 0.102885 
-0.487508 0.289323 
-0.459685 0.307993 
-0.639667 0.0464828 
-0.636849 0.0633115 
0.654285 0.0614951 
0.652053 0.0753564 
-0.642739 0.0125116 
-0.328143 0.367187 
-0.643006 -0.00446789 
-0.592449 0.176633 
-0.570409 0.208567 
-0.633187 0.0799401 
0.601992 0.198633 
0.588338 0.219683 
-0.628718 0.0962371 
-0.623752 0.111381 
-0.612343 0.139476 
-0.523915 0.259454 
-0.512401 0.269685 
-0.618074 0.126267 
-0.606057 0.152435 
-0.558502 0.223319 
0.649115 0.0892159 
-0.546495 0.236881 
-0.53543 0.248385 
-0.202228 0.399198 
-0.225747 0.39436 
-0.500497 0.279469 
-0.397785 0.340576 
-0.381379 0.347638 
-0.413971 0.333032 
-0.309453 0.373032 
-0.364124 0.354498 
-0.44483 0.316809 
-0.289402 0.378813 
-0.269245 0.384167 
-0.10125 0.415554 
-0.641631 0.0295118 
0.654621 -0.00807051 
0.656021 0.00578002 
0.614653 0.176792 
0.636393 0.130074 
0.40707 0.37118 
0.377327 0.383521 
0.254674 0.41615 
0.347097 0.394048 
0.555489 0.262619 
0.572438 0.241718 
0.535952 0.28366 
0.514996 0.303153 
0.436156 0.356888 
-0.581597 0.193242 
0.192572 0.424266 
0.161533 0.426689 
0.130873 0.428143 
0.100213 0.428747 
0.0108927 0.426259 
0.0401068 0.427716 
0.0701491 0.428578 
0.285622 0.410239 
-0.178648 0.403628 
0.655816 0.0475074 
0.641263 0.116566 
0.625785 0.154864 
0.656613 0.0336492 
0.656686 0.0197227 
0.490403 0.322788 
-0.153358 0.407949 
-0.12802 0.411858 
-0.074438 0.418817 
-0.0182923 0.424231 
-0.0463836 0.421766 
0.223543 0.4208 
0.316518 0.402902 
0.464375 0.340524 
-0.473774 0.298921 
-0.638365 0.0549149 
0.653256 0.068439 
-0.642977 0.00402332 
-0.635124 0.0716489 
0.59529 0.20924 
-0.626325 0.103839 
-0.518207 0.264625 
-0.615279 0.132902 
-0.599492 0.164667 
-0.564544 0.216013 
0.647402 0.0960706 
-0.621002 0.118858 
-0.609268 0.145988 
-0.213997 0.396832 
-0.506496 0.274634 
-0.494051 0.28446 
-0.389607 0.344165 
-0.405907 0.336866 
-0.318814 0.370163 
-0.372775 0.351127 
-0.452298 0.312468 
-0.236652 0.391965 
-0.35543 0.357753 
-0.279336 0.381541 
-0.642291 0.0210186 
-0.529727 0.253976 
-0.631055 0.0881167 
-0.258403 0.386872 
0.655412 -0.00115537 
-0.541019 0.242686 
-0.429535 0.325176 
-0.640756 0.0380096 
0.392291 0.377577 
-0.337438 0.3641 
0.362284 0.388995 
0.564122 0.252297 
0.525652 0.293598 
0.177061 0.425602 
0.115544 0.428547 
0.0254956 0.427062 
-0.552574 0.230165 
0.270178 0.413359 
0.608466 0.187796 
-0.190446 0.401462 
0.643473 0.109749 
0.6389 0.123345 
0.631316 0.142564 
0.656304 0.0405826 
0.656741 0.0266856 
0.65514 0.0545103 
0.650668 0.0823034 
0.50289 0.313209 
0.656446 0.0127462 
-0.299443 0.375978 
0.620379 0.165909 
0.545911 0.273316 
-0.166011 0.405841 
-0.140696 0.409953 
-0.114642 0.41376 
-0.0878501 0.417239 
-0.00370497 0.425315 
-0.0604169 0.420351 
0.0551247 0.428231 
0.0851791 0.428753 
0.208071 0.422669 
0.239129 0.418626 
-0.0323432 0.42306 
0.42173 0.364275 
0.331863 0.39867 
0.450411 0.348959 
0.301111 0.406751 
0.580532 0.230805 
0.146207 0.427527 
-0.576099 0.200973 
-0.587136 0.18501 
0.477552 0.331896 
ZONE T="boundary5"
-0.342236 -0.422033 
-0.359776 -0.413438 
-0.574574 -0.220762 
-0.612043 -0.149522 
-0.517036 -0.295889 
-0.265174 -0.452325 
-0.582895 -0.207172 
-0.638992 -0.0547271 
-0.641102 -0.0381489 
-0.642451 -0.0213801 
-0.628407 -0.103175 
-0.632611 -0.0872638 
-0.623562 -0.118854 
-0.636149 -0.0711175 
-0.598363 -0.179025 
-0.221499 -0.46473 
-0.244128 -0.4587 
-0.285998 -0.445254 
-0.324435 -0.430071 
-0.123653 -0.481754 
-0.0974993 -0.483975 
-0.149714 -0.47859 
-0.0699967 -0.485302 
-0.19868 -0.469983 
-0.17427 -0.474717 
-0.464151 -0.345525 
-0.478613 -0.333262 
-0.556943 -0.246934 
0.575738 -0.175653 
0.590125 -0.15712 
-0.492634 -0.320499 
-0.643006 -0.00446789 
-0.377238 -0.404176 
-0.305338 -0.437973 
-0.447498 -0.358633 
-0.430362 -0.371105 
-0.394387 -0.394346 
-0.412588 -0.383055 
0.625351 -0.100963 
0.649646 -0.0354517 
0.646102 -0.0489197 
-0.53809 -0.271643 
0.65249 -0.0218335 
-0.0424692 -0.485609 
-0.0137811 -0.484851 
0.0148523 -0.483 
0.0738656 -0.47571 
0.0444266 -0.479936 
0.133793 -0.463398 
0.193559 -0.445956 
0.223394 -0.435222 
0.163702 -0.455332 
0.103955 -0.470159 
0.252857 -0.423237 
0.337387 -0.380732 
0.309744 -0.396011 
0.364415 -0.364417 
0.390818 -0.347088 
0.416747 -0.328634 
0.51201 -0.245926 
0.489658 -0.267724 
0.61867 -0.113443 
0.52915 -0.228265 
0.466476 -0.28871 
0.54587 -0.21029 
0.654621 -0.00807051 
0.561065 -0.193171 
0.603626 -0.137945 
0.631494 -0.0882052 
0.641887 -0.062185 
0.28177 -0.41009 
0.44195 -0.309203 
-0.35104 -0.417805 
-0.578785 -0.213998 
-0.640142 -0.04645 
-0.641875 -0.0297723 
-0.630593 -0.0952412 
-0.637661 -0.0629382 
-0.626065 -0.111039 
-0.590857 -0.193224 
-0.232839 -0.461813 
-0.254677 -0.455599 
-0.275615 -0.448876 
-0.333367 -0.426121 
-0.110586 -0.482982 
-0.210111 -0.467453 
-0.162009 -0.47676 
-0.136697 -0.48029 
-0.471435 -0.339456 
0.583029 -0.166461 
-0.565946 -0.233974 
-0.438988 -0.364949 
-0.403539 -0.388783 
-0.455887 -0.352158 
-0.634467 -0.0792097 
0.647959 -0.0422091 
-0.52776 -0.283936 
-0.505043 -0.308399 
0.651157 -0.0286618 
-0.64283 -0.0129275 
-0.0562342 -0.485582 
-0.42153 -0.377162 
0.000544108 -0.484062 
0.059166 -0.477968 
0.20853 -0.440743 
0.148787 -0.459518 
0.178677 -0.450798 
0.323639 -0.388505 
0.350978 -0.372703 
0.403872 -0.337983 
0.50093 -0.256919 
0.52063 -0.23714 
0.478172 -0.278329 
0.537561 -0.219322 
-0.368545 -0.408878 
-0.186496 -0.472458 
0.553523 -0.201777 
0.611376 -0.125837 
0.622075 -0.107238 
0.596998 -0.147619 
0.628493 -0.0946187 
0.644076 -0.0555792 
0.653646 -0.0149669 
-0.385853 -0.399332 
-0.314918 -0.4341 
0.636996 -0.0753202 
-0.295697 -0.44169 
-0.48568 -0.326943 
0.568473 -0.184471 
-0.0281216 -0.485367 
0.118907 -0.466929 
-0.0837541 -0.484766 
0.029654 -0.481614 
0.0889372 -0.473087 
0.295824 -0.403187 
0.267378 -0.416809 
0.429444 -0.319039 
0.377699 -0.355876 
0.238185 -0.429381 
0.454317 -0.299077 
-0.547705 -0.259432 
-0.605468 -0.164396 
-0.618101 -0.1343 
