ZONE T="boundary0"
-4 -1 
-4 0.170764 
-4 0.124374 
-4 -0.278712 
-4 0.014238 
-4 0.530196 
-4 0.325135 
-4 -0.404497 
-4 -0.476052 
-4 -0.574875 
-4 0.765098 
-4 -0.836849 
-4 -0.332942 
-4 -0.223544 
-4 -0.251128 
-4 -0.164755 
-4 -0.105967 
-4 -0.0458642 
-4 -0.673699 
-4 0.217155 
-4 0.427665 
-4 0.271145 
-4 0.3764 
-4 0.647647 
-4 1 
-4 0.147569 
-4 -0.440275 
-4 -0.918425 
-4 -0.305827 
-4 -0.237336 
-4 -0.26492 
-4 -0.36872 
-4 -0.19415 
-4 -0.135361 
-4 -0.0759154 
-4 -0.624287 
-4 0.0693059 
-4 0.19396 
-4 0.402033 
-4 0.47893 
-4 0.588921 
-4 0.706372 
-4 0.882549 
-4 -0.755274 
-4 0.350768 
-4 0.29814 
-4 0.24415 
-4 -0.525464 
-4 -0.0158131 
ZONE T="boundary1"
-2.80192 1 
-2.96034 1 
-0.543107 1 
1.17606 1 
0.832423 1 
-0.0434766 1 
-0.115573 1 
-1.16974 1 
-1.26555 1 
-3.17675 1 
-0.64273 1 
-1.78245 1 
-1.06449 1 
-1.59351 1 
-2.22823 1 
-2.43587 1 
3.34018 1 
3.67009 1 
1.46992 1 
1.57846 1 
2.15088 1 
2.29066 1 
0.162389 1 
0.239052 1 
-0.188289 1 
-0.261004 1 
-0.402056 1 
-0.33153 1 
0.944413 1 
0.732317 1 
0.632211 1 
1.06024 1 
0.541808 1 
0.38356 1 
0.315715 1 
0.0955045 1 
0.0286198 1 
-0.742353 1 
-0.850799 1 
-0.959244 1 
-1.36137 1 
4 1 
-3.69658 1 
-4 1 
-3.39316 1 
1.26872 1 
1.72489 1 
1.36138 1 
2.66859 1 
2.90674 1 
-2.00534 1 
-2.6435 1 
2.43045 1 
1.87131 1 
3.12346 1 
0.451405 1 
-2.88113 1 
-0.0795249 1 
-1.21765 1 
-3.06855 1 
-2.33205 1 
3.50514 1 
2.22077 1 
0.20072 1 
-0.151931 1 
-0.224646 1 
-0.366793 1 
-0.472582 1 
0.888418 1 
0.682264 1 
0.78237 1 
0.58701 1 
0.349637 1 
0.0620621 1 
-0.692542 1 
-0.592919 1 
-0.796576 1 
-0.905021 1 
-1.11712 1 
-1.31346 1 
-1.01187 1 
-3.84829 1 
-1.47744 1 
-3.54487 1 
1.22239 1 
-1.68798 1 
3.83505 1 
1.11815 1 
1.31505 1 
1.52419 1 
1.41565 1 
1.65167 1 
-3.28496 1 
2.78766 1 
-2.53968 1 
2.54952 1 
2.36056 1 
2.0111 1 
3.23182 1 
1.7981 1 
-1.89389 1 
-2.11678 1 
-0.0074285 1 
0.277383 1 
0.417482 1 
0.496606 1 
0.128947 1 
-0.296267 1 
3.0151 1 
1.00232 1 
-2.72271 1 
ZONE T="boundary2"
4 -0.59093 
4 -0.478585 
4 -0.703275 
4 -1 
4 -0.415694 
4 -0.109915 
4 -0.231622 
4 -0.261917 
4 0.235077 
4 0.277718 
4 0.192436 
4 0.0795377 
4 0.164212 
4 0.32074 
4 0.363762 
4 -0.0151887 
4 0.0321745 
4 0.489287 
4 0.135987 
4 -0.352803 
4 0.744644 
4 0.616965 
4 1 
4 -0.170769 
4 -0.322508 
4 -0.292213 
4 -0.534758 
4 -0.851638 
4 -0.24677 
4 0.256397 
4 0.342251 
4 0.213757 
4 0.00849289 
4 0.426525 
4 0.107762 
4 -0.062552 
4 -0.44714 
4 -0.647103 
4 0.680805 
4 0.872322 
4 0.553126 
4 0.299229 
4 0.178324 
4 0.150099 
4 0.0558561 
4 -0.201195 
4 -0.140342 
4 -0.277065 
4 -0.384249 
4 -0.337655 
4 -0.30736 
ZONE T="boundary3"
-3.66457 -1 
-4 -1 
-1.33836 -1 
4 -1 
3.12588 -1 
3.36674 -1 
-0.193387 -1 
-1.18257 -1 
0.125467 -1 
0.48036 -1 
0.582216 -1 
-3.38838 -1 
-3.1122 -1 
0.179194 -1 
3.68337 -1 
0.79274 -1 
0.684072 -1 
3.52506 -1 
-0.392599 -1 
0.901408 -1 
1.01489 -1 
1.73742 -1 
-1.67003 -1 
-1.49415 -1 
2.88502 -1 
2.32348 -1 
2.46747 -1 
-2.31392 -1 
-2.07991 -1 
-0.322731 -1 
-0.252863 -1 
-0.0656939 -1 
-0.13391 -1 
0.00252265 -1 
0.232921 -1 
0.0639949 -1 
0.35664 -1 
0.29478 -1 
-0.673945 -1 
-0.56946 -1 
-0.481029 -1 
1.12837 -1 
1.34783 -1 
1.2381 -1 
-0.778431 -1 
-0.915376 -1 
-0.869727 -1 
-1.12719 -1 
-1.0718 -1 
-0.961024 -1 
1.59291 -1 
1.47037 -1 
-2.92631 -1 
-2.74041 -1 
-2.52717 -1 
1.88193 -1 
-1.84591 -1 
2.1795 -1 
2.03071 -1 
-1.01641 -1 
-3.83228 -1 
3.24631 -1 
-1.26047 -1 
0.531288 -1 
-3.25029 -1 
3.84169 -1 
0.738406 -1 
0.958149 -1 
-3.52648 -1 
-1.58209 -1 
3.00545 -1 
2.39548 -1 
2.67624 -1 
-2.19692 -1 
-0.287797 -1 
-0.163649 -1 
-0.0998021 -1 
-0.223125 -1 
-0.0315856 -1 
0.0947309 -1 
0.206057 -1 
0.32571 -1 
0.15233 -1 
-0.621702 -1 
-0.436814 -1 
0.0332587 -1 
0.4185 -1 
0.847074 -1 
0.633144 -1 
1.07163 -1 
1.29297 -1 
-0.726188 -1 
-0.892552 -1 
-1.09949 -1 
-1.41626 -1 
-0.9382 -1 
1.53164 -1 
3.4459 -1 
3.60422 -1 
-2.63379 -1 
-2.42055 -1 
1.4091 -1 
1.66516 -1 
1.80967 -1 
-1.96291 -1 
2.25149 -1 
1.95632 -1 
-1.75797 -1 
-3.01925 -1 
-2.83336 -1 
0.26385 -1 
-0.357665 -1 
-0.525244 -1 
1.18324 -1 
-1.04411 -1 
-1.15488 -1 
-0.988718 -1 
-0.824079 -1 
2.1051 -1 
ZONE T="boundary4"
0.557983 0.218452 
-0.647408 -0.0176856 
0.646604 -0.0149118 
-0.486418 0.268137 
-0.503366 0.250591 
-0.642905 0.00717297 
-0.335227 0.386108 
-0.310775 0.400679 
-0.59489 0.129353 
0.0103773 0.511002 
0.0389303 0.513869 
-0.628685 0.0566814 
-0.619028 0.0811954 
-0.564923 0.175884 
-0.580583 0.152845 
-0.549813 0.196168 
-0.359267 0.370778 
-0.0180433 0.507008 
0.154672 0.513042 
0.183809 0.509407 
0.270816 0.488792 
0.24199 0.497384 
-0.260655 0.427566 
-0.235009 0.439859 
-0.533973 0.215879 
-0.468884 0.285094 
-0.518909 0.233463 
-0.448966 0.303032 
-0.0740641 0.495863 
-0.046163 0.501953 
0.0676518 0.515568 
0.0965165 0.516043 
-0.209028 0.451343 
0.299405 0.478301 
0.327499 0.465846 
-0.156 0.471829 
-0.182677 0.462013 
0.543591 0.244899 
0.35498 0.451321 
-0.285898 0.414509 
-0.10167 0.488791 
-0.128991 0.480767 
0.572253 0.192038 
0.586018 0.166279 
-0.405913 0.337864 
0.622659 0.0889318 
0.494676 0.323766 
0.475284 0.348895 
-0.428432 0.320253 
-0.607741 0.105439 
0.381667 0.434662 
0.407211 0.415967 
-0.382834 0.354705 
0.512364 0.297885 
0.528626 0.271383 
0.125621 0.515223 
0.212909 0.50423 
0.631877 0.0631472 
0.61174 0.114578 
0.599359 0.140405 
0.644057 0.0111291 
0.63909 0.037199 
0.431502 0.395253 
0.454219 0.372819 
-0.636658 0.0319777 
-0.494965 0.259435 
-0.323056 0.393485 
0.0246403 0.512579 
-0.624046 0.0690111 
-0.572891 0.164458 
-0.557466 0.1861 
0.169266 0.511408 
0.256469 0.493305 
-0.24788 0.43381 
-0.541977 0.206092 
-0.477725 0.276691 
-0.0601416 0.499035 
-0.347305 0.378534 
0.0820834 0.515962 
-0.222064 0.445702 
0.313557 0.47231 
-0.16938 0.467029 
-0.195896 0.456782 
0.55081 0.231684 
0.341367 0.458826 
-0.273327 0.421132 
-0.0878992 0.492449 
-0.00385181 0.509143 
-0.142534 0.47641 
-0.526503 0.224726 
0.579165 0.179169 
0.48517 0.336484 
-0.438773 0.31173 
-0.511199 0.242084 
-0.601483 0.117485 
-0.459007 0.294153 
0.394609 0.425553 
-0.371113 0.362833 
0.368474 0.443236 
-0.298389 0.407687 
0.520639 0.284727 
0.503691 0.310948 
-0.0321269 0.504612 
-0.58789 0.141192 
0.0532835 0.514868 
-0.417248 0.329155 
0.140162 0.514306 
-0.613564 0.0933989 
0.536196 0.258192 
0.2275 0.501013 
0.198396 0.507013 
0.285196 0.483775 
0.111076 0.515799 
0.627482 0.0761142 
0.617367 0.101823 
0.60567 0.127545 
0.645636 -0.00186101 
0.641858 0.0242181 
-0.115366 0.484896 
0.443058 0.384244 
0.419545 0.405838 
0.592761 0.153373 
0.635737 0.0502427 
-0.394442 0.346379 
0.565126 0.205242 
0.46495 0.361039 
-0.64537 -0.0052207 
-0.639988 0.0196244 
-0.632871 0.0443913 
ZONE T="boundary5"
-0.64759 -0.116432 
-0.606268 -0.233319 
-0.599556 -0.244232 
-0.213224 -0.39488 
-0.183933 -0.393628 
-0.651103 -0.0673131 
-0.650849 -0.0549298 
-0.643077 -0.140644 
-0.647408 -0.0176856 
-0.470827 -0.356077 
-0.650258 -0.0919579 
0.58026 -0.206212 
0.562852 -0.226382 
-0.389966 -0.383161 
-0.417972 -0.376009 
-0.36118 -0.38853 
-0.331868 -0.392251 
0.646604 -0.0149118 
-0.272544 -0.39555 
-0.242929 -0.395595 
-0.00972973 -0.382446 
0.0189914 -0.380664 
-0.125485 -0.390158 
-0.154623 -0.392002 
-0.650147 -0.0425288 
-0.539516 -0.312457 
-0.495286 -0.343303 
-0.483195 -0.349942 
-0.592414 -0.254864 
-0.576671 -0.275376 
0.596085 -0.184958 
-0.0963613 -0.388204 
0.104713 -0.375527 
0.0762042 -0.37725 
-0.444965 -0.367 
-0.0674205 -0.386237 
0.62202 -0.139703 
-0.618275 -0.210983 
-0.628418 -0.188031 
0.217681 -0.366774 
0.189668 -0.369428 
0.300809 -0.355345 
0.327899 -0.350003 
-0.302297 -0.394514 
0.273275 -0.359858 
0.245623 -0.363616 
-0.559014 -0.294637 
-0.0385251 -0.384306 
0.456793 -0.306121 
0.480399 -0.293188 
0.0476397 -0.378944 
0.133135 -0.373707 
0.161434 -0.371708 
0.35482 -0.343639 
0.407101 -0.327519 
0.381129 -0.336218 
0.544118 -0.24528 
0.432448 -0.317478 
0.646642 -0.0407951 
0.631756 -0.115901 
0.639163 -0.0914225 
0.603303 -0.174001 
0.610078 -0.16275 
0.627163 -0.127913 
-0.506926 -0.336254 
-0.518248 -0.328715 
0.644152 -0.0663344 
0.524068 -0.262818 
0.502731 -0.278847 
-0.636692 -0.164538 
-0.602965 -0.23881 
-0.198577 -0.39431 
-0.651032 -0.0611211 
-0.650907 -0.0796467 
-0.649153 -0.104223 
0.57173 -0.216451 
-0.404037 -0.379825 
-0.375622 -0.386068 
-0.25774 -0.395681 
0.00463405 -0.381546 
-0.228077 -0.39532 
-0.169275 -0.392851 
-0.140051 -0.3911 
-0.648996 -0.0300864 
-0.489276 -0.346686 
-0.650553 -0.0487271 
-0.584761 -0.265291 
0.58837 -0.195734 
-0.477044 -0.353073 
0.090462 -0.376396 
-0.45801 -0.361795 
-0.0818875 -0.387219 
-0.431559 -0.371755 
-0.623567 -0.199608 
0.20368 -0.368157 
0.314375 -0.352792 
-0.317102 -0.393551 
0.259459 -0.361823 
-0.0529694 -0.385264 
0.468703 -0.299855 
-0.0241243 -0.383367 
0.0333193 -0.379798 
0.118927 -0.374635 
0.175555 -0.37061 
-0.346556 -0.390588 
0.0619258 -0.378097 
0.341389 -0.346957 
0.287057 -0.357705 
0.394168 -0.332036 
0.646939 -0.0278513 
0.147289 -0.372737 
0.553646 -0.235996 
0.599748 -0.179515 
0.606749 -0.16841 
-0.512627 -0.332546 
0.62953 -0.121934 
0.635755 -0.103749 
0.624659 -0.133837 
0.616301 -0.151355 
-0.110921 -0.389189 
-0.287431 -0.39517 
0.23166 -0.365266 
0.641968 -0.078938 
0.534251 -0.254235 
0.368013 -0.340078 
-0.640115 -0.152656 
-0.612486 -0.222268 
-0.632782 -0.176368 
0.645713 -0.0535935 
-0.59604 -0.249584 
-0.645564 -0.128585 
-0.529061 -0.320817 
-0.549461 -0.303762 
-0.568054 -0.285203 
0.444706 -0.311989 
0.419843 -0.32268 
0.491692 -0.286218 
0.513549 -0.271032 
-0.501145 -0.339839 
