ZONE T="boundary0"
-4 -0.214288 
-4 0.348157 
-4 0.281744 
-4 0.779195 
-4 0.558389 
-4 0.195318 
-4 0.238531 
-4 1 
-4 0.143186 
-4 -0.154467 
-4 -0.0917712 
-4 0.0309895 
-4 -0.848974 
-4 -1 
-4 -0.184378 
-4 -0.0290757 
-4 0.0910546 
-4 0.48648 
-4 0.41457 
-4 -0.512881 
-4 -0.432093 
-4 -0.697948 
-4 -0.282796 
-4 -0.248542 
-4 -0.351304 
-4 0.314951 
-4 0.668792 
-4 0.216925 
-4 0.889597 
-4 -0.123119 
-4 -0.924487 
-4 -0.0604234 
-4 0.117121 
-4 0.260138 
-4 0.169252 
-4 0.0610221 
-4 0.000956921 
-4 0.450525 
-4 -0.472487 
-4 -0.605415 
-4 -0.773461 
-4 -0.199333 
-4 -0.169422 
-4 -0.231415 
-4 -0.265669 
-4 -0.31705 
-4 -0.391699 
-4 0.522435 
-4 0.381364 
ZONE T="boundary1"
-4 1 
-0.360166 1 
-0.405905 1 
3.54475 1 
4 1 
-3.15584 1 
-2.76833 1 
0.371298 1 
-3.3801 1 
-1.18314 1 
1.25954 1 
3.20282 1 
-0.817016 1 
-1.02655 1 
-1.32052 1 
-1.89501 1 
-3.60435 1 
3.00758 1 
2.43897 1 
2.62566 1 
2.07843 1 
1.68439 1 
-2.53834 1 
-2.10168 1 
0.21557 1 
-0.707803 1 
-0.502248 1 
-0.59859 1 
0.15185 1 
0.0881294 1 
-0.314427 1 
0.293434 1 
0.468801 1 
0.0228524 1 
-0.0424247 1 
-0.165617 1 
-0.104021 1 
-0.240022 1 
0.754314 1 
0.937511 1 
1.04314 1 
0.566303 1 
-1.45791 1 
-1.56718 1 
-1.67646 1 
0.660309 1 
1.52735 1 
1.37031 1 
1.14877 1 
1.88141 1 
-2.30835 1 
2.81235 1 
-2.42334 1 
2.2587 1 
-0.383035 1 
3.77237 1 
-2.96208 1 
3.37378 1 
-3.80218 1 
2.53231 1 
-3.26797 1 
-1.99835 1 
-0.550419 1 
0.11999 1 
-0.337296 1 
0.254502 1 
-0.00978615 1 
0.0554909 1 
-0.134819 1 
-0.0732228 1 
-0.277224 1 
0.990327 1 
-0.653197 1 
-0.921784 1 
-0.76241 1 
-1.10485 1 
0.845913 1 
-1.25183 1 
-1.38921 1 
-1.62182 1 
0.707311 1 
0.613306 1 
1.44883 1 
1.20416 1 
1.31492 1 
1.97992 1 
-3.49223 1 
1.60587 1 
3.1052 1 
-2.36584 1 
-2.48084 1 
-1.78574 1 
2.16856 1 
2.34883 1 
1.7829 1 
0.18371 1 
-0.454076 1 
0.332366 1 
0.420049 1 
0.517552 1 
-0.202819 1 
-1.51254 1 
-2.20501 1 
-2.65333 1 
1.09596 1 
2.71901 1 
2.90997 1 
ZONE T="boundary2"
4 -0.243565 
4 -0.188451 
4 0.207676 
4 0.137048 
4 -0.720348 
4 -0.813566 
4 1 
4 -0.529183 
4 -0.431236 
4 0.0771344 
4 -0.627131 
4 0.253704 
4 0.299733 
4 0.364897 
4 0.430061 
4 0.528871 
4 0.627682 
4 0.813841 
4 -0.364957 
4 -0.298679 
4 -1 
4 -0.137033 
4 0.332315 
4 -0.085615 
4 0.0172212 
4 -0.216008 
4 0.172362 
4 -0.766957 
4 -0.48021 
4 0.107091 
4 0.276719 
4 0.23069 
4 0.397479 
4 0.479466 
4 0.578277 
4 0.720762 
4 0.906921 
4 -0.271122 
4 -0.398097 
4 -0.331818 
4 -0.578157 
4 -0.67374 
4 -0.906783 
4 0.316024 
4 0.348606 
4 -0.111324 
4 -0.162742 
4 -0.0341969 
4 0.0471778 
ZONE T="boundary3"
-1.88751 -1 
-1.67946 -1 
-2.00887 -1 
-1.50611 -1 
-0.220597 -1 
-0.294545 -1 
-0.146648 -1 
-0.615429 -1 
3.64797 -1 
-0.723179 -1 
-4 -1 
-3.5529 -1 
-3.77645 -1 
-2.53274 -1 
1.10177 -1 
-2.13024 -1 
-2.33149 -1 
-2.80172 -1 
-3.3118 -1 
3.47196 -1 
3.29594 -1 
3.0492 -1 
2.07696 -1 
2.80245 -1 
2.28484 -1 
0.561255 -1 
0.324727 -1 
-0.0867096 -1 
-0.0267709 -1 
0.187767 -1 
0.233592 -1 
0.279417 -1 
0.370037 -1 
0.0961163 -1 
0.770486 -1 
-0.535208 -1 
-0.454987 -1 
-0.374766 -1 
0.0346727 -1 
0.661851 -1 
0.460658 -1 
0.879121 -1 
3.82399 -1 
4 -1 
-0.830929 -1 
-0.951893 -1 
-1.07286 -1 
0.990446 -1 
1.21985 -1 
1.33794 -1 
1.43901 -1 
1.54008 -1 
1.70458 -1 
1.86907 -1 
-1.40543 -1 
-1.30475 -1 
-1.18881 -1 
2.54364 -1 
-3.0707 -1 
-1.78348 -1 
-1.94819 -1 
-1.59278 -1 
-0.257571 -1 
-0.183622 -1 
-0.669304 -1 
-3.66467 -1 
-2.23087 -1 
-2.66723 -1 
3.38395 -1 
2.92582 -1 
-0.0567402 -1 
0.256505 -1 
-0.495097 -1 
0.302072 -1 
-0.334655 -1 
0.347382 -1 
0.716169 -1 
0.611553 -1 
0.510956 -1 
0.824804 -1 
3.73598 -1 
3.91199 -1 
-0.777054 -1 
-0.891411 -1 
-1.01238 -1 
-3.88822 -1 
1.04611 -1 
1.16081 -1 
0.934783 -1 
1.48955 -1 
1.78683 -1 
-1.24678 -1 
3.55997 -1 
-1.45577 -1 
-1.35509 -1 
-1.13083 -1 
3.17257 -1 
1.97301 -1 
2.41424 -1 
-3.43235 -1 
2.1809 -1 
-2.93621 -1 
-2.43212 -1 
-3.19125 -1 
-2.06956 -1 
0.0653945 -1 
0.00395088 -1 
-0.116679 -1 
0.415348 -1 
0.141942 -1 
0.210679 -1 
-0.414876 -1 
-0.575318 -1 
1.2789 -1 
2.67305 -1 
1.38848 -1 
1.62233 -1 
ZONE T="boundary4"
-0.201638 0.48637 
-0.177075 0.49078 
0.593705 0.135519 
0.578708 0.154547 
-0.384783 0.417197 
-0.367623 0.42683 
-0.447497 0.374689 
0.653355 -0.0340897 
-0.534763 0.288781 
0.648018 0.0184565 
0.652008 -0.00762079 
-0.637965 0.028638 
-0.638043 0.0112645 
-0.546273 0.273816 
-0.632518 0.0812151 
-0.629009 0.0986484 
-0.624716 0.115865 
-0.603018 0.176478 
-0.590088 0.203368 
-0.579743 0.222345 
-0.568826 0.240608 
-0.614502 0.14798 
-0.524027 0.301746 
-0.350147 0.435871 
-0.637015 0.0461285 
-0.635194 0.0636914 
-0.503487 0.324321 
-0.490152 0.33765 
-0.462133 0.362842 
-0.476353 0.350499 
-0.432456 0.386039 
-0.417041 0.396874 
-0.401082 0.407307 
-0.331439 0.444739 
-0.312434 0.452938 
-0.291921 0.460921 
-0.226015 0.480967 
-0.271136 0.468138 
-0.150888 0.494373 
-0.124599 0.496856 
-0.0402835 0.497432 
-0.557201 0.258425 
0.56272 0.172808 
0.221455 0.427043 
0.249324 0.412967 
0.276752 0.397924 
0.330693 0.365078 
0.526521 0.209567 
0.505493 0.229277 
0.410118 0.309314 
0.435843 0.289282 
0.460225 0.269249 
0.484018 0.248659 
-0.248693 0.474991 
0.0179639 0.49132 
0.0472297 0.486225 
-0.0115384 0.495082 
0.0766051 0.479732 
0.16436 0.451944 
0.193068 0.440093 
0.105969 0.471843 
0.135199 0.462586 
0.544934 0.191465 
0.641354 0.0442295 
0.632116 0.069347 
0.607366 0.115813 
0.620367 0.0938112 
0.650338 0.00549488 
-0.0968716 0.49828 
-0.0691452 0.498491 
0.303945 0.381891 
0.357503 0.347228 
0.383832 0.328742 
-0.619935 0.132027 
-0.189378 0.488699 
0.586341 0.145141 
-0.376244 0.422087 
0.653014 -0.0208355 
-0.638113 0.0199521 
-0.630865 0.0899523 
-0.626959 0.107281 
-0.596759 0.190022 
-0.574373 0.23153 
-0.585012 0.21291 
-0.609005 0.162328 
-0.636211 0.0549213 
-0.529449 0.295309 
-0.540589 0.281354 
-0.496879 0.331045 
-0.454866 0.368829 
-0.63396 0.0724693 
-0.469296 0.356732 
-0.513924 0.313186 
-0.424794 0.391521 
-0.440025 0.380428 
-0.358923 0.431425 
-0.409105 0.402158 
-0.321973 0.448922 
-0.340832 0.440388 
-0.302215 0.457025 
-0.213853 0.483793 
-0.164 0.492715 
-0.137757 0.495753 
-0.55181 0.266172 
-0.281561 0.464625 
0.570819 0.163771 
-0.563103 0.249575 
-0.483309 0.344135 
0.263097 0.405558 
0.423048 0.299379 
0.448103 0.279343 
-0.259947 0.471674 
0.0326239 0.488938 
-0.0258985 0.496418 
0.0619518 0.483145 
0.178771 0.446165 
0.120632 0.467375 
0.53579 0.200577 
0.553916 0.18222 
0.626523 0.0817182 
0.651256 -0.00105168 
0.64926 0.011991 
0.64501 0.03143 
-0.637598 0.0373895 
0.472187 0.259023 
0.63704 0.0569038 
0.614083 0.104943 
-0.392973 0.41232 
-0.237383 0.478089 
0.600696 0.125779 
0.207322 0.433705 
0.23545 0.420129 
0.0032329 0.49337 
-0.0830096 0.498537 
0.149833 0.457421 
0.290407 0.390009 
0.317376 0.373574 
0.0913283 0.475952 
-0.054709 0.498124 
-0.110743 0.49772 
0.370726 0.338063 
0.397038 0.319106 
0.344156 0.356237 
-0.617299 0.140029 
-0.622409 0.123973 
0.51606 0.219475 
0.494803 0.239014 
ZONE T="boundary5"
-0.302012 -0.362557 
-0.577328 -0.174221 
-0.586172 -0.160859 
-0.201029 -0.39281 
-0.178844 -0.398351 
0.653042 -0.0473454 
0.653355 -0.0340897 
-0.635617 -0.0229209 
0.645574 -0.0998906 
-0.633146 -0.0396109 
-0.615389 -0.103157 
0.634057 -0.138518 
-0.629862 -0.056015 
-0.625794 -0.0720747 
-0.594399 -0.147129 
0.547123 -0.286186 
-0.620963 -0.0877892 
-0.283127 -0.368929 
-0.26415 -0.374971 
-0.319588 -0.356269 
-0.602077 -0.132853 
-0.353521 -0.343013 
-0.369852 -0.336029 
-0.337056 -0.349642 
-0.385631 -0.328848 
-0.155059 -0.403906 
-0.131202 -0.409089 
-0.243686 -0.381114 
-0.223141 -0.386926 
-0.105795 -0.414187 
-0.477403 -0.275339 
-0.49214 -0.264116 
-0.548054 -0.211307 
-0.558233 -0.199421 
-0.568051 -0.187004 
-0.638043 0.0112645 
0.652087 -0.06057 
-0.416737 -0.31324 
-0.432002 -0.304753 
-0.462472 -0.285798 
-0.447399 -0.295541 
0.648334 -0.086843 
0.0891283 -0.437747 
0.0596554 -0.436134 
0.0302659 -0.433773 
0.00189552 -0.430824 
-0.0533861 -0.423314 
-0.0263775 -0.427265 
-0.0802998 -0.418863 
0.119544 -0.438567 
0.150005 -0.438465 
0.21241 -0.435058 
0.181221 -0.437328 
-0.401239 -0.321277 
0.334004 -0.413183 
0.304285 -0.420715 
0.274362 -0.426768 
-0.609059 -0.118244 
0.390534 -0.393962 
0.362947 -0.404213 
0.417605 -0.382053 
0.469529 -0.352915 
0.49338 -0.336033 
0.51597 -0.317399 
0.444014 -0.368386 
0.537109 -0.29704 
0.612295 -0.188397 
0.600404 -0.210451 
0.564889 -0.264581 
0.572738 -0.253941 
0.587627 -0.231739 
0.642259 -0.11285 
0.623926 -0.16385 
-0.637256 -0.00594781 
0.243446 -0.431574 
-0.503888 -0.254455 
-0.515303 -0.2444 
-0.526556 -0.233793 
-0.537438 -0.222808 
-0.581824 -0.167589 
-0.189946 -0.395622 
0.65328 -0.0407189 
-0.634487 -0.0312811 
-0.627929 -0.06407 
-0.623477 -0.0799617 
-0.292583 -0.365786 
-0.361705 -0.339567 
-0.328338 -0.352999 
-0.377762 -0.332485 
-0.166962 -0.401175 
-0.25393 -0.378085 
-0.212096 -0.389912 
-0.484829 -0.269803 
-0.5532 -0.205412 
-0.572757 -0.180661 
-0.424401 -0.309054 
-0.469988 -0.280641 
-0.618271 -0.0955072 
-0.439739 -0.300211 
-0.233424 -0.38406 
0.65051 -0.0737471 
-0.590364 -0.15404 
-0.598322 -0.140036 
-0.345305 -0.34637 
-0.310814 -0.359453 
0.0743852 -0.437037 
0.0160712 -0.432377 
-0.0122513 -0.429118 
-0.0668539 -0.42115 
0.134773 -0.438636 
0.165616 -0.438032 
-0.118509 -0.41169 
0.319192 -0.417137 
0.289358 -0.423916 
0.376812 -0.399283 
0.481607 -0.344689 
-0.393459 -0.325113 
0.456906 -0.360873 
-0.454978 -0.290737 
0.430921 -0.375435 
-0.631608 -0.0478334 
0.404159 -0.388213 
0.54217 -0.291663 
0.526738 -0.307426 
0.60648 -0.199494 
0.556205 -0.275547 
0.568857 -0.259292 
0.594136 -0.221168 
0.580338 -0.242945 
0.638401 -0.12576 
0.618287 -0.176207 
0.643983 -0.106387 
0.647024 -0.0933811 
0.652644 -0.0539628 
-0.612317 -0.110739 
-0.0930572 -0.416578 
-0.273651 -0.37199 
-0.409016 -0.317313 
-0.605656 -0.12559 
-0.637758 0.0026538 
-0.14314 -0.406544 
0.104332 -0.438268 
0.25893 -0.429342 
0.227945 -0.433474 
-0.039892 -0.425354 
0.629203 -0.151268 
0.196825 -0.43634 
0.348536 -0.408894 
0.044952 -0.435044 
-0.636544 -0.0144443 
-0.509637 -0.249476 
-0.520975 -0.239144 
-0.532045 -0.228347 
-0.498055 -0.259335 
0.50485 -0.326929 
-0.542798 -0.217106 
-0.563205 -0.193262 
