ZONE T="boundary0"
-4 -1 
-4 -0.187604 
-4 0.134148 
-4 0.192425 
-4 0.237738 
-4 0.596575 
-4 0.484576 
-4 0.327814 
-4 -0.00531796 
-4 0.0644151 
-4 -0.248308 
-4 1 
-4 -0.856474 
-4 0.798288 
-4 0.283051 
-4 0.372576 
-4 -0.126899 
-4 -0.437274 
-4 -0.276617 
-4 -0.513007 
-4 -0.612978 
-4 -0.304925 
-4 -0.361541 
-4 -0.712949 
-4 0.428576 
-4 0.163287 
-4 0.215082 
-4 0.540575 
-4 0.0295486 
-4 -0.928237 
-4 0.697431 
-4 0.0992816 
-4 0.305432 
-4 0.350195 
-4 -0.0661085 
-4 -0.157251 
-4 0.899144 
-4 -0.262463 
-4 -0.290771 
-4 -0.217956 
-4 -0.333233 
-4 -0.399408 
-4 -0.475141 
-4 -0.562993 
-4 -0.662963 
-4 0.260395 
-4 0.400576 
-4 0.456576 
-4 -0.784711 
ZONE T="boundary1"
-3.17675 1 
1.3335 1 
1.40444 1 
-0.366378 1 
0.0969123 1 
-0.116473 1 
-0.187666 1 
1.07113 1 
-0.236364 1 
-0.7478 1 
-0.852205 1 
-0.95677 1 
-1.06133 1 
-1.16345 1 
-2.01777 1 
-1.81494 1 
-4 1 
-3.77243 1 
-0.643394 1 
-0.545544 1 
3.79685 1 
-1.26556 1 
3.39055 1 
3.1874 1 
0.74001 1 
0.536612 1 
-3.54487 1 
1.56361 1 
4 1 
2.1759 1 
-2.9105 1 
-2.64424 1 
-2.43242 1 
0.957706 1 
0.844281 1 
3.05644 1 
2.92548 1 
-2.2206 1 
-0.0452795 1 
-0.285063 1 
0.0258164 1 
-0.447693 1 
0.15306 1 
0.209208 1 
0.323347 1 
0.437486 1 
0.635739 1 
-1.38044 1 
-1.49532 1 
-1.65513 1 
1.20232 1 
1.65183 1 
1.47539 1 
1.74005 1 
2.00208 1 
1.82827 1 
2.66356 1 
2.41973 1 
3.5937 1 
1.36897 1 
-0.152069 1 
-0.800002 1 
-1.11239 1 
-1.91635 1 
-3.88622 1 
-0.594469 1 
3.28898 1 
-3.36081 1 
3.89843 1 
-2.53833 1 
0.900994 1 
2.99096 1 
-2.32651 1 
-0.695597 1 
-0.0808763 1 
-0.260714 1 
-0.32572 1 
-0.212015 1 
-0.00973158 1 
-0.407036 1 
-0.496619 1 
0.181134 1 
0.124986 1 
-1.00905 1 
-0.904487 1 
0.266277 1 
0.487049 1 
0.687874 1 
0.586175 1 
0.792146 1 
-1.2145 1 
1.01442 1 
-1.43788 1 
-1.57522 1 
1.26791 1 
1.43992 1 
1.13672 1 
1.69594 1 
1.5195 1 
1.91518 1 
1.78416 1 
2.08899 1 
-1.73503 1 
2.79452 1 
2.29781 1 
-3.04362 1 
-2.77737 1 
3.69528 1 
3.49213 1 
3.12192 1 
-2.11919 1 
-3.65865 1 
0.0613643 1 
1.60772 1 
-1.323 1 
0.380416 1 
2.54165 1 
ZONE T="boundary2"
4 -0.284421 
4 -0.0197734 
4 -0.180452 
4 -0.154661 
4 -0.422721 
4 -0.311017 
4 -0.36421 
4 -1 
4 -0.799127 
4 1 
4 0.231049 
4 0.194051 
4 0.120055 
4 0.0501409 
4 -0.232034 
4 -0.206243 
4 -0.257825 
4 -0.481232 
4 -0.598255 
4 0.412558 
4 0.340302 
4 0.484084 
4 0.555611 
4 -0.698691 
4 0.666708 
4 0.777805 
4 0.304175 
4 0.268047 
4 0.157053 
4 -0.167556 
4 -0.337613 
4 -0.899564 
4 -0.0872172 
4 0.21255 
4 0.0850981 
4 -0.219138 
4 -0.539744 
4 0.37643 
4 0.519848 
4 -0.648473 
4 -0.748909 
4 0.611159 
4 0.888903 
4 0.722257 
4 0.0151838 
4 -0.271123 
4 -0.297719 
4 -0.393465 
4 -0.451977 
4 -0.193347 
4 -0.244929 
4 0.448321 
4 0.249548 
4 0.175552 
4 0.322238 
4 0.286111 
4 0.138554 
ZONE T="boundary3"
-3.63399 -1 
-4 -1 
0.906403 -1 
1.01658 -1 
-0.250531 -1 
-0.127762 -1 
-0.559511 -1 
-0.471462 -1 
2.37895 -1 
2.72205 -1 
-0.760059 -1 
-0.872558 -1 
-1.15727 -1 
1.57147 -1 
-2.70229 -1 
1.47433 -1 
3.61139 -1 
3.41708 -1 
2.97241 -1 
1.8629 -1 
-3.1028 -1 
-2.86233 -1 
4 -1 
-3.48863 -1 
3.22278 -1 
2.12093 -1 
-1.48259 -1 
0.564582 -1 
0.689945 -1 
0.363181 -1 
0.287143 -1 
0.150397 -1 
0.0785516 -1 
0.00670586 -1 
-0.060528 -1 
0.21877 -1 
0.439219 -1 
-0.336456 -1 
-0.9609 -1 
3.80569 -1 
-1.04924 -1 
-0.64756 -1 
1.12828 -1 
1.23997 -1 
0.798174 -1 
-1.2653 -1 
-1.37395 -1 
1.35715 -1 
-1.78168 -1 
1.66862 -1 
-2.54225 -1 
-2.33532 -1 
-3.34327 -1 
-2.12839 -1 
-1.95504 -1 
-3.817 -1 
0.961491 -1 
-0.515486 -1 
2.5505 -1 
-0.816308 -1 
3.51424 -1 
-2.98257 -1 
-3.56131 -1 
0.627263 -1 
0.114474 -1 
0.0426287 -1 
-0.0269111 -1 
0.184584 -1 
0.5019 -1 
-0.293494 -1 
-0.189146 -1 
0.4012 -1 
-1.00507 -1 
-0.916729 -1 
-0.703809 -1 
-0.603535 -1 
1.18413 -1 
-0.403959 -1 
-1.31962 -1 
0.852288 -1 
0.744059 -1 
3.70854 -1 
-1.21128 -1 
3.90285 -1 
1.41574 -1 
-1.63214 -1 
3.0976 -1 
3.31993 -1 
1.76576 -1 
-2.43879 -1 
-3.22304 -1 
-2.23186 -1 
-2.62227 -1 
-1.86836 -1 
-2.78231 -1 
-2.04172 -1 
1.99192 -1 
2.84723 -1 
-0.094145 -1 
0.252956 -1 
0.325162 -1 
1.29856 -1 
1.07243 -1 
-3.41595 -1 
-1.10326 -1 
1.62005 -1 
1.5229 -1 
2.24994 -1 
-1.42827 -1 
ZONE T="boundary4"
0.588832 0.144438 
0.569738 0.164479 
-0.625088 0.0251757 
-0.626403 0.0496018 
-0.133047 0.503231 
-0.626082 0.0743609 
0.643041 0.0501023 
-0.159664 0.505345 
-0.438341 0.417212 
-0.615056 0.149945 
-0.608035 0.175239 
-0.368728 0.46065 
-0.080377 0.494255 
-0.0543686 0.487544 
0.0475916 0.448268 
0.0728156 0.435972 
-0.624093 0.0994064 
-0.0286863 0.479506 
-0.00319137 0.470216 
-0.620418 0.124633 
-0.589292 0.22532 
-0.578995 0.24742 
-0.599416 0.200395 
-0.567658 0.268945 
-0.459778 0.399995 
-0.55634 0.288082 
0.52521 0.20125 
-0.498391 0.363215 
-0.515584 0.343937 
-0.480207 0.38155 
-0.392745 0.447616 
-0.415983 0.433106 
-0.344001 0.472143 
-0.318651 0.482029 
-0.544131 0.306658 
-0.23997 0.501513 
-0.266526 0.49675 
-0.292794 0.490244 
-0.213227 0.504526 
-0.186444 0.505793 
-0.106561 0.499503 
-0.530307 0.325646 
0.0221165 0.459805 
0.655891 -0.0294406 
0.177852 0.380191 
0.355668 0.293207 
0.324943 0.307298 
0.098633 0.422701 
0.386195 0.27905 
0.499819 0.218326 
0.473667 0.234095 
0.445292 0.249737 
0.416417 0.264498 
0.151087 0.394604 
0.548082 0.18373 
0.655419 -0.015914 
0.650026 0.0240908 
0.621075 0.0994401 
0.62751 0.0875617 
0.606166 0.122574 
0.654295 -0.00251694 
0.633366 0.0752842 
0.124322 0.409046 
0.206072 0.365254 
0.23439 0.350695 
0.264227 0.3359 
0.294134 0.321605 
0.579501 0.154664 
-0.625949 0.0373778 
-0.626448 0.0619839 
-0.146339 0.504493 
-0.611738 0.162646 
-0.0673284 0.491072 
0.0602413 0.442198 
-0.625294 0.0869 
-0.0158879 0.475 
-0.617937 0.137331 
-0.584274 0.236431 
-0.594522 0.212926 
-0.573462 0.258254 
-0.562113 0.278581 
-0.507115 0.35369 
-0.470125 0.390919 
-0.489421 0.372504 
-0.380837 0.454318 
-0.404473 0.440536 
-0.331405 0.477288 
-0.356455 0.46659 
-0.550345 0.297442 
-0.449185 0.408759 
-0.253287 0.499348 
-0.305788 0.486345 
-0.62246 0.112049 
-0.17305 0.505782 
-0.119776 0.501564 
-0.523056 0.33488 
-0.226623 0.503237 
-0.0934317 0.497063 
0.0349002 0.454138 
0.340304 0.30025 
-0.279713 0.493711 
0.512635 0.209967 
0.486828 0.226351 
-0.537335 0.316237 
0.459548 0.242041 
-0.199846 0.505375 
0.00951179 0.465131 
-0.0414785 0.483681 
0.164462 0.387383 
0.0857533 0.429394 
0.536792 0.19268 
0.624368 0.0935418 
0.613911 0.111194 
0.654939 -0.00920857 
0.655736 -0.0226745 
0.652499 0.0108414 
0.630518 0.081461 
0.638533 0.0628197 
0.111494 0.415906 
0.137709 0.401834 
-0.427279 0.425324 
-0.603907 0.187879 
0.220206 0.357927 
0.191943 0.372687 
0.24928 0.343241 
0.279156 0.328703 
0.401342 0.271848 
0.309523 0.314418 
0.646872 0.0371876 
0.597759 0.133712 
0.559102 0.17432 
0.370948 0.286164 
0.430905 0.257217 
ZONE T="boundary5"
-0.122375 -0.429613 
-0.150042 -0.421491 
0.327943 -0.447475 
-0.559931 -0.153961 
-0.573078 -0.133314 
-0.47576 -0.249347 
-0.494774 -0.231355 
0.629784 -0.163558 
-0.625088 0.0251757 
0.383292 -0.429379 
0.355838 -0.439212 
0.619359 -0.189969 
-0.604204 -0.0682788 
-0.611697 -0.0456046 
0.646149 -0.110346 
0.63879 -0.137024 
-0.584871 -0.11213 
-0.622173 0.00114346 
-0.364083 -0.329875 
-0.388649 -0.315041 
-0.232359 -0.39276 
-0.259579 -0.38165 
-0.286487 -0.369796 
-0.339019 -0.343817 
-0.0671275 -0.443612 
0.242833 -0.463757 
0.214296 -0.466654 
-0.177486 -0.412687 
-0.205053 -0.403074 
-0.0948461 -0.436956 
-0.512782 -0.212802 
-0.617696 -0.0224666 
-0.545452 -0.174099 
-0.529702 -0.193721 
0.271349 -0.459653 
0.56496 -0.291383 
-0.4557 -0.266732 
-0.412229 -0.29952 
-0.434505 -0.283478 
0.0722657 -0.465682 
-0.312947 -0.357214 
0.507256 -0.355272 
0.484741 -0.373526 
-0.595254 -0.0904506 
0.128808 -0.468906 
0.100447 -0.467728 
0.0441699 -0.462804 
0.0161958 -0.459134 
0.299749 -0.454257 
-0.0116522 -0.454702 
0.157202 -0.46916 
0.185769 -0.468429 
0.409933 -0.417999 
0.607703 -0.216212 
-0.0394696 -0.449514 
0.461052 -0.389972 
0.435977 -0.404851 
0.528058 -0.335583 
0.547391 -0.314191 
0.580731 -0.267315 
0.594886 -0.242113 
0.655891 -0.0294406 
0.651617 -0.0834765 
0.654937 -0.056491 
-0.136234 -0.425638 
-0.566653 -0.143732 
-0.485363 -0.240452 
0.369636 -0.434494 
-0.608135 -0.0570026 
0.64268 -0.123743 
-0.623831 0.0131351 
-0.376436 -0.322573 
-0.246006 -0.387296 
-0.273075 -0.375817 
-0.35161 -0.336953 
0.228579 -0.465349 
-0.163791 -0.417174 
-0.1913 -0.407968 
-0.503878 -0.222176 
-0.614887 -0.0340849 
-0.552829 -0.164129 
-0.537702 -0.184011 
0.257113 -0.461859 
-0.108633 -0.43337 
-0.465828 -0.258152 
-0.445198 -0.275226 
-0.400518 -0.3074 
-0.579134 -0.122811 
-0.326037 -0.350619 
0.496172 -0.364613 
-0.599906 -0.0794361 
-0.218739 -0.398005 
0.114622 -0.46843 
0.0582074 -0.464345 
0.0301701 -0.461067 
0.28558 -0.45712 
0.00225694 -0.457012 
-0.0810078 -0.440371 
0.171489 -0.468921 
0.200041 -0.467676 
0.613663 -0.203149 
0.313888 -0.451042 
-0.0533174 -0.446651 
0.3967 -0.423894 
-0.521354 -0.203361 
0.448645 -0.397631 
0.473046 -0.381964 
0.341946 -0.443532 
0.517847 -0.345628 
0.537935 -0.325078 
0.556398 -0.302958 
0.573068 -0.279495 
-0.620131 -0.0106989 
0.601439 -0.229234 
0.624719 -0.176822 
0.64913 -0.0969614 
-0.590231 -0.101371 
0.423064 -0.41164 
0.143004 -0.469151 
0.655723 -0.0429766 
-0.423454 -0.29162 
-0.299764 -0.363603 
0.0863484 -0.466811 
-0.0255779 -0.452199 
0.588001 -0.254822 
0.653557 -0.0700183 
0.634463 -0.150351 
