ZONE T="boundary0"
-4 -0.291262 
-4 -0.321658 
-4 0.217746 
-4 0.182043 
-4 0.0746964 
-4 0.12837 
-4 0.324855 
-4 0.289152 
-4 0.555463 
-4 0.491957 
-4 0.745979 
-4 -0.850962 
-4 0.00457666 
-4 -0.065543 
-4 -0.23047 
-4 -0.260866 
-4 -0.132808 
-4 -0.200074 
-4 -0.701925 
-4 -0.597264 
-4 0.618968 
-4 -1 
-4 -0.492603 
-4 1 
-4 0.408406 
-4 0.450182 
-4 -0.364394 
-4 -0.407131 
-4 0.253449 
-4 0.366631 
-4 -0.30646 
-4 0.199895 
-4 0.101533 
-4 0.307003 
-4 0.52371 
-4 -0.0304832 
-4 -0.245668 
-4 -0.0991757 
-4 0.0396365 
-4 -0.649594 
-4 0.587215 
-4 -0.776443 
-4 -0.925481 
-4 0.872989 
-4 0.429294 
-4 -0.385762 
-4 0.155206 
-4 -0.166441 
-4 -0.276064 
-4 -0.215272 
-4 -0.449867 
-4 -0.544934 
-4 0.2713 
-4 0.345743 
-4 0.387518 
-4 0.47107 
-4 0.235598 
-4 -0.343026 
-4 0.682473 
ZONE T="boundary1"
1.4096 1 
1.33031 1 
0.668326 1 
0.379356 1 
0.275075 1 
-0.174124 1 
-0.105941 1 
0.549203 1 
-1.23152 1 
0.46428 1 
3.73666 1 
-0.710152 1 
-0.81825 1 
1.56059 1 
-0.926347 1 
-2.27071 1 
-2.05812 1 
1.71157 1 
2.7377 1 
3.47332 1 
3.20998 1 
2.08249 1 
2.52875 1 
1.89703 1 
-3.09102 1 
-2.77935 1 
-3.24685 1 
-1.84552 1 
-2.52503 1 
-1.70423 1 
0.21633 1 
0.157584 1 
-0.242308 1 
-0.369423 1 
-0.305865 1 
0.0893169 1 
0.0210496 1 
-0.0424456 1 
-1.02822 1 
-1.13009 1 
-0.496537 1 
-0.43298 1 
-0.603345 1 
0.787449 1 
0.998862 1 
-1.44794 1 
-1.56293 1 
1.25102 1 
1.12494 1 
-1.33295 1 
-3.85067 1 
-3.40269 1 
-3.70135 1 
2.30562 1 
2.94665 1 
4 1 
-4 1 
0.893155 1 
0.840302 1 
0.946008 1 
1.36996 1 
0.327216 1 
-0.140033 1 
0.608764 1 
0.421818 1 
-0.764201 1 
1.4851 1 
-2.16442 1 
3.34165 1 
2.63322 1 
1.8043 1 
3.60499 1 
-2.93518 1 
-3.16894 1 
-1.95182 1 
-2.39787 1 
-1.77487 1 
0.506741 1 
0.186957 1 
-0.337644 1 
-0.208216 1 
0.0551832 1 
-0.0741932 1 
-1.07916 1 
-0.464759 1 
-0.549941 1 
-0.656748 1 
-0.872298 1 
-1.50543 1 
1.18798 1 
-1.28223 1 
-1.18081 1 
1.29067 1 
-1.63358 1 
1.63608 1 
-3.55202 1 
3.86833 1 
-3.77601 1 
2.19405 1 
2.41718 1 
1.98976 1 
-2.65219 1 
-0.010698 1 
0.123451 1 
0.245702 1 
-0.274087 1 
0.813876 1 
0.919582 1 
0.866729 1 
0.727888 1 
-0.401201 1 
1.0619 1 
2.84217 1 
-1.39044 1 
-0.977284 1 
3.07831 1 
0.972435 1 
-3.92534 1 
-3.32477 1 
ZONE T="boundary2"
4 -0.35963 
4 -0.270218 
4 -0.502842 
4 0.21372 
4 0.238211 
4 0.262703 
4 0.287194 
4 -0.597345 
4 -0.237727 
4 -0.205237 
4 -0.15043 
4 -0.0956227 
4 -0.431236 
4 0.0593988 
4 0.124314 
4 0.705767 
4 0.58314 
4 -0.018112 
4 0.189228 
4 -0.845924 
4 -1 
4 -0.691849 
4 0.460513 
4 0.521827 
4 1 
4 0.330524 
4 0.373854 
4 -0.314924 
4 0.225966 
4 0.274948 
4 -0.550093 
4 -0.221482 
4 -0.123026 
4 0.644454 
4 0.250457 
4 0.156771 
4 -0.0568674 
4 0.0206434 
4 -0.768886 
4 -0.644597 
4 -0.922962 
4 0.49117 
4 0.852883 
4 -0.177833 
4 -0.253973 
4 0.352189 
4 0.0918562 
4 0.417184 
4 -0.467039 
4 -0.395433 
4 0.308859 
4 0.201474 
4 0.552484 
ZONE T="boundary3"
-3.74893 -1 
-1.97001 -1 
-2.19373 -1 
-0.0837362 -1 
-0.706223 -1 
-0.791976 -1 
-0.330259 -1 
-0.379529 -1 
-1.07374 -1 
-0.971835 -1 
-0.881905 -1 
1.21038 -1 
1.57588 -1 
-1.85814 -1 
-1.74628 -1 
1.90177 -1 
3.1014 -1 
3.47596 -1 
2.92303 -1 
2.74465 -1 
2.50932 -1 
-3.49786 -1 
-3.09664 -1 
-2.64497 -1 
-2.41935 -1 
2.27399 -1 
0.438928 -1 
0.260235 -1 
0.349582 -1 
0.660845 -1 
-0.28198 -1 
-0.2337 -1 
-0.4288 -1 
-0.62047 -1 
-0.524635 -1 
0.0301943 -1 
0.0907199 -1 
0.217856 -1 
-0.0303313 -1 
-0.137141 -1 
0.549887 -1 
-1.17564 -1 
0.769 -1 
0.877156 -1 
0.988568 -1 
-1.27991 -1 
-1.38418 -1 
0.175478 -1 
-1.4747 -1 
3.60697 -1 
3.73798 -1 
4 -1 
1.09998 -1 
1.32077 -1 
1.44833 -1 
1.73883 -1 
2.08788 -1 
-1.56523 -1 
-4 -1 
-2.87081 -1 
-2.08187 -1 
-0.749099 -1 
-0.354894 -1 
-1.02279 -1 
-0.92687 -1 
-1.80221 -1 
3.28868 -1 
3.01222 -1 
2.62699 -1 
-3.29725 -1 
2.39166 -1 
0.304908 -1 
-0.25784 -1 
-0.404165 -1 
-0.572552 -1 
0.0604571 -1 
0.239046 -1 
-0.0570337 -1 
-6.85216e-05 -1 
-0.110439 -1 
-0.476717 -1 
0.494408 -1 
0.605366 -1 
-0.83694 -1 
-0.663346 -1 
-1.12469 -1 
-0.306119 -1 
-0.18542 -1 
0.823078 -1 
0.932862 -1 
-1.33204 -1 
-1.22778 -1 
0.196667 -1 
-1.42944 -1 
3.54146 -1 
3.67247 -1 
3.86899 -1 
1.26558 -1 
1.15518 -1 
1.38455 -1 
1.51211 -1 
1.65736 -1 
1.04427 -1 
1.99483 -1 
1.8203 -1 
-2.53216 -1 
-2.30654 -1 
2.83384 -1 
-1.65575 -1 
-3.87446 -1 
-2.98372 -1 
-2.75789 -1 
2.18094 -1 
-1.91408 -1 
0.133099 -1 
0.394255 -1 
-1.51997 -1 
0.714923 -1 
-3.62339 -1 
ZONE T="boundary4"
0.60877 0.165304 
-0.193449 0.439671 
0.573116 0.230591 
0.585607 0.208916 
-0.349298 0.371669 
0.619314 0.143119 
0.629575 0.118932 
-0.215575 0.432171 
-0.626342 0.0352286 
-0.630052 0.0176359 
-0.237497 0.4241 
-0.634967 -0.0176695 
-0.582867 0.145467 
-0.554921 0.189485 
-0.621823 0.0526622 
0.654506 0.0135134 
0.654884 -0.012932 
-0.604089 0.102576 
-0.597096 0.118041 
-0.632928 -1.09084e-05 
-0.610482 0.0867949 
-0.616517 0.0698907 
-0.567386 0.171085 
0.646407 0.0664149 
-0.529289 0.222967 
-0.542271 0.206634 
-0.470955 0.284561 
-0.515771 0.238848 
-0.492869 0.26347 
-0.442432 0.308959 
-0.427673 0.320451 
-0.456885 0.296985 
-0.296574 0.398924 
-0.277922 0.407441 
-0.41259 0.331509 
-0.397234 0.342124 
-0.381604 0.352323 
-0.315012 0.389949 
-0.365571 0.362201 
-0.257814 0.416024 
-0.169615 0.447053 
-0.145587 0.453788 
-0.119842 0.460242 
-0.0386959 0.475608 
-0.00959342 0.479317 
-0.0939204 0.465962 
-0.332266 0.38102 
0.355161 0.431846 
0.38314 0.418112 
0.326299 0.443877 
0.544258 0.275709 
0.526431 0.299517 
0.506519 0.32285 
0.461551 0.365749 
0.485263 0.344618 
0.410305 0.402535 
0.0196129 0.482084 
0.0802987 0.484715 
0.0499362 0.483933 
0.235914 0.470105 
0.26667 0.46292 
0.204895 0.475762 
0.560074 0.251952 
0.597469 0.187245 
0.653377 0.0267477 
0.65165 0.0399163 
-0.590215 0.131875 
0.638985 0.092722 
0.296664 0.454246 
-0.0663822 0.471201 
0.436565 0.385032 
0.111368 0.484372 
0.142387 0.482826 
0.173556 0.479992 
0.579422 0.219788 
0.624593 0.131087 
-0.204537 0.435992 
-0.628299 0.0264533 
0.655012 0.000295215 
-0.600668 0.110343 
-0.631592 0.00882878 
-0.624182 0.0439708 
-0.613592 0.0783755 
-0.619266 0.0613059 
-0.575324 0.158395 
-0.607365 0.0947175 
-0.53585 0.214856 
-0.504493 0.25132 
-0.435095 0.31476 
-0.46397 0.29083 
-0.287274 0.403239 
-0.42017 0.326034 
-0.548677 0.198119 
-0.389452 0.347275 
-0.305821 0.394494 
-0.373619 0.357313 
-0.247681 0.420125 
-0.226563 0.428207 
-0.132737 0.457107 
-0.0241594 0.477579 
-0.106901 0.463194 
-0.522595 0.230963 
-0.340811 0.376398 
-0.561251 0.180351 
-0.181557 0.443443 
-0.157624 0.450501 
-0.63405 -0.00882875 
-0.404948 0.336869 
0.369258 0.425199 
-0.267895 0.411797 
0.473594 0.355395 
0.39685 0.410547 
-0.357464 0.366986 
0.0651143 0.48446 
-0.323666 0.385537 
0.251338 0.466707 
0.220439 0.473118 
0.552311 0.263928 
0.614142 0.154258 
0.603197 0.176314 
0.5916 0.198114 
0.654018 0.0201372 
0.649307 0.0532204 
-0.586599 0.138701 
0.652587 0.0333415 
0.516668 0.31135 
0.566674 0.24132 
-0.449705 0.303028 
0.281725 0.458783 
0.311555 0.449272 
0.00499855 0.48082 
0.0347668 0.48314 
-0.0525556 0.473509 
0.535524 0.287749 
0.423585 0.394009 
0.0958351 0.484691 
0.126886 0.483753 
-0.080171 0.468685 
0.157987 0.481573 
0.34082 0.438078 
0.18925 0.478053 
-0.593715 0.124989 
0.642943 0.0796374 
0.496074 0.333915 
0.634491 0.105902 
0.449226 0.37561 
-0.482053 0.274162 
ZONE T="boundary5"
-0.622436 -0.154366 
0.576013 -0.196677 
-0.636123 -0.0702032 
-0.634899 -0.0874333 
0.644706 -0.0771998 
-0.566544 -0.273958 
-0.632903 -0.104458 
-0.630154 -0.121275 
-0.547303 -0.299569 
-0.256796 -0.44002 
-0.137781 -0.435836 
-0.162824 -0.438315 
-0.27862 -0.438276 
-0.337946 -0.428404 
-0.319165 -0.432405 
-0.298979 -0.435779 
-0.634967 -0.0176695 
-0.356517 -0.423571 
-0.211385 -0.440885 
-0.234851 -0.440877 
-0.187882 -0.440044 
-0.512618 -0.336423 
-0.526318 -0.323043 
-0.111221 -0.43251 
-0.373883 -0.418204 
-0.469126 -0.371133 
-0.483826 -0.360564 
0.652705 -0.0390566 
-0.636553 -0.0528246 
-0.636173 -0.0352992 
-0.49851 -0.348867 
0.654884 -0.012932 
-0.453962 -0.380964 
-0.43877 -0.38982 
-0.423197 -0.397956 
-0.407248 -0.405376 
0.647996 -0.0646351 
-0.583776 -0.246412 
-0.0847134 -0.428597 
-0.0567766 -0.423964 
-0.0288941 -0.418945 
0.000318948 -0.413385 
0.0294697 -0.407637 
0.276616 -0.354828 
0.120989 -0.389039 
0.0897316 -0.395442 
0.0596419 -0.401564 
0.152137 -0.382604 
0.183808 -0.375956 
0.363149 -0.329778 
0.335211 -0.338743 
0.246064 -0.362192 
-0.390981 -0.412065 
0.390742 -0.319809 
0.469574 -0.282603 
0.444414 -0.296196 
0.539323 -0.232669 
0.493838 -0.267507 
0.517087 -0.250865 
0.548859 -0.224108 
0.55815 -0.215273 
0.640809 -0.0895778 
0.631236 -0.113756 
0.619375 -0.137106 
0.591402 -0.178483 
0.654114 -0.0260506 
-0.611937 -0.186429 
0.605624 -0.159169 
0.306024 -0.347142 
-0.598942 -0.217183 
0.417887 -0.308664 
0.215344 -0.36914 
-0.63561 -0.0788258 
-0.631623 -0.112883 
-0.633998 -0.0959579 
-0.150295 -0.437162 
-0.267719 -0.439263 
-0.309092 -0.434204 
-0.34726 -0.426093 
-0.22312 -0.440993 
-0.199632 -0.440565 
-0.519553 -0.329821 
-0.124492 -0.434254 
-0.365231 -0.420984 
-0.47654 -0.365937 
-0.636465 -0.0440602 
-0.505642 -0.342734 
-0.635673 -0.0264778 
-0.446418 -0.38548 
-0.431031 -0.393977 
-0.415265 -0.401757 
-0.461603 -0.376139 
0.650667 -0.0519039 
-0.636439 -0.0615169 
-0.175348 -0.43928 
-0.575447 -0.260367 
-0.557198 -0.286972 
-0.288814 -0.437135 
-0.0979585 -0.430619 
-0.0707357 -0.426337 
-0.0142814 -0.416195 
0.0746899 -0.398508 
0.105364 -0.392245 
0.04456 -0.404611 
0.167978 -0.379297 
0.349217 -0.334375 
0.261357 -0.358573 
0.457092 -0.289584 
0.505597 -0.259377 
0.376994 -0.32493 
0.544122 -0.228422 
0.567225 -0.206116 
-0.382467 -0.415232 
0.63631 -0.101781 
0.583852 -0.187703 
0.646428 -0.0709375 
0.65349 -0.0325621 
0.642833 -0.0834125 
-0.491241 -0.354808 
-0.61753 -0.170512 
-0.328579 -0.430508 
-0.399153 -0.408812 
-0.245829 -0.440556 
0.598684 -0.168952 
0.654579 -0.0194962 
-0.537057 -0.311529 
0.0148993 -0.410529 
0.320647 -0.343043 
0.291341 -0.351064 
-0.60575 -0.201939 
0.431232 -0.302607 
0.404378 -0.314394 
0.199585 -0.372578 
0.481825 -0.275248 
-0.0428278 -0.421495 
-0.591642 -0.231946 
0.136568 -0.385829 
0.230716 -0.365711 
-0.626662 -0.137908 
0.612731 -0.148282 
0.625571 -0.125566 
0.528347 -0.241946 
0.553536 -0.219725 
