ZONE T="boundary0"
-4 0.0770135 
-4 -0.596076 
-4 -0.37304 
-4 -0.433878 
-4 -0.312202 
-4 -0.188256 
-4 -0.214051 
-4 -0.265641 
-4 -0.514977 
-4 0.237855 
-4 0.200527 
-4 0.291696 
-4 0.0116059 
-4 -0.0538018 
-4 -0.108131 
-4 -0.162461 
-4 -0.798038 
-4 0.780834 
-4 0.163198 
-4 0.453602 
-4 0.345536 
-4 0.561667 
-4 -1 
-4 1 
-4 -0.403459 
-4 -0.201153 
-4 0.219191 
-4 0.264776 
-4 -0.021098 
-4 -0.135296 
-4 -0.0809665 
-4 -0.239846 
-4 -0.288921 
-4 -0.175358 
-4 -0.342621 
-4 0.181862 
-4 0.120106 
-4 0.0443097 
-4 -0.555527 
-4 -0.474427 
-4 -0.899019 
-4 -0.697057 
-4 0.67125 
-4 0.890417 
-4 0.318616 
-4 0.399569 
-4 0.507634 
ZONE T="boundary1"
-2.93231 1 
-3.06685 1 
1.68462 1 
3.85653 1 
-0.234938 1 
1.18676 1 
-0.119718 1 
-0.177328 1 
-0.0601442 1 
-1.18006 1 
-3.5539 1 
2.50882 1 
-1.86072 1 
-2.0257 1 
-1.69575 1 
1.07486 1 
2.05572 1 
2.28227 1 
-2.21014 1 
-2.79776 1 
-3.2014 1 
-3.33594 1 
3.19026 1 
3.56959 1 
3.42612 1 
-2.59617 1 
2.95439 1 
-0.693772 1 
-0.574679 1 
0.370592 1 
-0.345261 1 
-0.000570464 1 
0.191509 1 
0.122415 1 
0.260603 1 
0.480581 1 
0.0609221 1 
-0.455585 1 
0.603866 1 
-0.840258 1 
-0.767015 1 
-1.07025 1 
-0.955254 1 
0.727151 1 
0.845051 1 
0.962952 1 
1.29318 1 
4 1 
3.71306 1 
-1.38931 1 
-1.48876 1 
1.3996 1 
1.54211 1 
-1.28986 1 
2.73161 1 
1.87017 1 
-2.39458 1 
-3.77695 1 
-4 1 
-0.2901 1 
0.904002 1 
-2.99958 1 
-0.148523 1 
-0.0899311 1 
-1.94321 1 
2.16899 1 
-2.11792 1 
-3.26867 1 
3.49785 1 
-2.86504 1 
-2.69697 1 
-0.206133 1 
-0.0303573 1 
0.156962 1 
0.315597 1 
0.226056 1 
0.425587 1 
0.0301758 1 
-0.400423 1 
0.542224 1 
-0.803636 1 
-0.634226 1 
-0.730394 1 
-0.897756 1 
-3.44492 1 
0.786101 1 
1.0189 1 
1.13081 1 
1.23997 1 
3.78479 1 
0.665508 1 
-1.43904 1 
-1.59226 1 
-1.23496 1 
-1.12515 1 
2.39554 1 
2.843 1 
1.96294 1 
2.62021 1 
-2.49537 1 
3.64132 1 
3.30819 1 
-2.30236 1 
3.07232 1 
-1.77824 1 
-3.66542 1 
-3.88847 1 
3.92826 1 
0.0916683 1 
-0.262519 1 
-0.317681 1 
0.933477 1 
0.874527 1 
-1.33959 1 
-1.01275 1 
1.34639 1 
-0.515132 1 
1.47086 1 
1.61337 1 
1.7774 1 
-3.13412 1 
ZONE T="boundary2"
4 -0.410022 
4 -0.307308 
4 -0.583663 
4 -0.791831 
4 -0.0718349 
4 0.00931909 
4 0.0904731 
4 0.138764 
4 0.187055 
4 0.242292 
4 0.369127 
4 0.297529 
4 0.440725 
4 -1 
4 -0.181704 
4 -0.213105 
4 -0.496842 
4 0.580544 
4 0.720362 
4 -0.126769 
4 -0.244506 
4 0.510634 
4 1 
4 -0.358665 
4 -0.687747 
4 -0.0312579 
4 0.114619 
4 0.16291 
4 0.214674 
4 0.333328 
4 0.269911 
4 -0.197404 
4 -0.540252 
4 0.404926 
4 0.650453 
4 0.0498961 
4 -0.0993022 
4 -0.275907 
4 0.475679 
4 0.545589 
4 -0.895916 
4 -0.453432 
4 0.860181 
4 -0.228806 
4 -0.154237 
ZONE T="boundary3"
-1.60774 -1 
-1.86167 -1 
0.240154 -1 
0.198657 -1 
-1.0757 -1 
-0.745269 -1 
-0.854784 -1 
0.287289 -1 
3.72599 -1 
4 -1 
-1.28322 -1 
-1.17946 -1 
0.413496 -1 
0.701962 -1 
0.802828 -1 
-0.435787 -1 
-0.537479 -1 
-0.639172 -1 
1.50636 -1 
-1.45546 -1 
-3.48043 -1 
-3.74021 -1 
-0.965244 -1 
1.29045 -1 
1.39841 -1 
1.92791 -1 
-2.24994 -1 
-2.4581 -1 
-2.0558 -1 
-2.66625 -1 
-2.87796 -1 
-3.08966 -1 
3.03982 -1 
2.7149 -1 
2.60659 -1 
3.2459 -1 
3.45197 -1 
2.82321 -1 
-0.346323 -1 
-0.103543 -1 
0.0995292 -1 
0.15716 -1 
0.492567 -1 
0.597265 -1 
0.334425 -1 
-0.0308226 -1 
0.0418981 -1 
-0.180201 -1 
0.903694 -1 
1.09539 -1 
-0.25686 -1 
0.999542 -1 
1.63656 -1 
1.76676 -1 
-4 -1 
-3.28504 -1 
-3.38273 -1 
2.34782 -1 
2.08905 -1 
2.47721 -1 
-1.7347 -1 
0.219406 -1 
3.86299 -1 
-1.23134 -1 
0.752395 -1 
-0.486633 -1 
-0.69222 -1 
-0.588326 -1 
-1.5316 -1 
-3.61032 -1 
-1.02047 -1 
1.34443 -1 
-2.35402 -1 
-2.15287 -1 
-2.77211 -1 
-2.98381 -1 
2.66074 -1 
3.34894 -1 
0.128345 -1 
0.544916 -1 
0.310857 -1 
0.177909 -1 
0.263722 -1 
0.453032 -1 
0.37396 -1 
0.00553777 -1 
0.853261 -1 
0.649613 -1 
1.19292 -1 
-0.800027 -1 
1.04747 -1 
0.951618 -1 
1.57146 -1 
1.45238 -1 
1.70166 -1 
-1.12758 -1 
-1.36934 -1 
3.58898 -1 
3.14286 -1 
-3.18735 -1 
-3.33389 -1 
-1.95873 -1 
1.84733 -1 
2.00848 -1 
2.21844 -1 
-2.56218 -1 
-3.87011 -1 
0.0707137 -1 
-0.218531 -1 
-0.391055 -1 
-0.301592 -1 
-0.141872 -1 
-0.067183 -1 
-0.910014 -1 
2.93151 -1 
2.41251 -1 
2.76905 -1 
-3.43158 -1 
2.5419 -1 
ZONE T="boundary4"
0.613363 0.174937 
0.65918 0.00312912 
0.658161 -0.0110144 
-0.567927 0.20253 
-0.578704 0.187557 
-0.640734 0.0259806 
-0.348412 0.365386 
-0.330123 0.372764 
0.508755 0.308163 
0.484273 0.328254 
-0.643067 -0.00765493 
-0.642313 0.00915747 
-0.626251 0.0919598 
-0.631052 0.0758474 
-0.589099 0.171631 
-0.615114 0.121662 
-0.635091 0.0594091 
-0.638323 0.0427689 
-0.62101 0.106951 
-0.609275 0.134629 
0.645469 0.102084 
0.640702 0.116021 
0.649545 0.0881723 
-0.602935 0.147362 
0.652974 0.0740652 
0.655686 0.0599494 
-0.556929 0.216532 
-0.54539 0.230096 
-0.472984 0.296278 
-0.445108 0.315377 
-0.414977 0.333302 
-0.398952 0.341879 
-0.382691 0.349992 
-0.365651 0.357915 
0.370034 0.392722 
0.385146 0.386303 
-0.311664 0.379689 
-0.291921 0.386564 
-0.272029 0.392979 
-0.250675 0.399339 
-0.229192 0.405226 
-0.158293 0.421401 
-0.182998 0.4163 
-0.133486 0.425984 
-0.107218 0.430268 
-0.0808639 0.433992 
0.530706 0.287335 
0.623871 0.15499 
0.578086 0.230358 
0.564186 0.248974 
0.659435 0.0173602 
-0.206152 0.411008 
0.657686 0.0456971 
0.471223 0.337833 
0.443812 0.355794 
0.308574 0.413944 
0.339357 0.404231 
0.54878 0.267729 
0.0323177 0.443509 
0.0621617 0.444213 
-0.0254601 0.439973 
0.0920205 0.444112 
0.00340405 0.44209 
0.153144 0.441209 
0.184227 0.438221 
0.277574 0.422081 
0.246495 0.428758 
0.215192 0.434128 
0.635352 0.129748 
0.602649 0.193282 
0.591253 0.211213 
0.414902 0.372031 
0.658932 0.0315665 
-0.0531978 0.437292 
-0.498538 0.276086 
0.1226 0.44313 
-0.534008 0.242516 
-0.522186 0.254519 
-0.573397 0.195103 
-0.339291 0.369133 
0.496696 0.318431 
-0.642791 0.00075579 
-0.628749 0.0839326 
-0.583996 0.179656 
-0.636809 0.0511088 
-0.633172 0.0676529 
-0.623715 0.099485 
-0.612258 0.128174 
0.643161 0.109078 
0.647586 0.0951513 
-0.618144 0.114339 
-0.596239 0.159623 
-0.606166 0.141026 
0.654417 0.0670239 
-0.459204 0.306059 
0.651344 0.0811393 
-0.406996 0.337649 
-0.430181 0.324573 
-0.390849 0.345992 
-0.357055 0.361706 
0.377614 0.389568 
-0.374197 0.354011 
-0.301813 0.383185 
-0.26137 0.396219 
-0.239949 0.40234 
-0.170659 0.418916 
-0.641626 0.0175786 
-0.120364 0.428196 
-0.0940507 0.4322 
-0.562498 0.209586 
-0.320914 0.376281 
0.571232 0.239738 
0.659403 0.0102429 
-0.194589 0.413714 
0.658766 -0.00394967 
0.457674 0.347053 
0.556603 0.25845 
0.477791 0.333102 
-0.639632 0.0343895 
0.0472372 0.44396 
0.0770913 0.444266 
-0.0110344 0.441118 
-0.281993 0.389827 
0.539895 0.277672 
0.168698 0.439849 
0.262071 0.425588 
0.638097 0.122912 
0.597031 0.202298 
0.400135 0.379399 
0.618737 0.165027 
0.608097 0.184163 
0.658401 0.0386398 
0.659278 0.0244666 
0.656777 0.052836 
0.519916 0.297945 
-0.145901 0.423757 
0.58476 0.220847 
-0.217688 0.40818 
0.629828 0.142467 
0.0178564 0.442889 
0.199728 0.436317 
0.230871 0.431601 
-0.0393365 0.43871 
-0.485937 0.286405 
0.137879 0.44229 
-0.06704 0.435719 
0.107314 0.443735 
0.293122 0.418194 
-0.551225 0.223369 
-0.528152 0.248571 
-0.510554 0.265512 
-0.539754 0.236356 
0.429492 0.364154 
0.354775 0.39869 
0.324027 0.409283 
ZONE T="boundary5"
0.595617 -0.162368 
-0.486816 -0.332395 
-0.554989 -0.259909 
-0.603594 -0.180686 
-0.588879 -0.208508 
-0.642164 -0.0410297 
-0.64301 -0.0244097 
-0.635164 -0.0897404 
-0.616441 -0.15148 
-0.622065 -0.136369 
-0.640556 -0.0574663 
0.658161 -0.0110144 
0.656384 -0.0250722 
-0.638211 -0.0737234 
-0.231852 -0.453678 
-0.27516 -0.443228 
-0.254258 -0.448668 
-0.295859 -0.437069 
-0.334421 -0.42339 
-0.352743 -0.415801 
-0.109448 -0.467705 
-0.0823046 -0.468066 
-0.160941 -0.464386 
-0.185169 -0.461565 
-0.209282 -0.457907 
-0.456056 -0.356807 
-0.471816 -0.344792 
-0.135226 -0.466486 
-0.501312 -0.319411 
-0.572618 -0.234912 
-0.643067 -0.00765493 
-0.525155 -0.295526 
-0.535513 -0.283984 
-0.423068 -0.379046 
-0.315258 -0.430561 
-0.388509 -0.398731 
-0.405898 -0.38925 
-0.439841 -0.368198 
0.646638 -0.0662872 
0.624044 -0.118485 
0.636635 -0.0928224 
-0.37079 -0.407578 
-0.63144 -0.105522 
0.58116 -0.180711 
0.56575 -0.198515 
-0.055155 -0.467516 
0.00150738 -0.463554 
-0.0267984 -0.466 
0.030823 -0.460064 
0.0600297 -0.455639 
0.180034 -0.427766 
0.150042 -0.436184 
0.119821 -0.443687 
0.09001 -0.450129 
0.210385 -0.418253 
0.240436 -0.407827 
0.35763 -0.356682 
0.328973 -0.370873 
0.270328 -0.396429 
0.466571 -0.289209 
0.512421 -0.251598 
0.41345 -0.325197 
0.491242 -0.269846 
0.531354 -0.233968 
0.549659 -0.215713 
0.385849 -0.341456 
0.641966 -0.0796772 
0.609068 -0.143268 
0.65386 -0.0389844 
0.650601 -0.0527423 
0.440416 -0.307793 
0.299845 -0.384119 
-0.596476 -0.194724 
-0.642685 -0.0327248 
-0.619328 -0.143953 
-0.641455 -0.0492574 
0.657367 -0.0180554 
-0.636776 -0.0817488 
-0.264732 -0.446037 
-0.285537 -0.440239 
-0.343615 -0.419674 
-0.0958781 -0.468001 
-0.243077 -0.451272 
-0.197242 -0.459842 
-0.463995 -0.350877 
-0.494129 -0.325976 
-0.580955 -0.221837 
-0.530383 -0.289799 
-0.397247 -0.39407 
-0.448004 -0.362581 
-0.431506 -0.373702 
-0.643139 -0.0160327 
-0.545456 -0.272112 
0.630634 -0.105799 
-0.361802 -0.411769 
-0.148093 -0.465548 
-0.479377 -0.338667 
-0.414531 -0.384228 
0.573549 -0.189694 
-0.305586 -0.433898 
-0.0687277 -0.467903 
-0.379689 -0.403234 
0.0454435 -0.457967 
0.13496 -0.440051 
0.0750412 -0.453002 
0.195245 -0.423124 
0.225449 -0.413153 
0.343362 -0.363899 
0.501928 -0.260834 
0.540584 -0.224919 
0.521965 -0.242866 
0.479025 -0.279677 
0.371809 -0.349197 
-0.173067 -0.463079 
0.639381 -0.0862824 
0.602481 -0.152916 
0.648707 -0.0595404 
0.644386 -0.0730118 
0.655214 -0.0320453 
0.652321 -0.0458849 
-0.627073 -0.121043 
-0.639475 -0.0656081 
-0.324871 -0.427059 
-0.633387 -0.0976513 
-0.220585 -0.455889 
-0.122342 -0.467204 
0.55778 -0.207185 
0.588503 -0.17163 
0.016179 -0.461928 
-0.012636 -0.464891 
0.165069 -0.432087 
0.453602 -0.298653 
0.427027 -0.316638 
-0.0409707 -0.466876 
0.10494 -0.447022 
0.285135 -0.390389 
0.255426 -0.402242 
0.39973 -0.333461 
0.616812 -0.131032 
-0.564001 -0.24755 
-0.513448 -0.307683 
-0.610293 -0.166204 
0.314463 -0.377614 
