ZONE T="boundary0"
-4 -0.573793 
-4 -0.276895 
-4 -0.211873 
-4 0.187365 
-4 0.21623 
-4 0.405712 
-4 0.575059 
-4 0.474326 
-4 0.675792 
-4 0.837896 
-4 -0.08077 
-4 -0.146322 
-4 1 
-4 -0.344805 
-4 -0.412714 
-4 0.0100005 
-4 -0.493254 
-4 0.1585 
-4 0.276664 
-4 0.129636 
-4 0.246447 
-4 0.337098 
-4 0.371405 
-4 0.100771 
-4 0.0553857 
-4 -0.786897 
-4 -0.875 
-4 -1 
-4 -0.244384 
-4 0.201798 
-4 0.524692 
-4 0.756844 
-4 -0.179098 
-4 0.918948 
-4 -0.378759 
-4 -0.113546 
-4 -0.0353848 
-4 -0.533524 
-4 0.172933 
-4 0.144068 
-4 0.231338 
-4 0.306881 
-4 0.625425 
-4 -0.31085 
-4 0.261555 
-4 0.0780783 
-4 0.115203 
-4 0.440019 
-4 0.354251 
-4 0.0326931 
-4 -0.452984 
-4 -0.680345 
-4 -0.830948 
-4 0.388558 
-4 -0.9375 
ZONE T="boundary1"
-3.23579 1 
-3.3955 1 
-3.08798 1 
1.795 1 
1.63019 1 
3.73475 1 
0.202693 1 
0.369426 1 
0.480691 1 
0.705913 1 
0.591956 1 
1.49507 1 
-1.02396 1 
1.04051 1 
1.14939 1 
-3.7776 1 
-4 1 
-2.73484 1 
-2.94017 1 
1.9598 1 
-1.78303 1 
-2.5295 1 
3.60213 1 
3.46951 1 
2.93902 1 
2.69533 1 
2.45164 1 
2.20572 1 
-0.3273 1 
0.0214335 1 
-0.0368078 1 
-0.600581 1 
0.312126 1 
0.150561 1 
0.254826 1 
0.0859971 1 
0.931636 1 
0.818775 1 
-0.095049 1 
-0.808035 1 
-0.704308 1 
1.25467 1 
1.35995 1 
-0.511083 1 
-1.13858 1 
-1.2532 1 
-0.915998 1 
-3.55521 1 
-1.9514 1 
-1.50437 1 
-1.37879 1 
-1.6437 1 
-2.11977 1 
-2.32463 1 
4 1 
-0.164032 1 
-0.233015 1 
-0.421586 1 
-3.31564 1 
-3.16188 1 
1.71259 1 
0.425058 1 
0.648935 1 
1.09495 1 
-3.8888 1 
-2.8375 1 
3.20426 1 
2.57348 1 
-2.63217 1 
-0.00768712 1 
0.176627 1 
0.283476 1 
0.340776 1 
0.0537153 1 
0.22876 1 
0.536324 1 
0.762344 1 
-0.756171 1 
-0.652444 1 
0.986074 1 
0.875205 1 
1.20203 1 
1.56263 1 
1.42751 1 
-1.19589 1 
1.30731 1 
1.8774 1 
3.53582 1 
-3.47535 1 
2.08276 1 
2.81717 1 
-1.86722 1 
-1.71337 1 
-2.03558 1 
-2.2222 1 
3.86738 1 
3.66844 1 
-3.66641 1 
-2.42707 1 
-3.01407 1 
-0.198523 1 
-0.12954 1 
0.118279 1 
-0.280157 1 
-0.374443 1 
-0.466334 1 
-1.08127 1 
-0.555832 1 
-0.96998 1 
-0.862017 1 
-1.57404 1 
-1.316 1 
-1.44158 1 
-0.0659284 1 
2.32868 1 
ZONE T="boundary2"
4 -0.364755 
4 -0.307253 
4 -0.238285 
4 0.385548 
4 0.322015 
4 0.764987 
4 -0.131026 
4 -0.0873614 
4 -0.422258 
4 0.258482 
4 -0.627084 
4 -1 
4 -0.174691 
4 0.0169716 
4 0.121305 
4 0.529975 
4 -0.0351949 
4 0.189893 
4 0.457761 
4 -0.813542 
4 1 
4 -0.336004 
4 -0.272769 
4 0.353781 
4 -0.109194 
4 0.290248 
4 -0.206488 
4 0.0691381 
4 0.647481 
4 -0.393507 
4 -0.524671 
4 -0.0612782 
4 0.224188 
4 0.493868 
4 -0.720313 
4 -0.906771 
4 0.882494 
4 -0.152859 
4 -0.00911166 
4 0.421654 
4 0.155599 
ZONE T="boundary3"
-3.5758 -1 
-1.73789 -1 
-1.34948 -1 
-0.736069 -1 
-0.2796 -1 
-1.25739 -1 
-0.164234 -1 
-0.325538 -1 
0.637225 -1 
1.86528 -1 
2.05199 -1 
-0.425315 -1 
1.19102 -1 
1.088 -1 
-0.841128 -1 
1.30029 -1 
4 -1 
3.64831 -1 
2.51433 -1 
2.7502 -1 
-3.06581 -1 
-2.82892 -1 
-3.32081 -1 
3.47246 -1 
2.98606 -1 
-2.17516 -1 
-2.38359 -1 
-1.95652 -1 
-1.49321 -1 
0.0370437 -1 
-0.0288812 -1 
-0.233662 -1 
-0.0948062 -1 
0.10004 -1 
0.163036 -1 
-0.630581 -1 
-0.525092 -1 
0.238681 -1 
0.314326 -1 
0.415892 -1 
0.984977 -1 
0.870984 -1 
0.517457 -1 
-1.42135 -1 
-1.05575 -1 
-0.946187 -1 
-1.16531 -1 
-3.89395 -1 
-3.7879 -1 
0.756992 -1 
-2.59203 -1 
1.40956 -1 
1.54407 -1 
1.67857 -1 
3.29662 -1 
2.28316 -1 
-4 -1 
1.95864 -1 
-0.375426 -1 
1.13951 -1 
-0.788599 -1 
3.82415 -1 
2.63226 -1 
-3.4483 -1 
3.56038 -1 
2.86813 -1 
-2.27938 -1 
-1.84721 -1 
0.00408125 -1 
-0.256631 -1 
-0.302569 -1 
-0.12952 -1 
-0.198948 -1 
0.131538 -1 
-0.475203 -1 
-0.577836 -1 
-0.683325 -1 
0.200858 -1 
0.92798 -1 
0.466674 -1 
0.365109 -1 
-1.38541 -1 
-1.00097 -1 
-1.30344 -1 
-1.21135 -1 
-1.45728 -1 
-0.893657 -1 
-1.61555 -1 
-3.84092 -1 
0.813988 -1 
-2.94737 -1 
-2.71048 -1 
-3.19331 -1 
-2.48781 -1 
1.35493 -1 
1.24566 -1 
1.47682 -1 
1.61132 -1 
3.14134 -1 
3.38454 -1 
-2.06584 -1 
1.77193 -1 
2.16758 -1 
2.39875 -1 
-0.0618437 -1 
0.0685418 -1 
0.276504 -1 
0.577341 -1 
0.697108 -1 
1.03649 -1 
-1.11053 -1 
-3.68185 -1 
-3.94697 -1 
ZONE T="boundary4"
-0.310761 0.363309 
-0.136019 0.411107 
-0.10996 0.416203 
0.654828 0.023349 
-0.570237 0.18749 
-0.634326 0.0407022 
-0.636844 0.0236159 
-0.630933 0.057616 
0.636643 0.131317 
0.627004 0.155859 
-0.412093 0.319456 
-0.621597 0.0906313 
0.644936 0.104546 
-0.639245 -0.0106748 
-0.44275 0.302073 
-0.63848 0.0064745 
-0.291488 0.369965 
-0.272101 0.376249 
0.58213 0.23761 
0.571068 0.253471 
0.592585 0.221338 
-0.626675 0.0743024 
-0.609767 0.120654 
-0.61603 0.105816 
-0.603486 0.133838 
-0.596648 0.146751 
-0.520938 0.242657 
-0.557883 0.203227 
-0.544793 0.218329 
-0.581964 0.170836 
-0.184855 0.400261 
-0.160482 0.405889 
-0.532611 0.23121 
0.652728 -0.00362781 
-0.497431 0.263397 
-0.457607 0.292667 
-0.472125 0.282742 
-0.427554 0.311002 
-0.484948 0.273291 
-0.396224 0.327547 
-0.380149 0.335206 
-0.328739 0.356695 
-0.363447 0.342653 
-0.346582 0.349701 
-0.251201 0.382603 
-0.230202 0.388585 
-0.207575 0.394614 
-0.0838142 0.420839 
-0.028553 0.429039 
0.364771 0.40189 
0.334909 0.411484 
0.545191 0.285468 
0.525564 0.305722 
0.477988 0.344648 
0.451074 0.361961 
0.502508 0.326125 
0.616623 0.178218 
0.150339 0.438732 
0.119717 0.439148 
0.0891139 0.438634 
0.0591802 0.437293 
0.243331 0.430968 
0.274154 0.4259 
0.212382 0.434731 
0.181388 0.437287 
0.0293098 0.435179 
0.563376 0.2637 
0.000335586 0.43243 
0.605061 0.200119 
0.65484 0.0368906 
0.654175 0.0503849 
0.650831 0.0775711 
0.304714 0.419438 
-0.0562287 0.425207 
0.394239 0.390502 
0.423069 0.377228 
-0.508859 0.253677 
-0.123001 0.413712 
-0.635695 0.0321753 
0.632028 0.143669 
0.64106 0.118016 
-0.63897 -0.00209534 
-0.281809 0.373151 
0.576679 0.245597 
-0.632739 0.0491811 
-0.628912 0.0659869 
-0.612987 0.113273 
-0.618906 0.0982575 
-0.600134 0.14033 
-0.551427 0.210855 
-0.589542 0.158937 
-0.606697 0.12728 
-0.17268 0.403126 
-0.538766 0.22483 
0.654126 0.0098335 
-0.464911 0.287771 
-0.419855 0.315286 
-0.388211 0.331428 
-0.450219 0.297433 
-0.319766 0.360048 
-0.355034 0.346225 
-0.371821 0.338981 
-0.624241 0.0824995 
-0.240715 0.385639 
-0.218901 0.391649 
-0.148261 0.408549 
-0.196226 0.397484 
-0.0968975 0.418579 
-0.301141 0.366685 
-0.637771 0.0150556 
0.349906 0.406894 
0.535565 0.295777 
0.464693 0.353556 
0.490423 0.335619 
0.621965 0.167109 
0.135029 0.43906 
0.0741426 0.438063 
-0.261666 0.379474 
0.25877 0.428602 
0.165869 0.438143 
0.196897 0.436153 
-0.0141178 0.430813 
-0.337679 0.353247 
0.610974 0.189238 
0.59894 0.210798 
-0.404187 0.323557 
0.65283 0.0640182 
0.654591 0.0436418 
0.654919 0.0301197 
0.567261 0.258614 
0.289472 0.42285 
0.319862 0.415654 
0.514237 0.316151 
0.0148149 0.433888 
0.0442384 0.43633 
-0.0424004 0.427192 
0.408762 0.3841 
0.554482 0.274749 
0.104413 0.439003 
-0.0700319 0.423089 
0.227876 0.433005 
0.437205 0.36984 
0.37959 0.396418 
-0.514948 0.248222 
-0.435188 0.306598 
0.58743 0.229521 
-0.564159 0.195436 
-0.576213 0.179242 
0.648184 0.0911243 
-0.503186 0.258585 
-0.526826 0.236986 
-0.478578 0.278071 
-0.491232 0.2684 
ZONE T="boundary5"
-0.574462 -0.23185 
0.465771 -0.269894 
0.441452 -0.289452 
-0.259705 -0.467213 
-0.23816 -0.473109 
-0.517494 -0.308398 
-0.636542 -0.0616042 
-0.638248 -0.0447758 
-0.63916 -0.0277849 
0.640368 -0.0559848 
0.647878 -0.0301486 
-0.626977 -0.110939 
0.617852 -0.105305 
0.630308 -0.0810649 
-0.634071 -0.0782676 
-0.504708 -0.321991 
-0.49152 -0.335033 
-0.630873 -0.0947117 
-0.604911 -0.173736 
-0.617166 -0.142831 
-0.281023 -0.460525 
-0.338409 -0.437959 
-0.356249 -0.429465 
-0.300786 -0.453531 
-0.320292 -0.44584 
-0.372964 -0.420808 
-0.141669 -0.489686 
-0.166724 -0.486857 
-0.191652 -0.483037 
-0.214999 -0.478519 
-0.477876 -0.347599 
-0.463999 -0.359519 
-0.639245 -0.0106748 
-0.537821 -0.284499 
-0.435207 -0.381817 
-0.389386 -0.411601 
-0.449724 -0.37096 
-0.405022 -0.402148 
-0.420342 -0.39219 
0.574449 -0.165816 
0.586716 -0.150984 
0.635645 -0.0686328 
0.652728 -0.00362781 
-0.556861 -0.25893 
-0.115818 -0.491568 
0.511524 -0.22974 
0.529756 -0.212559 
-0.0885957 -0.492434 
-0.00472669 -0.488069 
-0.0613714 -0.492174 
-0.0330045 -0.490718 
0.0239569 -0.484164 
0.257616 -0.4064 
0.0529762 -0.478963 
0.0822472 -0.472437 
0.111714 -0.464567 
0.14131 -0.455343 
0.488932 -0.250098 
0.171028 -0.444753 
0.31239 -0.376574 
0.28522 -0.391892 
0.200345 -0.433006 
0.229198 -0.420201 
0.365231 -0.343873 
0.339034 -0.360566 
0.391127 -0.326415 
0.650643 -0.0169638 
0.603155 -0.128727 
0.561229 -0.180604 
0.547542 -0.194955 
0.416519 -0.308305 
-0.590554 -0.203444 
0.453687 -0.279767 
-0.248959 -0.47026 
-0.637493 -0.0531999 
-0.638806 -0.0362858 
0.644448 -0.0431612 
0.624352 -0.0933247 
-0.635402 -0.0699499 
-0.498172 -0.328571 
-0.629012 -0.102846 
-0.611332 -0.1584 
-0.270395 -0.463968 
-0.347365 -0.433788 
-0.290935 -0.457115 
-0.154211 -0.488395 
-0.203347 -0.480889 
-0.226606 -0.475926 
-0.310573 -0.449772 
-0.484753 -0.341376 
-0.527847 -0.29661 
-0.381213 -0.416273 
-0.45691 -0.365299 
-0.442511 -0.376449 
-0.412723 -0.397232 
-0.470989 -0.353618 
0.580659 -0.158463 
-0.397243 -0.406938 
-0.329384 -0.441976 
0.638083 -0.0623376 
-0.639308 -0.0192303 
-0.565869 -0.245525 
-0.128753 -0.490756 
0.520686 -0.221198 
-0.102211 -0.492142 
-0.0749822 -0.492444 
0.0384939 -0.481716 
0.0676459 -0.475853 
0.126559 -0.460106 
0.500289 -0.239987 
0.156221 -0.450196 
-0.364642 -0.425205 
0.298859 -0.38433 
0.214828 -0.426732 
0.352187 -0.352304 
0.378236 -0.335228 
-0.427817 -0.387064 
0.649345 -0.023574 
0.59513 -0.139999 
0.567905 -0.173269 
0.554438 -0.187829 
0.63305 -0.0748805 
0.610742 -0.117165 
-0.632563 -0.0865073 
-0.54755 -0.27187 
-0.511163 -0.315253 
0.651772 -0.0103093 
0.538711 -0.20382 
-0.179207 -0.485071 
0.477422 -0.260079 
0.00963559 -0.486267 
-0.0188517 -0.489541 
0.271474 -0.399252 
0.243464 -0.413418 
0.403884 -0.317446 
0.0970212 -0.468655 
-0.0471802 -0.491596 
0.429054 -0.298969 
0.325766 -0.368659 
-0.582728 -0.217771 
-0.622398 -0.126985 
-0.597989 -0.188714 
0.185742 -0.439018 
