ZONE T="boundary0"
-4 -0.0760868 
-4 -0.146302 
-4 -0.221399 
-4 -0.293042 
-4 -0.25722 
-4 0.127505 
-4 -0.00343423 
-4 0.35736 
-4 0.315813 
-4 0.814452 
-4 0.628903 
-4 0.398907 
-4 -1 
-4 -0.34395 
-4 -0.394857 
-4 -0.511063 
-4 -0.45296 
-4 -0.602566 
-4 0.513905 
-4 0.0692183 
-4 -0.694069 
-4 -0.847035 
-4 0.283308 
-4 0.250803 
-4 0.218298 
-4 0.185793 
-4 1 
-4 -0.111194 
-4 -0.275131 
-4 -0.0397605 
-4 0.336586 
-4 0.721677 
-4 -0.369403 
-4 -0.18385 
-4 -0.23931 
-4 -0.482012 
-4 0.378133 
-4 0.571404 
-4 0.032892 
-4 0.456406 
-4 -0.648318 
-4 -0.556815 
-4 -0.923517 
-4 -0.318496 
-4 0.267055 
-4 0.29956 
-4 0.23455 
-4 -0.423909 
-4 0.0983619 
-4 0.156649 
-4 0.907226 
-4 -0.770552 
-4 0.202045 
ZONE T="boundary1"
2.00338 1 
4 1 
-3.4148 1 
-0.0439687 1 
-1.03557 1 
-0.182464 1 
-0.136299 1 
-0.931117 1 
-3.88933 1 
-0.596661 1 
-0.711662 1 
-1.32627 1 
-1.67036 1 
1.48062 1 
-1.82995 1 
-1.98954 1 
3.62416 1 
3.27986 1 
-3.55732 1 
-1.42514 1 
-1.54775 1 
-3.27228 1 
1.84517 1 
2.7828 1 
3.15559 1 
3.03133 1 
-2.54602 1 
-0.486167 1 
0.155481 1 
0.299336 1 
0.226917 1 
-0.302152 1 
-0.375674 1 
-0.826663 1 
0.0200383 1 
0.0840454 1 
-0.0901339 1 
0.680332 1 
-0.22863 1 
0.557026 1 
0.464391 1 
0.418073 1 
0.371756 1 
0.924876 1 
0.803639 1 
-1.22741 1 
-1.13149 1 
1.04611 1 
1.27429 1 
1.1602 1 
1.10316 1 
-3.77866 1 
1.68696 1 
2.5513 1 
2.3198 1 
-2.73272 1 
-2.35931 1 
-3.0025 1 
1.37746 1 
-2.17443 1 
0.985494 1 
-4 1 
-0.159382 1 
-0.654161 1 
-1.90975 1 
3.81208 1 
-1.48644 1 
1.92427 1 
3.09346 1 
-0.541414 1 
0.263127 1 
-0.338913 1 
-0.0119652 1 
0.0520418 1 
-0.113217 1 
-0.205547 1 
-0.769162 1 
0.510708 1 
0.394914 1 
0.618679 1 
0.864257 1 
0.741985 1 
-0.983345 1 
-1.17945 1 
-0.87889 1 
-1.37571 1 
-1.60905 1 
-1.27684 1 
1.21724 1 
1.13168 1 
-3.66799 1 
1.58379 1 
2.66705 1 
2.90706 1 
2.43555 1 
-2.45266 1 
-3.13739 1 
1.32587 1 
-2.08199 1 
2.16159 1 
3.21773 1 
-1.75016 1 
3.45201 1 
-3.34354 1 
-3.48606 1 
0.119763 1 
0.191199 1 
0.335546 1 
0.441232 1 
-0.265391 1 
-0.430921 1 
-0.0670513 1 
-2.86761 1 
-2.63937 1 
-1.08353 1 
0.955185 1 
1.0158 1 
1.07463 1 
1.76606 1 
-3.94467 1 
-3.834 1 
1.42904 1 
-2.26687 1 
ZONE T="boundary2"
4 -0.691243 
4 -0.845621 
4 -0.416552 
4 -0.346083 
4 -0.28825 
4 -0.230418 
4 -0.589131 
4 -0.173467 
4 0.570597 
4 1 
4 0.664274 
4 -0.115075 
4 0.00966209 
4 0.343279 
4 -1 
4 -0.0566835 
4 -0.48702 
4 0.0760077 
4 0.181734 
4 0.146492 
4 0.248551 
4 0.280127 
4 0.476919 
4 0.216976 
4 -0.768432 
4 -0.381317 
4 -0.317167 
4 -0.259334 
4 -0.201942 
4 0.832137 
4 -0.0858793 
4 -0.144271 
4 -0.451786 
4 0.0428349 
4 -0.0235107 
4 0.11125 
4 0.264339 
4 0.410099 
4 -0.640187 
4 -0.538076 
4 -0.922811 
4 0.311703 
4 0.232764 
4 0.164113 
4 0.199355 
4 0.523758 
4 0.617435 
ZONE T="boundary3"
1.54384 -1 
1.7574 -1 
-0.346152 -1 
0.0312905 -1 
0.0926108 -1 
-0.298969 -1 
0.877087 -1 
4 -1 
3.57242 -1 
3.14484 -1 
1.4312 -1 
2.03718 -1 
1.89729 -1 
2.26868 -1 
2.50017 -1 
2.66134 -1 
2.82251 -1 
2.98367 -1 
-4 -1 
-3.75 -1 
-2.82658 -1 
-3.09962 -1 
-3.37266 -1 
-2.03123 -1 
0.461671 -1 
-0.0906646 -1 
-0.151299 -1 
-0.0300298 -1 
0.556991 -1 
-0.225134 -1 
-0.487699 -1 
-0.393334 -1 
0.183271 -1 
0.652312 -1 
-0.544827 -1 
0.320866 -1 
0.367801 -1 
0.989612 -1 
0.764699 -1 
0.228601 -1 
0.27393 -1 
-1.07332 -1 
-1.1838 -1 
-0.777868 -1 
-0.716211 -1 
-3.56133 -1 
1.10214 -1 
1.31856 -1 
1.21035 -1 
-1.37213 -1 
-1.44985 -1 
-0.962838 -1 
-1.27796 -1 
-1.68299 -1 
-1.85711 -1 
-0.659083 -1 
-0.601955 -1 
-0.839524 -1 
-1.52756 -1 
-2.62598 -1 
-2.42538 -1 
-2.22831 -1 
1.65062 -1 
0.0619507 -1 
-0.32256 -1 
3.78621 -1 
3.35863 -1 
1.96724 -1 
2.38442 -1 
2.74192 -1 
-3.875 -1 
-3.23614 -1 
-0.120982 -1 
-0.0603472 -1 
-0.440516 -1 
0.137941 -1 
0.344333 -1 
0.604652 -1 
0.708506 -1 
0.251265 -1 
0.933349 -1 
0.820893 -1 
-1.12856 -1 
-0.747039 -1 
-3.467 -1 
1.04587 -1 
1.26445 -1 
-1.41099 -1 
-3.65567 -1 
1.48752 -1 
1.37488 -1 
-1.23088 -1 
2.90309 -1 
3.06426 -1 
-2.9631 -1 
-1.94417 -1 
-1.77005 -1 
2.58075 -1 
1.82735 -1 
-0.188217 -1 
-0.262052 -1 
0.000630372 -1 
-0.369743 -1 
0.509331 -1 
-0.687647 -1 
-0.516263 -1 
-0.630519 -1 
-0.573391 -1 
-0.808696 -1 
0.205936 -1 
0.297398 -1 
0.414736 -1 
-0.901181 -1 
-1.01808 -1 
-1.48871 -1 
-1.60528 -1 
-1.32505 -1 
-2.72628 -1 
-2.52568 -1 
-2.32685 -1 
-2.12977 -1 
2.15293 -1 
1.15624 -1 
ZONE T="boundary4"
0.650212 0.025168 
-0.639178 -0.00809656 
0.54537 0.284863 
-0.638826 0.00948541 
-0.637559 0.0270673 
-0.418463 0.315182 
-0.401979 0.322855 
0.412592 0.37793 
0.439958 0.364745 
-0.140343 0.397683 
-0.114325 0.402464 
-0.27633 0.36657 
-0.255421 0.372138 
0.61881 0.173021 
0.608835 0.193169 
-0.333338 0.349326 
-0.351039 0.343208 
-0.466286 0.288805 
-0.505076 0.261269 
0.597991 0.212667 
0.650381 0.0508703 
-0.632223 0.0619545 
-0.623195 0.0958389 
0.63641 0.128024 
0.64016 0.115305 
-0.635359 0.0445957 
-0.611371 0.12662 
-0.617663 0.111425 
-0.604992 0.140117 
-0.597995 0.153316 
0.648072 0.0767474 
0.647524 -0.000460162 
0.643378 0.102464 
-0.582824 0.177857 
-0.570268 0.195179 
-0.51752 0.250877 
-0.529521 0.240005 
-0.450676 0.298187 
0.585141 0.233404 
-0.434719 0.306968 
0.491497 0.332786 
0.628066 0.151471 
-0.385277 0.330039 
-0.315526 0.355084 
-0.368235 0.336833 
-0.481499 0.278792 
-0.234447 0.377394 
-0.211809 0.382737 
-0.18912 0.387783 
-0.164756 0.392883 
-0.0882538 0.406911 
-0.00433088 0.418714 
-0.542308 0.227397 
-0.556743 0.21168 
-0.295971 0.361 
0.514257 0.314813 
0.535633 0.295025 
0.571391 0.253229 
0.35606 0.39889 
0.326915 0.40697 
-0.493446 0.270243 
0.466278 0.349742 
0.479044 0.341508 
0.0245448 0.421786 
0.054353 0.424351 
0.0842285 0.426245 
0.114691 0.427414 
0.175914 0.427132 
0.206617 0.425495 
0.267452 0.418792 
0.237089 0.422751 
0.29725 0.413591 
0.646012 0.0896479 
-0.628155 0.0790816 
-0.590673 0.165749 
0.650608 0.0380367 
0.554698 0.274332 
0.384593 0.389265 
-0.0607281 0.41122 
-0.0331387 0.41512 
0.145202 0.42774 
-0.638308 0.0182847 
-0.41025 0.319082 
0.426385 0.371566 
-0.127342 0.400115 
-0.265886 0.369395 
0.613949 0.183158 
-0.342205 0.346314 
0.603524 0.20298 
0.638349 0.121684 
-0.633909 0.0532965 
-0.614614 0.119063 
-0.62053 0.103667 
-0.601569 0.146756 
0.649531 0.063836 
0.641837 0.108902 
-0.60826 0.133405 
0.649184 0.0123208 
-0.576678 0.186614 
-0.51135 0.256136 
-0.523575 0.245501 
-0.458527 0.293573 
-0.426625 0.311144 
-0.393653 0.326505 
-0.324445 0.352247 
-0.376778 0.333491 
-0.473945 0.283879 
-0.244943 0.374802 
-0.223137 0.380104 
-0.442737 0.302651 
-0.152557 0.39532 
-0.101297 0.40473 
-0.535985 0.233772 
-0.549634 0.219637 
-0.286162 0.363826 
0.525143 0.305133 
-0.176946 0.390371 
-0.305762 0.358087 
0.578401 0.243411 
0.341541 0.403122 
-0.487511 0.274571 
0.540551 0.289992 
-0.359656 0.34007 
0.485312 0.337207 
-0.563625 0.203527 
0.0994559 0.42693 
0.191272 0.426448 
0.312123 0.410462 
0.0100997 0.420318 
-0.639114 0.000696736 
0.644765 0.0960704 
0.623595 0.162314 
-0.625789 0.0874942 
0.632441 0.13982 
-0.586814 0.171844 
0.650488 0.0315999 
0.563232 0.263929 
0.647115 0.0832093 
0.650572 0.0444548 
0.503049 0.324018 
0.591694 0.223115 
0.4727 0.345685 
0.550086 0.279643 
0.370395 0.394281 
0.39868 0.383813 
0.039442 0.423148 
0.0692852 0.425386 
0.221866 0.424268 
0.252291 0.420929 
-0.0469409 0.413223 
-0.0187425 0.416979 
0.16056 0.427559 
0.282381 0.416358 
-0.0744987 0.409115 
0.129945 0.427687 
-0.630306 0.0705459 
-0.636576 0.0358462 
-0.499301 0.26581 
-0.594401 0.159574 
0.453252 0.357478 
-0.200473 0.385295 
ZONE T="boundary5"
0.567952 -0.161063 
-0.41758 -0.390678 
-0.5476 -0.26297 
-0.353391 -0.430357 
-0.623839 -0.110802 
-0.59941 -0.175198 
-0.612867 -0.143489 
-0.386403 -0.411326 
-0.402178 -0.401226 
-0.638641 -0.0256295 
-0.639178 -0.00809656 
-0.637248 -0.0430369 
-0.628295 -0.0941814 
-0.632038 -0.0773385 
-0.635036 -0.0602726 
-0.236027 -0.478783 
-0.258154 -0.47169 
-0.278672 -0.464316 
-0.298932 -0.456249 
-0.317688 -0.44805 
-0.33617 -0.439245 
-0.113749 -0.503276 
-0.00192025 -0.505358 
-0.213667 -0.485083 
-0.189663 -0.490911 
-0.139675 -0.500065 
-0.477172 -0.34236 
-0.491456 -0.328638 
-0.462414 -0.355576 
-0.505451 -0.314193 
-0.566484 -0.235009 
-0.447728 -0.367859 
-0.432645 -0.379655 
0.64524 -0.0131286 
0.647524 -0.000460162 
-0.527197 -0.289421 
-0.0870256 -0.505508 
-0.0589847 -0.506682 
-0.0309652 -0.506658 
-0.370326 -0.420936 
0.0269754 -0.502754 
0.0566387 -0.498684 
0.174359 -0.467538 
0.144944 -0.477692 
0.115462 -0.486238 
0.0859995 -0.493217 
0.203616 -0.455754 
0.259801 -0.428164 
0.231916 -0.442691 
0.285854 -0.413071 
0.360016 -0.362011 
0.336169 -0.379724 
0.311317 -0.396885 
0.383313 -0.343557 
0.4065 -0.324096 
0.429159 -0.304038 
0.451114 -0.283619 
0.551741 -0.179842 
0.472566 -0.262732 
0.533528 -0.199781 
-0.165469 -0.495836 
0.514928 -0.219429 
0.598917 -0.120022 
0.624908 -0.0741714 
0.612908 -0.0974148 
0.634768 -0.0502395 
0.642343 -0.0256596 
0.583417 -0.141685 
0.493898 -0.241176 
-0.583821 -0.205741 
-0.606433 -0.159468 
-0.39433 -0.406337 
-0.639019 -0.0168665 
-0.626155 -0.102515 
-0.63805 -0.0343416 
-0.636243 -0.0516676 
-0.630259 -0.0857806 
-0.247122 -0.475335 
-0.268444 -0.46809 
-0.288836 -0.460369 
-0.326965 -0.443722 
-0.344815 -0.434868 
-0.224875 -0.482032 
-0.201692 -0.488109 
-0.484374 -0.335562 
-0.557254 -0.249132 
-0.40992 -0.396012 
-0.455121 -0.361778 
-0.425156 -0.385226 
-0.46985 -0.349032 
-0.537612 -0.27636 
-0.440234 -0.373818 
-0.0730114 -0.506244 
-0.100399 -0.504527 
-0.361895 -0.425713 
0.0418313 -0.500895 
0.159716 -0.472801 
0.100774 -0.489908 
0.130257 -0.482149 
0.245944 -0.435592 
0.348164 -0.370965 
0.323821 -0.388418 
0.272908 -0.420756 
-0.49852 -0.32148 
0.394973 -0.333906 
0.440197 -0.293894 
-0.633634 -0.0688227 
0.461896 -0.273233 
0.371733 -0.35287 
-0.152593 -0.498077 
-0.378401 -0.416192 
0.64646 -0.00680845 
0.52426 -0.209635 
0.542692 -0.189864 
0.559923 -0.170519 
0.619146 -0.0859161 
0.638845 -0.0380389 
0.643867 -0.0194117 
-0.308343 -0.452225 
-0.126728 -0.501798 
-0.516516 -0.301975 
0.591331 -0.130971 
-0.177589 -0.493486 
0.0125423 -0.50422 
-0.0164354 -0.506171 
0.483272 -0.251994 
-0.59187 -0.190599 
0.606118 -0.108846 
0.189062 -0.461831 
0.071352 -0.496127 
-0.0449748 -0.50682 
0.298666 -0.405104 
0.504439 -0.230327 
0.417893 -0.314139 
-0.57537 -0.220504 
0.630105 -0.0623155 
0.217845 -0.449395 
0.575792 -0.15146 
-0.618683 -0.127256 
