ZONE T="boundary0"
-4 -0.415897 
-4 -0.360603 
-4 0.318282 
-4 0.265561 
-4 0.2019 
-4 -0.0937621 
-4 -0.177901 
-4 0.622257 
-4 1 
-4 0.496343 
-4 -1 
-4 0.133366 
-4 0.0648319 
-4 -0.0144651 
-4 0.371003 
-4 0.433673 
-4 -0.135831 
-4 -0.305309 
-4 -0.241605 
-4 -0.490495 
-4 -0.565093 
-4 0.748171 
-4 -0.673819 
-4 -0.782546 
-4 -0.273457 
-4 -0.38825 
-4 0.291921 
-4 0.23373 
-4 0.5593 
-4 0.0990989 
-4 -0.0541136 
-4 0.402338 
-4 -0.156866 
-4 0.0251834 
-4 -0.114797 
-4 -0.527794 
-4 0.465008 
-4 -0.891273 
-4 0.874086 
-4 -0.209753 
-4 -0.257531 
-4 -0.453196 
-4 0.167633 
-4 -0.289383 
-4 0.344642 
-4 -0.619456 
-4 -0.728183 
-4 0.685214 
-4 -0.332956 
ZONE T="boundary1"
0.1502 1 
0.818867 1 
4 1 
3.82709 1 
0.591889 1 
-0.302273 1 
-0.387172 1 
0.259105 1 
0.216732 1 
1.30602 1 
-0.472071 1 
-0.567534 1 
-1.28464 1 
-1.1683 1 
2.81477 1 
-3.72184 1 
-4 1 
-1.88161 1 
-3.2263 1 
-3.44367 1 
3.06157 1 
2.49174 1 
2.65326 1 
2.24014 1 
1.98854 1 
-2.22131 1 
-3.00892 1 
-2.86135 1 
-0.106444 1 
-0.171802 1 
0.0212912 1 
-0.0410851 1 
0.301477 1 
0.0836676 1 
0.489056 1 
0.437639 1 
0.386223 1 
-0.662997 1 
0.705378 1 
-3.58276 1 
-0.843761 1 
1.0616 1 
0.940233 1 
3.65419 1 
-1.05196 1 
-0.947858 1 
1.18381 1 
-1.52467 1 
-1.40465 1 
-2.02398 1 
-1.63196 1 
-1.73925 1 
-2.56621 1 
1.80291 1 
1.61729 1 
-2.41864 1 
1.46165 1 
-2.71378 1 
3.48128 1 
3.30837 1 
3.18497 1 
3.91355 1 
-0.344723 1 
0.237918 1 
-0.519802 1 
-1.22647 1 
-3.86092 1 
-3.33499 1 
2.5725 1 
2.11434 1 
-3.11761 1 
-0.139123 1 
-0.237038 1 
-0.0737644 1 
-0.429621 1 
-0.00989693 1 
0.116934 1 
0.463348 1 
0.183466 1 
0.540472 1 
0.411931 1 
0.648633 1 
0.762123 1 
-0.615265 1 
-0.753379 1 
1.00092 1 
0.87955 1 
-0.999907 1 
-0.89581 1 
1.1227 1 
3.74064 1 
-1.46466 1 
-1.11013 1 
-1.9528 1 
-1.6856 1 
-1.34464 1 
-2.12264 1 
1.89573 1 
-1.81043 1 
1.7101 1 
2.73401 1 
2.36594 1 
1.53947 1 
1.38383 1 
0.0524794 1 
0.280291 1 
0.34385 1 
-3.6523 1 
1.24491 1 
-2.64 1 
3.56773 1 
3.24667 1 
2.93817 1 
3.12327 1 
3.39483 1 
-1.57832 1 
-2.93514 1 
-3.51321 1 
-2.31998 1 
-2.49243 1 
-2.78757 1 
ZONE T="boundary2"
4 -0.50727 
4 -0.709201 
4 -0.410902 
4 0.0933109 
4 0.190857 
4 0.250795 
4 0.321675 
4 1 
4 0.469244 
4 0.39546 
4 0.601933 
4 0.142084 
4 -0.854601 
4 -1 
4 0.800967 
4 0.0119127 
4 -0.239619 
4 -0.277076 
4 -0.314533 
4 -0.362717 
4 -0.608236 
4 -0.202161 
4 -0.0694855 
4 -0.117095 
4 -0.164704 
4 0.220826 
4 0.286235 
4 0.432352 
4 0.166471 
4 -0.9273 
4 0.358568 
4 0.535589 
4 0.70145 
4 0.117697 
4 0.0526118 
4 -0.258347 
4 -0.338625 
4 -0.658719 
4 -0.386809 
4 -0.557753 
4 0.900483 
4 -0.22089 
4 -0.295804 
4 -0.459086 
4 -0.781901 
4 -0.0287864 
4 -0.183433 
4 -0.140899 
4 -0.0932902 
ZONE T="boundary3"
-3.51791 -1 
3.1863 -1 
-0.842094 -1 
-0.740457 -1 
-0.0608419 -1 
0.00101646 -1 
-0.638821 -1 
-0.1227 -1 
0.345966 -1 
3.46553 -1 
-0.346279 -1 
0.532072 -1 
0.434017 -1 
0.821868 -1 
1.22204 -1 
1.10448 -1 
0.630127 -1 
1.35793 -1 
-2.76643 -1 
-4 -1 
-3.75895 -1 
-3.15855 -1 
-3.33823 -1 
-2.43777 -1 
-2.24667 -1 
2.10115 -1 
1.91011 -1 
2.95085 -1 
2.5038 -1 
2.71541 -1 
3.73276 -1 
3.875 -1 
4 -1 
0.195018 -1 
0.257915 -1 
0.132122 -1 
0.0665691 -1 
-0.181855 -1 
-0.241009 -1 
-0.451548 -1 
-0.545185 -1 
0.9044 -1 
0.986931 -1 
1.28999 -1 
-1.05548 -1 
-1.16512 -1 
-0.948786 -1 
-1.39215 -1 
-1.27477 -1 
-1.50953 -1 
-1.66602 -1 
1.49232 -1 
1.76841 -1 
3.59914 -1 
-1.74427 -1 
-1.82252 -1 
-2.03459 -1 
-2.904 -1 
-2.62887 -1 
2.29219 -1 
1.62671 -1 
-0.791276 -1 
-0.0299127 -1 
-0.689639 -1 
0.483045 -1 
1.16326 -1 
-3.87948 -1 
-3.24839 -1 
-2.34222 -1 
-3.63843 -1 
2.00563 -1 
2.6096 -1 
2.83313 -1 
3.9375 -1 
0.226467 -1 
0.389992 -1 
0.0993453 -1 
0.0337928 -1 
0.301941 -1 
0.581099 -1 
-0.152277 -1 
-0.293644 -1 
-0.398914 -1 
-0.498366 -1 
-0.592003 -1 
0.725998 -1 
0.945665 -1 
0.863134 -1 
1.04571 -1 
1.32396 -1 
-1.00213 -1 
-1.1103 -1 
-1.21995 -1 
-1.45084 -1 
1.25601 -1 
-0.89544 -1 
1.42513 -1 
3.66595 -1 
-1.33346 -1 
3.80388 -1 
-1.70515 -1 
3.53234 -1 
-1.92856 -1 
-3.42807 -1 
-2.69765 -1 
3.32591 -1 
-3.03127 -1 
-2.83522 -1 
-2.14063 -1 
-2.53332 -1 
2.19667 -1 
1.83926 -1 
-1.58777 -1 
3.06857 -1 
1.69756 -1 
2.39799 -1 
-0.211432 -1 
-0.0917711 -1 
0.16357 -1 
1.55952 -1 
-1.7834 -1 
ZONE T="boundary4"
-0.53337 0.242298 
-0.403154 0.322954 
-0.42101 0.315323 
-0.367707 0.336171 
-0.350216 0.341915 
-0.313657 0.352623 
-0.294064 0.357773 
-0.63907 0.0122886 
-0.638062 0.0304979 
-0.231952 0.372129 
-0.20905 0.376849 
-0.639107 -0.0059136 
-0.611879 0.1337 
-0.618374 0.117951 
-0.472641 0.2883 
-0.459262 0.296134 
-0.633044 0.066651 
-0.636056 0.0486589 
-0.629022 0.0844134 
-0.624022 0.101792 
-0.605227 0.14771 
-0.544026 0.23194 
-0.590199 0.17418 
-0.597914 0.161332 
-0.581904 0.186645 
-0.568609 0.204377 
-0.554243 0.221171 
-0.253199 0.367503 
-0.498327 0.271192 
-0.485712 0.279963 
-0.522167 0.252341 
-0.510551 0.261927 
-0.439589 0.306539 
-0.385056 0.329992 
-0.331986 0.347453 
-0.274411 0.362605 
-0.186128 0.381335 
-0.136943 0.390265 
-0.110755 0.394662 
0.645439 0.0737812 
-0.161543 0.385911 
0.383607 0.38522 
0.356723 0.393867 
0.328627 0.401292 
0.461217 0.349577 
0.448726 0.356592 
0.436003 0.363175 
0.180199 0.419564 
0.149613 0.41992 
0.088479 0.418005 
0.11901 0.419368 
-0.000317121 0.410211 
0.270611 0.412182 
0.29992 0.407373 
0.210805 0.418198 
0.240747 0.415779 
0.0585214 0.415963 
0.548464 0.279256 
0.641792 0.0978808 
0.636078 0.121884 
0.592657 0.219244 
0.57897 0.240426 
0.628405 0.145697 
0.605317 0.197059 
0.617732 0.171872 
0.643374 0.00155762 
0.64627 0.0255257 
0.564276 0.260462 
0.529263 0.298892 
0.646951 0.0495627 
-0.0845433 0.398813 
-0.0568985 0.402902 
-0.0292133 0.40667 
0.0286336 0.413307 
0.508718 0.316853 
0.485527 0.334154 
0.410107 0.375012 
-0.412115 0.319216 
-0.358978 0.339094 
-0.303872 0.35524 
-0.638689 0.0214 
-0.220507 0.37452 
-0.639208 0.00318777 
-0.615234 0.12587 
-0.465988 0.292278 
-0.634677 0.0576762 
-0.63116 0.0755609 
-0.621309 0.10991 
-0.60864 0.140746 
-0.594132 0.167801 
-0.575403 0.195621 
-0.601654 0.154566 
-0.586123 0.18046 
-0.492064 0.275641 
-0.53875 0.237172 
-0.516408 0.257193 
-0.504487 0.266623 
-0.52782 0.247377 
-0.376402 0.333139 
-0.322833 0.350081 
-0.197594 0.379119 
-0.123854 0.392494 
-0.242582 0.369847 
-0.561558 0.212887 
-0.549189 0.226607 
-0.263813 0.36509 
-0.626647 0.0931386 
-0.149247 0.388114 
-0.284246 0.360225 
0.370223 0.389725 
0.455001 0.353139 
0.164906 0.419861 
0.10374 0.418782 
0.285292 0.40994 
0.195507 0.419014 
0.225787 0.417129 
0.585961 0.229931 
-0.430345 0.311026 
0.611734 0.184568 
-0.637184 0.0395923 
-0.341115 0.344733 
-0.394132 0.326543 
0.556533 0.269996 
0.539059 0.289265 
-0.173841 0.383651 
-0.449489 0.301457 
0.623316 0.158885 
-0.0707266 0.400895 
-0.097654 0.396769 
-0.0430618 0.404828 
0.0141514 0.411818 
0.314309 0.404504 
0.342722 0.397761 
0.0435705 0.414707 
0.0734939 0.417066 
-0.014772 0.408493 
0.255697 0.414134 
-0.479218 0.284195 
0.599141 0.20824 
0.643874 0.0858693 
0.639178 0.10994 
0.632464 0.133862 
0.645098 0.0135073 
0.571781 0.25056 
0.646467 0.061688 
0.646885 0.0375355 
0.473513 0.342088 
0.497291 0.325729 
0.396932 0.380311 
0.423149 0.369299 
0.134309 0.419752 
0.519164 0.30807 
0.442393 0.359936 
ZONE T="boundary5"
0.36441 -0.37302 
-0.585783 -0.194851 
-0.57701 -0.210569 
-0.537521 -0.270211 
-0.633742 -0.0598867 
-0.615255 -0.12916 
-0.620988 -0.112155 
-0.608813 -0.145992 
-0.59403 -0.178857 
-0.625996 -0.0949565 
-0.630259 -0.0775351 
-0.459685 -0.353633 
-0.270674 -0.467865 
-0.328549 -0.44197 
-0.310248 -0.450882 
-0.379967 -0.412932 
-0.346566 -0.432494 
-0.363414 -0.422965 
-0.290597 -0.459693 
-0.395542 -0.402847 
-0.15557 -0.50162 
-0.180739 -0.496078 
-0.249237 -0.475843 
-0.204254 -0.49 
-0.22755 -0.483094 
-0.548053 -0.255793 
-0.503643 -0.310747 
-0.51532 -0.297659 
-0.567792 -0.225951 
-0.601726 -0.162558 
-0.558122 -0.241055 
-0.410811 -0.392309 
-0.425303 -0.381669 
-0.479109 -0.335791 
-0.439477 -0.370613 
-0.639107 -0.0059136 
-0.638206 -0.0240522 
-0.636403 -0.0420604 
-0.0195 -0.515054 
-0.0478923 -0.514533 
-0.103311 -0.510047 
-0.130229 -0.506219 
-0.0762839 -0.512805 
0.00983447 -0.514304 
0.0390126 -0.51222 
0.097987 -0.503716 
0.0686633 -0.508684 
0.299845 -0.421436 
0.156666 -0.489035 
0.185645 -0.479246 
0.345966 -0.388099 
0.327045 -0.402526 
0.214069 -0.467859 
0.384985 -0.355021 
0.427034 -0.314524 
0.404996 -0.336354 
0.448453 -0.292099 
0.468566 -0.270037 
0.505414 -0.22794 
0.488276 -0.247668 
0.522475 -0.208252 
0.569292 -0.152064 
0.538175 -0.189987 
0.55362 -0.171595 
0.58426 -0.132011 
0.638302 -0.022034 
0.598308 -0.111185 
0.622018 -0.0676389 
0.643374 0.00155762 
0.272114 -0.438561 
0.243384 -0.454124 
0.127568 -0.497137 
0.63115 -0.0451016 
0.61103 -0.0896393 
-0.581459 -0.202745 
-0.618209 -0.120687 
-0.612117 -0.137608 
-0.632102 -0.0687308 
-0.623584 -0.103583 
-0.319433 -0.446497 
-0.355025 -0.427793 
-0.280668 -0.463859 
-0.387791 -0.407946 
-0.16818 -0.498966 
-0.259989 -0.471945 
-0.215932 -0.48665 
-0.509533 -0.304249 
-0.572459 -0.218294 
-0.605348 -0.154309 
-0.553144 -0.248462 
-0.418096 -0.387041 
-0.469496 -0.34482 
-0.628224 -0.0862693 
-0.432431 -0.376193 
-0.238424 -0.479559 
-0.589974 -0.186889 
-0.637415 -0.0330674 
-0.449674 -0.362233 
-0.0336985 -0.514945 
-0.116789 -0.508266 
-0.0898109 -0.51156 
0.0244359 -0.51343 
0.0538595 -0.510632 
-0.337595 -0.437303 
0.171222 -0.48434 
0.199935 -0.47375 
0.336568 -0.395397 
0.355249 -0.380635 
0.374773 -0.364108 
0.313568 -0.412162 
0.458567 -0.281119 
0.478457 -0.258882 
0.496852 -0.237808 
0.545935 -0.180822 
0.513949 -0.218098 
0.57688 -0.142115 
-0.403215 -0.397634 
-0.142921 -0.504038 
-0.526646 -0.284116 
-0.300458 -0.455367 
-0.563012 -0.233538 
-0.597951 -0.170742 
0.641105 -0.0102965 
-0.542846 -0.263045 
-0.371728 -0.418011 
-0.638772 -0.0149886 
-0.192523 -0.493143 
0.286097 -0.430192 
0.228825 -0.461207 
0.591425 -0.121693 
0.530342 -0.199133 
0.561526 -0.161885 
-0.00482818 -0.514845 
0.14217 -0.49328 
0.11282 -0.50062 
0.39506 -0.345763 
0.437816 -0.30338 
-0.491568 -0.323457 
0.25786 -0.446552 
-0.0620967 -0.513818 
0.0833561 -0.506383 
0.416096 -0.325521 
-0.635179 -0.0509893 
0.634976 -0.0336465 
0.626813 -0.0564642 
0.616728 -0.0787421 
0.604846 -0.100517 
