ZONE T="boundary0"
-4 -0.319236 
-4 -0.250876 
-4 -0.0704173 
-4 0.00385652 
-4 -0.126519 
-4 -0.18262 
-4 0.485347 
-4 0.584383 
-4 0.683419 
-4 0.84171 
-4 0.331387 
-4 1 
-4 -0.370584 
-4 -0.421933 
-4 -0.623505 
-4 -0.522719 
-4 0.0781304 
-4 -1 
-4 0.143592 
-4 0.300804 
-4 0.270221 
-4 0.408367 
-4 -0.811752 
-4 0.209054 
-4 -0.285056 
-4 -0.0332804 
-4 -0.154569 
-4 0.534865 
-4 0.762564 
-4 -0.216748 
-4 -0.396259 
-4 -0.098468 
-4 -0.573112 
-4 0.0409934 
-4 -0.472326 
-4 0.110861 
-4 0.285512 
-4 0.369877 
-4 0.633901 
-4 -0.717629 
-4 0.920855 
-4 -0.905876 
-4 0.239638 
-4 0.316095 
-4 0.176323 
-4 0.446857 
-4 -0.34491 
ZONE T="boundary1"
-3.03915 1 
1.46876 1 
1.60789 1 
3.39845 1 
3.54791 1 
3.77396 1 
0.690088 1 
0.219118 1 
0.155249 1 
0.526249 1 
-0.77218 1 
-0.876098 1 
1.74702 1 
-0.420674 1 
0.40337 1 
0.36241 1 
-4 1 
-3.59904 1 
-1.44327 1 
-1.9509 1 
-1.79634 1 
-2.42559 1 
2.28967 1 
3.02662 1 
-2.63011 1 
2.63272 1 
2.46119 1 
-2.83463 1 
2.11814 1 
2.80425 1 
-3.24367 1 
-0.254116 1 
-0.0556102 1 
-0.127103 1 
-0.198596 1 
0.290764 1 
0.0913811 1 
0.0178854 1 
0.44433 1 
0.789431 1 
0.608168 1 
-0.615126 1 
-0.365155 1 
-0.309635 1 
-0.5179 1 
-1.0308 1 
-1.2419 1 
-1.13635 1 
-1.34259 1 
-1.64177 1 
-3.42135 1 
0.890506 1 
0.99158 1 
1.2197 1 
1.10564 1 
1.34423 1 
4 1 
1.93258 1 
3.24898 1 
-2.18825 1 
1.53833 1 
3.66094 1 
0.187184 1 
-0.824139 1 
1.67745 1 
0.38289 1 
-3.79952 1 
-1.87362 1 
-2.52785 1 
2.54696 1 
-2.73237 1 
-0.0913567 1 
-0.16285 1 
0.123315 1 
0.326587 1 
0.254941 1 
-0.0188624 1 
0.0546332 1 
0.485289 1 
0.567209 1 
0.739759 1 
-0.392914 1 
-0.469287 1 
-0.953449 1 
-0.281875 1 
-1.18913 1 
-0.693653 1 
0.649128 1 
-1.39293 1 
-1.54252 1 
-1.71906 1 
2.91543 1 
-3.33251 1 
-3.5102 1 
1.16267 1 
1.28196 1 
1.4065 1 
3.88698 1 
1.8398 1 
3.32371 1 
3.47318 1 
3.1378 1 
-2.06958 1 
-2.30692 1 
2.02536 1 
-3.14141 1 
-2.93689 1 
-0.226356 1 
0.42385 1 
-0.337395 1 
-1.08357 1 
-0.566513 1 
0.839968 1 
0.941043 1 
-1.29224 1 
1.04861 1 
2.71849 1 
2.2039 1 
2.37543 1 
ZONE T="boundary2"
4 -0.0497656 
4 -0.3461 
4 0.136283 
4 0.218857 
4 0.291756 
4 0.364559 
4 0.419089 
4 0.588765 
4 0.473619 
4 -0.192798 
4 0.851955 
4 -0.684212 
4 -0.484321 
4 0.0432587 
4 0.703911 
4 -0.415211 
4 1 
4 -0.842106 
4 -1 
4 -0.15704 
4 -0.121282 
4 -0.231123 
4 -0.307774 
4 -0.269449 
4 0.255307 
4 0.17757 
4 0.328157 
4 0.446354 
4 0.391824 
4 0.0897708 
4 0.646338 
4 0.531192 
4 -0.380655 
4 -0.584267 
4 0.777933 
4 -0.763159 
4 -0.921053 
4 0.925978 
4 -0.449766 
4 -0.139161 
4 -0.211961 
4 -0.0855237 
4 -0.326937 
4 -0.00325346 
4 -0.174919 
4 -0.250286 
4 -0.288612 
ZONE T="boundary3"
-3.51295 -1 
-2.0383 -1 
-1.87137 -1 
-1.30724 -1 
3.11883 -1 
2.60739 -1 
2.85389 -1 
1.10461 -1 
0.991107 -1 
-0.795603 -1 
3.33912 -1 
-2.88048 -1 
-0.699727 -1 
-3.31347 -1 
1.66876 -1 
1.83475 -1 
-1.56495 -1 
-1.42548 -1 
2.36088 -1 
-0.891479 -1 
0.65045 -1 
0.545732 -1 
0.877607 -1 
0.493374 -1 
0.764028 -1 
-4 -1 
-3.75648 -1 
-0.0493851 -1 
-0.116278 -1 
-0.295817 -1 
-0.258268 -1 
-0.18317 -1 
-0.600988 -1 
-0.502249 -1 
0.0611378 -1 
-0.417808 -1 
-1.04025 -1 
1.32096 -1 
1.21278 -1 
-1.18901 -1 
0.31477 -1 
3.66956 -1 
4 -1 
-1.7879 -1 
-1.70443 -1 
-2.6571 -1 
-2.23601 -1 
1.49486 -1 
-3.114 -1 
3.50434 -1 
2.00074 -1 
2.18081 -1 
-2.43373 -1 
0.188525 -1 
-0.333366 -1 
0.251648 -1 
0.377893 -1 
0.441015 -1 
0.124831 -1 
-1.95483 -1 
2.73064 -1 
-0.747665 -1 
1.75176 -1 
-1.49521 -1 
2.48414 -1 
0.598091 -1 
0.519553 -1 
-3.87824 -1 
-0.0828315 -1 
-0.277043 -1 
-0.551619 -1 
0.00587637 -1 
-0.843541 -1 
-0.965862 -1 
1.04786 -1 
1.26687 -1 
0.934357 -1 
-1.36636 -1 
3.83478 -1 
-1.74616 -1 
3.22898 -1 
-2.13716 -1 
1.40791 -1 
-3.41321 -1 
3.42173 -1 
1.91775 -1 
3.58695 -1 
2.09078 -1 
-3.63471 -1 
2.98636 -1 
-2.99724 -1 
-2.33487 -1 
-2.76879 -1 
-3.21374 -1 
2.27085 -1 
-0.314592 -1 
-0.460029 -1 
-0.375587 -1 
0.220086 -1 
0.283209 -1 
0.409454 -1 
-0.220719 -1 
0.0929846 -1 
0.156678 -1 
0.346332 -1 
0.707239 -1 
-0.149724 -1 
-0.650358 -1 
0.467195 -1 
-1.24813 -1 
1.15869 -1 
0.820818 -1 
-1.11463 -1 
-1.63469 -1 
-1.82963 -1 
-2.54541 -1 
1.58181 -1 
ZONE T="boundary4"
0.576704 0.135159 
-0.168358 0.502151 
-0.14219 0.507858 
-0.540471 0.26327 
-0.555374 0.241869 
-0.637404 0.0243208 
-0.622402 0.102396 
-0.616218 0.121619 
-0.303141 0.455142 
-0.48171 0.331393 
-0.635191 0.0438363 
-0.56934 0.219866 
-0.631935 0.0634114 
-0.627664 0.0829441 
0.548528 0.172091 
-0.425041 0.380922 
-0.494654 0.31817 
-0.468354 0.34421 
-0.454409 0.356789 
-0.44008 0.368939 
0.535238 0.188583 
-0.518702 0.291149 
-0.322431 0.445706 
-0.393406 0.403827 
-0.359283 0.42546 
-0.341409 0.435659 
-0.376827 0.414708 
-0.638561 0.00492552 
-0.261767 0.472931 
-0.282599 0.464377 
-0.192769 0.49588 
-0.216955 0.488737 
-0.0878333 0.516449 
-0.0597213 0.519188 
-0.115853 0.512565 
-0.409638 0.392444 
0.641201 -0.0118275 
0.637332 0.00912374 
0.591676 0.113239 
0.562866 0.15378 
0.415758 0.331639 
0.434004 0.311553 
-0.586522 0.189545 
0.397185 0.350956 
0.378333 0.369329 
0.358123 0.387606 
0.266261 0.452794 
0.239936 0.466603 
0.315015 0.421713 
0.337529 0.404716 
0.50436 0.226554 
0.469497 0.269719 
0.486908 0.248221 
0.45176 0.291041 
-0.000679271 0.521129 
0.0298631 0.520049 
0.0601952 0.517501 
0.0910401 0.513324 
-0.609502 0.139717 
-0.602035 0.157546 
0.211205 0.479538 
0.18172 0.490691 
0.151685 0.50003 
0.121464 0.507537 
0.521802 0.205081 
0.624517 0.050437 
0.615688 0.0706544 
0.605338 0.0905905 
0.643366 -0.0330515 
0.631743 0.0299516 
-0.239493 0.481217 
0.292002 0.437322 
-0.0301852 0.520811 
-0.155299 0.505129 
-0.548042 0.252651 
-0.619421 0.112043 
-0.636426 0.0340926 
-0.629921 0.0732036 
-0.62515 0.0927011 
-0.488235 0.324832 
-0.46143 0.350553 
-0.475082 0.337853 
0.541904 0.180349 
-0.506895 0.30485 
-0.312823 0.450501 
-0.350386 0.430629 
-0.385158 0.409331 
-0.447291 0.362918 
-0.33196 0.440759 
-0.272218 0.468739 
-0.432607 0.374988 
-0.18059 0.499125 
-0.0737891 0.517962 
-0.129042 0.510336 
-0.401566 0.398198 
0.639476 -0.00131034 
0.584326 0.124291 
-0.417383 0.386741 
0.555745 0.162967 
0.424946 0.321657 
0.406544 0.34137 
-0.368097 0.420153 
0.368316 0.378572 
0.253195 0.459893 
0.326373 0.413357 
-0.562472 0.23094 
0.478227 0.258986 
0.387836 0.360226 
0.460675 0.280417 
0.0146011 0.520771 
0.0756467 0.515614 
-0.605859 0.148668 
0.225666 0.473294 
0.196544 0.48534 
0.106292 0.510637 
-0.612956 0.130703 
0.513076 0.2158 
0.610671 0.0807058 
0.528526 0.196832 
-0.638113 0.0146306 
0.642499 -0.0224147 
0.628321 0.0402639 
-0.250665 0.477169 
0.620279 0.0606248 
-0.292908 0.459844 
-0.594554 0.173676 
0.634741 0.0195951 
-0.204893 0.492417 
-0.228255 0.485073 
-0.529813 0.277382 
0.279238 0.445247 
-0.0449595 0.52016 
-0.0154315 0.521135 
0.136627 0.503998 
0.495631 0.237377 
-0.578158 0.204832 
-0.101861 0.514649 
0.347916 0.396276 
0.442938 0.301345 
0.598686 0.102023 
0.303604 0.429669 
0.0450468 0.518962 
0.16677 0.495583 
-0.633688 0.0536441 
0.569858 0.144522 
ZONE T="boundary5"
-0.572182 -0.202266 
-0.560622 -0.216247 
-0.628535 -0.0884222 
-0.632624 -0.070398 
-0.380648 -0.330137 
-0.397747 -0.324034 
-0.617293 -0.123318 
-0.592976 -0.172327 
-0.582982 -0.187628 
-0.62342 -0.106075 
-0.635684 -0.0519971 
-0.493396 -0.275749 
-0.507952 -0.265308 
-0.414647 -0.317417 
-0.245361 -0.365166 
-0.266689 -0.360682 
-0.286784 -0.356203 
-0.637697 -0.0333012 
-0.325854 -0.346577 
-0.344784 -0.341356 
-0.306838 -0.351434 
-0.362783 -0.335967 
-0.130769 -0.38616 
-0.105436 -0.390283 
-0.154737 -0.382101 
-0.178734 -0.37788 
-0.224026 -0.369424 
0.63967 -0.0964203 
0.635225 -0.117264 
-0.20137 -0.373742 
-0.0801129 -0.394223 
-0.522008 -0.254103 
-0.602031 -0.156515 
-0.610189 -0.140078 
-0.548382 -0.229545 
-0.535478 -0.24219 
-0.478394 -0.285433 
-0.462967 -0.294405 
-0.447206 -0.302679 
-0.431109 -0.310326 
-0.638561 0.00492552 
-0.638659 -0.0143054 
0.116192 -0.415128 
0.262297 -0.410584 
0.0868204 -0.413499 
0.0290387 -0.408487 
0.00110281 -0.405345 
0.0578896 -0.411264 
-0.0267788 -0.401826 
0.174927 -0.41611 
0.145657 -0.416029 
0.622058 -0.158065 
0.629283 -0.137934 
0.204259 -0.415286 
0.463852 -0.346958 
0.233289 -0.41348 
0.291227 -0.406491 
-0.0534554 -0.398152 
0.379168 -0.38509 
0.320427 -0.400998 
0.407317 -0.374726 
0.486134 -0.332783 
0.507461 -0.316985 
0.526165 -0.300923 
0.543791 -0.283426 
0.643802 -0.0542911 
0.561685 -0.262688 
0.603964 -0.197381 
0.591576 -0.219364 
0.613513 -0.178046 
0.64255 -0.075425 
0.643366 -0.0330515 
0.435998 -0.361938 
0.350658 -0.393692 
0.578137 -0.24034 
-0.566498 -0.209333 
-0.389219 -0.327147 
-0.630711 -0.0794398 
-0.588091 -0.180049 
-0.626108 -0.0972862 
-0.577686 -0.195021 
-0.634287 -0.0612197 
-0.50074 -0.270619 
-0.620485 -0.114742 
-0.406224 -0.320793 
-0.256029 -0.362955 
-0.276742 -0.358476 
-0.636824 -0.0426635 
-0.335331 -0.344016 
-0.316356 -0.349048 
-0.118105 -0.388243 
-0.166737 -0.38001 
0.637635 -0.10688 
-0.2127 -0.371606 
-0.0927775 -0.392276 
-0.515053 -0.259795 
-0.606233 -0.148357 
-0.542012 -0.235948 
-0.55459 -0.222974 
-0.371734 -0.333111 
-0.470732 -0.290005 
-0.59762 -0.164487 
-0.45513 -0.298624 
-0.52882 -0.248232 
-0.439195 -0.306579 
-0.296819 -0.353858 
-0.638742 -0.00468956 
0.101498 -0.414399 
0.0150634 -0.406967 
0.0434554 -0.409939 
-0.638311 -0.0238102 
0.160288 -0.416176 
0.625827 -0.148054 
0.189593 -0.415818 
-0.0401221 -0.400023 
0.305857 -0.403919 
-0.0667881 -0.396217 
0.393322 -0.380128 
0.475115 -0.340063 
0.496942 -0.325079 
0.535139 -0.292336 
-0.190053 -0.375831 
-0.234697 -0.36732 
0.597926 -0.208461 
-0.422909 -0.313943 
0.617929 -0.168116 
0.632429 -0.127647 
-0.613866 -0.13175 
-0.353798 -0.338713 
0.450069 -0.354717 
-0.142755 -0.384149 
0.130918 -0.415675 
0.276781 -0.408693 
0.247804 -0.412174 
-0.0128446 -0.403629 
0.552947 -0.273236 
0.218778 -0.414513 
0.0723466 -0.412455 
0.364973 -0.389595 
-0.485954 -0.28068 
0.608864 -0.187776 
0.641308 -0.0859472 
0.643383 -0.0648678 
0.643798 -0.0436639 
0.585006 -0.229949 
0.570117 -0.251664 
0.516956 -0.30912 
0.33559 -0.397552 
0.42177 -0.368587 
